#  wl flam flam_err
4.803806996822357178e+03 2.496961538885726864e-20 1.310310148170383353e-18
4.808812924755412496e+03 1.980632782192963285e-20 1.221518899565710644e-18
4.813818852688468723e+03 7.656563314914594409e-21 1.163833061174665781e-18
4.818824780621524042e+03 -1.987846378824089410e-21 1.097484631652526347e-18
4.823830708554580269e+03 -1.652654330971128082e-20 9.847894638131166703e-19
4.828836636487635587e+03 -2.598653235116993927e-20 8.186459605863175634e-19
4.833842564420691815e+03 1.372446178705794900e-19 6.820573952821196459e-19
4.838848492353747133e+03 -3.692137364929793837e-19 6.207842020319028642e-19
4.843854420286802451e+03 1.965259831488316407e-19 6.845489705730930104e-19
4.848860348219858679e+03 -1.010555776989060278e-20 7.132913722107505447e-19
4.853866276152913997e+03 -1.764789604488134172e-19 6.287660502290451946e-19
4.858872204085970225e+03 3.792069205250465500e-19 5.369511143658102471e-19
4.863878132019025543e+03 -1.642881343940552949e-19 4.665698858902276451e-19
4.868884059952080861e+03 -4.516522231002961874e-19 4.206826098336236186e-19
4.873889987885137089e+03 -3.080534245824692921e-19 4.112952017904097390e-19
4.878895915818192407e+03 2.846714026121054496e-19 4.304033568565630138e-19
4.883901843751248634e+03 2.867800695185185800e-19 4.327180326776306481e-19
4.888907771684303952e+03 -2.645232832292605124e-20 4.238668119608411011e-19
4.893913699617360180e+03 1.461262386895473322e-19 4.001977965182200223e-19
4.898919627550415498e+03 -4.399874339172409014e-20 3.656586229796781904e-19
4.903925555483470816e+03 7.567997279647399248e-20 3.292413099779022498e-19
4.908931483416527044e+03 -3.037875600377204530e-20 2.994462607885644636e-19
4.913937411349582362e+03 -4.659639626736665364e-20 2.666577580477547714e-19
4.918943339282638590e+03 -2.863282819963763302e-20 2.612069634845817495e-19
4.923949267215693908e+03 -1.950716200434253095e-19 2.654945499960581567e-19
4.928955195148750136e+03 -4.625881518276547712e-20 2.625770504059517294e-19
4.933961123081805454e+03 2.315875389769443313e-19 2.534656977734732577e-19
4.938967051014860772e+03 4.241215543342595368e-19 2.374231173608645600e-19
4.943972978947916999e+03 1.810300882692931262e-19 2.205533357708107148e-19
4.948978906880972318e+03 1.390597455002145952e-19 2.121610835787054860e-19
4.953984834814028545e+03 1.591846425001214809e-19 2.136855906952034756e-19
4.958990762747083863e+03 1.232387262886671414e-19 2.215750427622079626e-19
4.963996690680139181e+03 -2.086024649389975737e-19 2.281768412521372389e-19
4.969002618613195409e+03 8.886975098332234105e-20 2.286177075061823119e-19
4.974008546546250727e+03 1.421011152383137485e-19 2.196696171693270835e-19
4.979014474479306955e+03 3.160894643867758940e-19 1.962597355918012924e-19
4.984020402412362273e+03 2.086779009569195924e-19 1.844491566860324042e-19
4.989026330345418501e+03 -2.047124058375656038e-20 1.795454833621449481e-19
4.994032258278473819e+03 1.797790451929458902e-19 1.836016330055549665e-19
4.999038186211529137e+03 -1.217622115860210809e-19 1.851619943004678980e-19
5.004044114144585365e+03 9.006027653395991816e-20 1.843798419161574576e-19
5.009050042077640683e+03 8.300062255657534650e-20 1.791779282827858768e-19
5.014055970010696910e+03 6.130668964473028134e-20 1.670129459683472343e-19
5.019061897943752228e+03 9.059216158081599118e-20 1.558921964767583251e-19
5.024067825876807547e+03 2.336465671088617215e-19 1.511871301579574614e-19
5.029073753809863774e+03 1.510495327956654721e-19 1.507546548177523560e-19
5.034079681742919092e+03 -7.076845581525807371e-20 1.532215409128346416e-19
5.039085609675975320e+03 -7.696811268070398611e-20 1.558768670625870386e-19
5.044091537609030638e+03 -6.537022415355206045e-20 1.582398833331224835e-19
5.049097465542086866e+03 6.588762741006149469e-20 1.571685592577762938e-19
5.054103393475142184e+03 1.186398183504815842e-19 1.518564939785057984e-19
5.059109321408197502e+03 1.180710222165007626e-19 1.425569963197844195e-19
5.064115249341253730e+03 9.516094500255770477e-20 1.329156273977268906e-19
5.069121177274309048e+03 1.814556079246022960e-19 1.244118364357220198e-19
5.074127105207365275e+03 4.120991194748703287e-20 1.206533898191481223e-19
5.079133033140420594e+03 -3.854449689809712785e-20 1.200122232931877462e-19
5.084138961073476821e+03 7.899889888350575578e-20 1.269777413540468107e-19
5.089144889006532139e+03 5.728836633892316715e-20 1.309050848874046781e-19
5.094150816939587457e+03 9.766014912088950309e-20 1.337013419614282729e-19
5.099156744872643685e+03 -1.289367373519899634e-20 1.290000054716249398e-19
5.104162672805699003e+03 -3.746763569790403190e-20 1.275851038758523370e-19
5.109168600738755231e+03 3.530029504793693282e-20 1.262299278865511510e-19
5.114174528671810549e+03 -2.062101038841050292e-19 1.253136210239043767e-19
5.119180456604865867e+03 1.168865580420800671e-19 1.287340709704839043e-19
5.124186384537922095e+03 2.943969235794630565e-20 1.328984527924342602e-19
5.129192312470977413e+03 7.076109615476388191e-20 1.361378287316139962e-19
5.134198240404033641e+03 -4.157652667692192284e-20 1.356789100217429335e-19
5.139204168337088959e+03 -3.134805636122593173e-20 1.328159778365806980e-19
5.144210096270145186e+03 -4.801630315924902371e-20 1.264230838107562930e-19
5.149216024203200504e+03 1.374091856481247621e-19 1.184177904425193246e-19
5.154221952136255823e+03 1.015847015171616720e-19 1.082626125560943012e-19
5.159227880069312050e+03 1.542334480163220144e-20 9.831734406680378415e-20
5.164233808002367368e+03 4.824699949521871474e-21 9.096812083138150730e-20
5.169239735935423596e+03 6.818090337589648397e-20 9.000501538625039475e-20
5.174245663868478914e+03 -4.350437206782158378e-20 9.333913147580331705e-20
5.179251591801534232e+03 3.093729064817676632e-20 9.659570936932779727e-20
5.184257519734590460e+03 1.372096055094224905e-19 9.887018361058630542e-20
5.189263447667645778e+03 1.014105393284142816e-19 9.943935095818600107e-20
5.194269375600702006e+03 1.148034358856297071e-19 9.763121983819612365e-20
5.199275303533757324e+03 2.068256483745635418e-20 9.534141526231973907e-20
5.204281231466813551e+03 8.825005258614190182e-20 9.318938340657818434e-20
5.209287159399868870e+03 1.269657860678684331e-19 9.294930225870658802e-20
5.214293087332924188e+03 1.653792989146208128e-19 9.587637593539620770e-20
5.219299015265980415e+03 3.319823092955540527e-20 1.002056920550948235e-19
5.224304943199035733e+03 1.624818872103476663e-19 1.033965587801555863e-19
5.229310871132091961e+03 8.464688407464854598e-20 1.050103787211406655e-19
5.234316799065147279e+03 1.111831664478274367e-19 1.053307216306918458e-19
5.239322726998203507e+03 7.753613627494474785e-21 1.035253182208891579e-19
5.244328654931258825e+03 2.381253773085726889e-19 9.973312224707285472e-20
5.249334582864314143e+03 1.801896228397352712e-19 9.545579315229097683e-20
5.254340510797370371e+03 1.857585027959067343e-20 9.043162553094257822e-20
5.259346438730425689e+03 1.775772806705187500e-20 8.656731940244768086e-20
5.264352366663481916e+03 -1.548972159356814905e-20 8.463861572157984459e-20
5.269358294596537235e+03 1.872355741261252761e-19 8.555352385818101066e-20
5.274364222529593462e+03 8.754522156890043983e-20 8.828464994718532762e-20
5.279370150462648780e+03 9.757947283739683417e-20 9.043050548539314269e-20
5.284376078395704099e+03 2.841828195545419235e-20 9.337456149435842160e-20
5.289382006328760326e+03 -7.502201018160822996e-21 9.545730579519331106e-20
5.294387934261815644e+03 1.051588285112558183e-19 9.098837442358523051e-20
5.299393862194871872e+03 1.209023123698890558e-19 8.657690351217934302e-20
5.304399790127927190e+03 -2.620038429841272075e-20 8.445135892027310777e-20
5.309405718060982508e+03 -8.573630711923458372e-21 8.311339586867106898e-20
5.314411645994038736e+03 2.233558752891507887e-20 8.273802003056803719e-20
5.319417573927094054e+03 6.323602640998094171e-20 8.317943201745931292e-20
5.324423501860150282e+03 -1.542980353428499066e-19 8.433098440584705242e-20
5.329429429793205600e+03 1.241391456959003441e-19 8.660320112613077848e-20
5.334435357726260918e+03 2.311527677276296333e-20 8.759793834419354955e-20
5.339441285659317145e+03 1.252316846196512066e-19 8.723930351894264906e-20
5.344447213592372464e+03 6.436611525987983307e-20 8.603350659532386923e-20
5.349453141525428691e+03 8.792603998243517552e-20 8.367925526530975020e-20
5.354459069458484009e+03 7.183225733613253987e-20 8.086029872331839057e-20
5.359464997391540237e+03 6.854644384323154448e-20 7.883523129869416842e-20
5.364470925324595555e+03 -2.461702562077977138e-20 7.825691205971946111e-20
5.369476853257650873e+03 8.062748973019342067e-20 8.023840361801275739e-20
5.374482781190707101e+03 -3.130804148480060660e-20 8.528863366943388945e-20
5.379488709123762419e+03 8.436351528516990778e-20 8.921628039961152744e-20
5.384494637056818647e+03 6.063405548502282290e-20 9.161151710679515901e-20
5.389500564989873965e+03 1.115026181546967743e-19 9.138429889569202856e-20
5.394506492922930192e+03 1.956427216882293322e-19 8.952432981660458973e-20
5.399512420855985511e+03 2.221150924710061785e-20 8.568376197939767223e-20
5.404518348789040829e+03 6.833494643109070530e-20 8.122240426954416473e-20
5.409524276722097056e+03 6.883766408188298262e-20 7.652842492753811775e-20
5.414530204655152374e+03 -1.246821800577968852e-20 7.231188274817666583e-20
5.419536132588208602e+03 -1.286031318493180551e-19 6.923170067535157746e-20
5.424542060521263920e+03 -1.270755581079566725e-19 6.802342244696010634e-20
5.429547988454320148e+03 7.401744668731680393e-20 6.843428159459623639e-20
5.434553916387375466e+03 3.456226252294517130e-20 7.045595547314275322e-20
5.439559844320430784e+03 -3.542921334715201517e-20 7.318617285562170187e-20
5.444565772253487012e+03 2.356727534613839028e-20 7.579698303327174274e-20
5.449571700186542330e+03 7.949889532108875512e-20 7.765072512975386236e-20
5.454577628119598558e+03 4.533958002309531855e-20 7.843602857495945243e-20
5.459583556052653876e+03 7.132219160440611674e-20 7.881545089367701255e-20
5.464589483985709194e+03 -4.035218012027282146e-20 7.793264624737756666e-20
5.469595411918765421e+03 1.890785848381366189e-20 7.688364135660173899e-20
5.474601339851820740e+03 7.498051968942581287e-20 7.548769634031290240e-20
5.479607267784876967e+03 1.405928639661315089e-19 7.517308846670230538e-20
5.484613195717932285e+03 -1.188792556959390441e-20 7.664059307932335113e-20
5.489619123650987603e+03 1.234112823628187259e-19 7.956909307500985928e-20
5.494625051584043831e+03 -6.620837858057582720e-20 8.326280549474560709e-20
5.499630979517099149e+03 1.019724656510061429e-19 8.572465846928780256e-20
5.504636907450155377e+03 1.355323286103943695e-19 8.827734134128814941e-20
5.509642835383210695e+03 2.446165663121948724e-20 8.797298771668956126e-20
5.514648763316266923e+03 2.713219955702146485e-20 8.517026527200354585e-20
5.519654691249322241e+03 3.654148434799952954e-20 8.221005017601710887e-20
5.524660619182377559e+03 3.392782416255799689e-20 7.834788322110800476e-20
5.529666547115433787e+03 4.197824785431399144e-20 7.383049058871533926e-20
5.534672475048489105e+03 6.285018045950070119e-20 6.949201877558054548e-20
5.539678402981545332e+03 7.243914815594285974e-20 6.639425616983807090e-20
5.544684330914600650e+03 6.609939341326400586e-20 6.365484882421422276e-20
5.549690258847656878e+03 7.450596877454743833e-20 6.155585469661732228e-20
5.554696186780712196e+03 1.370751771704125248e-19 6.094431346177772986e-20
5.559702114713767514e+03 1.021506244769567928e-19 6.221045771489821825e-20
5.564708042646823742e+03 2.722148995140396547e-20 6.404042718055361766e-20
5.569713970579879060e+03 1.478717705717876429e-19 9.512533327242233414e-20
5.574719898512935288e+03 2.185736410729435951e-19 1.468551300452160981e-19
5.579725826445990606e+03 1.874538001575410220e-19 1.474256405107910135e-19
5.584731754379046833e+03 1.819344841557405925e-19 9.194621002172704337e-20
5.589737682312102152e+03 9.054058954233164652e-20 6.638308180313972503e-20
5.594743610245157470e+03 1.288717549678966323e-19 6.547867350555693783e-20
5.599749538178213697e+03 1.317820619572337609e-19 6.394967860290574319e-20
5.604755466111269016e+03 1.341644327055694664e-19 6.287464446887110706e-20
5.609761394044325243e+03 2.691551693658931366e-20 6.150886305268100306e-20
5.614767321977380561e+03 1.748653522794793089e-19 6.056761646000466944e-20
5.619773249910436789e+03 1.070465517615227585e-19 6.154957838137266659e-20
5.624779177843492107e+03 1.026957626097645362e-19 6.300028722364887189e-20
5.629785105776547425e+03 1.068794325970460146e-19 6.474733270648963636e-20
5.634791033709603653e+03 3.327190603167861269e-20 6.624796319499526802e-20
5.639796961642658971e+03 2.070234018459349450e-20 6.760525110777153419e-20
5.644802889575714289e+03 6.143610012373302583e-20 6.774931307524338501e-20
5.649808817508770517e+03 5.596355630293971077e-20 6.739991592544309613e-20
5.654814745441825835e+03 1.525642387578117803e-19 6.608985281907929834e-20
5.659820673374882062e+03 1.119453422723481324e-19 6.496729578733362317e-20
5.664826601307937381e+03 1.287379534031076263e-19 6.362254180902479793e-20
5.669832529240993608e+03 1.755313527868707633e-19 6.193807890721974956e-20
5.674838457174048926e+03 1.175925106606518108e-19 5.970605496405500679e-20
5.679844385107104245e+03 1.997635728132018231e-19 5.764496914557612874e-20
5.684850313040160472e+03 1.180753014105398087e-19 5.567351026561344887e-20
5.689856240973215790e+03 9.059440149216151310e-20 5.454115528580017117e-20
5.694862168906272018e+03 1.371447773218051305e-19 5.468105515163717859e-20
5.699868096839327336e+03 1.742340221390611130e-19 5.479052693327316637e-20
5.704874024772383564e+03 1.024530876440864859e-19 5.523729850099793575e-20
5.709879952705438882e+03 1.995111594324554834e-19 5.684699689210234683e-20
5.714885880638494200e+03 5.177257580613875310e-20 5.844000763948191024e-20
5.719891808571550428e+03 9.766973310231556791e-20 6.074300471397919018e-20
5.724897736504605746e+03 6.254829892996073360e-20 6.245547016312693152e-20
5.729903664437661973e+03 1.354608442869465935e-19 6.369202900066484039e-20
5.734909592370717291e+03 1.313649065781541440e-19 6.474913563037538017e-20
5.739915520303773519e+03 -9.459152331063392320e-21 6.572833553306211410e-20
5.744921448236828837e+03 1.865955247321560323e-19 6.634362864248283065e-20
5.749927376169884155e+03 1.709758711076833534e-19 6.706791586082311506e-20
5.754933304102940383e+03 2.260200270046033248e-19 6.851843648525399558e-20
5.759939232035995701e+03 1.390035214937178581e-19 6.907767433502877808e-20
5.764945159969051929e+03 1.555227414405297984e-19 6.816507066916638184e-20
5.769951087902107247e+03 1.303033653157683699e-19 6.675224685221543945e-20
5.774957015835163475e+03 4.228842201127995527e-20 6.526525267690941404e-20
5.779962943768218793e+03 7.318591295881006121e-20 6.473003291933241724e-20
5.784968871701274111e+03 1.281274237555713227e-19 6.507410615291659815e-20
5.789974799634330338e+03 2.895351505092721438e-19 6.603998044942980538e-20
5.794980727567385657e+03 2.995438497407545902e-19 6.766128276818943854e-20
5.799986655500441884e+03 1.173884894589679232e-19 6.946233222357812955e-20
5.804992583433497202e+03 1.318338673979346041e-19 7.178310843928840573e-20
5.809998511366552520e+03 1.351912081525811581e-19 7.403628861535723365e-20
5.815004439299608748e+03 4.556708739878263384e-20 7.627995574165604596e-20
5.820010367232664066e+03 4.026225144505949693e-20 7.542455969150462701e-20
5.825016295165720294e+03 2.037510178074790488e-20 7.341944876120233481e-20
5.830022223098775612e+03 1.524025489838806383e-19 7.179018670311362419e-20
5.835028151031830930e+03 8.192308966182232309e-20 7.000746680173361537e-20
5.840034078964887158e+03 1.885144558109252487e-19 6.772081563115806095e-20
5.845040006897942476e+03 1.369836675795796198e-19 6.582960819839287813e-20
5.850045934830998704e+03 1.594371713212043096e-19 6.345051425286585558e-20
5.855051862764054022e+03 1.810474013407106889e-19 6.172775345644506570e-20
5.860057790697110249e+03 1.860574451999879449e-19 6.113405824147987141e-20
5.865063718630165567e+03 1.580533986833749184e-19 6.151360609584162887e-20
5.870069646563220886e+03 1.165685854324512169e-19 6.100951827763325787e-20
5.875075574496277113e+03 1.189881277609491529e-19 5.840463343463236957e-20
5.880081502429332431e+03 2.147527772069162299e-19 5.893821223714042954e-20
5.885087430362388659e+03 -4.093022067426644299e-20 6.805366191362284132e-20
5.890093358295443977e+03 2.835244437067127132e-19 7.366843069105751675e-20
5.895099286228500205e+03 1.918850814698056565e-19 7.127533057021524866e-20
5.900105214161555523e+03 1.601458311798402494e-19 6.635060073367151758e-20
5.905111142094610841e+03 2.379053866761048692e-19 6.436083286092536495e-20
5.910117070027667069e+03 1.187186753142027733e-19 6.638280457087878517e-20
5.915122997960722387e+03 9.890165764147810855e-20 6.697115363953164294e-20
5.920128925893778614e+03 1.209848838196747642e-19 6.703127934342525555e-20
5.925134853826833933e+03 3.856881338428230604e-20 6.669364751855658099e-20
5.930140781759890160e+03 1.185484486818043348e-19 6.829698217672381676e-20
5.935146709692945478e+03 1.702729785633086161e-19 6.763399615307906818e-20
5.940152637626000796e+03 2.134600717804725873e-19 6.578774827408610525e-20
5.945158565559057024e+03 8.950773321196197606e-20 6.543363415284340135e-20
5.950164493492112342e+03 1.671730372273108178e-19 6.591189637444034296e-20
5.955170421425167660e+03 1.018911296531421632e-19 6.258961161674473186e-20
5.960176349358223888e+03 1.883394545670104493e-19 5.856599886702685485e-20
5.965182277291280116e+03 1.261034791366967814e-19 5.569287712571625813e-20
5.970188205224335434e+03 6.783512102515700684e-20 5.381296830363173551e-20
5.975194133157390752e+03 9.187895160996226272e-20 5.285091165846846954e-20
5.980200061090446980e+03 8.372496908301871178e-20 5.115454834211484316e-20
5.985205989023502298e+03 1.379407165729373959e-19 4.930637796253089697e-20
5.990211916956557616e+03 8.633628918513531323e-20 4.887539998277647076e-20
5.995217844889613843e+03 7.382983966516033162e-20 4.905904238203010983e-20
6.000223772822669162e+03 5.537172386802995601e-20 4.951343547963043810e-20
6.005229700755725389e+03 1.430389633449551770e-19 4.949400410776949560e-20
6.010235628688780707e+03 9.928707637729787490e-20 4.903141376371580337e-20
6.015241556621836935e+03 1.164553196021068539e-19 4.954120760668688127e-20
6.020247484554892253e+03 1.375222643349988606e-19 4.917692070877256415e-20
6.025253412487947571e+03 3.989940507583669695e-20 4.907230542768848662e-20
6.030259340421003799e+03 2.213493082995090233e-19 4.938230433676455745e-20
6.035265268354059117e+03 1.949031887592029970e-19 4.872399722854722540e-20
6.040271196287115345e+03 6.591777176574192649e-20 4.808302818831535365e-20
6.045277124220170663e+03 8.376160683387097731e-20 4.740985219465892943e-20
6.050283052153226890e+03 1.457049439335033481e-19 4.663074340406392459e-20
6.055288980086282209e+03 7.677333982044576104e-20 4.624361220711136674e-20
6.060294908019337527e+03 1.345839917213279041e-19 4.531458256464329197e-20
6.065300835952393754e+03 4.625616140006580940e-20 4.486933711138748104e-20
6.070306763885449072e+03 7.430955591944651606e-20 4.376452952793789910e-20
6.075312691818505300e+03 1.487452836163907922e-19 4.263236551860099185e-20
6.080318619751560618e+03 1.127370005869988698e-19 4.165391587917174755e-20
6.085324547684616846e+03 1.520681695850545669e-19 4.076558658843846877e-20
6.090330475617672164e+03 1.393660278240337848e-19 3.984801473329551168e-20
6.095336403550727482e+03 6.954503772709610740e-20 3.931734742760535819e-20
6.100342331483783710e+03 1.209375440913079310e-19 3.903837304479209479e-20
6.105348259416839028e+03 1.271879009048156722e-19 3.872835069826213734e-20
6.110354187349894346e+03 1.096285354039651974e-19 3.840746649186709155e-20
6.115360115282950574e+03 1.202565842850275465e-19 3.835620514134553851e-20
6.120366043216006801e+03 1.051211066295459470e-19 3.855525083276975944e-20
6.125371971149062119e+03 1.083004676141829919e-19 3.925602175418006406e-20
6.130377899082117438e+03 1.195307866927908001e-19 4.004406372418282596e-20
6.135383827015173665e+03 8.482790746540754054e-20 4.152669209715322030e-20
6.140389754948228983e+03 6.119332384236312808e-20 4.300363093645534564e-20
6.145395682881284301e+03 1.725190111325493124e-19 4.319485459479953926e-20
6.150401610814340529e+03 1.073450986973983197e-19 4.229671525319854614e-20
6.155407538747396757e+03 1.135602822119009463e-19 4.155664618352589601e-20
6.160413466680452075e+03 1.042058210240483515e-19 4.104358990825616098e-20
6.165419394613507393e+03 6.740230517350995515e-20 4.183650915369475641e-20
6.170425322546563621e+03 1.276564932107483820e-19 4.229395730120425698e-20
6.175431250479618939e+03 4.284301584274349023e-20 4.207577363893277421e-20
6.180437178412674257e+03 7.286813100352408343e-20 4.124344888971819339e-20
6.185443106345730484e+03 1.264929315420545309e-19 4.098583938823914711e-20
6.190449034278785803e+03 1.070139030286338807e-19 4.083406128901691176e-20
6.195454962211842030e+03 5.120418107042271369e-20 4.073723543133986528e-20
6.200460890144897348e+03 1.008121425944004535e-19 4.072904037422870688e-20
6.205466818077953576e+03 1.701601341391461875e-19 4.052764056582272301e-20
6.210472746011008894e+03 1.227280081610126413e-19 3.971296880285827897e-20
6.215478673944064212e+03 1.594190172267766561e-19 3.999993015130237301e-20
6.220484601877120440e+03 1.138466338118038704e-19 3.971207818431995595e-20
6.225490529810175758e+03 1.068800526511936594e-19 3.959520701199137589e-20
6.230496457743231986e+03 7.764975738752295004e-20 4.185216359113212063e-20
6.235502385676287304e+03 1.703665228324883994e-19 4.388767991523734302e-20
6.240508313609343531e+03 2.342660850691251107e-19 4.337672122212439183e-20
6.245514241542398850e+03 1.773898193867406615e-19 3.997112769479300909e-20
6.250520169475454168e+03 4.728081841485170281e-20 3.988976220747892725e-20
6.255526097408510395e+03 1.043163749434553050e-19 4.313675317409195984e-20
6.260532025341565713e+03 1.157281059456029202e-19 4.443490627717036666e-20
6.265537953274621032e+03 1.541389300473609143e-19 4.242970642310320732e-20
6.270543881207677259e+03 1.552337695117900299e-19 4.185567667291700022e-20
6.275549809140733487e+03 1.275978975133170235e-19 4.070539803834393886e-20
6.280555737073788805e+03 1.054400565961824856e-19 4.109520765877796548e-20
6.285561665006844123e+03 6.270204936665607181e-20 4.189632184305876884e-20
6.290567592939900351e+03 1.138306076356963797e-19 4.311570112654811022e-20
6.295573520872955669e+03 1.359137027555467528e-19 5.515779747802231418e-20
6.300579448806010987e+03 3.024393544658206014e-19 5.866407413487519050e-20
6.305585376739067215e+03 1.917227086047027732e-19 5.009106636434636251e-20
6.310591304672123442e+03 1.918073966717753111e-19 3.917679102503722612e-20
6.315597232605178760e+03 9.828628810798986247e-20 3.671073192573756755e-20
6.320603160538234079e+03 1.009379097657155983e-19 3.710721540055217211e-20
6.325609088471290306e+03 8.729250810287222457e-20 3.890553296984033926e-20
6.330615016404345624e+03 8.291201334176961017e-20 3.836612167337978322e-20
6.335620944337400942e+03 1.751610149041054068e-19 3.626366152205204831e-20
6.340626872270457170e+03 1.157331840201060247e-19 3.554188176300789155e-20
6.345632800203512488e+03 1.195688851440672495e-19 3.619591778591373528e-20
6.350638728136568716e+03 1.324867987198281306e-19 3.776062507121338654e-20
6.355644656069624034e+03 1.793136326008942082e-19 3.995816266295756122e-20
6.360650584002680262e+03 2.029474605085602255e-19 4.469013469222184108e-20
6.365656511935735580e+03 1.412318360481409829e-19 4.408640892241682124e-20
6.370662439868790898e+03 8.399217977726785757e-20 3.910860749436902524e-20
6.375668367801847126e+03 1.510886699951086666e-19 3.826707168799273448e-20
6.380674295734902444e+03 1.799962900094202416e-19 3.993157422145623224e-20
6.385680223667958671e+03 1.266620842387181347e-19 4.080142758133402077e-20
6.390686151601013989e+03 1.335309389442686531e-19 4.088661646225321770e-20
6.395692079534070217e+03 1.278581073292346224e-19 4.071809402026834207e-20
6.400698007467125535e+03 1.341459430398540771e-19 4.100393931593874170e-20
6.405703935400180853e+03 1.122577906467361322e-19 4.038239952132807557e-20
6.410709863333237081e+03 1.150969792739409961e-19 3.986394644950035353e-20
6.415715791266292399e+03 7.542668224369192575e-20 3.960358653907669790e-20
6.420721719199348627e+03 1.198594278617508538e-19 3.866301549748490923e-20
6.425727647132403945e+03 3.913320447929741252e-20 3.770477190661180293e-20
6.430733575065460172e+03 1.272528201904349882e-19 3.664939904047182587e-20
6.435739502998515491e+03 1.915633129311093835e-19 3.607478569661015911e-20
6.440745430931570809e+03 1.700556002062364539e-19 3.563136249543274027e-20
6.445751358864627036e+03 9.507349190612881360e-20 3.536976409461123240e-20
6.450757286797682355e+03 1.096419394532759276e-19 3.527094611305519678e-20
6.455763214730737673e+03 9.743161380534048397e-20 3.532474127198276611e-20
6.460769142663793900e+03 1.014043956983765454e-19 3.678560733264364998e-20
6.465775070596850128e+03 9.068749285993017577e-20 3.841869010901719409e-20
6.470780998529905446e+03 1.240012158199200412e-19 3.758821453708670481e-20
6.475786926462960764e+03 9.732403296259853278e-20 3.573564698061263708e-20
6.480792854396016992e+03 1.341704904303211432e-19 3.423907280569904058e-20
6.485798782329072310e+03 1.311542952397206349e-19 3.379408632510705226e-20
6.490804710262127628e+03 1.406874432323853070e-19 3.483375762054098381e-20
6.495810638195183856e+03 1.609620443756163896e-19 3.823189005929520664e-20
6.500816566128239174e+03 1.526698525829205526e-19 3.975064162625513348e-20
6.505822494061295401e+03 1.753487219225009513e-19 3.718081706402141381e-20
6.510828421994350720e+03 6.183504824471119353e-20 3.574755288735276022e-20
6.515834349927406947e+03 1.043853263029193517e-19 3.578598795719766196e-20
6.520840277860462265e+03 9.348684065890005488e-20 3.659462691134553819e-20
6.525846205793517584e+03 2.007370403476781594e-19 3.819588343563748431e-20
6.530852133726573811e+03 1.283494412579624358e-19 3.941537470576723954e-20
6.535858061659629129e+03 1.781551964323643654e-19 3.877491717438509715e-20
6.540863989592685357e+03 1.927576514088386859e-19 3.990964631694671848e-20
6.545869917525740675e+03 2.467022790792494987e-19 4.501628035205727292e-20
6.550875845458796903e+03 1.780302238497956548e-19 4.141642308918871673e-20
6.555881773391852221e+03 1.659418411551913176e-19 3.339356812876482512e-20
6.560887701324907539e+03 4.534124344159425135e-20 2.828206621437298069e-20
6.565893629257963767e+03 1.149633100287402126e-19 2.920778683020393089e-20
6.570899557191019085e+03 1.628029570136104265e-19 3.077897881329316644e-20
6.575905485124075312e+03 1.270803007905360877e-19 3.227359461527802031e-20
6.580911413057130630e+03 1.800222548756538420e-19 3.167057283279834072e-20
6.585917340990186858e+03 1.516027268854672635e-19 2.940842226866484750e-20
6.590923268923242176e+03 1.150958718273809929e-19 2.924363317635985250e-20
6.595929196856297494e+03 1.425548818140459903e-19 2.962495511500013998e-20
6.600935124789353722e+03 1.484219695607899322e-19 3.024117589379949000e-20
6.605941052722409040e+03 1.882684165685033285e-19 2.988383665100307662e-20
6.610946980655464358e+03 1.691753574640558128e-19 2.905979868712488767e-20
6.615952908588520586e+03 5.573545831341936045e-20 2.879586047027797669e-20
6.620958836521576814e+03 4.663078925306892995e-20 2.921152522986216084e-20
6.625964764454632132e+03 1.237066633786844885e-19 2.959918590998934923e-20
6.630970692387687450e+03 1.872363234085497739e-19 3.030425944302264093e-20
6.635976620320743677e+03 2.180486997139012638e-19 3.043697358277364924e-20
6.640982548253798996e+03 1.484108963333309481e-19 3.036197458980426922e-20
6.645988476186854314e+03 1.164326474690541910e-19 3.060177516891584647e-20
6.650994404119910541e+03 1.716910393900543405e-19 3.106582267150198464e-20
6.656000332052965859e+03 1.041955496562728918e-19 3.137967859884099430e-20
6.661006259986022087e+03 1.098507188084774660e-19 3.124495972739291513e-20
6.666012187919077405e+03 1.590025456959542731e-19 3.062026795660800211e-20
6.671018115852133633e+03 1.785220471272211353e-19 2.979672188963413461e-20
6.676024043785188951e+03 1.236914002392952254e-19 2.908296821830294103e-20
6.681029971718244269e+03 1.115191617591600723e-19 2.856587417128416404e-20
6.686035899651300497e+03 1.150859569852639867e-19 2.814245393679265475e-20
6.691041827584355815e+03 1.200264503127196851e-19 2.774343844960780170e-20
6.696047755517412043e+03 1.524190326919031899e-19 2.759117849750693977e-20
6.701053683450467361e+03 1.387448232811093224e-19 2.742114470691859019e-20
6.706059611383523588e+03 1.743314728997533006e-19 2.708190272631452115e-20
6.711065539316578906e+03 1.313417964067144307e-19 2.688840149116153311e-20
6.716071467249634225e+03 1.203718378989269676e-19 2.678343826721631316e-20
6.721077395182690452e+03 1.445013900019530459e-19 2.658951553106736306e-20
6.726083323115745770e+03 1.355594641173102112e-19 2.649829544002632543e-20
6.731089251048801998e+03 1.077392196649819254e-19 2.653756868982544797e-20
6.736095178981857316e+03 9.829917590984870021e-20 2.674388528476190869e-20
6.741101106914913544e+03 1.423601082683761407e-19 2.702946907815882157e-20
6.746107034847968862e+03 8.820242875975353020e-20 2.708656286109274645e-20
6.751112962781024180e+03 9.584365189752361506e-20 2.702957669498272056e-20
6.756118890714080408e+03 1.559214416234098783e-19 2.722178385996198475e-20
6.761124818647135726e+03 1.045735484730869469e-19 2.768217936075191527e-20
6.766130746580191044e+03 1.051995324746997441e-19 2.800634518236145871e-20
6.771136674513247272e+03 1.164273035493425290e-19 2.839290567999036889e-20
6.776142602446303499e+03 1.201354542028524874e-19 2.899970343907593705e-20
6.781148530379358817e+03 6.645321343881340835e-20 2.942536572271838390e-20
6.786154458312414135e+03 7.999326127691285911e-20 2.957545107360508684e-20
6.791160386245470363e+03 1.157082852086715690e-19 2.885268155315523901e-20
6.796166314178525681e+03 1.163116026404854232e-19 2.813997011585572180e-20
6.801172242111580999e+03 1.570171817894431043e-19 2.769076290677825565e-20
6.806178170044637227e+03 1.620464819739794121e-19 2.718536338574995539e-20
6.811184097977693455e+03 1.298933240332491283e-19 2.680509824038997382e-20
6.816190025910748773e+03 1.479950486626112574e-19 2.639868919986363801e-20
6.821195953843804091e+03 7.671817496802698225e-20 2.838310816594998353e-20
6.826201881776860318e+03 8.259253579122587745e-20 3.276288384534030253e-20
6.831207809709915637e+03 8.981876213216332381e-20 3.471609827066755950e-20
6.836213737642970955e+03 9.002254498392788028e-20 3.185149662408829926e-20
6.841219665576027182e+03 1.146892677906345038e-19 2.785059830879212209e-20
6.846225593509082501e+03 1.352715348847433274e-19 2.637319550149502248e-20
6.851231521442138728e+03 1.121202761566666820e-19 2.570213181564391951e-20
6.856237449375194046e+03 1.670591899711752295e-19 2.870207714058160509e-20
6.861243377308250274e+03 1.795077568032745446e-19 3.719078761142243959e-20
6.866249305241305592e+03 1.860091963017987545e-19 4.260905479176858035e-20
6.871255233174360910e+03 8.174090206403869526e-20 3.879013888967555508e-20
6.876261161107417138e+03 1.107571971717548590e-19 3.531374654213992823e-20
6.881267089040473365e+03 7.866681032111542001e-20 3.355063110653107265e-20
6.886273016973527774e+03 2.208881570952807531e-19 3.539948043190606583e-20
6.891278944906584002e+03 5.728666909666532574e-20 3.511025735828609726e-20
6.896284872839640229e+03 8.872588645261069105e-20 3.581456342189812869e-20
6.901290800772695547e+03 1.256528142032183002e-19 3.530320111315109420e-20
6.906296728705750866e+03 9.321714635404518259e-20 3.548110764270310108e-20
6.911302656638807093e+03 4.750619717068760787e-21 3.531467406746089769e-20
6.916308584571862411e+03 8.057678407001887076e-20 3.675909751047852170e-20
6.921314512504917730e+03 -2.942348371488898155e-20 3.676674218339317512e-20
6.926320440437973957e+03 5.502962187282695044e-20 3.430576487170528230e-20
6.931326368371030185e+03 5.681051822104685848e-20 2.954016993897474129e-20
6.936332296304085503e+03 1.038117478249720548e-19 3.021529116361730732e-20
6.941338224237140821e+03 1.389283871195592444e-19 3.140129079671775979e-20
6.946344152170197049e+03 1.132371034072533750e-19 3.293235973022674422e-20
6.951350080103252367e+03 1.882356988686402833e-19 3.207488714084802582e-20
6.956356008036307685e+03 1.298992159654274356e-19 2.811515520282257102e-20
6.961361935969363913e+03 1.055927565394819730e-19 2.714929219637482102e-20
6.966367863902420140e+03 6.682381438963381402e-20 2.815463764954129635e-20
6.971373791835475458e+03 8.458744179751211927e-20 2.947938567506233892e-20
6.976379719768530776e+03 1.339313947082838941e-19 3.069656028337834593e-20
6.981385647701587004e+03 9.520093582328173758e-20 3.012239509873061164e-20
6.986391575634642322e+03 9.178620156971046752e-20 2.770022797618464798e-20
6.991397503567697640e+03 1.533705144842065117e-19 2.743622413704394496e-20
6.996403431500753868e+03 1.225336723296677179e-19 2.800353276390873985e-20
7.001409359433810096e+03 1.657582505001625685e-19 2.900334470515960384e-20
7.006415287366865414e+03 1.208637632393436807e-19 3.046624507857834024e-20
7.011421215299920732e+03 1.259283264513383783e-19 3.065271079205324197e-20
7.016427143232976960e+03 1.466295986082788247e-19 3.037276249957140619e-20
7.021433071166032278e+03 1.196450261361592222e-19 2.956040334277488205e-20
7.026438999099087596e+03 1.524866530223339072e-19 3.051608630608518554e-20
7.031444927032143823e+03 9.191697606551435482e-20 3.121455766006475528e-20
7.036450854965200051e+03 1.170749313758213797e-19 3.220096824203156578e-20
7.041456782898254460e+03 1.073107389405278014e-19 3.350613491657695553e-20
7.046462710831310687e+03 1.187307690765308616e-19 3.400225158610233831e-20
7.051468638764366915e+03 1.095666385314137040e-19 3.307232311926640744e-20
7.056474566697422233e+03 9.297226537618185597e-20 3.133453485420854548e-20
7.061480494630477551e+03 1.188447295351674123e-19 3.080634872998285286e-20
7.066486422563533779e+03 1.336353869111354848e-19 3.069522242672196555e-20
7.071492350496589097e+03 1.303689167176264715e-19 3.049989721767406693e-20
7.076498278429644415e+03 2.510864075450915050e-20 3.000307229424655047e-20
7.081504206362700643e+03 1.403188948477246480e-19 2.967717672992261717e-20
7.086510134295756870e+03 1.204580750875049339e-19 2.968675978451859723e-20
7.091516062228812189e+03 1.523147142752035967e-19 2.903716949854512262e-20
7.096521990161867507e+03 1.283686612683762925e-19 2.816947151862375173e-20
7.101527918094923734e+03 1.518599213202422157e-19 2.808379313588350432e-20
7.106533846027979052e+03 8.334891792387831505e-20 2.807517885506501575e-20
7.111539773961034371e+03 1.038666686310888142e-19 2.801015676691943834e-20
7.116545701894090598e+03 1.523575510805200426e-19 2.803395168032616883e-20
7.121551629827146826e+03 1.082990439722503207e-19 2.816830209544656225e-20
7.126557557760202144e+03 1.141410551364433775e-19 2.881103006948271593e-20
7.131563485693257462e+03 1.165220795676682105e-19 2.894604231822424108e-20
7.136569413626313690e+03 6.696023666005708478e-20 2.935437303535292955e-20
7.141575341559369008e+03 9.982608979237256404e-20 3.016892198789680642e-20
7.146581269492424326e+03 1.534669444286796859e-19 3.062037203707331183e-20
7.151587197425480554e+03 1.180175113854246427e-19 3.018158052987770121e-20
7.156593125358536781e+03 1.103438536750998701e-19 3.045777049682533995e-20
7.161599053291592099e+03 1.769200707179870826e-19 3.109038394142385795e-20
7.166604981224647418e+03 8.383486383304087774e-20 3.089681531697325351e-20
7.171610909157703645e+03 1.629198142525037052e-19 3.029427713221501103e-20
7.176616837090758963e+03 1.260049366483944067e-19 2.958741863591854118e-20
7.181622765023814281e+03 7.749178327065328269e-20 2.832400634752538885e-20
7.186628692956870509e+03 7.040695514135814702e-20 2.720950453146924279e-20
7.191634620889926737e+03 5.306458090394386567e-20 2.644430872215276382e-20
7.196640548822981145e+03 3.818836978496017788e-20 2.583601570779155699e-20
7.201646476756037373e+03 1.071137349469147595e-19 2.545074860932002522e-20
7.206652404689093601e+03 1.077470649422585495e-19 2.510414079352355005e-20
7.211658332622148919e+03 8.044204212746295964e-20 2.477114439706332515e-20
7.216664260555204237e+03 1.029078541711658306e-19 2.472677889368155142e-20
7.221670188488260465e+03 9.106224594516110965e-20 2.490397283694445543e-20
7.226676116421315783e+03 1.517472964132334772e-19 2.505094938339248580e-20
7.231682044354371101e+03 1.532097540551673019e-19 2.834176402624264286e-20
7.236687972287427328e+03 1.216915640717241016e-19 3.753568689298765150e-20
7.241693900220483556e+03 1.532908499858924944e-19 4.308070707523899630e-20
7.246699828153538874e+03 1.794950189196420036e-19 3.957209270939076506e-20
7.251705756086594192e+03 2.073400949682532291e-20 3.218881284479866065e-20
7.256711684019650420e+03 9.771943825155687142e-20 2.863478512496660939e-20
7.261717611952705738e+03 9.702651897278557180e-20 2.738047721517538218e-20
7.266723539885761056e+03 1.580301488788338285e-19 2.918906977854843918e-20
7.271729467818817284e+03 2.415378075241979755e-19 4.192880307009382310e-20
7.276735395751873511e+03 1.487018033315232623e-19 4.673605075523101959e-20
7.281741323684928830e+03 1.939906767639634784e-19 4.572511042783207935e-20
7.286747251617984148e+03 1.272334341159731789e-19 3.804491477147803414e-20
7.291753179551040375e+03 1.000683302448832303e-19 3.504678883584581977e-20
7.296759107484095694e+03 1.137561649733953222e-19 3.523639852358130893e-20
7.301765035417151012e+03 8.360538088041342636e-20 3.626357112037240490e-20
7.306770963350207239e+03 1.808996713728825494e-19 3.605533118355336945e-20
7.311776891283263467e+03 4.168620702507527493e-20 4.379984149891593667e-20
7.316782819216318785e+03 1.151379072583572640e-19 4.419684548532872154e-20
7.321788747149374103e+03 5.103907747047094201e-20 3.940412007990357793e-20
7.326794675082430331e+03 2.111798465656802559e-19 3.576276415161098887e-20
7.331800603015485649e+03 2.018207199128602535e-19 3.731475777706731668e-20
7.336806530948540967e+03 9.589729092581605324e-20 4.485423097874205857e-20
7.341812458881597195e+03 5.117504585418702847e-20 4.506560505957079791e-20
7.346818386814653422e+03 3.585137936443800168e-20 3.628330221994200789e-20
7.351824314747707831e+03 1.555327594971752881e-19 3.222926316781517663e-20
7.356830242680764059e+03 2.108962488647953301e-19 3.464847039661896499e-20
7.361836170613820286e+03 1.591969320185747616e-19 3.801751949525738773e-20
7.366842098546875604e+03 1.774619008624951336e-19 4.087980039389690088e-20
7.371848026479930923e+03 1.162606005746866513e-19 3.988363290907998628e-20
7.376853954412987150e+03 1.238241636765072921e-19 3.064799321563006928e-20
7.381859882346043378e+03 1.160182015684084295e-19 2.859548274341722370e-20
7.386865810279097786e+03 1.202582349840554558e-19 3.185073159195480171e-20
7.391871738212154014e+03 2.016834833660663072e-19 3.302247563669258915e-20
7.396877666145210242e+03 2.214833205228029840e-19 3.758368657119008681e-20
7.401883594078265560e+03 1.793896865725145938e-19 3.687963576411598260e-20
7.406889522011320878e+03 8.205131896086247669e-20 3.328840400602171437e-20
7.411895449944377106e+03 6.504117919808270819e-20 2.917532152806855910e-20
7.416901377877432424e+03 5.729654022209687520e-20 2.945909806364034511e-20
7.421907305810487742e+03 1.436122917423485176e-19 2.984674241810721578e-20
7.426913233743543969e+03 1.714452474191274552e-19 3.072159438273372577e-20
7.431919161676600197e+03 2.098295555020363555e-19 3.238828265944805266e-20
7.436925089609655515e+03 1.172584381113430211e-19 3.180735453099337300e-20
7.441931017542710833e+03 6.326907360007104565e-20 3.004548996145899110e-20
7.446936945475767061e+03 1.031022176966198555e-19 2.630643150031836664e-20
7.451942873408822379e+03 1.151378034717529572e-19 2.583024324576788354e-20
7.456948801341877697e+03 1.397689961830016199e-19 2.651372944563567735e-20
7.461954729274933925e+03 8.781868169627448961e-20 2.796921178983483696e-20
7.466960657207990153e+03 4.547713274160086032e-20 3.026375164767824572e-20
7.471966585141045471e+03 -8.745339380421264981e-21 3.160978617591704356e-20
7.476972513074100789e+03 3.263069609897953488e-20 3.337302799772371375e-20
7.481978441007157016e+03 1.289362017682766429e-19 3.282650191452611829e-20
7.486984368940212335e+03 8.467357607497587961e-20 3.093446874961434773e-20
7.491990296873267653e+03 7.036644796921804379e-20 2.858564325663779213e-20
7.496996224806323880e+03 9.917224505494941423e-20 2.851506866570735895e-20
7.502002152739380108e+03 9.952681886179188101e-20 2.804412770343680207e-20
7.507008080672435426e+03 8.995526453702910840e-20 2.808932220293969143e-20
7.512014008605490744e+03 8.902374507206367515e-20 2.931307421300805718e-20
7.517019936538546972e+03 1.224528499551225886e-19 3.577868976020981449e-20
7.522025864471602290e+03 1.688243345106887582e-19 4.268568076422310653e-20
7.527031792404657608e+03 9.824704245549249127e-20 4.447609272818737530e-20
7.532037720337713836e+03 6.272104422035428529e-20 3.634446112005793526e-20
7.537043648270770063e+03 7.209398879842261812e-20 3.386050417954539154e-20
7.542049576203824472e+03 1.072807093654319042e-19 3.316415377185395594e-20
7.547055504136880700e+03 9.077917308292057309e-20 3.305591742014982593e-20
7.552061432069936927e+03 9.297886391765473903e-20 3.464410654708038621e-20
7.557067360002992245e+03 1.039048557215887207e-19 3.443141320020917950e-20
7.562073287936047564e+03 1.278451112464227921e-19 3.382314494156775013e-20
7.567079215869103791e+03 1.351930084849366280e-19 3.848941384266057994e-20
7.572085143802159109e+03 1.618288884947744429e-19 3.797250200135848060e-20
7.577091071735214427e+03 9.350066814039369480e-20 3.297885905741773220e-20
7.582096999668270655e+03 6.644769328687963333e-20 3.025367227051748366e-20
7.587102927601326883e+03 9.025134576549880004e-20 2.950197513705564066e-20
7.592108855534382201e+03 3.478569610704191870e-20 3.673841262832090501e-20
7.597114783467437519e+03 4.256556824605488379e-21 5.345396287051961471e-20
7.602120711400493747e+03 6.607319471877535704e-20 7.187136881696123907e-20
7.607126639333549065e+03 1.237143781840582953e-19 6.820237136287263055e-20
7.612132567266604383e+03 1.291178416000998148e-19 5.482456189896718143e-20
7.617138495199660611e+03 1.124283369116192815e-19 4.257295026808840539e-20
7.622144423132716838e+03 2.161361432296367355e-19 4.448172777198387085e-20
7.627150351065772156e+03 1.389136449316555082e-19 4.982427660677974694e-20
7.632156278998827474e+03 1.502134908496054830e-19 5.010410165759625557e-20
7.637162206931883702e+03 1.831340347355949671e-19 4.466606526434047937e-20
7.642168134864939020e+03 9.666403581902396507e-20 4.182815161988861050e-20
7.647174062797994338e+03 9.184729845444254397e-20 4.055312463541464365e-20
7.652179990731050566e+03 1.176171018504919811e-19 3.917124448301922835e-20
7.657185918664106794e+03 7.608176504352858065e-20 4.059827430658690730e-20
7.662191846597162112e+03 6.501091321450454277e-20 4.089661692571158662e-20
7.667197774530217430e+03 6.375981754859412749e-20 4.071011541121706230e-20
7.672203702463273657e+03 2.055768639564727076e-19 3.709175423281268865e-20
7.677209630396328976e+03 8.860639353560971854e-20 3.666302478228227950e-20
7.682215558329384294e+03 7.449737085362863662e-21 3.645123033088094020e-20
7.687221486262440521e+03 1.071104002958043888e-19 3.621174577523080979e-20
7.692227414195496749e+03 9.209845945847529137e-20 3.592170671699145655e-20
7.697233342128551158e+03 1.180744225159558060e-19 3.605707633076603420e-20
7.702239270061607385e+03 1.883040360294003386e-19 3.611314429885080762e-20
7.707245197994663613e+03 1.103108192047133577e-19 4.793128010289411444e-20
7.712251125927718931e+03 6.293237101874934184e-20 5.697932327452883110e-20
7.717257053860774249e+03 1.859883282256285920e-19 5.401135378094366354e-20
7.722262981793830477e+03 1.417667555695331494e-19 4.157819915501653538e-20
7.727268909726885795e+03 1.040000140499194724e-19 3.380668240548087341e-20
7.732274837659941113e+03 1.268711334388819892e-19 2.996336921243615238e-20
7.737280765592997341e+03 1.441680203287539400e-19 2.847162543346646959e-20
7.742286693526053568e+03 1.605038958974262835e-19 3.430957112351632726e-20
7.747292621459108886e+03 2.736943138753573398e-19 4.579117322475725114e-20
7.752298549392164205e+03 1.641609189777124796e-19 4.745452795225368374e-20
7.757304477325220432e+03 1.840638034194308758e-19 3.991515095688877998e-20
7.762310405258275750e+03 1.151849948001940218e-19 3.424091622463542333e-20
7.767316333191331069e+03 1.401772715058374696e-19 3.163312735416282910e-20
7.772322261124387296e+03 1.332035000020321860e-19 3.333445084316240301e-20
7.777328189057443524e+03 1.003259005028172975e-19 3.664882634215230359e-20
7.782334116990498842e+03 1.072160784751028345e-19 3.527713604901009624e-20
7.787340044923554160e+03 1.335868918794094764e-19 4.078745679461538406e-20
7.792345972856610388e+03 2.059172099676578309e-19 4.955897877007192804e-20
7.797351900789665706e+03 2.048346561814086221e-19 4.967879916943158422e-20
7.802357828722721024e+03 1.388652402133849707e-19 4.054795001765653184e-20
7.807363756655777252e+03 1.045574020495949271e-19 4.310148027711376331e-20
7.812369684588833479e+03 1.077232839962305101e-19 4.375214016480076521e-20
7.817375612521888797e+03 2.846442678292413094e-19 5.499973769240110601e-20
7.822381540454944115e+03 2.824065635819149879e-19 5.528185307490650318e-20
7.827387468388000343e+03 3.289759860744715106e-20 4.302468789288684786e-20
7.832393396321055661e+03 1.175531613336497519e-19 3.379092402829414029e-20
7.837399324254110979e+03 5.192024329415771063e-20 3.837551781789855467e-20
7.842405252187167207e+03 5.743542973183952204e-20 3.919307800079730563e-20
7.847411180120223435e+03 8.539566173614576454e-20 4.940741502440935854e-20
7.852417108053277843e+03 2.155994339828291249e-19 5.366653622114123159e-20
7.857423035986334071e+03 1.073375740800691354e-19 5.116066926512743107e-20
7.862428963919390299e+03 1.910069867264384966e-19 4.236226299284828060e-20
7.867434891852445617e+03 5.476266928060311252e-20 4.110748478483707733e-20
7.872440819785500935e+03 2.014198748359081371e-19 4.098808986395307877e-20
7.877446747718557162e+03 1.715904272314874064e-19 3.744963519667064107e-20
7.882452675651613390e+03 1.504156947335784255e-19 3.883082163166564344e-20
7.887458603584667799e+03 2.912429279882993759e-20 3.958555256227327913e-20
7.892464531517724026e+03 2.060255452771897776e-19 3.766328293034703606e-20
7.897470459450780254e+03 1.275093992232123644e-19 3.072940478073042272e-20
7.902476387383835572e+03 1.209581318259606670e-19 2.959060340704117182e-20
7.907482315316890890e+03 4.236494451643525804e-20 4.448026338086451696e-20
7.912488243249947118e+03 5.859616840007286284e-20 5.608034543501386210e-20
7.917494171183002436e+03 1.256361715014664093e-19 6.106779995373002244e-20
7.922500099116057754e+03 1.598859177997245817e-19 4.782331615558833009e-20
7.927506027049113982e+03 1.780238030474407299e-19 4.667485013484220611e-20
7.932511954982170209e+03 5.224350839737715350e-20 4.388332914247609899e-20
7.937517882915225528e+03 1.516933773242218994e-19 3.872287145521735686e-20
7.942523810848280846e+03 1.022506275445614847e-19 3.823194086075782866e-20
7.947529738781337073e+03 7.161549264620695795e-20 4.114295864185988853e-20
7.952535666714392391e+03 8.090505351297708961e-20 3.890766065189274288e-20
7.957541594647447710e+03 1.149134316866388655e-19 4.299558684591188242e-20
7.962547522580503937e+03 1.299474447432494558e-19 5.259450535889639453e-20
7.967553450513560165e+03 1.523637508447187779e-19 5.020437868430481430e-20
7.972559378446615483e+03 1.405423325372282340e-19 3.936006405014978711e-20
7.977565306379670801e+03 1.621384950752396346e-19 3.999438538526015026e-20
7.982571234312727029e+03 1.017838831724475728e-19 3.822041025300638009e-20
7.987577162245782347e+03 1.848103088783406846e-19 4.545362093016986409e-20
7.992583090178837665e+03 1.691999249083512639e-19 4.774699070088487349e-20
7.997589018111893893e+03 1.527035577381324185e-19 4.206971967759752251e-20
8.002594946044950120e+03 1.079999156724052715e-19 2.910577288982676359e-20
8.007600873978005438e+03 1.877253111330169476e-19 3.060553450274748251e-20
8.012606801911060757e+03 1.050006679114146923e-19 3.325238393693056400e-20
8.017612729844116984e+03 9.700678919268588485e-20 3.640353102805800796e-20
8.022618657777172302e+03 1.780332302248122751e-19 4.263478460315877475e-20
8.027624585710227620e+03 1.206159228191615748e-19 4.391163915140184617e-20
8.032630513643283848e+03 6.739689648175123950e-20 3.667802197307600820e-20
8.037636441576340076e+03 6.618470208030255697e-20 3.096704644401332648e-20
8.042642369509394484e+03 2.971516904080907817e-20 3.158206389373321072e-20
8.047648297442450712e+03 1.128662041191695160e-19 3.641699550721659468e-20
8.052654225375506940e+03 1.993976511800695039e-19 3.870352442941872086e-20
8.057660153308562258e+03 1.229992359391262891e-19 4.509177961714831506e-20
8.062666081241617576e+03 1.520035220836648650e-19 4.473858475647328109e-20
8.067672009174673803e+03 1.059653966985872745e-19 3.970770704823273487e-20
8.072677937107729122e+03 7.256432150434475332e-20 3.427078173840774655e-20
8.077683865040784440e+03 6.034974289050090077e-20 3.398796050013645275e-20
8.082689792973840667e+03 9.974206315022530611e-20 3.337709119602621018e-20
8.087695720906896895e+03 3.229871910984513285e-20 3.348435785390729152e-20
8.092701648839952213e+03 -9.939195823340899041e-22 3.269030084285239266e-20
8.097707576773007531e+03 9.456902548187934517e-20 3.428149436286708882e-20
8.102713504706063759e+03 8.578987672861854525e-20 3.277028443728262854e-20
8.107719432639119077e+03 5.556679497578641098e-20 3.022488939135216796e-20
8.112725360572174395e+03 6.673317576626834668e-20 2.754870499701161663e-20
8.117731288505230623e+03 1.220827194991577827e-19 2.696727571423094293e-20
8.122737216438286850e+03 1.058499883925043513e-19 2.664829173883219999e-20
8.127743144371342169e+03 1.096045918598405687e-19 2.700924325461964428e-20
8.132749072304397487e+03 1.043612147921838450e-19 2.790486542494542345e-20
8.137755000237453714e+03 1.037493728607144228e-19 2.940843229573607551e-20
8.142760928170509032e+03 1.014341182669423860e-19 3.113303396982448558e-20
8.147766856103564351e+03 6.351389827716855233e-20 3.150697566036842513e-20
8.152772784036620578e+03 1.110253203507595398e-19 3.119835980183152867e-20
8.157778711969676806e+03 4.886326957013756554e-20 3.146412309889830025e-20
8.162784639902732124e+03 6.952919613107701236e-20 3.213948438472872260e-20
8.167790567835787442e+03 1.100829518709977995e-19 3.202231816389907902e-20
8.172796495768843670e+03 6.597722889636509784e-20 3.275290460036724497e-20
8.177802423701898988e+03 1.044063601811338849e-19 3.349998700915931315e-20
8.182808351634954306e+03 8.252242512545801644e-20 3.458707795355308441e-20
8.187814279568010534e+03 6.541048926198894022e-20 3.526240932487592334e-20
8.192820207501066761e+03 4.115416623553848765e-20 3.494915442184204520e-20
8.197826135434121170e+03 8.582016721713416255e-20 3.357864902149110800e-20
8.202832063367177398e+03 1.068194440370266283e-19 3.216439774487381427e-20
8.207837991300233625e+03 6.918276893264675676e-20 3.285340477030231154e-20
8.212843919233288034e+03 8.067182611585530681e-20 3.275947141691791023e-20
8.217849847166344261e+03 1.091342184122993435e-19 2.928938747131846171e-20
8.222855775099400489e+03 8.290181450096977374e-20 2.761602730543583369e-20
8.227861703032456717e+03 8.512071209321133954e-20 2.688842713525449541e-20
8.232867630965511125e+03 7.513646101530328897e-20 2.659210759277581470e-20
8.237873558898567353e+03 1.051967289200745262e-19 2.715587342525866370e-20
8.242879486831623581e+03 1.130762697474378856e-19 2.778409635188085078e-20
8.247885414764677989e+03 1.103206835077688417e-19 2.831245655930834608e-20
8.252891342697734217e+03 7.463462712386687018e-20 2.853952014825884978e-20
8.257897270630790445e+03 6.977619976093434690e-20 2.868593220334709282e-20
8.262903198563846672e+03 1.186000386620884095e-19 2.948753168724100513e-20
8.267909126496901081e+03 8.230216306457464721e-20 3.049504151771852944e-20
8.272915054429957308e+03 5.056297156785097732e-20 3.629533316457558426e-20
8.277920982363013536e+03 1.111495722491912341e-19 4.758996578497653479e-20
8.282926910296067945e+03 -1.265099030921772070e-20 5.839364718473154596e-20
8.287932838229124172e+03 6.933258258810691045e-20 5.624856704296461564e-20
8.292938766162180400e+03 1.278279691204516634e-19 6.139845592051507264e-20
8.297944694095236628e+03 1.267067549840772898e-19 5.803506072910178186e-20
8.302950622028291036e+03 8.580355217747917952e-20 5.206713148061017331e-20
8.307956549961347264e+03 7.052160783017617879e-20 4.134402675654799849e-20
8.312962477894403492e+03 5.750292128987819305e-20 4.025012324208851423e-20
8.317968405827457900e+03 5.843414646503653192e-20 3.375642547692540724e-20
8.322974333760514128e+03 8.101615678539508083e-20 3.087456262723902209e-20
8.327980261693570355e+03 4.212142574275585608e-20 2.944370939245585566e-20
8.332986189626626583e+03 5.002132686374862768e-20 3.032270945549583617e-20
8.337992117559680992e+03 2.297524596030116441e-19 5.211773341936403301e-20
8.342998045492737219e+03 2.474406679740428941e-19 6.588560227775380925e-20
8.348003973425793447e+03 1.274191600664099516e-19 6.870815896819507133e-20
8.353009901358847856e+03 1.825594518767635890e-19 4.823399543414532687e-20
8.358015829291904083e+03 1.024351358319377527e-19 4.321756969952440669e-20
8.363021757224960311e+03 1.394640772376497292e-19 3.752427806492969216e-20
8.368027685158016538e+03 7.243292048669888192e-20 3.638572201008162279e-20
8.373033613091070947e+03 7.990201833531757171e-20 3.287734084010151269e-20
8.378039541024127175e+03 9.285297355418083202e-20 4.173810516408008300e-20
8.383045468957181583e+03 8.495130029738436857e-20 4.293732450868737869e-20
8.388051396890237811e+03 1.219373027124094927e-19 3.733838962199686241e-20
8.393057324823294039e+03 1.938632336748383747e-19 5.362857259033822421e-20
8.398063252756350266e+03 1.077239130746925434e-19 6.068341299439241040e-20
8.403069180689406494e+03 1.152376160614129903e-20 5.490759425844132159e-20
8.408075108622460903e+03 1.099712121920350451e-19 3.806579428954835536e-20
8.413081036555517130e+03 1.218767790620961557e-19 4.217067334557409854e-20
8.418086964488571539e+03 4.876452988816549448e-20 4.139658106176859331e-20
8.423092892421627766e+03 1.720439936593011423e-19 4.807874595166162533e-20
8.428098820354683994e+03 2.264455403207340883e-19 6.119443794002689684e-20
8.433104748287740222e+03 2.187871447750553653e-19 6.015508264452312923e-20
8.438110676220796449e+03 7.395018136002842827e-20 3.915460592696199444e-20
8.443116604153850858e+03 1.092327822784648102e-19 3.360657460659928559e-20
8.448122532086907086e+03 4.967129328121852375e-20 4.355262845074655731e-20
8.453128460019961494e+03 8.006756263350354367e-20 4.602532164477198096e-20
8.458134387953017722e+03 4.792688458822012363e-20 5.012150028331256058e-20
8.463140315886073950e+03 1.071821594402641857e-19 5.919527793551796714e-20
8.468146243819130177e+03 -2.848051349687269932e-20 5.805897409045499803e-20
8.473152171752186405e+03 8.487157811684777763e-20 3.645817910424676884e-20
8.478158099685240813e+03 6.696325398063169671e-20 3.212791092360668250e-20
8.483164027618297041e+03 1.001800770186892576e-19 3.125100515418676087e-20
8.488169955551351450e+03 1.247178411276469533e-19 3.745227019646367789e-20
8.493175883484407677e+03 1.719874873947983523e-19 3.824539988594698426e-20
8.498181811417463905e+03 1.100610901118042006e-20 4.287923627982429818e-20
8.503187739350520133e+03 6.231633533603274377e-20 4.303570833936145426e-20
8.508193667283574541e+03 5.190905299451364050e-20 3.942959068017267302e-20
8.513199595216630769e+03 1.310096556695437774e-19 2.844248760130190308e-20
8.518205523149686996e+03 1.022580647915884722e-19 2.693412009920404784e-20
8.523211451082741405e+03 1.207107647592170467e-19 2.697783324730804400e-20
8.528217379015797633e+03 1.385999437970531038e-19 2.695344814577391046e-20
8.533223306948853860e+03 1.669803520372035312e-19 2.994513034261782899e-20
8.538229234881910088e+03 1.503989956833066558e-19 3.225121741701058555e-20
8.543235162814964497e+03 1.673017109283459468e-19 3.730989488882098912e-20
8.548241090748020724e+03 1.377093595748429913e-19 3.869964563367422145e-20
8.553247018681076952e+03 5.954252635892520301e-20 3.816094469899168561e-20
8.558252946614131361e+03 6.448340037037039647e-20 3.322290321706924320e-20
8.563258874547187588e+03 2.585157982635028437e-20 3.369759808071203645e-20
8.568264802480243816e+03 2.852771212626544322e-20 3.520385375292949980e-20
8.573270730413300043e+03 1.152288761415823672e-19 3.542331581532809136e-20
8.578276658346354452e+03 1.334987301247731723e-19 3.439332229582835968e-20
8.583282586279410680e+03 9.966981022174196377e-20 3.450904737232299186e-20
8.588288514212466907e+03 1.232539407053535444e-19 3.415127058530524979e-20
8.593294442145521316e+03 7.645872546634581283e-20 3.413624817382304152e-20
8.598300370078577544e+03 1.155423966881497608e-19 3.195689054073240563e-20
8.603306298011633771e+03 9.706524215690642802e-20 2.946725535370267276e-20
8.608312225944689999e+03 1.654389031077344613e-19 2.965831175332149421e-20
8.613318153877744408e+03 9.257379170480146371e-20 3.342442180946604031e-20
8.618324081810800635e+03 -1.264221993829311645e-20 3.889974839379849958e-20
8.623330009743856863e+03 -1.719102608175165823e-20 4.501532773309580102e-20
8.628335937676911271e+03 1.329233504181572345e-19 4.862707289124059611e-20
8.633341865609967499e+03 2.544468514275811739e-19 4.836114042681131859e-20
8.638347793543023727e+03 -3.036765084750585081e-20 4.378575094378890589e-20
8.643353721476079954e+03 -5.906096629058959151e-21 4.135825290033279718e-20
8.648359649409134363e+03 6.388508185739162468e-21 4.607486596524456315e-20
8.653365577342190591e+03 5.351858401807637967e-20 5.298791536271798139e-20
8.658371505275246818e+03 6.510979733108469973e-21 5.464324851920179946e-20
8.663377433208301227e+03 1.378653287179379600e-19 5.330459825637024650e-20
8.668383361141357454e+03 3.368473381054271112e-20 4.979158086987337476e-20
8.673389289074413682e+03 7.961271131405168397e-20 4.562779474802618166e-20
8.678395217007469910e+03 8.158335341588930268e-20 4.120567682589634460e-20
8.683401144940524318e+03 1.613719685187292527e-19 3.755365019626011704e-20
8.688407072873580546e+03 4.795789623945781402e-20 3.483494849925022832e-20
8.693413000806636774e+03 2.878920427840976340e-21 3.398260348394061857e-20
8.698418928739691182e+03 4.327544077151594722e-20 3.404866357082121454e-20
8.703424856672747410e+03 1.369927966798856982e-19 3.419339989564027327e-20
8.708430784605803638e+03 7.532417052279855943e-20 3.313821839635771317e-20
8.713436712538859865e+03 1.826242639882850770e-20 3.232453387064306021e-20
8.718442640471914274e+03 7.885508360185197064e-20 3.196177359810400365e-20
8.723448568404970501e+03 7.045534328371068857e-20 3.260898765832686212e-20
8.728454496338024910e+03 5.708126911666970558e-20 3.292346030215235530e-20
8.733460424271081138e+03 2.669948487957416705e-20 3.317544522486288024e-20
8.738466352204137365e+03 7.326302736423134011e-20 3.345255563823527663e-20
8.743472280137193593e+03 8.633452328669330373e-20 3.346634717599310034e-20
8.748478208070249821e+03 6.214938154111183307e-20 3.308828714055768455e-20
8.753484136003304229e+03 9.062457345949361969e-20 4.486440567414345487e-20
8.758490063936360457e+03 2.095729250477406418e-19 5.942750532031591148e-20
8.763495991869414866e+03 2.364107407740037683e-19 6.958053217774071923e-20
8.768501919802471093e+03 3.997583411245050859e-19 6.229472010921587413e-20
8.773507847735527321e+03 3.249005846533972270e-19 6.285155335873985872e-20
8.778513775668583548e+03 9.903814662469344899e-20 5.754245598529422857e-20
8.783519703601639776e+03 1.185027805634463955e-19 4.813928159124714927e-20
8.788525631534694185e+03 7.719172898796766815e-20 4.054754015309966153e-20
8.793531559467750412e+03 1.405687130070954321e-19 4.094304458999571583e-20
8.798537487400804821e+03 6.587236384679382865e-20 3.455818081713941583e-20
8.803543415333861049e+03 4.175877527072287283e-20 3.369121076166476158e-20
8.808549343266917276e+03 7.921532848688923926e-20 3.596225519110145365e-20
8.813555271199973504e+03 4.168259025685845360e-20 3.704581215462576382e-20
8.818561199133029731e+03 3.043121685009164772e-19 5.342018328550127340e-20
8.823567127066084140e+03 3.202490897048286966e-19 9.884852482317800104e-20
8.828573054999140368e+03 1.574198207655868066e-19 1.052984680291019307e-19
8.833578982932194776e+03 2.409009475631993550e-19 8.133692410084528593e-20
8.838584910865251004e+03 1.016524271520922371e-19 6.256063154277351139e-20
8.843590838798307232e+03 1.014038591585433268e-19 4.546380238584615415e-20
8.848596766731363459e+03 2.826281997145152588e-21 4.254316499161710367e-20
8.853602694664417868e+03 4.026377874118004035e-20 3.852985178541003852e-20
8.858608622597474096e+03 1.124813845288506611e-19 3.607561824197850619e-20
8.863614550530530323e+03 1.490331831904236120e-19 4.538829539355798363e-20
8.868620478463584732e+03 1.301617671919159443e-19 4.553924795229675060e-20
8.873626406396640959e+03 1.021226876418732375e-19 3.836453310475400047e-20
8.878632334329697187e+03 1.688452977711678527e-19 4.816826672248051989e-20
8.883638262262753415e+03 9.444198836241871378e-20 7.034308140689340120e-20
8.888644190195807823e+03 1.139921035611541153e-19 7.102119732695358324e-20
8.893650118128864051e+03 5.041827664690918158e-20 4.501461012337667324e-20
8.898656046061920279e+03 2.252872966414274843e-19 5.291904012279616593e-20
8.903661973994974687e+03 1.405912255112175451e-19 5.613186468983056321e-20
8.908667901928030915e+03 1.204383210486892056e-20 4.827230957896169347e-20
8.913673829861087142e+03 1.248636911839299825e-19 6.957105536133267969e-20
8.918679757794143370e+03 2.524248750416748519e-19 7.988335419498100423e-20
8.923685685727199598e+03 -1.131584953806893759e-19 7.061102269234642134e-20
8.928691613660254006e+03 9.929018666229677510e-20 3.901872544990195986e-20
8.933697541593308415e+03 8.577938317863644497e-20 3.680179880061007289e-20
8.938703469526364643e+03 1.135752841212182721e-19 4.822287967392592292e-20
8.943709397459420870e+03 1.261489896724091849e-19 5.078196775480877790e-20
8.948715325392477098e+03 3.612739342200546676e-21 4.962852195664313658e-20
8.953721253325533326e+03 1.195743764975732142e-19 6.851148732964906755e-20
8.958727181258589553e+03 1.357719802029459375e-19 7.401034057455303966e-20
8.963733109191643962e+03 1.427603837474312033e-19 6.071433965651011969e-20
8.968739037124698370e+03 7.384048657985019193e-20 3.875388991890159571e-20
8.973744965057754598e+03 -9.386407727839451339e-21 3.925429711554751231e-20
8.978750892990810826e+03 7.113488556778750300e-20 4.029069432749299453e-20
8.983756820923867053e+03 1.091918314353018289e-19 4.968134953412654250e-20
8.988762748856923281e+03 1.180033188765719142e-19 4.951176329980696734e-20
8.993768676789977690e+03 9.744726109545672185e-20 5.097825884864399614e-20
8.998774604723033917e+03 1.326409611357505032e-19 5.664242867754249688e-20
9.003780532656088326e+03 1.463741629710835003e-19 5.303046909179946896e-20
9.008786460589144554e+03 1.171791187559884350e-19 3.592167791468177197e-20
9.013792388522200781e+03 5.232675174120389029e-20 3.134450543664960965e-20
9.018798316455257009e+03 1.067131044236912077e-19 3.123194530322615902e-20
9.023804244388313236e+03 2.780791626938628623e-20 3.189451132805745925e-20
9.028810172321367645e+03 4.429702679825317443e-20 3.292725673429890223e-20
9.033816100254423873e+03 1.569923611894046964e-19 3.865864347943561413e-20
9.038822028187478281e+03 9.026909214311342934e-20 4.135737379039685728e-20
9.043827956120534509e+03 9.822983400976832127e-20 4.750089528880976157e-20
9.048833884053590737e+03 1.581405961549080193e-19 5.044466133244485617e-20
9.053839811986646964e+03 1.578745503229435064e-19 4.917069514769747300e-20
9.058845739919703192e+03 7.251772506174759472e-20 4.036244420882558140e-20
9.063851667852757600e+03 2.578279591696206958e-20 4.129806067218626753e-20
9.068857595785813828e+03 1.129926626748212548e-19 4.157030747970262379e-20
9.073863523718868237e+03 5.526550252357290582e-20 4.048108727814664484e-20
9.078869451651924464e+03 7.608432841215244112e-20 3.960855696060319504e-20
9.083875379584980692e+03 7.222198504189677525e-20 3.956878599014209884e-20
9.088881307518036920e+03 -2.390882370602142620e-21 4.070065204648122399e-20
9.093887235451093147e+03 9.231682448302137296e-20 4.054284291948044854e-20
9.098893163384147556e+03 2.081096274914465265e-19 4.181251235698250199e-20
9.103899091317203784e+03 1.472603916962221527e-19 4.082129158314914386e-20
9.108905019250258192e+03 9.033991321545091605e-20 3.798667503262658849e-20
9.113910947183314420e+03 8.076853838399774313e-20 3.589870833445095927e-20
9.118916875116370647e+03 8.685250733440483127e-21 3.659999213363621432e-20
9.123922803049426875e+03 4.551852022678691097e-20 3.700515133097697159e-20
9.128928730982483103e+03 5.991300333262266320e-20 3.767712594707261022e-20
9.133934658915537511e+03 1.169068327929293629e-19 3.777789746279460254e-20
9.138940586848593739e+03 2.325574455912038247e-20 3.787484027510486843e-20
9.143946514781648148e+03 6.117975499295075199e-20 3.848495693677246877e-20
9.148952442714704375e+03 8.889544899021225554e-21 3.971544720440369832e-20
9.153958370647760603e+03 -7.340339177106512918e-20 4.050351254373726766e-20
9.158964298580816831e+03 2.622744753210809115e-20 3.966266229745653439e-20
9.163970226513873058e+03 1.415773128883000812e-19 3.755037850430815812e-20
9.168976154446927467e+03 4.439340851645036637e-20 3.494069351477595915e-20
9.173982082379983694e+03 2.628017445164785138e-20 3.462422188585140253e-20
9.178988010313038103e+03 5.099794462315246060e-20 3.573930808607607290e-20
9.183993938246094331e+03 8.214501616628316118e-20 3.740176086557024119e-20
9.188999866179150558e+03 1.159104199766331821e-19 3.889402619698122554e-20
9.194005794112206786e+03 1.100139741582235074e-19 4.075541246302903352e-20
9.199011722045263014e+03 4.702813998901147613e-21 4.275174482736428741e-20
9.204017649978317422e+03 1.376823864839165665e-19 4.443210344997147667e-20
9.209023577911373650e+03 -1.275923912735405387e-20 4.634244951429076378e-20
9.214029505844428058e+03 7.067518094189894989e-20 4.833193914113672410e-20
9.219035433777484286e+03 1.307075045603529927e-19 4.859320195114744666e-20
9.224041361710540514e+03 5.579245621052279412e-20 4.545366912926654514e-20
9.229047289643596741e+03 8.649669919753740956e-20 4.204859148245965818e-20
9.234053217576652969e+03 9.028263178090475988e-20 3.847873712206317206e-20
9.239059145509707378e+03 1.166862947802281301e-19 3.715478264509485399e-20
9.244065073442761786e+03 4.441190061800293204e-20 3.715747242325981714e-20
9.249071001375818014e+03 5.195476329183152482e-20 3.780462316530816010e-20
9.254076929308874242e+03 7.371765407298235786e-20 3.874281457302596601e-20
9.259082857241930469e+03 5.455273419490344470e-20 3.968507603306249196e-20
9.264088785174986697e+03 7.441926663520227496e-21 4.032075716051975395e-20
9.269094713108042924e+03 1.004851477995268694e-21 4.062864228544603123e-20
9.274100641041097333e+03 6.703570594089276788e-20 4.188919839089349249e-20
9.279106568974151742e+03 1.236711180447261769e-20 4.536560149100443473e-20
9.284112496907207969e+03 5.896991025186018703e-20 4.767809352354625032e-20
9.289118424840264197e+03 1.328797123691413771e-19 5.018456611554494493e-20
9.294124352773320425e+03 1.369272472710936292e-19 5.035690122961393460e-20
9.299130280706376652e+03 1.151328580479381434e-20 6.690458482090432455e-20
9.304136208639432880e+03 -1.749995094788758758e-19 9.678746398166137271e-20
9.309142136572487289e+03 1.219601569212992576e-19 1.252978434833888838e-19
9.314148064505541697e+03 2.732079604177851756e-19 1.250463418249008196e-19
9.319153992438597925e+03 1.278306089721310496e-20 1.312356733697771968e-19
9.324159920371654152e+03 5.999483644098312915e-19 1.264228667924740760e-19
9.329165848304710380e+03 3.011641595591063539e-19 1.104368190990902533e-19
9.334171776237766608e+03 -9.592863574171019407e-20 1.024209625332043663e-19
9.339177704170821016e+03 1.309477266097207010e-19 1.119951762219692044e-19
9.344183632103877244e+03 -7.562520045137346342e-20 1.042643200116370948e-19
9.349189560036931653e+03 2.321897702911839167e-19 8.429859143474356445e-20
9.354195487969987880e+03 -4.057740111044766386e-20 8.617863788060516377e-20
9.359201415903044108e+03 4.409810380514190898e-20 7.925036364392521814e-20
9.364207343836100335e+03 6.332301468225639098e-20 8.012590865344338047e-20
9.369213271769156563e+03 8.068708211454689119e-20 1.632507055468104868e-19
9.374219199702210972e+03 3.258675827916966267e-19 1.861525299549392326e-19
9.379225127635267199e+03 1.230659053338580952e-19 1.622934469672273081e-19
9.384231055568321608e+03 1.729646335748128579e-19 8.231996253182268159e-20
9.389236983501377836e+03 5.668751726304745779e-20 5.943469149810123826e-20
9.394242911434434063e+03 -7.979038229929034742e-20 5.701284433190644734e-20
9.399248839367490291e+03 -1.351415988310026513e-19 7.036403011293253712e-20
9.404254767300546519e+03 7.547728334998983094e-20 7.464447851898517078e-20
9.409260695233600927e+03 2.222740160240308366e-19 6.595424707866483401e-20
9.414266623166657155e+03 -3.794028633996071910e-20 8.526217706501344930e-20
9.419272551099711563e+03 -8.669878158466870853e-20 9.681307855255268675e-20
9.424278479032767791e+03 5.709271892688248316e-20 9.513068920836222084e-20
9.429284406965824019e+03 2.155047766340772684e-19 8.283020312973378416e-20
9.434290334898880246e+03 5.955993386084960280e-19 1.312568086905665626e-19
9.439296262831936474e+03 4.941475310776485168e-19 1.561526512623857470e-19
9.444302190764990883e+03 -8.090549565941936714e-20 1.268916657255753069e-19
9.449308118698047110e+03 2.374521083098050693e-19 7.943645505479212657e-20
9.454314046631101519e+03 1.331712138261077600e-19 1.088626207463187600e-19
9.459319974564157746e+03 2.750813317166164623e-19 1.233516321858615579e-19
9.464325902497213974e+03 3.345109106489080141e-19 1.028380451062824704e-19
9.469331830430270202e+03 1.640494152773574363e-19 1.068321607444465998e-19
9.474337758363326429e+03 3.106609523186598184e-19 1.523319847229648750e-19
9.479343686296380838e+03 2.109508359185930119e-19 1.589955133005720677e-19
9.484349614229437066e+03 1.143540502111682555e-19 9.601509127337341012e-20
9.489355542162491474e+03 5.710042700454674707e-20 7.772265142246865273e-20
9.494361470095547702e+03 3.234304960448026901e-19 9.640543737741819827e-20
9.499367398028603930e+03 2.841272146646956343e-19 1.188742513929290522e-19
9.504373325961660157e+03 2.668372570632901133e-19 9.806457347403729314e-20
9.509379253894716385e+03 8.578758138523131968e-20 7.264465218843550720e-20
9.514385181827770793e+03 4.376366369646955450e-19 9.275986314702409728e-20
9.519391109760827021e+03 4.503214334512765171e-19 1.070751669905997562e-19
9.524397037693881430e+03 2.677921335717544827e-19 9.524850371757706590e-20
9.529402965626937657e+03 6.161113371248878880e-20 7.201548261248040341e-20
9.534408893559993885e+03 2.344136680812723261e-20 7.080162614994910923e-20
9.539414821493050113e+03 9.392431689315441541e-20 7.428892920019695514e-20
9.544420749426106340e+03 4.129621537643918270e-20 8.378973000099340139e-20
9.549426677359160749e+03 -8.829992940606722012e-20 1.025947877545900368e-19
9.554432605292216977e+03 1.836523608430000023e-19 1.077401220423672073e-19
9.559438533225271385e+03 3.653265260347713117e-19 1.047511408516213073e-19
9.564444461158327613e+03 4.994344519529843601e-19 1.269104378474495422e-19
9.569450389091383840e+03 2.966806965496228599e-20 1.194429641132987494e-19
9.574456317024440068e+03 2.886956651958824370e-19 8.397480391894071376e-20
9.579462244957496296e+03 3.144275056567345769e-21 7.512769685303969711e-20
9.584468172890550704e+03 8.831817040922536557e-20 7.601069808942801612e-20
9.589474100823605113e+03 1.093741386579497722e-19 8.232907270120764199e-20
9.594480028756661341e+03 1.770615244889910395e-19 8.221765229640221930e-20
9.599485956689717568e+03 -1.235153397523821106e-20 8.470724025524994647e-20
9.604491884622773796e+03 -6.991106704887568801e-20 9.752308113498236820e-20
9.609497812555830023e+03 2.386219617976904937e-19 9.665112485780891634e-20
9.614503740488886251e+03 1.421408339706927428e-20 9.620272757390616356e-20
9.619509668421940660e+03 -1.017445542379039620e-19 1.013530342472041801e-19
9.624515596354995068e+03 -1.230599314581525606e-19 9.732836962821585005e-20
9.629521524288051296e+03 -7.192733318613773440e-20 7.882517491612442080e-20
9.634527452221107524e+03 9.902133376982574864e-20 7.631822602595681639e-20
9.639533380154163751e+03 -8.517700369936776557e-21 7.573538424987471827e-20
9.644539308087219979e+03 -4.354481769808812325e-21 7.238716146715518429e-20
9.649545236020274388e+03 1.492591140187304709e-19 7.036637204376400278e-20
9.654551163953330615e+03 2.955481426635763653e-20 7.205046021905134651e-20
9.659557091886385024e+03 1.036661939846169241e-19 7.746113041373579045e-20
9.664563019819441251e+03 3.210960958754063088e-19 9.012716391800328766e-20
9.669568947752497479e+03 2.062845190382549705e-19 9.281987051834848717e-20
9.674574875685553707e+03 -6.728003485543042953e-20 9.704779401698680447e-20
9.679580803618609934e+03 -8.392775821521448651e-20 1.049203566944170437e-19
9.684586731551664343e+03 1.687995021149376736e-19 1.031165475451552652e-19
9.689592659484720571e+03 1.883835395108654010e-19 9.129082830413562860e-20
9.694598587417774979e+03 2.444196306430887594e-20 1.071337961381236354e-19
9.699604515350831207e+03 8.089316907006809437e-20 1.070242531900248316e-19
9.704610443283887435e+03 1.351550062698747315e-19 9.926515404097325603e-20
9.709616371216943662e+03 -6.925412193792099634e-21 9.132361062057297435e-20
9.714622299149999890e+03 -1.319020878953527890e-19 1.138648919917801211e-19
9.719628227083054298e+03 1.255962261391153626e-19 1.196293787215637764e-19
9.724634155016110526e+03 1.488430630175556581e-19 1.168883531858847648e-19
9.729640082949164935e+03 -2.241614816357125062e-20 1.026607140301192408e-19
9.734646010882221162e+03 -8.254785528130254142e-21 1.158905959327675940e-19
9.739651938815277390e+03 4.877419476975923573e-19 1.174471154254138492e-19
9.744657866748333618e+03 -3.994678796004528934e-20 1.051244634980439243e-19
9.749663794681389845e+03 1.614055901120462200e-19 9.583815505015234566e-20
9.754669722614444254e+03 8.726489759995388957e-20 8.960167238717079917e-20
9.759675650547500481e+03 9.212952066779183120e-20 8.778676934308254267e-20
9.764681578480554890e+03 8.830044219260427278e-20 8.316500675028241647e-20
9.769687506413611118e+03 1.037522471894646353e-19 7.885360279843795761e-20
9.774693434346667345e+03 2.660967347817067072e-20 7.891696754611117526e-20
9.779699362279723573e+03 -4.117485299013949546e-20 8.396672355006350426e-20
9.784705290212779801e+03 2.246651201165801847e-19 1.206603329137348160e-19
9.789711218145834209e+03 1.515029005159966892e-19 1.538781432972691933e-19
9.794717146078890437e+03 1.524183872389558847e-19 1.630675450068715469e-19
9.799723074011944846e+03 3.501405613942815428e-19 1.310438470102414510e-19
9.804729001945001073e+03 9.651067140457620749e-20 1.213959454957161743e-19
9.809734929878057301e+03 2.319113171094562194e-19 1.092202342486997834e-19
9.814740857811113528e+03 3.770036495039902401e-20 1.089370929331428132e-19
9.819746785744169756e+03 1.319912983460875836e-19 1.026911666998848315e-19
9.824752713677224165e+03 2.217391186921969982e-19 1.015783205574960734e-19
9.829758641610280392e+03 6.709337411968462317e-20 1.021942287220924682e-19
9.834764569543334801e+03 1.095004961544385969e-19 9.815403425588270470e-20
9.839770497476391029e+03 7.495960535464514643e-20 1.022958416002651119e-19
9.844776425409447256e+03 4.262077949380318435e-20 1.231600068419241710e-19
9.849782353342503484e+03 6.013374494551897630e-20 1.345156995211961333e-19
9.854788281275559712e+03 -1.548267968645335593e-19 1.259067440604375580e-19
9.859794209208614120e+03 8.396892146420954421e-20 1.173199244423828382e-19
9.864800137141670348e+03 -4.173659904585789839e-19 1.441270372813552552e-19
9.869806065074724756e+03 3.231020431167697501e-19 1.821545468288411161e-19
9.874811993007780984e+03 8.762145029998316643e-20 1.723575270103409229e-19
9.879817920940837212e+03 2.580863170585875248e-19 1.223469202484875744e-19
9.884823848873893439e+03 3.499268082528907239e-19 1.132837999659006966e-19
9.889829776806949667e+03 2.866488427217264239e-19 1.293244147282772435e-19
9.894835704740004076e+03 1.082209742843410934e-19 1.297513717751373185e-19
9.899841632673058484e+03 4.920845141834584473e-20 1.214927413591095084e-19
9.904847560606114712e+03 7.281536857796050663e-20 1.161438971796459129e-19
9.909853488539170939e+03 3.821553123440937982e-20 1.679450657615538319e-19
9.914859416472227167e+03 2.407996887812709828e-19 1.902220709681066363e-19
9.919865344405283395e+03 -2.024670978517743009e-19 1.716113307873289492e-19
9.924871272338339622e+03 1.894075492390731119e-19 1.295612335041894474e-19
9.929877200271394031e+03 1.275566222646506317e-19 1.274029541491506061e-19
9.934883128204448440e+03 2.801387402861931208e-19 1.468399000943076644e-19
9.939889056137504667e+03 4.495397461537209211e-19 1.976675361551248801e-19
9.944894984070560895e+03 5.849348415435537846e-19 2.252191784018935442e-19
9.949900912003617123e+03 7.614340340135826439e-20 2.177323352675202978e-19
9.954906839936673350e+03 3.038934093440663709e-19 2.102294812664929038e-19
9.959912767869729578e+03 5.965240678508250938e-19 2.181333549087619414e-19
9.964918695802783986e+03 -2.311235069073683562e-21 1.995917031647302855e-19
9.969924623735838395e+03 2.439465947279332389e-19 1.908608614531829149e-19
9.974930551668894623e+03 2.997157751069135275e-19 1.960787454884028261e-19
9.979936479601950850e+03 3.281644651471652870e-19 1.778066944564261598e-19
9.984942407535007078e+03 2.813582150684049647e-19 1.673656734702912259e-19
9.989948335468063306e+03 4.482876964399134427e-19 1.606031854958247659e-19
9.994954263401117714e+03 6.707612391414558316e-20 1.659540564595824262e-19
9.999960191334173942e+03 2.162268542234141420e-19 1.710796453917960875e-19
1.000496611926722835e+04 3.344968411513557085e-19 2.011452751571218666e-19
1.000997204720028458e+04 4.284257954678713495e-19 2.509400650702652526e-19
1.001497797513334081e+04 5.514132697892710603e-19 2.537183835265327387e-19
1.001998390306639703e+04 -6.438171447565895901e-20 2.169971339865706283e-19
1.002498983099945326e+04 2.085749268749553873e-19 1.995573273240268869e-19
1.002999575893250767e+04 1.973771396439344344e-19 2.023000344060486598e-19
1.003500168686556390e+04 2.080970724606291253e-19 1.812547210240135970e-19
1.004000761479861831e+04 2.354005557745694630e-19 1.893538437491339373e-19
1.004501354273167453e+04 -5.066958976269804694e-20 1.877682528669961257e-19
1.005001947066473076e+04 -7.092938103363626717e-20 1.756131326649819113e-19
1.005502539859778699e+04 -2.309659959253492097e-19 1.864593920977961523e-19
1.006003132653084322e+04 1.192361418808176062e-19 2.033218290840709995e-19
1.006503725446389763e+04 6.338178503269928412e-19 2.118626536981536446e-19
1.007004318239695385e+04 9.314119263138014745e-20 2.022602203619824352e-19
1.007504911033000826e+04 -2.041414979381240507e-19 2.139430640235307331e-19
1.008005503826306449e+04 -8.809430266962351144e-20 2.644530233847073438e-19
1.008506096619612072e+04 1.115949276251644354e-19 2.774413633576080183e-19
1.009006689412917694e+04 5.006735705774366265e-19 2.530258986490858702e-19
1.009507282206223317e+04 -1.166534581362479964e-19 2.381656932296556025e-19
1.010007874999528758e+04 1.627762313713795414e-19 2.738993970586178752e-19
1.010508467792834381e+04 -2.755442737742388264e-19 2.759761645924622945e-19
1.011009060586139822e+04 -1.394873973827670277e-19 2.479578779453663657e-19
1.011509653379445444e+04 3.320115565797539280e-19 2.421646072078543275e-19
1.012010246172751067e+04 -1.001700700742193878e-19 3.006452171190616046e-19
1.012510838966056690e+04 -3.775900925459647296e-20 3.006381144240420817e-19
1.013011431759362313e+04 4.027854495370240854e-19 2.752051522104087160e-19
1.013512024552667754e+04 -9.190850622026775671e-20 2.436468555976486274e-19
1.014012617345973376e+04 1.523546268834267180e-20 2.591938205285838327e-19
1.014513210139278817e+04 5.615043296486445269e-20 2.788399265922636994e-19
1.015013802932584440e+04 3.274394590223434853e-19 3.130655459842907534e-19
1.015514395725890063e+04 1.749235808020162387e-19 3.205973704362212467e-19
1.016014988519195686e+04 7.218961720937100516e-19 3.221795005180931629e-19
1.016515581312501308e+04 6.093410922002126691e-19 3.342159741429521253e-19
1.017016174105806749e+04 -3.660530491293698997e-19 3.679320266943714077e-19
1.017516766899112372e+04 2.367593365562075140e-19 3.610200100283695151e-19
1.018017359692417813e+04 5.884875699463170194e-19 3.409173998173007495e-19
1.018517952485723436e+04 1.703251283138522577e-19 3.659715245680193286e-19
1.019018545279029058e+04 3.295004229074549516e-19 3.878471223697299133e-19
1.019519138072334681e+04 4.631631907422498394e-19 3.969693772925244617e-19
1.020019730865640304e+04 3.375310818336933389e-19 3.883984647250508323e-19
1.020520323658945745e+04 7.303449336827448303e-19 4.606168686599622907e-19
1.021020916452251367e+04 8.745624273587994939e-19 4.855700638292967983e-19
1.021521509245556808e+04 4.195895249873392215e-19 4.721004254271016392e-19
1.022022102038862431e+04 1.047314298464410214e-18 4.547300590975436676e-19
1.022522694832168054e+04 -3.286625063374707015e-19 4.913872782078922898e-19
1.023023287625473677e+04 9.966443394696293906e-20 5.261057288397802776e-19
1.023523880418779299e+04 3.414947225507577936e-19 4.967755717451484164e-19
1.024024473212084740e+04 8.052482361925980033e-19 4.678292239121313363e-19
1.024525066005390181e+04 9.391957053437587155e-19 4.432481686814945458e-19
1.025025658798695804e+04 3.261415502574838505e-19 4.278375657142333597e-19
1.025526251592001427e+04 -3.362251626318741662e-19 4.211126530668473999e-19
1.026026844385307049e+04 3.596212701465748145e-20 4.291574703730235425e-19
1.026527437178612672e+04 1.819574512444122186e-19 4.284738513682754936e-19
1.027028029971918295e+04 4.833480011114561229e-19 4.335989330756308928e-19
1.027528622765223736e+04 8.478705274639463645e-19 4.177636163167427620e-19
1.028029215558529177e+04 6.392673385745643485e-19 4.565727300605796352e-19
1.028529808351834799e+04 2.253440907350489607e-20 5.094436916711180342e-19
1.029030401145140422e+04 1.239369543676468070e-18 5.377006302930926040e-19
1.029530993938446045e+04 9.372047569271163583e-19 4.886084516160553470e-19
