#  wl flam flam_err
4.803806996822357178e+03 -5.310085545240999689e-19 7.693988971713943002e-19
4.808812924755412496e+03 9.421322283955582831e-19 6.963329067302730715e-19
4.813818852688468723e+03 6.043176832149945339e-20 6.380871464647869070e-19
4.818824780621524042e+03 1.107798288074855074e-18 5.924949549574223956e-19
4.823830708554580269e+03 1.105279053375078853e-18 5.522180950852181622e-19
4.828836636487635587e+03 1.375199033690909119e-18 5.166174434940768400e-19
4.833842564420691815e+03 -3.632676329535685387e-19 4.755332066939268022e-19
4.838848492353747133e+03 7.930228424006510211e-19 4.388851169357896358e-19
4.843854420286802451e+03 -2.335467119499202593e-19 4.036829121922341416e-19
4.848860348219858679e+03 1.849975194872541685e-19 3.702722993955728377e-19
4.853866276152913997e+03 4.653732300131231324e-19 3.419804681824424969e-19
4.858872204085970225e+03 7.330255543973841802e-21 3.144373657153796077e-19
4.863878132019025543e+03 -5.067625425889213269e-19 2.932695369841737868e-19
4.868884059952080861e+03 5.479335780301369633e-19 2.757038049895054243e-19
4.873889987885137089e+03 4.812078135221514267e-19 2.538981060785575904e-19
4.878895915818192407e+03 3.782353766151724371e-19 2.392887313059891163e-19
4.883901843751248634e+03 6.258272484146437640e-19 2.294679860069952555e-19
4.888907771684303952e+03 -5.233204744331499375e-20 2.166604741644158065e-19
4.893913699617360180e+03 -2.670867270923823572e-19 2.048276469487066865e-19
4.898919627550415498e+03 -1.665090815054528452e-19 1.936219046525622218e-19
4.903925555483470816e+03 3.118090863965003165e-19 1.841314011192348778e-19
4.908931483416527044e+03 1.780149853740546025e-19 1.741933059444091269e-19
4.913937411349582362e+03 1.204165629803726488e-19 1.645231918767535251e-19
4.918943339282638590e+03 3.676987352678588042e-19 1.579771498008310873e-19
4.923949267215693908e+03 5.466504346691487346e-19 1.538633509205928194e-19
4.928955195148750136e+03 2.168839828652802932e-19 1.505312575969172561e-19
4.933961123081805454e+03 7.851790824335094109e-20 1.478244621798379692e-19
4.938967051014860772e+03 3.169721108989326025e-19 1.461812632633739181e-19
4.943972978947916999e+03 1.794592450452839387e-19 1.463437371690006377e-19
4.948978906880972318e+03 1.366278922056162372e-19 1.462634719083811587e-19
4.953984834814028545e+03 6.257495646327917388e-20 1.436165369960077470e-19
4.958990762747083863e+03 5.429977845119408729e-20 1.417441917601332118e-19
4.963996690680139181e+03 2.068510802765749933e-20 1.407268681464186341e-19
4.969002618613195409e+03 -2.950991490375916991e-21 1.392106013130929983e-19
4.974008546546250727e+03 -9.765538490276955859e-20 1.367822723976002321e-19
4.979014474479306955e+03 1.982486153019653450e-20 1.326636985197629495e-19
4.984020402412362273e+03 -9.639032682767972433e-20 1.295227787705069355e-19
4.989026330345418501e+03 5.941301464955807054e-20 1.284734402557408592e-19
4.994032258278473819e+03 -1.185480779222586174e-19 1.257897081319319741e-19
4.999038186211529137e+03 -1.866382922220338295e-20 1.199024851377771202e-19
5.004044114144585365e+03 -1.486409433795855046e-19 1.130510965270506930e-19
5.009050042077640683e+03 2.276620158743520822e-20 1.069169108827519718e-19
5.014055970010696910e+03 8.091727354253598880e-20 1.014061322224535161e-19
5.019061897943752228e+03 -5.631274215790501075e-20 9.661516079378927821e-20
5.024067825876807547e+03 -4.043114952599563100e-20 9.399449691655238679e-20
5.029073753809863774e+03 -4.628584474858957644e-20 9.292127613195502058e-20
5.034079681742919092e+03 2.874398420007884362e-19 9.220472719842594503e-20
5.039085609675975320e+03 3.853656776671111586e-19 9.235803002222286196e-20
5.044091537609030638e+03 3.204624621209046435e-20 9.287415848012019550e-20
5.049097465542086866e+03 -1.007379018902273826e-19 9.374934706646599135e-20
5.054103393475142184e+03 1.310552403771661743e-19 9.495457583370902614e-20
5.059109321408197502e+03 7.876368378087972966e-20 9.424812551101650119e-20
5.064115249341253730e+03 2.491025548672703261e-19 9.219103788197705468e-20
5.069121177274309048e+03 1.802813273916766134e-19 8.903510042214257791e-20
5.074127105207365275e+03 8.782502532999689913e-20 8.598538627260094193e-20
5.079133033140420594e+03 -5.363595892406054575e-20 8.326423450827809919e-20
5.084138961073476821e+03 1.243582092923720250e-19 8.144458858070058151e-20
5.089144889006532139e+03 -8.404004128882857424e-20 7.977703003973230554e-20
5.094150816939587457e+03 2.860408002342611176e-20 7.829464034725944365e-20
5.099156744872643685e+03 6.488401973673290188e-20 7.765681579930689064e-20
5.104162672805699003e+03 7.327897357367556985e-20 7.787059276561786205e-20
5.109168600738755231e+03 1.261609767174543979e-19 7.961958617345106023e-20
5.114174528671810549e+03 -1.301203500559070695e-20 8.054746786990448087e-20
5.119180456604865867e+03 8.673812007818233829e-20 8.234509952347961519e-20
5.124186384537922095e+03 1.222707671381254817e-19 8.262202549752710914e-20
5.129192312470977413e+03 2.274902339463922052e-19 8.174334158497281551e-20
5.134198240404033641e+03 2.627157323758047479e-20 8.059186171602156221e-20
5.139204168337088959e+03 -1.542305383701530318e-20 7.866370327661677836e-20
5.144210096270145186e+03 1.048240443352840486e-20 7.672794156823576438e-20
5.149216024203200504e+03 1.339894078951724899e-19 7.392982793669482456e-20
5.154221952136255823e+03 7.406600195158214331e-20 7.146734518101066204e-20
5.159227880069312050e+03 1.242618055442277985e-19 6.870740646496748669e-20
5.164233808002367368e+03 9.799197036497910582e-20 6.558043811918238840e-20
5.169239735935423596e+03 6.607147280421281095e-21 6.263801824402340340e-20
5.174245663868478914e+03 1.712086474846674404e-20 6.142245951021417103e-20
5.179251591801534232e+03 1.825674286853782668e-19 6.045073725682107139e-20
5.184257519734590460e+03 1.676724382290731830e-19 6.038648173567426856e-20
5.189263447667645778e+03 4.163933515149770292e-20 6.070091565179762845e-20
5.194269375600702006e+03 1.015462887697413461e-19 6.295644988769867368e-20
5.199275303533757324e+03 4.463114392994061091e-20 6.313014965805211127e-20
5.204281231466813551e+03 9.613122953034963732e-20 6.265581334980272182e-20
5.209287159399868870e+03 7.041840689566867171e-20 6.026605233504224753e-20
5.214293087332924188e+03 5.890651516789167627e-20 6.058135552474036815e-20
5.219299015265980415e+03 1.091513434586332873e-19 6.184603998848402643e-20
5.224304943199035733e+03 4.176256083387256609e-20 6.298289759875742908e-20
5.229310871132091961e+03 9.485458036160000547e-20 6.335517195670335239e-20
5.234316799065147279e+03 9.603864391618376047e-20 6.494891695940735295e-20
5.239322726998203507e+03 8.170539667934200652e-20 6.634670043479048883e-20
5.244328654931258825e+03 1.080443545548286704e-19 6.636033141197613924e-20
5.249334582864314143e+03 1.557741344761796484e-19 6.656803474356902098e-20
5.254340510797370371e+03 7.578467311812838485e-20 6.594989988158405945e-20
5.259346438730425689e+03 4.568164857266593225e-20 6.285913125775957654e-20
5.264352366663481916e+03 2.301676359468153762e-20 5.858876114513926966e-20
5.269358294596537235e+03 -3.188049954668504960e-22 5.736578514373976654e-20
5.274364222529593462e+03 1.223626536464883008e-19 5.745892398496853094e-20
5.279370150462648780e+03 -2.198502838249205115e-20 5.642413039390482326e-20
5.284376078395704099e+03 1.109711862576243457e-19 5.537884135109347317e-20
5.289382006328760326e+03 -2.126228972815677065e-20 5.529185599382681719e-20
5.294387934261815644e+03 3.467944081744184183e-20 5.523852587366316811e-20
5.299393862194871872e+03 1.015653203868682286e-19 5.552603475710093057e-20
5.304399790127927190e+03 1.222550847379287068e-19 5.596475409776535754e-20
5.309405718060982508e+03 1.051326152618409617e-19 5.654510177145023799e-20
5.314411645994038736e+03 1.573736863040213050e-19 5.678061000668067176e-20
5.319417573927094054e+03 2.587579496718356929e-19 5.659009692086331260e-20
5.324423501860150282e+03 2.389188799048153021e-19 5.637688202654927263e-20
5.329429429793205600e+03 1.741255382911813959e-19 5.650176723178210977e-20
5.334435357726260918e+03 1.909599287578963584e-19 5.655285737011583524e-20
5.339441285659317145e+03 8.429958811891484666e-20 5.638842018280819759e-20
5.344447213592372464e+03 5.199068836767051950e-20 5.600257379301225062e-20
5.349453141525428691e+03 9.450926203721967509e-20 5.656367861193572802e-20
5.354459069458484009e+03 1.385260745857034746e-19 5.633871653565637634e-20
5.359464997391540237e+03 1.730315208187559462e-19 5.568554915417234842e-20
5.364470925324595555e+03 6.031134778465123871e-20 5.510026806982446453e-20
5.369476853257650873e+03 1.881359077881918397e-19 5.562902574296292240e-20
5.374482781190707101e+03 -1.118724333639878472e-20 5.622877059566639766e-20
5.379488709123762419e+03 5.010116068634433758e-20 5.657681059919307171e-20
5.384494637056818647e+03 1.014078270930951036e-19 5.511049869153310363e-20
5.389500564989873965e+03 8.457509156767306588e-20 5.394802807740507786e-20
5.394506492922930192e+03 1.002388238209540600e-19 5.327160778706952638e-20
5.399512420855985511e+03 7.935831073971179960e-20 5.255534566375985708e-20
5.404518348789040829e+03 6.047183631911082629e-20 5.226026055912953591e-20
5.409524276722097056e+03 1.394733032525501740e-19 5.259027826240977706e-20
5.414530204655152374e+03 8.677649058251940529e-20 5.318840324800470219e-20
5.419536132588208602e+03 1.220618741735494801e-19 5.338558911880667975e-20
5.424542060521263920e+03 1.534360187237002885e-19 5.334673675895615752e-20
5.429547988454320148e+03 -6.601529692189241439e-21 5.256840228278733073e-20
5.434553916387375466e+03 -1.063314248289886318e-20 5.194219987145834891e-20
5.439559844320430784e+03 1.079433011075289650e-19 5.123007530307927101e-20
5.444565772253487012e+03 -5.702301659798079949e-21 4.991522979867780458e-20
5.449571700186542330e+03 1.624399277491634009e-19 4.932658702869774789e-20
5.454577628119598558e+03 1.060456755829804036e-19 4.902318467740219706e-20
5.459583556052653876e+03 8.229895092760432502e-20 4.878568860947261244e-20
5.464589483985709194e+03 -2.115380821758997346e-20 4.763435251578951632e-20
5.469595411918765421e+03 -3.229111694148050332e-20 4.636701309278727570e-20
5.474601339851820740e+03 1.288144799639037861e-19 4.652880402890729304e-20
5.479607267784876967e+03 9.069104164529134965e-21 4.674120541360517911e-20
5.484613195717932285e+03 -1.462086922184536421e-20 4.779667771899984170e-20
5.489619123650987603e+03 1.717386088421022760e-20 4.849011182773359325e-20
5.494625051584043831e+03 9.935475379027312519e-21 4.993136292034215296e-20
5.499630979517099149e+03 6.473681397967809062e-20 5.190283745517558937e-20
5.504636907450155377e+03 -1.771639368924792273e-20 5.299506095043836590e-20
5.509642835383210695e+03 1.270685888566215156e-19 5.323813341312133291e-20
5.514648763316266923e+03 1.127758437301004589e-19 5.279075699412429611e-20
5.519654691249322241e+03 7.681005850035807430e-20 5.194540839160149680e-20
5.524660619182377559e+03 9.129463842048527814e-20 5.065415778721443760e-20
5.529666547115433787e+03 1.209691686254604737e-19 4.960603406218001937e-20
5.534672475048489105e+03 6.663269215488210830e-20 4.916635010829297452e-20
5.539678402981545332e+03 -5.895213436858386811e-20 4.959876695488835874e-20
5.544684330914600650e+03 3.184343721433249883e-20 4.955623382543333017e-20
5.549690258847656878e+03 5.100427492753535561e-20 4.775597892629046992e-20
5.554696186780712196e+03 6.124239734127896263e-20 4.614130856148965363e-20
5.559702114713767514e+03 6.133127616130439070e-20 4.618358338174372587e-20
5.564708042646823742e+03 3.021245064180194003e-20 4.779275712471138130e-20
5.569713970579879060e+03 -2.996963432791231147e-20 1.008259306025829998e-19
5.574719898512935288e+03 -4.377588876515066932e-21 1.724953436928177508e-19
5.579725826445990606e+03 -1.938598610943960430e-20 1.697091535077719753e-19
5.584731754379046833e+03 -1.141896770198729180e-19 1.014952552593315574e-19
5.589737682312102152e+03 6.575805716137723172e-20 4.305265174438877679e-20
5.594743610245157470e+03 1.500336263381622693e-20 4.165061240533487651e-20
5.599749538178213697e+03 -4.182445558938191407e-20 4.251294912411685659e-20
5.604755466111269016e+03 5.388985146632831804e-21 4.382912278687726091e-20
5.609761394044325243e+03 1.809269926870895099e-20 4.404018862448944803e-20
5.614767321977380561e+03 6.500153298809693592e-20 4.415333995502477709e-20
5.619773249910436789e+03 -4.870362570501688472e-20 4.584483370973981806e-20
5.624779177843492107e+03 -8.171936868939419109e-20 4.636395324852818283e-20
5.629785105776547425e+03 8.825407731096083473e-20 4.666232937029777575e-20
5.634791033709603653e+03 2.531917959240079807e-20 4.691829809811606555e-20
5.639796961642658971e+03 4.744232547818755027e-20 4.663511288639591409e-20
5.644802889575714289e+03 4.274604462030182194e-20 4.605850278523883036e-20
5.649808817508770517e+03 1.317420229723538399e-20 4.479155263425180521e-20
5.654814745441825835e+03 2.048058016263676386e-20 4.331300275707958486e-20
5.659820673374882062e+03 4.385514724048721139e-20 4.301024804620419510e-20
5.664826601307937381e+03 5.495444335508307822e-20 4.303610266856360026e-20
5.669832529240993608e+03 9.854586894787105598e-21 4.306841858837418379e-20
5.674838457174048926e+03 -1.193833113232494355e-20 4.301046683039769854e-20
5.679844385107104245e+03 6.808835745700647500e-20 4.266415156569903437e-20
5.684850313040160472e+03 4.979135223561793949e-20 4.254436013479077562e-20
5.689856240973215790e+03 5.977043542059807769e-20 4.292720101475924041e-20
5.694862168906272018e+03 6.987745191319513161e-20 4.332763368364249098e-20
5.699868096839327336e+03 1.161784509621992860e-19 4.361547932396239817e-20
5.704874024772383564e+03 6.120768000068058785e-20 4.368850186875283906e-20
5.709879952705438882e+03 9.764941272271896288e-20 4.415312804066848815e-20
5.714885880638494200e+03 3.468294832617293720e-20 4.483681188936045141e-20
5.719891808571550428e+03 1.756712053799963508e-20 4.520780951684225755e-20
5.724897736504605746e+03 1.181272792980961129e-19 4.571076595458444451e-20
5.729903664437661973e+03 1.428781560167662249e-19 4.570846423118133387e-20
5.734909592370717291e+03 1.654792966792467965e-19 4.559699679354413948e-20
5.739915520303773519e+03 1.338520980266802909e-19 4.560273205958610566e-20
5.744921448236828837e+03 1.337792810714099283e-19 4.566369162985723877e-20
5.749927376169884155e+03 1.374673032360446393e-19 4.582658377064368931e-20
5.754933304102940383e+03 1.262541907606935781e-19 4.602549259244380894e-20
5.759939232035995701e+03 8.729696077645364205e-20 4.641370417867833943e-20
5.764945159969051929e+03 1.153279492929225930e-19 4.605754133130988167e-20
5.769951087902107247e+03 1.711951714453683385e-19 4.474754226000008359e-20
5.774957015835163475e+03 4.545282131191871496e-20 4.314748907657204357e-20
5.779962943768218793e+03 8.978246383413130494e-20 4.190463969651825995e-20
5.784968871701274111e+03 1.657754131116821256e-19 4.160642296089887138e-20
5.789974799634330338e+03 1.368403307369757980e-19 4.152767299550619403e-20
5.794980727567385657e+03 1.743390560161705620e-19 4.123502465653361042e-20
5.799986655500441884e+03 1.505464070389001817e-19 4.117031147479478796e-20
5.804992583433497202e+03 5.888929586626912483e-20 4.103026210114905081e-20
5.809998511366552520e+03 3.779984552889740578e-20 4.110731374408339402e-20
5.815004439299608748e+03 5.630288844867334378e-20 4.138888653625931343e-20
5.820010367232664066e+03 1.415241205799117159e-19 4.190266495653817851e-20
5.825016295165720294e+03 1.285871379642135045e-19 4.214999001366180811e-20
5.830022223098775612e+03 8.753336200274541671e-20 4.223263870909203618e-20
5.835028151031830930e+03 9.516922569408719393e-20 4.250278867911872901e-20
5.840034078964887158e+03 1.006231954734212415e-19 4.246801744146971492e-20
5.845040006897942476e+03 1.621802574661378341e-19 4.269163515256687468e-20
5.850045934830998704e+03 1.079876031892088943e-19 4.274508379590664974e-20
5.855051862764054022e+03 2.078483767923246831e-19 4.316183095711148769e-20
5.860057790697110249e+03 1.818561682781051560e-19 4.639580465353309723e-20
5.865063718630165567e+03 1.350171733607625782e-19 5.103282564618684932e-20
5.870069646563220886e+03 1.301929667646442865e-19 5.157772658015877533e-20
5.875075574496277113e+03 1.365235518046981016e-19 4.770458882751278122e-20
5.880081502429332431e+03 1.859437676477796612e-19 5.018200107796630541e-20
5.885087430362388659e+03 -1.618306680407375711e-20 7.837032101114217285e-20
5.890093358295443977e+03 2.573389701953315703e-19 9.374961812283764055e-20
5.895099286228500205e+03 8.640900759525104523e-20 8.644299213375616225e-20
5.900105214161555523e+03 1.702908914916411404e-19 6.268799313299431912e-20
5.905111142094610841e+03 9.310599666250012840e-20 4.676733178543119907e-20
5.910117070027667069e+03 1.825815223512535312e-19 4.704717713569302600e-20
5.915122997960722387e+03 1.757790672333274503e-19 4.723226998412727350e-20
5.920128925893778614e+03 1.463560302433153951e-19 4.651366904568907372e-20
5.925134853826833933e+03 1.474505986907248825e-19 4.521901929400850002e-20
5.930140781759890160e+03 1.886989310325816647e-19 4.628456949963181804e-20
5.935146709692945478e+03 9.133116670302642367e-20 4.466271133876567574e-20
5.940152637626000796e+03 1.333437510334202954e-19 4.183241999250833229e-20
5.945158565559057024e+03 1.334115243652292118e-19 4.162044497815635315e-20
5.950164493492112342e+03 1.415032384918666583e-19 4.352462518728629006e-20
5.955170421425167660e+03 1.773483366642180987e-19 4.261995858588258969e-20
5.960176349358223888e+03 1.947629903329976837e-19 4.009156693762000156e-20
5.965182277291280116e+03 1.518608310683521462e-19 3.969972182174099500e-20
5.970188205224335434e+03 1.827987234919647418e-19 4.074731888620623780e-20
5.975194133157390752e+03 1.641948887197812183e-20 4.152127246530077948e-20
5.980200061090446980e+03 1.107162577220627707e-19 4.053088990432563164e-20
5.985205989023502298e+03 1.304740251242421618e-19 3.873766350743034496e-20
5.990211916956557616e+03 5.101045293636093619e-20 3.841674294670117949e-20
5.995217844889613843e+03 1.250489868855332206e-19 3.892177462463644944e-20
6.000223772822669162e+03 1.119568112206915788e-19 3.995367389084894438e-20
6.005229700755725389e+03 7.629109114152276608e-20 3.936295647389735774e-20
6.010235628688780707e+03 -1.094872447643423758e-20 3.858311595860763665e-20
6.015241556621836935e+03 1.804895056041089792e-20 3.828519119999965524e-20
6.020247484554892253e+03 1.191828087656875340e-19 3.812019540071563837e-20
6.025253412487947571e+03 1.262001880008153133e-19 3.805491831518317260e-20
6.030259340421003799e+03 8.775392490708855363e-20 3.798169935722370736e-20
6.035265268354059117e+03 1.200521423438057637e-19 3.701693086084492781e-20
6.040271196287115345e+03 1.384296080267041226e-19 3.600990779644262592e-20
6.045277124220170663e+03 1.299911200318985898e-19 3.540355058989651748e-20
6.050283052153226890e+03 1.059427628223446707e-19 3.489973412487477194e-20
6.055288980086282209e+03 1.005385825798433433e-19 3.470332249437307054e-20
6.060294908019337527e+03 1.298317896128896319e-19 3.437504853304999401e-20
6.065300835952393754e+03 1.381970493457020384e-19 3.451231709211966643e-20
6.070306763885449072e+03 1.561068607864221451e-19 3.446186513072594672e-20
6.075312691818505300e+03 6.986573481384121147e-20 3.360750487987139330e-20
6.080318619751560618e+03 1.432169983854446044e-19 3.340363945663887193e-20
6.085324547684616846e+03 1.788052693154545801e-19 3.295778881409768414e-20
6.090330475617672164e+03 1.115591025918913012e-19 3.300073304065222973e-20
6.095336403550727482e+03 1.156504473519328911e-19 3.319032986001410184e-20
6.100342331483783710e+03 7.278238024663732009e-20 3.337451283339512205e-20
6.105348259416839028e+03 1.406051399627520077e-19 3.350910815778721326e-20
6.110354187349894346e+03 1.822483346553315087e-19 3.367813392392535798e-20
6.115360115282950574e+03 9.303903401369471864e-20 3.325582449436042121e-20
6.120366043216006801e+03 1.623248356142748287e-19 3.300948900344855596e-20
6.125371971149062119e+03 1.476302501426407539e-19 3.305439350679584947e-20
6.130377899082117438e+03 1.739151886652083640e-19 3.387704073416623233e-20
6.135383827015173665e+03 9.833069211122166816e-20 3.522659167360327003e-20
6.140389754948228983e+03 1.481571746695660664e-19 3.658603052737095258e-20
6.145395682881284301e+03 1.200266495280023301e-19 3.554615742293255027e-20
6.150401610814340529e+03 1.470019501469950759e-19 3.331924862907286637e-20
6.155407538747396757e+03 2.520091842524589855e-20 3.149006218413688342e-20
6.160413466680452075e+03 4.936608296297124701e-20 3.056334407645821070e-20
6.165419394613507393e+03 1.268765436397433045e-19 3.176339988510179644e-20
6.170425322546563621e+03 1.479157338420061313e-19 3.234739481148170699e-20
6.175431250479618939e+03 1.117021581536640349e-19 3.138487619397283647e-20
6.180437178412674257e+03 8.387677485536115574e-20 2.994027290280101312e-20
6.185443106345730484e+03 1.155081231990662194e-19 2.948282904442426787e-20
6.190449034278785803e+03 7.958007743550170267e-20 2.929920964544112034e-20
6.195454962211842030e+03 1.230372798885030811e-19 2.992239468566885657e-20
6.200460890144897348e+03 1.301192708766303639e-19 3.056745506446937519e-20
6.205466818077953576e+03 1.620856052668204145e-19 3.057730375414299105e-20
6.210472746011008894e+03 9.110150870800993908e-20 2.958392180375048315e-20
6.215478673944064212e+03 1.740998535903732824e-19 3.045960043538516064e-20
6.220484601877120440e+03 1.576133556208423788e-19 3.074339823651302705e-20
6.225490529810175758e+03 1.007244601157921027e-19 3.099894063363118338e-20
6.230496457743231986e+03 1.407004513383770663e-19 3.599188658323315928e-20
6.235502385676287304e+03 1.037335742720296581e-19 3.974511546807017407e-20
6.240508313609343531e+03 1.579255357463826243e-19 3.820474394305380399e-20
6.245514241542398850e+03 1.591262305747327988e-19 3.297231337618306171e-20
6.250520169475454168e+03 1.412813497178060578e-19 3.375862239589658464e-20
6.255526097408510395e+03 1.739531143831377155e-19 3.858146853556716502e-20
6.260532025341565713e+03 9.803910764311320440e-20 4.073369444341982330e-20
6.265537953274621032e+03 1.225580040848434563e-19 3.710994070053504290e-20
6.270543881207677259e+03 9.809865635355106670e-20 3.591083019053961121e-20
6.275549809140733487e+03 1.325847143218176783e-19 3.457976246444446241e-20
6.280555737073788805e+03 1.987284070803212167e-19 3.674267026016423232e-20
6.285561665006844123e+03 9.527329970373025946e-20 3.845411487657275444e-20
6.290567592939900351e+03 1.264101573937029373e-19 4.209408453124715064e-20
6.295573520872955669e+03 1.092003326561393296e-20 6.145576297888158469e-20
6.300579448806010987e+03 1.267498167016457827e-19 6.576681149512900061e-20
6.305585376739067215e+03 1.271171992884801291e-19 5.333580297278357702e-20
6.310591304672123442e+03 7.582013291485592446e-20 3.501173145703905239e-20
6.315597232605178760e+03 9.825418566262335311e-20 3.058390892779282190e-20
6.320603160538234079e+03 1.431491700507495317e-19 3.175656522876149617e-20
6.325609088471290306e+03 1.108073311313074827e-19 3.487508169636445462e-20
6.330615016404345624e+03 1.065937608869820178e-19 3.383807819086910769e-20
6.335620944337400942e+03 1.613391625709419056e-19 3.042628585772654997e-20
6.340626872270457170e+03 1.628066214363257032e-19 2.845065031143004852e-20
6.345632800203512488e+03 6.880531805939211333e-20 2.974975560844794320e-20
6.350638728136568716e+03 1.107398768448189484e-19 3.220432067348944267e-20
6.355644656069624034e+03 6.285166192711557878e-20 3.570114618009532645e-20
6.360650584002680262e+03 1.974492002097780649e-19 4.274480007610114767e-20
6.365656511935735580e+03 1.934417850920067452e-19 4.123383369321971392e-20
6.370662439868790898e+03 1.087361648669838091e-19 3.278465477904691593e-20
6.375668367801847126e+03 1.675969858031512567e-19 2.972884060952911929e-20
6.380674295734902444e+03 1.072158888977284916e-19 3.171266938125671844e-20
6.385680223667958671e+03 9.461133684175588850e-20 3.196222377261127067e-20
6.390686151601013989e+03 1.001891208125796604e-19 3.111914490771255326e-20
6.395692079534070217e+03 8.989334108314868716e-20 2.983552771456151939e-20
6.400698007467125535e+03 1.127557381707510060e-19 2.952874188959822937e-20
6.405703935400180853e+03 8.011249053977957074e-20 2.902437578995894887e-20
6.410709863333237081e+03 9.084952532487185054e-20 2.881231742967520235e-20
6.415715791266292399e+03 1.207419507468164860e-19 2.892855067858018849e-20
6.420721719199348627e+03 8.896443971239150974e-20 2.800873654862841051e-20
6.425727647132403945e+03 5.174713322814360207e-20 2.658342245578459530e-20
6.430733575065460172e+03 4.534252264430558150e-20 2.576822750547705190e-20
6.435739502998515491e+03 8.556110478156567772e-20 2.525209023124665498e-20
6.440745430931570809e+03 1.046026307013048960e-19 2.512705590616861705e-20
6.445751358864627036e+03 9.461560819104066741e-20 2.530055102042357445e-20
6.450757286797682355e+03 9.368434374617474676e-20 2.564620261520599142e-20
6.455763214730737673e+03 1.007416060153519670e-19 2.655994044506289921e-20
6.460769142663793900e+03 1.808651990807498471e-19 2.986923449189850966e-20
6.465775070596850128e+03 8.712481470490961034e-20 3.257175648418012090e-20
6.470780998529905446e+03 2.565156178855583762e-20 3.136645495781880491e-20
6.475786926462960764e+03 1.487138709278596996e-19 2.839741861518221739e-20
6.480792854396016992e+03 1.201796508161165267e-19 2.593584078603610127e-20
6.485798782329072310e+03 1.288856206468414732e-19 2.501189714615295694e-20
6.490804710262127628e+03 1.462307866496738465e-19 2.788294183533095116e-20
6.495810638195183856e+03 1.026751542357344360e-19 3.396648152360965096e-20
6.500816566128239174e+03 7.369473740466277109e-20 3.619737709322835031e-20
6.505822494061295401e+03 1.579030105629915300e-19 3.175529836120570893e-20
6.510828421994350720e+03 8.989738403428169472e-20 2.903986579764601210e-20
6.515834349927406947e+03 1.384421811537407761e-19 2.930714906526181124e-20
6.520840277860462265e+03 6.932179593870476526e-20 3.057078497054223240e-20
6.525846205793517584e+03 1.689591883077636348e-19 3.401152440095870132e-20
6.530852133726573811e+03 1.339621343014014405e-19 3.652751716420542285e-20
6.535858061659629129e+03 6.623028781863304333e-20 3.552358766032338055e-20
6.540863989592685357e+03 1.285071143802745850e-19 3.216642998018076691e-20
6.545869917525740675e+03 1.027185670426475108e-19 3.336923906310360443e-20
6.550875845458796903e+03 1.030192593293482448e-19 3.538803709675864897e-20
6.555881773391852221e+03 1.804588697909328465e-19 3.546532259361357294e-20
6.560887701324907539e+03 1.261265724534077476e-19 3.209335063745581409e-20
6.565893629257963767e+03 1.199078796165217646e-19 3.168610616469649687e-20
6.570899557191019085e+03 1.567798244017210029e-19 3.142220617670500057e-20
6.575905485124075312e+03 1.396804975470155911e-19 3.161814425173958566e-20
6.580911413057130630e+03 1.122484877097494447e-19 2.995130861354426895e-20
6.585917340990186858e+03 7.494159332720879224e-20 2.552537838199185787e-20
6.590923268923242176e+03 1.275763317195737998e-19 2.588176498702760458e-20
6.595929196856297494e+03 1.411073626871743393e-19 2.701733870168525153e-20
6.600935124789353722e+03 8.582019847647466679e-20 2.859752631109730101e-20
6.605941052722409040e+03 1.548666732362432992e-19 2.755092119774777738e-20
6.610946980655464358e+03 1.365453057628356903e-19 2.520239107806574237e-20
6.615952908588520586e+03 1.323045548944349030e-19 2.450720303701047113e-20
6.620958836521576814e+03 1.427654480285344981e-19 2.503759267885540440e-20
6.625964764454632132e+03 1.301356042387748255e-19 2.620960025853147092e-20
6.630970692387687450e+03 1.258333877818509597e-19 2.750724467454877448e-20
6.635976620320743677e+03 1.408862382693543400e-19 2.717834510620486106e-20
6.640982548253798996e+03 1.421674537193606165e-19 2.619296409041309631e-20
6.645988476186854314e+03 1.175132224603364650e-19 2.605339920433603674e-20
6.650994404119910541e+03 1.348366182096402011e-19 2.649908328499890563e-20
6.656000332052965859e+03 1.623048295393971469e-19 2.697572241448072367e-20
6.661006259986022087e+03 1.105476948066755091e-19 2.699416438275198673e-20
6.666012187919077405e+03 1.060889732106203323e-19 2.654566029547337805e-20
6.671018115852133633e+03 6.466584546449416562e-20 2.556764773056617384e-20
6.676024043785188951e+03 1.692635612046508245e-19 2.453721385168397944e-20
6.681029971718244269e+03 1.105938284295573813e-19 2.402154478480589946e-20
6.686035899651300497e+03 1.183840169214918965e-19 2.359363583000444761e-20
6.691041827584355815e+03 1.265931296217110468e-19 2.329522626479132434e-20
6.696047755517412043e+03 1.271230446782579180e-19 2.352469688353190305e-20
6.701053683450467361e+03 6.699916489113784276e-20 2.354351347670346543e-20
6.706059611383523588e+03 1.445448745812101991e-19 2.312171959888368382e-20
6.711065539316578906e+03 1.771420280985456031e-19 2.297197830644745757e-20
6.716071467249634225e+03 1.342154786903733218e-19 2.290538977490409837e-20
6.721077395182690452e+03 9.639388619265763559e-20 2.265992637072262092e-20
6.726083323115745770e+03 7.343756826852106662e-20 2.264866655170387840e-20
6.731089251048801998e+03 1.070806963344719547e-19 2.264678734982414295e-20
6.736095178981857316e+03 4.171688046179271025e-20 2.303733132563399327e-20
6.741101106914913544e+03 1.051060646209853965e-19 2.335744117379756636e-20
6.746107034847968862e+03 1.391036782435523854e-19 2.349910110689648132e-20
6.751112962781024180e+03 1.087892786883568702e-19 2.350030196076850155e-20
6.756118890714080408e+03 1.004436731074835410e-19 2.370039290586936624e-20
6.761124818647135726e+03 8.635524654660877217e-20 2.400920278546697900e-20
6.766130746580191044e+03 1.539947677619048450e-19 2.442794097425181403e-20
6.771136674513247272e+03 1.093594416039809562e-19 2.486869560120080234e-20
6.776142602446303499e+03 1.582594720274629638e-19 2.538624447117588564e-20
6.781148530379358817e+03 1.172031114740159061e-19 2.622333015290986248e-20
6.786154458312414135e+03 1.696209650893800112e-19 2.635588474242098679e-20
6.791160386245470363e+03 1.684717607169872832e-19 2.573242395852629630e-20
6.796166314178525681e+03 9.755152656009549240e-20 2.490685693825423579e-20
6.801172242111580999e+03 1.647593039811875337e-19 2.457799263580383699e-20
6.806178170044637227e+03 1.276381417549173034e-19 2.420631976241154580e-20
6.811184097977693455e+03 1.254368854186607811e-19 2.373324096033555060e-20
6.816190025910748773e+03 1.309211284924801122e-19 2.370687346279728537e-20
6.821195953843804091e+03 1.670228322504441443e-19 2.924180004555014431e-20
6.826201881776860318e+03 1.217604193539759401e-19 3.874146995478492107e-20
6.831207809709915637e+03 9.174024287392804361e-20 4.223984807882656186e-20
6.836213737642970955e+03 1.399119211437499707e-19 3.600255760695083846e-20
6.841219665576027182e+03 1.178479415861902247e-19 2.763156108230269188e-20
6.846225593509082501e+03 9.902969931465765218e-20 2.427092766544764175e-20
6.851231521442138728e+03 8.387453470337019375e-20 2.236196955926160368e-20
6.856237449375194046e+03 1.084252398210647649e-19 2.968252637400444301e-20
6.861243377308250274e+03 1.032371875793975982e-19 4.403151893294515956e-20
6.866249305241305592e+03 1.461610159815207402e-19 4.118046616887534817e-20
6.871255233174360910e+03 1.757673834032440874e-19 3.695691757804908463e-20
6.876261161107417138e+03 6.364869883637055808e-20 3.073623977883720507e-20
6.881267089040473365e+03 1.308408093341643440e-19 2.992000548659350255e-20
6.886273016973527774e+03 1.780344012409566536e-19 3.134664074473693892e-20
6.891278944906584002e+03 1.022351092289211739e-19 3.388725657441075669e-20
6.896284872839640229e+03 1.028892827799667587e-19 3.455168541239655254e-20
6.901290800772695547e+03 1.161097303082939038e-19 3.014125299616754769e-20
6.906296728705750866e+03 7.577017644214538065e-20 3.154253268897876126e-20
6.911302656638807093e+03 1.173956928269160877e-19 3.185986474597083584e-20
6.916308584571862411e+03 1.961307649516072744e-19 3.819463981588884076e-20
6.921314512504917730e+03 1.098707765560999485e-19 3.747937922374364102e-20
6.926320440437973957e+03 5.559054706524535486e-20 3.457341115473838693e-20
6.931326368371030185e+03 1.477606617363015795e-19 2.725971946518984766e-20
6.936332296304085503e+03 1.722680823384079748e-19 3.028692847928815184e-20
6.941338224237140821e+03 6.366980626678804071e-20 3.327897693371742955e-20
6.946344152170197049e+03 1.135125696397883452e-19 4.011802185348535927e-20
6.951350080103252367e+03 1.046578132569430191e-19 3.496717564972703784e-20
6.956356008036307685e+03 9.713087111043098781e-20 2.583667700581065336e-20
6.961361935969363913e+03 9.978487359035624648e-20 2.462075811025918105e-20
6.966367863902420140e+03 1.215768405248345195e-19 2.687221416408567333e-20
6.971373791835475458e+03 1.751568642335647866e-19 3.027821518511073211e-20
6.976379719768530776e+03 1.369259679833788712e-19 3.140060004475434074e-20
6.981385647701587004e+03 9.573793140767343077e-20 2.964255186428802421e-20
6.986391575634642322e+03 1.328112956096870665e-19 2.382972713653645620e-20
6.991397503567697640e+03 1.180258132807825987e-19 2.284367127717441418e-20
6.996403431500753868e+03 7.083787631967801466e-20 2.371568077961165851e-20
7.001409359433810096e+03 1.301495886154930540e-19 2.506383042257691666e-20
7.006415287366865414e+03 9.872034616174331877e-20 2.745021172584532957e-20
7.011421215299920732e+03 1.491630903256237864e-19 2.649324690297353087e-20
7.016427143232976960e+03 7.814628524614625522e-20 2.452867855345784743e-20
7.021433071166032278e+03 1.411220139290511070e-19 2.247118794517187392e-20
7.026438999099087596e+03 9.630283837344040708e-20 2.345343089487355991e-20
7.031444927032143823e+03 1.048040565896837408e-19 2.398187001490766944e-20
7.036450854965200051e+03 4.959594883672295852e-20 2.517292970168822235e-20
7.041456782898254460e+03 3.004335934173105523e-20 2.755577138901210522e-20
7.046462710831310687e+03 7.381085738043536651e-20 2.938483901676066447e-20
7.051468638764366915e+03 6.201628721871104421e-20 2.833244410749227329e-20
7.056474566697422233e+03 9.673320345541751336e-20 2.536656226484143124e-20
7.061480494630477551e+03 8.976183772899774112e-20 2.499306239203989126e-20
7.066486422563533779e+03 6.371411531357242861e-20 2.523207989455726742e-20
7.071492350496589097e+03 1.271464157846060954e-19 2.517449414751651537e-20
7.076498278429644415e+03 1.230660101883904598e-19 2.493993618131559155e-20
7.081504206362700643e+03 1.201662780653267455e-19 2.527260026031546748e-20
7.086510134295756870e+03 1.084636171812231755e-19 2.535339565383719843e-20
7.091516062228812189e+03 9.293372623319871257e-20 2.424395718297986433e-20
7.096521990161867507e+03 1.058985075618769137e-19 2.267309246538657639e-20
7.101527918094923734e+03 1.157077794313546754e-19 2.242939419473093514e-20
7.106533846027979052e+03 5.983023158473372173e-20 2.226739505046772369e-20
7.111539773961034371e+03 8.811873086621628176e-20 2.211658435927797464e-20
7.116545701894090598e+03 7.675397636902635476e-20 2.194727954051130252e-20
7.121551629827146826e+03 1.090200264015925807e-19 2.238088306370437348e-20
7.126557557760202144e+03 7.877425143839152415e-20 2.321103735032062754e-20
7.131563485693257462e+03 4.877991601798851794e-20 2.339890867244349392e-20
7.136569413626313690e+03 5.751030246543002334e-20 2.380299880701809957e-20
7.141575341559369008e+03 7.120957134431471942e-20 2.532006287467602482e-20
7.146581269492424326e+03 8.929468716536001537e-20 2.574675446842289817e-20
7.151587197425480554e+03 9.114619401346128402e-20 2.466305313452904979e-20
7.156593125358536781e+03 6.518133954173542965e-20 2.467635770056498634e-20
7.161599053291592099e+03 1.162378221814253982e-19 2.583665217532153286e-20
7.166604981224647418e+03 1.301584781510066108e-19 2.608197385542346836e-20
7.171610909157703645e+03 1.094016627820077190e-19 2.588906862724526886e-20
7.176616837090758963e+03 5.966686773783966266e-20 2.551525334558650538e-20
7.181622765023814281e+03 1.295419393545161525e-19 2.447770407705763791e-20
7.186628692956870509e+03 8.846815822953357701e-20 2.304180076138923695e-20
7.191634620889926737e+03 9.083669830906811262e-20 2.238437774532339924e-20
7.196640548822981145e+03 1.212108412162886765e-19 2.226321666201391723e-20
7.201646476756037373e+03 9.631355647060755198e-20 2.222216336551957382e-20
7.206652404689093601e+03 1.005577581214351564e-19 2.190886594608428734e-20
7.211658332622148919e+03 9.690681084379997427e-20 2.182760478787351942e-20
7.216664260555204237e+03 1.333068517831519491e-19 2.241675815027271278e-20
7.221670188488260465e+03 6.952833429207359630e-20 2.290341273988911420e-20
7.226676116421315783e+03 1.216539407546318996e-19 2.346506546933176626e-20
7.231682044354371101e+03 1.086947532058550624e-19 3.150274898866356804e-20
7.236687972287427328e+03 1.119966299896773656e-19 4.944836999862693796e-20
7.241693900220483556e+03 6.666171365781180288e-20 5.835840255338308874e-20
7.246699828153538874e+03 2.254518430840266540e-19 5.011264612796511303e-20
7.251705756086594192e+03 1.569077919956061289e-19 3.572248003433023272e-20
7.256711684019650420e+03 1.389043248599042504e-19 2.876859443186366654e-20
7.261717611952705738e+03 1.417567201182077453e-19 2.493545496454372946e-20
7.266723539885761056e+03 7.791930114870307988e-20 2.911601669061946017e-20
7.271729467818817284e+03 6.901102756573528009e-20 4.983906601301648179e-20
7.276735395751873511e+03 1.198223391977805042e-19 5.644751357382840151e-20
7.281741323684928830e+03 1.240725428769367950e-19 5.194528673338196426e-20
7.286747251617984148e+03 1.696564119649971511e-19 4.019126809284511023e-20
7.291753179551040375e+03 1.298129886043484818e-19 3.391631231138721549e-20
7.296759107484095694e+03 1.328962435757394088e-19 3.494178116656443226e-20
7.301765035417151012e+03 1.337592953890331011e-19 3.657435657213805144e-20
7.306770963350207239e+03 1.283721435821202147e-19 3.716711250823042095e-20
7.311776891283263467e+03 6.491597645046810173e-20 4.915928659018166380e-20
7.316782819216318785e+03 8.087931000986387274e-20 4.951359146984554755e-20
7.321788747149374103e+03 1.247147851026310122e-19 4.169820001018268423e-20
7.326794675082430331e+03 1.483627002570111485e-19 3.676046136202152015e-20
7.331800603015485649e+03 9.596187194909480936e-20 4.013073101400654764e-20
7.336806530948540967e+03 1.215792337659534906e-19 5.047441262536737376e-20
7.341812458881597195e+03 9.557868499926344467e-20 5.024415674688629760e-20
7.346818386814653422e+03 8.926280066313922233e-20 3.596843371148307891e-20
7.351824314747707831e+03 9.464591800611520874e-20 3.050684048858559939e-20
7.356830242680764059e+03 1.400312025589980374e-19 3.393570915061071613e-20
7.361836170613820286e+03 4.052470940614909961e-20 4.015750574868092537e-20
7.366842098546875604e+03 6.054653962517784317e-20 4.399534403629949739e-20
7.371848026479930923e+03 2.026750790271711374e-19 4.210930045213809816e-20
7.376853954412987150e+03 9.485500908586365257e-20 2.752472139497429805e-20
7.381859882346043378e+03 1.083424813775121089e-19 2.272049566781802117e-20
7.386865810279097786e+03 9.332522529397710836e-20 2.884369350976003716e-20
7.391871738212154014e+03 5.329953543633730993e-20 3.215809537496302920e-20
7.396877666145210242e+03 1.778527488287099418e-19 4.053122939434031007e-20
7.401883594078265560e+03 7.663852607960278508e-20 4.016317760392802771e-20
7.406889522011320878e+03 1.093513575411736162e-19 3.544425566108814397e-20
7.411895449944377106e+03 6.857964713186449132e-20 2.558774650512722884e-20
7.416901377877432424e+03 9.489005591292414582e-20 2.600024379851896810e-20
7.421907305810487742e+03 4.231134584250321108e-20 2.753035178352805449e-20
7.426913233743543969e+03 6.987130462862637492e-20 3.099706854471921718e-20
7.431919161676600197e+03 8.057227692738129317e-20 3.581733350431928452e-20
7.436925089609655515e+03 1.485053128414008875e-19 3.548554973326051620e-20
7.441931017542710833e+03 9.348966045065630262e-20 3.191089646455344694e-20
7.446936945475767061e+03 1.400126140414973526e-19 2.348279677504432945e-20
7.451942873408822379e+03 1.180619001037541138e-19 2.258744769664279436e-20
7.456948801341877697e+03 1.369989535289718502e-19 2.428167680466525117e-20
7.461954729274933925e+03 1.488261392834474698e-19 2.750082299545274286e-20
7.466960657207990153e+03 1.417782950421263839e-19 3.175510511706792780e-20
7.471966585141045471e+03 7.286767511595521367e-20 3.351943215394331328e-20
7.476972513074100789e+03 1.168654074285903486e-19 3.559984102210410014e-20
7.481978441007157016e+03 1.047215753619470264e-19 3.365006751097369108e-20
7.486984368940212335e+03 2.178520268536377961e-20 2.948745334391539190e-20
7.491990296873267653e+03 3.950691470250503380e-20 2.457429441913514788e-20
7.496996224806323880e+03 9.925988558551023014e-20 2.371627552381391343e-20
7.502002152739380108e+03 1.430437438290652725e-19 2.200776156261575774e-20
7.507008080672435426e+03 7.609189978041080008e-20 2.178542748851953887e-20
7.512014008605490744e+03 7.538456147431628923e-20 2.385280534761678900e-20
7.517019936538546972e+03 9.530816135443207494e-20 3.549728669648109257e-20
7.522025864471602290e+03 1.281530262870804971e-19 4.556318847305203360e-20
7.527031792404657608e+03 4.855599059040371194e-20 4.694678811393679745e-20
7.532037720337713836e+03 1.119778163535925607e-19 3.437336522597815436e-20
7.537043648270770063e+03 8.582595339401363035e-20 2.896748762810098892e-20
7.542049576203824472e+03 1.080934081342582317e-19 2.695878410663982626e-20
7.547055504136880700e+03 1.110710887337576632e-19 2.597288798325239904e-20
7.552061432069936927e+03 1.022147717585279440e-19 2.902448514603127728e-20
7.557067360002992245e+03 9.384876533424187356e-20 2.957821958257049947e-20
7.562073287936047564e+03 8.363006319635496689e-20 2.951970941826192241e-20
7.567079215869103791e+03 1.472583249699455174e-19 3.706313021911275709e-20
7.572085143802159109e+03 1.154537026932120461e-19 3.804701357171578314e-20
7.577091071735214427e+03 1.628765844687729674e-19 3.157749072010594112e-20
7.582096999668270655e+03 1.157593768909916373e-19 2.735110571907864984e-20
7.587102927601326883e+03 1.239146618723859356e-19 2.742270988027727157e-20
7.592108855534382201e+03 1.462118055108028575e-19 3.238495768385719913e-20
7.597114783467437519e+03 -1.900844624989718849e-20 3.856154745416140992e-20
7.602120711400493747e+03 1.245193373914007849e-20 5.236207984136178564e-20
7.607126639333549065e+03 2.130194548726776708e-19 5.580081615005496607e-20
7.612132567266604383e+03 7.754258339381621245e-20 5.565784935680947239e-20
7.617138495199660611e+03 1.689515386777338703e-19 4.190079478170748660e-20
7.622144423132716838e+03 1.070745804448079972e-19 4.796013661393522449e-20
7.627150351065772156e+03 1.179563510353474159e-19 5.061838289904347358e-20
7.632156278998827474e+03 1.840505263821649291e-19 5.219025934794666812e-20
7.637162206931883702e+03 9.197161044789316757e-20 4.097749793547144742e-20
7.642168134864939020e+03 6.072176326555167098e-20 3.543207644439556119e-20
7.647174062797994338e+03 1.283100180048429556e-19 3.453983953570118699e-20
7.652179990731050566e+03 1.281845555089912500e-19 3.453096315067901870e-20
7.657185918664106794e+03 5.664921414458925282e-20 3.161384583370484805e-20
7.662191846597162112e+03 7.751015052374701493e-20 3.004631119818000931e-20
7.667197774530217430e+03 6.110699489462795866e-20 3.044952205428405743e-20
7.672203702463273657e+03 9.386203087660750186e-20 2.503476033712261322e-20
7.677209630396328976e+03 1.121273372425003742e-19 2.658347065107862096e-20
7.682215558329384294e+03 1.663435759005734866e-19 3.052038679464083357e-20
7.687221486262440521e+03 9.095229679283641823e-20 3.011772642715041709e-20
7.692227414195496749e+03 1.535537073595704232e-19 3.104271043039637143e-20
7.697233342128551158e+03 1.197102012804972700e-19 3.020752112247666375e-20
7.702239270061607385e+03 9.141989452193471872e-20 3.010981671871858441e-20
7.707245197994663613e+03 9.937766139527868141e-20 5.040685568603847745e-20
7.712251125927718931e+03 7.327226254532311297e-20 6.870603484565790437e-20
7.717257053860774249e+03 1.559112439879342910e-19 6.519589899808930223e-20
7.722262981793830477e+03 1.695199729977137191e-19 4.780455343811756478e-20
7.727268909726885795e+03 7.528397737966583466e-20 3.453837244485705196e-20
7.732274837659941113e+03 1.020244261018577904e-19 2.829335395209367478e-20
7.737280765592997341e+03 6.663979479907943354e-20 2.567524368648337540e-20
7.742286693526053568e+03 1.347047735744473521e-19 3.627156863064454345e-20
7.747292621459108886e+03 6.449582139245898598e-20 5.465605974123648453e-20
7.752298549392164205e+03 7.373382660238377926e-20 5.783003583593326812e-20
7.757304477325220432e+03 6.962446418742078699e-20 4.742197048220524023e-20
7.762310405258275750e+03 5.974533925338081891e-20 3.798281871804807624e-20
7.767316333191331069e+03 8.476499218939135582e-20 3.208242955250469262e-20
7.772322261124387296e+03 8.084337689650659386e-20 3.443671446650511164e-20
7.777328189057443524e+03 4.447765461170430954e-20 4.074369156989011337e-20
7.782334116990498842e+03 1.481431429810944718e-19 3.840893389417813618e-20
7.787340044923554160e+03 1.285198014637373868e-19 4.848420077801486661e-20
7.792345972856610388e+03 6.069426792564723986e-20 5.861685488011367695e-20
7.797351900789665706e+03 1.887848121380668306e-19 5.496725543211941208e-20
7.802357828722721024e+03 1.335665676198893065e-19 4.146531178104554035e-20
7.807363756655777252e+03 1.059190107633786145e-19 4.376974734632220152e-20
7.812369684588833479e+03 5.098669152781444128e-21 4.622771094964536006e-20
7.817375612521888797e+03 1.880410439895177319e-19 5.847824339900297882e-20
7.822381540454944115e+03 1.152201414604241961e-19 5.777046739037371174e-20
7.827387468388000343e+03 1.651901183437091649e-20 4.077094146108920682e-20
7.832393396321055661e+03 9.661405583183284522e-20 2.784253319012436972e-20
7.837399324254110979e+03 7.573563253943287274e-20 3.561465693287162107e-20
7.842405252187167207e+03 1.933927448467563496e-20 3.886144463148164982e-20
7.847411180120223435e+03 4.457936240357955359e-20 5.388818218191450477e-20
7.852417108053277843e+03 1.259616030191125687e-19 6.311674605913049866e-20
7.857423035986334071e+03 5.205386537357119448e-21 6.225352902949270860e-20
7.862428963919390299e+03 1.284928999387521772e-19 4.978840090618791236e-20
7.867434891852445617e+03 1.270819798249619930e-19 4.902895685332084022e-20
7.872440819785500935e+03 1.776033861148024430e-19 4.933580749688285462e-20
7.877446747718557162e+03 7.000227891281073729e-20 4.484776498503552914e-20
7.882452675651613390e+03 1.248485690334246989e-19 4.764676279405339156e-20
7.887458603584667799e+03 3.892135991666413165e-20 4.865622347374119959e-20
7.892464531517724026e+03 5.640469233854595552e-20 4.448363739670299595e-20
7.897470459450780254e+03 9.640453859913613047e-20 3.045513329259299152e-20
7.902476387383835572e+03 7.631328002153194434e-20 2.740181907264272241e-20
7.907482315316890890e+03 6.528301114528756244e-20 5.300759063386637499e-20
7.912488243249947118e+03 1.748819832574012583e-19 6.763541178722844136e-20
7.917494171183002436e+03 5.174229079977113682e-20 7.164763565095077427e-20
7.922500099116057754e+03 9.357111811564719877e-20 5.461797861681386092e-20
7.927506027049113982e+03 6.611157522003796138e-20 5.076724581650756380e-20
7.932511954982170209e+03 1.252235956299475863e-20 4.602878386753543882e-20
7.937517882915225528e+03 9.135086797607273515e-20 3.645060573484210207e-20
7.942523810848280846e+03 8.175164018842120759e-20 3.646136897856942649e-20
7.947529738781337073e+03 1.153442022192091920e-20 4.081635987400140731e-20
7.952535666714392391e+03 6.735968814825872485e-20 3.701816679594322063e-20
7.957541594647447710e+03 1.266060703441757693e-19 4.504588353050483789e-20
7.962547522580503937e+03 1.265044927477353948e-19 5.802374234870637947e-20
7.967553450513560165e+03 3.360330463001542246e-20 5.416275396970907966e-20
7.972559378446615483e+03 1.225315320523665284e-20 4.056608034199429545e-20
7.977565306379670801e+03 8.683504016575073613e-21 4.112739512041070934e-20
7.982571234312727029e+03 1.760637986257734527e-19 3.954180576445081042e-20
7.987577162245782347e+03 1.154641532579052620e-19 4.917794727302655147e-20
7.992583090178837665e+03 1.870483323393954932e-19 5.575677062082417074e-20
7.997589018111893893e+03 1.331131967666159506e-19 4.980849025437753092e-20
8.002594946044950120e+03 8.569841715881087510e-20 2.809490105845304756e-20
8.007600873978005438e+03 6.167989428028093852e-20 3.163471233125577690e-20
8.012606801911060757e+03 1.854162070570032164e-20 3.779919103587030227e-20
8.017612729844116984e+03 1.023515061397648206e-19 4.422159467056688978e-20
8.022618657777172302e+03 -1.280911193289762659e-20 5.427674745550885226e-20
8.027624585710227620e+03 2.122068689065633261e-19 5.478490838896713412e-20
8.032630513643283848e+03 1.399826803225299903e-19 3.805753349884514723e-20
8.037636441576340076e+03 1.039304737506824068e-19 2.610287460482026591e-20
8.042642369509394484e+03 1.059343020803816315e-19 2.675058060235682343e-20
8.047648297442450712e+03 9.957488917767749011e-20 3.374241489721876265e-20
8.052654225375506940e+03 1.627796141608042502e-19 3.661837703606889097e-20
8.057660153308562258e+03 7.711917250529167902e-20 4.381901306463774946e-20
8.062666081241617576e+03 1.160473506985135567e-19 4.268355587799723363e-20
8.067672009174673803e+03 6.420346660792559065e-20 3.484265666028737962e-20
8.072677937107729122e+03 1.155356648216505603e-19 2.580398293234278158e-20
8.077683865040784440e+03 5.973149594897645886e-20 2.622037975251331337e-20
8.082689792973840667e+03 7.534506399979725323e-20 2.650222913472329605e-20
8.087695720906896895e+03 1.384922444947054000e-19 2.862185391014265281e-20
8.092701648839952213e+03 1.416014237220102086e-19 2.972835727468121863e-20
8.097707576773007531e+03 1.055873445729158189e-19 3.432901516874141000e-20
8.102713504706063759e+03 1.025902375499293740e-19 3.295391890732751681e-20
8.107719432639119077e+03 1.111286319110387837e-19 2.866206996790661359e-20
8.112725360572174395e+03 8.523133335457561258e-20 2.303870199148018178e-20
8.117731288505230623e+03 1.055752342467132487e-19 2.226249953188008709e-20
8.122737216438286850e+03 9.944637930693779466e-20 2.217355903711202949e-20
8.127743144371342169e+03 9.478780145759594394e-20 2.256973919567007123e-20
8.132749072304397487e+03 3.001094258079250190e-20 2.412501130603089630e-20
8.137755000237453714e+03 8.150241549194033368e-20 2.565162598568550883e-20
8.142760928170509032e+03 9.770682836360210690e-20 2.752746095158219637e-20
8.147766856103564351e+03 1.307259126289562237e-19 2.641545113298913714e-20
8.152772784036620578e+03 1.769957619136961624e-19 2.465747739715136123e-20
8.157778711969676806e+03 8.152170061597566879e-20 2.315590490166597393e-20
8.162784639902732124e+03 9.162583128426778482e-20 2.345973029928762019e-20
8.167790567835787442e+03 3.729581935475013178e-20 2.374444754276496428e-20
8.172796495768843670e+03 8.509152057234209159e-20 2.414931409489591441e-20
8.177802423701898988e+03 4.083964720090831420e-20 2.466285823900580058e-20
8.182808351634954306e+03 1.079458083172901739e-19 2.596438650706661418e-20
8.187814279568010534e+03 1.126768093309361693e-19 2.730976201516832958e-20
8.192820207501066761e+03 7.226659065885281923e-20 2.691334125086455711e-20
8.197826135434121170e+03 4.183140611315213938e-20 2.523127852813839133e-20
8.202832063367177398e+03 9.141581963104910391e-20 2.407558040642016330e-20
8.207837991300233625e+03 1.123112226974419468e-19 2.380198148053572324e-20
8.212843919233288034e+03 1.253535617608091557e-19 2.345203281201275271e-20
8.217849847166344261e+03 8.934799249402317206e-20 2.331393798597976114e-20
8.222855775099400489e+03 7.394544113046605637e-20 2.277811115904921864e-20
8.227861703032456717e+03 8.667832490569885037e-20 2.241874322775213337e-20
8.232867630965511125e+03 7.714077657423116492e-20 2.246414853333016451e-20
8.237873558898567353e+03 6.998957105750933476e-20 2.373466794199550875e-20
8.242879486831623581e+03 1.064095524116975322e-19 2.495544107587501585e-20
8.247885414764677989e+03 1.022199021251353951e-19 2.463069173713270393e-20
8.252891342697734217e+03 8.477966472974340828e-20 2.354568673092420443e-20
8.257897270630790445e+03 1.191214100157428015e-19 2.248896111263473160e-20
8.262903198563846672e+03 8.453411755183790974e-20 2.191883951791504282e-20
8.267909126496901081e+03 6.757190993728529719e-20 2.284213587034590931e-20
8.272915054429957308e+03 1.331667638898891151e-19 3.612492718176699194e-20
8.277920982363013536e+03 1.053372952467692775e-19 5.307527641823251028e-20
8.282926910296067945e+03 1.931874591877101541e-20 6.710258342038110111e-20
8.287932838229124172e+03 9.790161974466424978e-20 6.568539846286169750e-20
8.292938766162180400e+03 9.131904057429151840e-20 7.214121435289757327e-20
8.297944694095236628e+03 2.372660510675717076e-20 6.960102545329978726e-20
8.302950622028291036e+03 6.080477971854394720e-20 6.198108440677893414e-20
8.307956549961347264e+03 9.273813048642327561e-20 4.560733192928936563e-20
8.312962477894403492e+03 -7.443352637006978150e-21 4.338596796831861571e-20
8.317968405827457900e+03 5.236039646235583663e-20 3.188884381823451162e-20
8.322974333760514128e+03 1.075106956476315355e-19 2.621240665034910430e-20
8.327980261693570355e+03 8.471990229534217111e-20 2.425639068719709739e-20
8.332986189626626583e+03 7.990222479036402441e-20 2.907042314321659727e-20
8.337992117559680992e+03 7.822439348209846867e-20 6.928958926165202047e-20
8.342998045492737219e+03 1.596018596244430129e-19 8.726444998570926733e-20
8.348003973425793447e+03 9.900100631483671596e-20 8.771422346867597663e-20
8.353009901358847856e+03 8.542294759681727326e-21 5.859854056344272179e-20
8.358015829291904083e+03 6.996616186839052617e-20 4.850078214889993063e-20
8.363021757224960311e+03 2.000638310819345416e-19 3.980409906591560377e-20
8.368027685158016538e+03 1.190411046126243132e-19 3.622303103229173260e-20
8.373033613091070947e+03 1.223278829752193829e-19 3.096731179746191956e-20
8.378039541024127175e+03 1.050996083526015484e-19 4.551601268668294574e-20
8.383045468957181583e+03 1.782577484556371894e-19 4.683003234131025076e-20
8.388051396890237811e+03 4.690768407649187844e-20 3.796280863522214706e-20
8.393057324823294039e+03 9.252201331743799389e-21 6.077770584018779560e-20
8.398063252756350266e+03 -1.107292530626693968e-20 7.141289562851447820e-20
8.403069180689406494e+03 8.276882694152457867e-20 6.326045535926714548e-20
8.408075108622460903e+03 9.464513825441678024e-20 4.112179711344992604e-20
8.413081036555517130e+03 -1.491964318912973785e-20 4.864355382539200770e-20
8.418086964488571539e+03 9.100717838735769114e-20 4.952101553824464016e-20
8.423092892421627766e+03 2.275534808417262841e-20 6.196086876637184474e-20
8.428098820354683994e+03 4.914837038500280455e-20 8.618383618771670167e-20
8.433104748287740222e+03 3.614455061467121786e-20 8.491763975312785123e-20
8.438110676220796449e+03 1.299545461987867852e-19 4.367221185574499408e-20
8.443116604153850858e+03 1.087168012460717825e-19 3.325819647377747689e-20
8.448122532086907086e+03 2.653013036989776578e-20 5.240461821001120229e-20
8.453128460019961494e+03 1.056799576252384632e-19 5.261382574162143270e-20
8.458134387953017722e+03 1.546661306020340469e-20 6.028405025071195561e-20
8.463140315886073950e+03 -2.582137717089333738e-20 7.024619499407229272e-20
8.468146243819130177e+03 2.109411747417145090e-19 6.512695761134516371e-20
8.473152171752186405e+03 1.667690088210169948e-19 3.480276660073091831e-20
8.478158099685240813e+03 6.798514004945433944e-20 2.391595439456560331e-20
8.483164027618297041e+03 1.137153128251289275e-19 2.396490659571068425e-20
8.488169955551351450e+03 3.029208593366638274e-20 3.672063041857100995e-20
8.493175883484407677e+03 9.169538359528624730e-20 4.185058649720028682e-20
8.498181811417463905e+03 7.431945345925785239e-20 5.087206014196906266e-20
8.503187739350520133e+03 6.781845266127790517e-20 5.391660817364238438e-20
8.508193667283574541e+03 1.149139322223435225e-19 4.878841193951309839e-20
8.513199595216630769e+03 1.287871679907795951e-19 2.719254306083124387e-20
8.518205523149686996e+03 3.138996854084585500e-20 2.282702343466902905e-20
8.523211451082741405e+03 4.850046394276154860e-20 2.228470584135774289e-20
8.528217379015797633e+03 5.461355822472494892e-20 2.203696219103630494e-20
8.533223306948853860e+03 7.016420582584367939e-20 2.830309648543026534e-20
8.538229234881910088e+03 1.422712807469524335e-19 3.194747994651449083e-20
8.543235162814964497e+03 1.309376092017655347e-19 3.971178975151636788e-20
8.548241090748020724e+03 -2.322505844040844022e-21 4.064773884507285643e-20
8.553247018681076952e+03 -4.375669440046290630e-20 3.712185724815875023e-20
8.558252946614131361e+03 3.098075127733938268e-20 2.547700568939199467e-20
8.563258874547187588e+03 5.520016276871880663e-20 2.475006260006613765e-20
8.568264802480243816e+03 3.768876633365125678e-20 2.661103252566059758e-20
8.573270730413300043e+03 -2.365759782899910707e-20 2.776687260022654951e-20
8.578276658346354452e+03 3.277134754081774597e-20 2.700257134460076215e-20
8.583282586279410680e+03 1.835752296932434141e-20 2.924080724789729865e-20
8.588288514212466907e+03 5.529868778373421951e-20 3.096144383324546463e-20
8.593294442145521316e+03 7.966896179266690160e-20 3.298680483513346203e-20
8.598300370078577544e+03 5.196198534904056314e-21 3.052915181634496959e-20
8.603306298011633771e+03 5.179919050897420285e-20 2.750078537363602024e-20
8.608312225944689999e+03 4.864780486092289666e-21 3.078483668861625882e-20
8.613318153877744408e+03 1.249941154856638772e-19 4.185861714662432082e-20
8.618324081810800635e+03 4.208426531301399513e-20 5.516110429675806344e-20
8.623330009743856863e+03 4.283958126656924998e-20 6.631440318948599058e-20
8.628335937676911271e+03 -1.503928435471537221e-20 7.071094688807153464e-20
8.633341865609967499e+03 1.008726108358509788e-19 6.612629181568049651e-20
8.638347793543023727e+03 1.142376536613622529e-19 5.424942151841432436e-20
8.643353721476079954e+03 1.015542274039357431e-19 4.895762945257146464e-20
8.648359649409134363e+03 1.035334352827135478e-19 5.654021190103977777e-20
8.653365577342190591e+03 5.125334038756609816e-20 6.585192426341884515e-20
8.658371505275246818e+03 7.125001820817318083e-20 6.792522867812832804e-20
8.663377433208301227e+03 1.854826281270278099e-20 6.635226989108021168e-20
8.668383361141357454e+03 1.623451284042450669e-19 6.285903334939858754e-20
8.673389289074413682e+03 8.985265692917371888e-20 5.767258061031162983e-20
8.678395217007469910e+03 3.137682821740655672e-20 5.102542631158649722e-20
8.683401144940524318e+03 1.167694019224647965e-19 4.490448572770193904e-20
8.688407072873580546e+03 1.236530126459335335e-19 3.969034266445150220e-20
8.693413000806636774e+03 9.349915298512134536e-20 3.658345535664808595e-20
8.698418928739691182e+03 2.325884166924165481e-20 3.497728387833628699e-20
8.703424856672747410e+03 7.495084898253378191e-21 3.410331094296419624e-20
8.708430784605803638e+03 1.295475378127138176e-19 3.047221139627623747e-20
8.713436712538859865e+03 6.116464309178054347e-20 2.642632990550639598e-20
8.718442640471914274e+03 1.343460622550005767e-19 2.450481397225309459e-20
8.723448568404970501e+03 1.089481489888320480e-19 2.475591705961953634e-20
8.728454496338024910e+03 1.093408571939568529e-19 2.475255771606834428e-20
8.733460424271081138e+03 1.297045594193166783e-19 2.521578255256830942e-20
8.738466352204137365e+03 4.544823037563242609e-20 2.590885127595229093e-20
8.743472280137193593e+03 5.173364772451837409e-20 2.637221956854268199e-20
8.748478208070249821e+03 3.993315865355542254e-20 2.797164010406137112e-20
8.753484136003304229e+03 6.222059270746056561e-20 5.380605217715175160e-20
8.758490063936360457e+03 -1.059193507963869782e-19 7.934877286589442369e-20
8.763495991869414866e+03 -1.758242616868889841e-19 9.603222908806441372e-20
8.768501919802471093e+03 -2.078632802106682473e-20 8.702692577550412530e-20
8.773507847735527321e+03 5.133691439663571111e-20 8.768480693166261761e-20
8.778513775668583548e+03 -5.981484889187174219e-20 7.931773493549046930e-20
8.783519703601639776e+03 1.069694045482452786e-19 6.354203032254004536e-20
8.788525631534694185e+03 1.671169422453111871e-19 5.036609535995858731e-20
8.793531559467750412e+03 2.228349816210553509e-19 4.971974609800641619e-20
8.798537487400804821e+03 4.620994214381209668e-20 3.383404480232861872e-20
8.803543415333861049e+03 1.183783148865972700e-19 2.894044707861242399e-20
8.808549343266917276e+03 9.474123183640386036e-20 3.114007082969637885e-20
8.813555271199973504e+03 3.055656355292119487e-20 3.155458521972158824e-20
8.818561199133029731e+03 7.259267804989954845e-20 7.110866299800900124e-20
8.823567127066084140e+03 -1.983354047263923061e-19 1.236373205575659942e-19
8.828573054999140368e+03 -3.084609520320474085e-21 1.315827602308088033e-19
8.833578982932194776e+03 2.889485167075229369e-19 1.023932360487707632e-19
8.838584910865251004e+03 9.866035825347084326e-20 7.558234704246846388e-20
8.843590838798307232e+03 7.846459318477920513e-20 5.391372032714639383e-20
8.848596766731363459e+03 1.199495042824091484e-19 4.836690071721510192e-20
8.853602694664417868e+03 1.036176791492356666e-19 4.421808901954331774e-20
8.858608622597474096e+03 1.691471594391324430e-19 4.170248072460043917e-20
8.863614550530530323e+03 1.374169803484794758e-19 6.321166238418075662e-20
8.868620478463584732e+03 -3.382304788177449185e-20 6.246067175085956816e-20
8.873626406396640959e+03 1.062672997461689525e-19 4.403541703443251825e-20
8.878632334329697187e+03 9.896216971762657931e-20 7.004757371199289820e-20
8.883638262262753415e+03 5.768527987362678755e-20 9.401096646952325751e-20
8.888644190195807823e+03 -2.659366193261584792e-20 8.749755768857862050e-20
8.893650118128864051e+03 5.491997032277570377e-20 5.133975973869300253e-20
8.898656046061920279e+03 2.531330435828758904e-20 6.187993109335969099e-20
8.903661973994974687e+03 4.471237826663245426e-20 6.879430713931321343e-20
8.908667901928030915e+03 6.730811759167395367e-20 5.797116367847537657e-20
8.913673829861087142e+03 3.217750751542638372e-20 9.657095924063485680e-20
8.918679757794143370e+03 1.398417060797924898e-19 1.167338065115033741e-19
8.923685685727199598e+03 7.798922944368551604e-20 1.119986644402146334e-19
8.928691613660254006e+03 8.388894619301494517e-20 4.460334436970313059e-20
8.933697541593308415e+03 6.215503609534640112e-20 4.018326865344887249e-20
8.938703469526364643e+03 5.303755691709530968e-20 7.181868824770646786e-20
8.943709397459420870e+03 9.662189746244748555e-20 8.013762444634330061e-20
8.948715325392477098e+03 5.554075312479005476e-20 6.808358108078820333e-20
8.953721253325533326e+03 -3.906985777612054618e-20 9.904489392499851060e-20
8.958727181258589553e+03 2.485207329399680090e-19 1.125985930138248293e-19
8.963733109191643962e+03 1.455172231751271036e-19 8.370418483694691120e-20
8.968739037124698370e+03 7.322604700282350689e-20 3.809078948305694594e-20
8.973744965057754598e+03 1.217523390271020951e-19 3.568412821937766767e-20
8.978750892990810826e+03 3.028489543034228441e-20 4.112806179127470113e-20
8.983756820923867053e+03 1.443223750152152619e-19 6.077383811182354296e-20
8.988762748856923281e+03 -1.208524289455785877e-20 6.523224821740701673e-20
8.993768676789977690e+03 1.388591332862754385e-19 6.918662413938611075e-20
8.998774604723033917e+03 5.261500172465216999e-20 7.194800658962350218e-20
9.003780532656088326e+03 -9.049853308912760967e-20 6.811289537064768432e-20
9.008786460589144554e+03 6.714264150648993436e-20 4.012850277100937317e-20
9.013792388522200781e+03 6.399249867470216804e-20 2.566099225344848072e-20
9.018798316455257009e+03 1.173285254515998078e-19 2.819966571747248430e-20
9.023804244388313236e+03 9.156847444939358424e-20 3.097318714136188937e-20
9.028810172321367645e+03 5.700524641973154142e-20 3.338806174212738303e-20
9.033816100254423873e+03 1.564648240689939095e-20 4.987472856151748888e-20
9.038822028187478281e+03 1.145423399270502991e-19 5.443503273935456254e-20
9.043827956120534509e+03 5.636017584953937370e-20 5.986490129642610841e-20
9.048833884053590737e+03 3.163915810049959308e-20 5.851197866976856983e-20
9.053839811986646964e+03 1.859428846633619918e-19 5.314722349780575956e-20
9.058845739919703192e+03 6.625414418571308422e-20 3.626172029434736677e-20
9.063851667852757600e+03 1.167432668193065832e-19 3.508112173151719297e-20
9.068857595785813828e+03 8.828776381225283839e-20 3.546286253252566224e-20
9.073863523718868237e+03 1.832353047325801702e-21 3.324943708126998715e-20
9.078869451651924464e+03 1.414116865841311163e-19 3.256696682637243944e-20
9.083875379584980692e+03 1.281768740398590123e-19 3.972905709988932370e-20
9.088881307518036920e+03 1.880655340624540195e-19 4.806079420925103203e-20
9.093887235451093147e+03 8.860180731380880303e-20 5.041912788709468779e-20
9.098893163384147556e+03 3.473974189701568629e-20 5.331765336951190496e-20
9.103899091317203784e+03 8.691945355832672275e-20 5.048228447322437684e-20
9.108905019250258192e+03 5.830043048295012980e-20 3.858833147532104311e-20
9.113910947183314420e+03 7.281073626568088147e-20 2.966910737514400807e-20
9.118916875116370647e+03 4.026160420777329459e-20 2.965615160583595734e-20
9.123922803049426875e+03 6.528473585314773977e-21 2.756451862567984193e-20
9.128928730982483103e+03 7.872561451678892120e-20 2.899239691576191296e-20
9.133934658915537511e+03 4.557609255437763898e-20 3.158716094736679391e-20
9.138940586848593739e+03 4.943792116375420678e-20 2.933645530848049177e-20
9.143946514781648148e+03 3.852751592993546995e-20 3.080034393076478739e-20
9.148952442714704375e+03 1.143862619095581894e-19 3.828521383140492761e-20
9.153958370647760603e+03 4.433785670293054617e-20 4.659570252928443136e-20
9.158964298580816831e+03 3.603267601343829104e-20 4.199786898517532803e-20
9.163970226513873058e+03 9.441461361583437245e-20 3.684543554757417880e-20
9.168976154446927467e+03 6.414899772688049160e-20 3.017306363444797852e-20
9.173982082379983694e+03 7.440903104199091026e-20 2.844662389527255885e-20
9.178988010313038103e+03 6.527644333311322675e-20 2.873985275007441398e-20
9.183993938246094331e+03 7.088596174498539316e-20 2.922386211523463344e-20
9.188999866179150558e+03 5.529144430433046043e-20 2.980406181494063914e-20
9.194005794112206786e+03 1.280943012538505418e-19 3.148492301196979843e-20
9.199011722045263014e+03 1.196438396309663183e-19 3.244036951244434710e-20
9.204017649978317422e+03 8.533748423938957896e-20 3.305834941643570847e-20
9.209023577911373650e+03 1.072498076932012040e-19 3.618845838536298402e-20
9.214029505844428058e+03 9.526661263416431399e-20 4.153423597962292309e-20
9.219035433777484286e+03 4.926740833556061628e-20 4.571550970898791730e-20
9.224041361710540514e+03 5.330865511976539919e-20 4.402036679827087404e-20
9.229047289643596741e+03 1.828845859437987729e-20 4.033545256610049583e-20
9.234053217576652969e+03 1.105933010675255381e-19 3.134868490872901877e-20
9.239059145509707378e+03 1.057722634617815670e-19 3.909153481711171591e-20
9.244065073442761786e+03 7.918958374311135597e-20 3.688736651089989759e-20
9.249071001375818014e+03 4.135480550707127466e-20 3.543288022731686891e-20
9.254076929308874242e+03 7.607029194704023097e-20 3.261266629726248623e-20
9.259082857241930469e+03 1.139881998800911175e-19 3.012264896447459993e-20
9.264088785174986697e+03 1.389978066189652041e-19 2.935254273671563718e-20
9.269094713108042924e+03 4.146289254783504729e-20 2.800722836380330216e-20
9.274100641041097333e+03 6.217924822235454130e-20 2.800053632319987858e-20
9.279106568974151742e+03 -3.001307004731870692e-21 3.167602567921074868e-20
9.284112496907207969e+03 3.702069295989808165e-20 3.835656398879101557e-20
9.289118424840264197e+03 1.188361503012334158e-19 4.642782629058269736e-20
9.294124352773320425e+03 6.000513391505050413e-20 4.644496002407728831e-20
9.299130280706376652e+03 5.334179983987596245e-20 8.051356714046406701e-20
9.304136208639432880e+03 1.383874153203789069e-19 1.519628334475420132e-19
9.309142136572487289e+03 2.659813128542590631e-19 2.489723821694133077e-19
9.314148064505541697e+03 2.059596412617773796e-19 2.265156593759021871e-19
9.319153992438597925e+03 -9.374279000347123757e-21 1.624655676701907479e-19
9.324159920371654152e+03 1.925563704127104549e-19 1.391594565514139760e-19
9.329165848304710380e+03 6.001936866486275656e-20 1.314097707168115558e-19
9.334171776237766608e+03 1.751396606621524461e-19 1.098076480160802828e-19
9.339177704170821016e+03 1.315466588987531965e-20 1.017643693415614371e-19
9.344183632103877244e+03 3.864141545926602882e-20 8.457086819100596446e-20
9.349189560036931653e+03 9.847226485292323103e-20 6.761269597747195335e-20
9.354195487969987880e+03 6.613747659518593635e-20 6.189427048402912147e-20
9.359201415903044108e+03 7.863231258570805058e-20 5.220753527304537765e-20
9.364207343836100335e+03 5.711199519106733863e-20 7.015672031955344774e-20
9.369213271769156563e+03 2.509944030318408672e-19 1.862493219036818487e-19
9.374219199702210972e+03 4.123709922639544216e-19 2.344274393414915143e-19
9.379225127635267199e+03 3.774167295257770209e-19 2.180505062407102196e-19
9.384231055568321608e+03 -1.744104935659010065e-20 1.100918826844331200e-19
9.389236983501377836e+03 7.354323130495653336e-20 6.565214472628184265e-20
9.394242911434434063e+03 2.013639514448788225e-19 6.694881561528441624e-20
9.399248839367490291e+03 2.300989230643362781e-19 7.951407454255272495e-20
9.404254767300546519e+03 1.627451209763226355e-19 7.789225244599426201e-20
9.409260695233600927e+03 1.296308073133294862e-19 5.976385246954856948e-20
9.414266623166657155e+03 7.772167331988695961e-20 1.069119895905492138e-19
9.419272551099711563e+03 6.051621383318357149e-20 1.161682404437497091e-19
9.424278479032767791e+03 3.518902193078680842e-20 1.110441261794038507e-19
9.429284406965824019e+03 7.977319297520296554e-20 6.880386598749887559e-20
9.434290334898880246e+03 2.335450447695560394e-19 2.653277624651213426e-19
9.439296262831936474e+03 1.187984967173469787e-19 3.162760994284738378e-19
9.444302190764990883e+03 3.848233519692017943e-19 2.308693548285037096e-19
9.449308118698047110e+03 1.695817561769673891e-19 8.357746787244776232e-20
9.454314046631101519e+03 -1.332997309319839395e-19 1.635949355286868950e-19
9.459319974564157746e+03 -4.930432704681123053e-20 1.613228997558016850e-19
9.464325902497213974e+03 1.059739408004552566e-19 1.064363391959807858e-19
9.469331830430270202e+03 8.612274191149590771e-20 1.265594433356351662e-19
9.474337758363326429e+03 7.482539438320296907e-20 4.809551895221775235e-19
9.479343686296380838e+03 6.948586057923259816e-20 3.439727661885800562e-19
9.484349614229437066e+03 8.478884728579713063e-20 1.119567697004134391e-19
9.489355542162491474e+03 1.033096561570704889e-19 5.699615005967694889e-20
9.494361470095547702e+03 4.305624734902212169e-20 9.575321497337171994e-20
9.499367398028603930e+03 -1.989962970275496491e-19 1.638656194985893253e-19
9.504373325961660157e+03 1.177442258374428175e-19 1.163626099962290400e-19
9.509379253894716385e+03 1.405749185764543299e-19 8.676346248736309312e-20
9.514385181827770793e+03 7.420283673780768936e-20 1.566943293853501526e-19
9.519391109760827021e+03 -1.522328862045784818e-19 2.228998803340501791e-19
9.524397037693881430e+03 7.547371607622160129e-20 1.248603455127581878e-19
9.529402965626937657e+03 1.298037131185945457e-20 6.460422175208470906e-20
9.534408893559993885e+03 1.019524761215875259e-19 6.311195165597772666e-20
9.539414821493050113e+03 5.510232403576621273e-21 6.118450798488887116e-20
9.544420749426106340e+03 1.563917890279813091e-19 6.996033599506642787e-20
9.549426677359160749e+03 4.373232572805981819e-20 9.732114198160860951e-20
9.554432605292216977e+03 1.187227339844250343e-19 1.046911236029723880e-19
9.559438533225271385e+03 1.334496089608446290e-19 9.029331197033893513e-20
9.564444461158327613e+03 -5.080453736045506641e-20 1.385688094644605781e-19
9.569450389091383840e+03 -3.639862125468408031e-20 1.221684285192122675e-19
9.574456317024440068e+03 2.422439168099739763e-19 9.206447863359768118e-20
9.579462244957496296e+03 1.168769634675615211e-19 5.554070464887240306e-20
9.584468172890550704e+03 1.561669645940812544e-19 5.731439551329282168e-20
9.589474100823605113e+03 5.842526662085837942e-20 6.331371560586405769e-20
9.594480028756661341e+03 -5.450246838032245586e-20 5.929728766999379492e-20
9.599485956689717568e+03 5.497175967967941667e-20 6.994205924609443658e-20
9.604491884622773796e+03 -7.306480252099834291e-20 9.164406057608019172e-20
9.609497812555830023e+03 1.328845359297596335e-19 9.900637259320926553e-20
9.614503740488886251e+03 8.018249971811429629e-20 9.724663823603425239e-20
9.619509668421940660e+03 4.031593773886827093e-19 1.022936016842539164e-19
9.624515596354995068e+03 1.786067133936019303e-19 8.704391391166783418e-20
9.629521524288051296e+03 1.150374372720920323e-19 6.595750194968204968e-20
9.634527452221107524e+03 4.385695364692580895e-21 5.792425407935635718e-20
9.639533380154163751e+03 -1.799341811649444572e-20 5.393925348408230581e-20
9.644539308087219979e+03 1.053550940004230248e-19 5.167844056991480661e-20
9.649545236020274388e+03 7.004233071506079952e-21 5.850118002636627226e-20
9.654551163953330615e+03 5.187237623436582866e-20 6.280482107978142233e-20
9.659557091886385024e+03 2.096864563078632993e-19 8.144455517312646720e-20
9.664563019819441251e+03 1.120904104314589204e-19 8.638627778526775865e-20
9.669568947752497479e+03 2.690057095947900952e-19 9.585086146555629939e-20
9.674574875685553707e+03 3.427973598821302218e-20 1.202596265775859033e-19
9.679580803618609934e+03 1.368865117437458998e-19 1.285989541830345453e-19
9.684586731551664343e+03 1.462577662295474643e-19 1.277179189266101864e-19
9.689592659484720571e+03 1.869700898079067141e-19 1.064577483742009267e-19
9.694598587417774979e+03 1.446066186576638402e-19 1.233928962502517600e-19
9.699604515350831207e+03 1.480777590491964748e-19 1.306402275330906883e-19
9.704610443283887435e+03 1.220141445918287187e-20 1.065792301626674772e-19
9.709616371216943662e+03 1.747573997193494853e-19 1.140579110692893819e-19
9.714622299149999890e+03 1.923409568096564457e-19 1.763302252344292337e-19
9.719628227083054298e+03 2.557067082681469900e-19 1.891426694931617871e-19
9.724634155016110526e+03 1.095048054254833025e-19 1.890525580247442911e-19
9.729640082949164935e+03 6.086181644339468958e-21 1.010538501598185532e-19
9.734646010882221162e+03 -4.444707589148276450e-20 1.371943467937898521e-19
9.739651938815277390e+03 4.602759240109794869e-21 1.193686029631853915e-19
9.744657866748333618e+03 9.096979897687024025e-20 8.999933817627403410e-20
9.749663794681389845e+03 2.889831560172881657e-20 8.752321305910968631e-20
9.754669722614444254e+03 1.902855438044060036e-19 6.986126757353222175e-20
9.759675650547500481e+03 1.745720759317327308e-19 6.275508066682440666e-20
9.764681578480554890e+03 6.061541027252636696e-20 6.199543884633178825e-20
9.769687506413611118e+03 1.337033444715096169e-20 5.980015744673121425e-20
9.774693434346667345e+03 8.232357588729025721e-20 5.672689378926122350e-20
9.779699362279723573e+03 -6.454436091148608303e-20 8.094105698530183575e-20
9.784705290212779801e+03 -1.332748093039239869e-20 1.483556052528045910e-19
9.789711218145834209e+03 -7.533534152272444627e-20 1.671349989225990553e-19
9.794717146078890437e+03 -1.142119777240635425e-20 8.097525574775815977e-20
9.799723074011944846e+03 -3.493792716989269881e-21 0.000000000000000000e+00
9.804729001945001073e+03 0.000000000000000000e+00 0.000000000000000000e+00
9.809734929878057301e+03 0.000000000000000000e+00 0.000000000000000000e+00
9.814740857811113528e+03 0.000000000000000000e+00 0.000000000000000000e+00
9.819746785744169756e+03 0.000000000000000000e+00 0.000000000000000000e+00
9.824752713677224165e+03 0.000000000000000000e+00 0.000000000000000000e+00
9.829758641610280392e+03 0.000000000000000000e+00 0.000000000000000000e+00
9.834764569543334801e+03 0.000000000000000000e+00 0.000000000000000000e+00
9.839770497476391029e+03 0.000000000000000000e+00 0.000000000000000000e+00
9.844776425409447256e+03 0.000000000000000000e+00 0.000000000000000000e+00
9.849782353342503484e+03 0.000000000000000000e+00 0.000000000000000000e+00
9.854788281275559712e+03 0.000000000000000000e+00 0.000000000000000000e+00
9.859794209208614120e+03 0.000000000000000000e+00 0.000000000000000000e+00
9.864800137141670348e+03 0.000000000000000000e+00 0.000000000000000000e+00
9.869806065074724756e+03 0.000000000000000000e+00 0.000000000000000000e+00
9.874811993007780984e+03 0.000000000000000000e+00 0.000000000000000000e+00
9.879817920940837212e+03 0.000000000000000000e+00 0.000000000000000000e+00
9.884823848873893439e+03 0.000000000000000000e+00 0.000000000000000000e+00
9.889829776806949667e+03 0.000000000000000000e+00 0.000000000000000000e+00
9.894835704740004076e+03 0.000000000000000000e+00 0.000000000000000000e+00
9.899841632673058484e+03 0.000000000000000000e+00 0.000000000000000000e+00
9.904847560606114712e+03 0.000000000000000000e+00 0.000000000000000000e+00
9.909853488539170939e+03 0.000000000000000000e+00 0.000000000000000000e+00
9.914859416472227167e+03 0.000000000000000000e+00 0.000000000000000000e+00
9.919865344405283395e+03 0.000000000000000000e+00 0.000000000000000000e+00
9.924871272338339622e+03 0.000000000000000000e+00 0.000000000000000000e+00
9.929877200271394031e+03 0.000000000000000000e+00 0.000000000000000000e+00
9.934883128204448440e+03 0.000000000000000000e+00 0.000000000000000000e+00
9.939889056137504667e+03 0.000000000000000000e+00 0.000000000000000000e+00
9.944894984070560895e+03 0.000000000000000000e+00 0.000000000000000000e+00
9.949900912003617123e+03 0.000000000000000000e+00 0.000000000000000000e+00
9.954906839936673350e+03 0.000000000000000000e+00 0.000000000000000000e+00
9.959912767869729578e+03 0.000000000000000000e+00 0.000000000000000000e+00
9.964918695802783986e+03 0.000000000000000000e+00 0.000000000000000000e+00
9.969924623735838395e+03 0.000000000000000000e+00 0.000000000000000000e+00
9.974930551668894623e+03 0.000000000000000000e+00 0.000000000000000000e+00
9.979936479601950850e+03 0.000000000000000000e+00 0.000000000000000000e+00
9.984942407535007078e+03 0.000000000000000000e+00 0.000000000000000000e+00
9.989948335468063306e+03 0.000000000000000000e+00 0.000000000000000000e+00
9.994954263401117714e+03 0.000000000000000000e+00 0.000000000000000000e+00
9.999960191334173942e+03 0.000000000000000000e+00 0.000000000000000000e+00
1.000496611926722835e+04 0.000000000000000000e+00 0.000000000000000000e+00
1.000997204720028458e+04 0.000000000000000000e+00 0.000000000000000000e+00
1.001497797513334081e+04 0.000000000000000000e+00 0.000000000000000000e+00
1.001998390306639703e+04 0.000000000000000000e+00 0.000000000000000000e+00
1.002498983099945326e+04 0.000000000000000000e+00 0.000000000000000000e+00
1.002999575893250767e+04 0.000000000000000000e+00 0.000000000000000000e+00
1.003500168686556390e+04 0.000000000000000000e+00 0.000000000000000000e+00
1.004000761479861831e+04 0.000000000000000000e+00 0.000000000000000000e+00
1.004501354273167453e+04 0.000000000000000000e+00 0.000000000000000000e+00
1.005001947066473076e+04 0.000000000000000000e+00 0.000000000000000000e+00
1.005502539859778699e+04 0.000000000000000000e+00 0.000000000000000000e+00
1.006003132653084322e+04 0.000000000000000000e+00 0.000000000000000000e+00
1.006503725446389763e+04 0.000000000000000000e+00 0.000000000000000000e+00
1.007004318239695385e+04 0.000000000000000000e+00 0.000000000000000000e+00
1.007504911033000826e+04 0.000000000000000000e+00 0.000000000000000000e+00
1.008005503826306449e+04 0.000000000000000000e+00 0.000000000000000000e+00
1.008506096619612072e+04 0.000000000000000000e+00 0.000000000000000000e+00
1.009006689412917694e+04 0.000000000000000000e+00 0.000000000000000000e+00
1.009507282206223317e+04 0.000000000000000000e+00 0.000000000000000000e+00
1.010007874999528758e+04 0.000000000000000000e+00 0.000000000000000000e+00
1.010508467792834381e+04 0.000000000000000000e+00 0.000000000000000000e+00
1.011009060586139822e+04 0.000000000000000000e+00 0.000000000000000000e+00
1.011509653379445444e+04 0.000000000000000000e+00 0.000000000000000000e+00
1.012010246172751067e+04 0.000000000000000000e+00 0.000000000000000000e+00
1.012510838966056690e+04 0.000000000000000000e+00 0.000000000000000000e+00
1.013011431759362313e+04 0.000000000000000000e+00 0.000000000000000000e+00
1.013512024552667754e+04 0.000000000000000000e+00 0.000000000000000000e+00
1.014012617345973376e+04 0.000000000000000000e+00 0.000000000000000000e+00
1.014513210139278817e+04 0.000000000000000000e+00 0.000000000000000000e+00
1.015013802932584440e+04 0.000000000000000000e+00 0.000000000000000000e+00
1.015514395725890063e+04 0.000000000000000000e+00 0.000000000000000000e+00
1.016014988519195686e+04 0.000000000000000000e+00 0.000000000000000000e+00
1.016515581312501308e+04 0.000000000000000000e+00 0.000000000000000000e+00
1.017016174105806749e+04 0.000000000000000000e+00 0.000000000000000000e+00
1.017516766899112372e+04 0.000000000000000000e+00 0.000000000000000000e+00
1.018017359692417813e+04 0.000000000000000000e+00 0.000000000000000000e+00
1.018517952485723436e+04 0.000000000000000000e+00 0.000000000000000000e+00
1.019018545279029058e+04 0.000000000000000000e+00 0.000000000000000000e+00
1.019519138072334681e+04 0.000000000000000000e+00 0.000000000000000000e+00
1.020019730865640304e+04 0.000000000000000000e+00 0.000000000000000000e+00
1.020520323658945745e+04 0.000000000000000000e+00 0.000000000000000000e+00
1.021020916452251367e+04 0.000000000000000000e+00 0.000000000000000000e+00
1.021521509245556808e+04 0.000000000000000000e+00 0.000000000000000000e+00
1.022022102038862431e+04 0.000000000000000000e+00 0.000000000000000000e+00
1.022522694832168054e+04 0.000000000000000000e+00 0.000000000000000000e+00
1.023023287625473677e+04 0.000000000000000000e+00 0.000000000000000000e+00
1.023523880418779299e+04 0.000000000000000000e+00 0.000000000000000000e+00
1.024024473212084740e+04 0.000000000000000000e+00 0.000000000000000000e+00
1.024525066005390181e+04 0.000000000000000000e+00 0.000000000000000000e+00
1.025025658798695804e+04 0.000000000000000000e+00 0.000000000000000000e+00
1.025526251592001427e+04 0.000000000000000000e+00 0.000000000000000000e+00
1.026026844385307049e+04 0.000000000000000000e+00 0.000000000000000000e+00
1.026527437178612672e+04 0.000000000000000000e+00 0.000000000000000000e+00
1.027028029971918295e+04 0.000000000000000000e+00 0.000000000000000000e+00
1.027528622765223736e+04 0.000000000000000000e+00 0.000000000000000000e+00
1.028029215558529177e+04 0.000000000000000000e+00 0.000000000000000000e+00
1.028529808351834799e+04 0.000000000000000000e+00 0.000000000000000000e+00
1.029030401145140422e+04 0.000000000000000000e+00 0.000000000000000000e+00
1.029530993938446045e+04 0.000000000000000000e+00 0.000000000000000000e+00
