#  wl flam flam_err
4.803806996822357178e+03 2.431045779817061752e-19 1.441421757015511115e-18
4.808812924755412496e+03 -1.136725210124245163e-18 1.284124153870433601e-18
4.813818852688468723e+03 1.125084731041448209e-18 1.178544747325631956e-18
4.818824780621524042e+03 7.833209446836127559e-19 1.100922654658864296e-18
4.823830708554580269e+03 -2.759445397502476227e-18 1.016401401088632334e-18
4.828836636487635587e+03 -8.492127043996584956e-19 8.917836282661480441e-19
4.833842564420691815e+03 9.655144019872455879e-19 7.857297361393016540e-19
4.838848492353747133e+03 -4.940039008367066607e-19 7.339956165980758462e-19
4.843854420286802451e+03 1.427180158220448115e-18 7.917667801909835931e-19
4.848860348219858679e+03 1.007384473958207370e-18 7.885122795560694129e-19
4.853866276152913997e+03 3.352712023094447748e-19 6.763209415214286800e-19
4.858872204085970225e+03 3.449343396092889736e-19 5.859753962546062825e-19
4.863878132019025543e+03 -4.772472489826421531e-20 5.378650524035165652e-19
4.868884059952080861e+03 6.173777733394589136e-20 5.176528871198521396e-19
4.873889987885137089e+03 2.276783343045769642e-19 5.204146413103261307e-19
4.878895915818192407e+03 -7.295468721241317221e-20 5.290330918029955764e-19
4.883901843751248634e+03 4.840643023627208676e-19 5.121355543278881140e-19
4.888907771684303952e+03 4.459546366588331802e-19 4.869041247743689237e-19
4.893913699617360180e+03 -9.511843788043009755e-21 4.641327210508360532e-19
4.898919627550415498e+03 5.831779457040402566e-19 4.405317676610294918e-19
4.903925555483470816e+03 4.729567985615920026e-20 4.193757598961842248e-19
4.908931483416527044e+03 5.149871728589830623e-19 3.955210275216747684e-19
4.913937411349582362e+03 5.276523289005258482e-19 3.513640076068283269e-19
4.918943339282638590e+03 4.379282788564385771e-19 3.337206369806807439e-19
4.923949267215693908e+03 6.072593950672015675e-19 3.307280479039592313e-19
4.928955195148750136e+03 3.442522622383346170e-20 3.240593680132211437e-19
4.933961123081805454e+03 -4.437297561720590026e-19 3.166671103579691900e-19
4.938967051014860772e+03 -2.437377256735954002e-19 3.123037275067369786e-19
4.943972978947916999e+03 1.286095896441910762e-19 3.121693423411410351e-19
4.948978906880972318e+03 -6.844864872412491819e-20 3.093396395998167935e-19
4.953984834814028545e+03 -1.946825667893482150e-19 3.025524070512170076e-19
4.958990762747083863e+03 -2.986005473438250740e-19 2.948803277148672137e-19
4.963996690680139181e+03 4.142193267405595167e-19 2.970631015051141835e-19
4.969002618613195409e+03 -2.946369727745194739e-19 2.997406823970537128e-19
4.974008546546250727e+03 2.591866825847661889e-19 2.944323363606878064e-19
4.979014474479306955e+03 -5.245325649380039727e-19 2.720898892645313019e-19
4.984020402412362273e+03 6.037017774346146813e-19 2.667017130291687967e-19
4.989026330345418501e+03 -5.558692986223392355e-20 2.677752119352806693e-19
4.994032258278473819e+03 1.166923353651315279e-19 2.734927069977261870e-19
4.999038186211529137e+03 -3.654507649502510078e-19 2.653964692606859779e-19
5.004044114144585365e+03 3.903903060220514632e-20 2.533722078249647611e-19
5.009050042077640683e+03 1.644532556960441186e-19 2.429353628509485746e-19
5.014055970010696910e+03 1.574662092355562831e-19 2.279149386061044998e-19
5.019061897943752228e+03 3.996035450402184003e-19 2.250983195626852292e-19
5.024067825876807547e+03 2.841970108889504747e-19 2.308744980675775414e-19
5.029073753809863774e+03 6.022631166072113371e-19 2.362375185311853366e-19
5.034079681742919092e+03 4.723654364514221528e-19 2.298689192405811500e-19
5.039085609675975320e+03 -2.780455278307970002e-19 2.182767613825898102e-19
5.044091537609030638e+03 -4.871217457746419806e-19 2.154146494437518000e-19
5.049097465542086866e+03 1.426804460747516510e-19 2.134581672623185703e-19
5.054103393475142184e+03 1.046927772536825884e-19 2.083562686587523230e-19
5.059109321408197502e+03 -2.256141811682133222e-19 2.032628566934095226e-19
5.064115249341253730e+03 -1.092413094953622506e-19 1.990824406127144744e-19
5.069121177274309048e+03 -1.437530739426039688e-19 1.914583510170159524e-19
5.074127105207365275e+03 1.139235201245239653e-19 1.891065426612459099e-19
5.079133033140420594e+03 -4.375597576759429001e-20 1.818032326969909514e-19
5.084138961073476821e+03 2.453531551842598546e-19 1.859921288650529466e-19
5.089144889006532139e+03 1.875002673985847491e-19 1.867888453432492794e-19
5.094150816939587457e+03 -2.033319122265277317e-19 1.870461142518564605e-19
5.099156744872643685e+03 1.437244010828711355e-19 1.860903646475315764e-19
5.104162672805699003e+03 5.236853922483572603e-20 1.923386072931607118e-19
5.109168600738755231e+03 1.250956428727683638e-19 2.004918497519685814e-19
5.114174528671810549e+03 -4.692248875668749497e-19 2.014926405259475717e-19
5.119180456604865867e+03 2.981409270856811814e-19 2.045814452804895734e-19
5.124186384537922095e+03 1.628369885687090897e-20 2.009610331250255554e-19
5.129192312470977413e+03 1.868225685233474432e-19 1.991187391426253651e-19
5.134198240404033641e+03 5.024787386849918266e-20 1.997113414298179765e-19
5.139204168337088959e+03 1.214182819119020791e-19 1.956072876095396525e-19
5.144210096270145186e+03 -7.555509254325266644e-20 1.890629909680289584e-19
5.149216024203200504e+03 -1.745452258529332898e-19 1.822877054024793682e-19
5.154221952136255823e+03 -1.366177083737231401e-19 1.754328371332326848e-19
5.159227880069312050e+03 1.571631578939404317e-19 1.656815210556185798e-19
5.164233808002367368e+03 1.668636157235660414e-19 1.522505023886836238e-19
5.169239735935423596e+03 -6.168475048503177834e-20 1.413969974535769993e-19
5.174245663868478914e+03 4.548600447246375750e-20 1.406739722870757851e-19
5.179251591801534232e+03 -2.531652929379803012e-19 1.402697060122554891e-19
5.184257519734590460e+03 -1.287812270965642931e-19 1.442190281895354180e-19
5.189263447667645778e+03 -1.137358686641731522e-19 1.498489977664526507e-19
5.194269375600702006e+03 8.805639069490085276e-20 1.613993787677030634e-19
5.199275303533757324e+03 -1.948357125208394040e-20 1.665452044631741129e-19
5.204281231466813551e+03 1.109632076960714937e-19 1.645448059098002928e-19
5.209287159399868870e+03 -7.531703452808114540e-20 1.567375800816720728e-19
5.214293087332924188e+03 5.490482925149100852e-20 1.577423824894182823e-19
5.219299015265980415e+03 -1.694887462741889970e-19 1.613073651583308345e-19
5.224304943199035733e+03 4.133866112401108488e-20 1.631430525410543347e-19
5.229310871132091961e+03 1.163496374775984783e-19 1.589417016901136629e-19
5.234316799065147279e+03 4.905644417971505806e-20 1.577328464892327649e-19
5.239322726998203507e+03 -5.126409603850948633e-21 1.591522750636647711e-19
5.244328654931258825e+03 -3.099249691574129300e-19 1.580341511523947269e-19
5.249334582864314143e+03 -2.291576763244694365e-19 1.577843455239806702e-19
5.254340510797370371e+03 -1.630422333359690119e-19 1.603650738418703829e-19
5.259346438730425689e+03 1.048409423000837296e-19 1.521755241343925439e-19
5.264352366663481916e+03 -1.353108007907398465e-19 1.390457158473254775e-19
5.269358294596537235e+03 3.073205182933879444e-19 1.339826425347358541e-19
5.274364222529593462e+03 -7.764986255784902450e-20 1.363844488012742354e-19
5.279370150462648780e+03 1.475900149345156928e-19 1.386649067084134063e-19
5.284376078395704099e+03 -1.259817088608432273e-20 1.412689361203109913e-19
5.289382006328760326e+03 1.635187823076523936e-19 1.458141693030660071e-19
5.294387934261815644e+03 2.031610611888891930e-19 1.434967367298690197e-19
5.299393862194871872e+03 1.977186489171541516e-19 1.410114942588021191e-19
5.304399790127927190e+03 -1.772228256960760017e-19 1.417066194632981508e-19
5.309405718060982508e+03 -5.665948965007834583e-20 1.442578152641094495e-19
5.314411645994038736e+03 1.141552408666411901e-19 1.424633689700020864e-19
5.319417573927094054e+03 9.380481841831100847e-20 1.393557692685344358e-19
5.324423501860150282e+03 2.580531285273706046e-19 1.354947389863547109e-19
5.329429429793205600e+03 2.675625889804612044e-19 1.343413512580952683e-19
5.334435357726260918e+03 -1.575306881622290707e-20 1.334238383842418722e-19
5.339441285659317145e+03 5.575233053587044171e-20 1.325866703633406471e-19
5.344447213592372464e+03 -1.451924556343165921e-19 1.337582992962273472e-19
5.349453141525428691e+03 2.253650210655096967e-19 1.369298709148955254e-19
5.354459069458484009e+03 1.859120399635917936e-19 1.378118203497242493e-19
5.359464997391540237e+03 -1.732119930363594526e-19 1.361972187111721983e-19
5.364470925324595555e+03 1.167053960882858972e-19 1.349126032669923208e-19
5.369476853257650873e+03 2.524313444543938175e-19 1.367489585568468048e-19
5.374482781190707101e+03 -3.020877603588329795e-20 1.421738470833531931e-19
5.379488709123762419e+03 -1.087108239527851208e-19 1.446076056601533697e-19
5.384494637056818647e+03 1.475812847122829512e-19 1.431962437191214554e-19
5.389500564989873965e+03 1.706433843240043248e-20 1.396927018490503377e-19
5.394506492922930192e+03 1.643144941512119036e-19 1.339050305575079978e-19
5.399512420855985511e+03 -9.020142388883581603e-20 1.292923417028012660e-19
5.404518348789040829e+03 7.580429452415861734e-20 1.246875343913635276e-19
5.409524276722097056e+03 8.272539187180209128e-20 1.230617882579625093e-19
5.414530204655152374e+03 -2.428739170346246638e-20 1.221870031675097437e-19
5.419536132588208602e+03 2.641061621812958710e-19 1.199576330355307313e-19
5.424542060521263920e+03 1.688119898096802555e-19 1.164865276616504872e-19
5.429547988454320148e+03 -1.987751557151469603e-19 1.140350850680867188e-19
5.434553916387375466e+03 -1.649403029618560224e-19 1.144367030651797123e-19
5.439559844320430784e+03 1.742239000400832330e-19 1.167724484666850337e-19
5.444565772253487012e+03 2.719809730403240094e-20 1.172805211158768240e-19
5.449571700186542330e+03 9.209879080789771451e-20 1.191090276730709705e-19
5.454577628119598558e+03 1.956502310295026280e-19 1.210176564229082285e-19
5.459583556052653876e+03 2.246060479941608300e-19 1.225018034875352366e-19
5.464589483985709194e+03 -7.099756222242052800e-20 1.222367421366462033e-19
5.469595411918765421e+03 3.680119406795683342e-19 1.230704248430501932e-19
5.474601339851820740e+03 2.009914730641018815e-19 1.241618111239316169e-19
5.479607267784876967e+03 1.028098001712866151e-19 1.270897913803972489e-19
5.484613195717932285e+03 3.067703239709730605e-19 1.309859593840960364e-19
5.489619123650987603e+03 -1.024698739960053109e-19 1.336709291718604813e-19
5.494625051584043831e+03 -2.560232476306384512e-20 1.355140465506435695e-19
5.499630979517099149e+03 6.884288923812831635e-20 1.348764883579777745e-19
5.504636907450155377e+03 -3.223167136651621420e-20 1.348494282486454427e-19
5.509642835383210695e+03 3.246079800593257863e-19 1.316366296266326590e-19
5.514648763316266923e+03 2.730946503037095680e-19 1.281069608636396475e-19
5.519654691249322241e+03 5.266136936201080184e-20 1.250753996488482305e-19
5.524660619182377559e+03 -2.719094664910438211e-20 1.205469348548259649e-19
5.529666547115433787e+03 -2.366389210594298646e-20 1.167320100986739212e-19
5.534672475048489105e+03 -1.606770265091708691e-19 1.136403077938439587e-19
5.539678402981545332e+03 -7.257929458258941924e-20 1.159085350724603953e-19
5.544684330914600650e+03 2.511203880000166062e-19 1.159407799159065661e-19
5.549690258847656878e+03 1.139429885214393094e-19 1.124739528072971358e-19
5.554696186780712196e+03 1.818916216848886176e-19 1.090467822774811854e-19
5.559702114713767514e+03 1.592155893821936519e-20 1.117212836393975581e-19
5.564708042646823742e+03 2.708608763109618548e-19 1.142591227489457690e-19
5.569713970579879060e+03 3.521790011440963609e-19 2.127799641435985470e-19
5.574719898512935288e+03 -6.461642667794076745e-20 4.641514954108296010e-19
5.579725826445990606e+03 -3.003149937514358976e-19 4.841071655833386699e-19
5.584731754379046833e+03 -2.633560103236377167e-19 2.966670143660238569e-19
5.589737682312102152e+03 1.048187324271850693e-20 1.151447337741291303e-19
5.594743610245157470e+03 8.706950160243468401e-20 1.087653503286745312e-19
5.599749538178213697e+03 6.594285039496622550e-20 1.100467782400594000e-19
5.604755466111269016e+03 -1.165950223159230018e-19 1.117052951610696017e-19
5.609761394044325243e+03 3.836173739695971977e-20 1.108017897768993742e-19
5.614767321977380561e+03 -8.166675561812406398e-20 1.073658316568627781e-19
5.619773249910436789e+03 5.710925125627285047e-21 1.114889802560877314e-19
5.624779177843492107e+03 2.158131959994205305e-19 1.139296313059097796e-19
5.629785105776547425e+03 -7.959773818733597155e-20 1.142189793104458819e-19
5.634791033709603653e+03 6.347351385460175737e-20 1.136105816819528565e-19
5.639796961642658971e+03 2.466285400731655341e-19 1.139861641898617057e-19
5.644802889575714289e+03 -1.611394676310741786e-19 1.123603178146073842e-19
5.649808817508770517e+03 2.622661504887090913e-20 1.084591433448292795e-19
5.654814745441825835e+03 2.848095201705312916e-19 1.039843366417181272e-19
5.659820673374882062e+03 1.096121385217329948e-20 1.017760348289001232e-19
5.664826601307937381e+03 1.389498877670618031e-20 1.033368932558591683e-19
5.669832529240993608e+03 1.298490282209414801e-19 1.031978084923294939e-19
5.674838457174048926e+03 2.488609491286709553e-19 1.031080197932583557e-19
5.679844385107104245e+03 1.532496497763206720e-19 1.013386687179539447e-19
5.684850313040160472e+03 1.057468413065636958e-19 1.006096617034669358e-19
5.689856240973215790e+03 3.017255332536303072e-20 1.004564165465007891e-19
5.694862168906272018e+03 -1.613154496010871266e-19 1.009475397930579770e-19
5.699868096839327336e+03 1.679578063508952592e-20 1.012895890806998071e-19
5.704874024772383564e+03 2.795525019133580706e-19 1.011332936828117952e-19
5.709879952705438882e+03 1.435181951503107566e-19 1.011495551691795091e-19
5.714885880638494200e+03 1.737659016125371823e-19 1.030314639419934340e-19
5.719891808571550428e+03 4.246450224595711901e-20 1.046906603573854092e-19
5.724897736504605746e+03 2.530296365221597774e-19 1.055878377649768700e-19
5.729903664437661973e+03 3.840062553471495572e-19 1.056471457817996185e-19
5.734909592370717291e+03 -4.354854454041350532e-20 1.053068164827075826e-19
5.739915520303773519e+03 2.250428171793015063e-19 1.065646860568688206e-19
5.744921448236828837e+03 4.014407758100031011e-20 1.077311692265974215e-19
5.749927376169884155e+03 -8.437084189483778890e-20 1.104828686528515334e-19
5.754933304102940383e+03 1.586643199513861103e-19 1.150526721680907265e-19
5.759939232035995701e+03 2.010359056364217116e-19 1.195668013155927007e-19
5.764945159969051929e+03 -1.165006107794988663e-22 1.200633872387276327e-19
5.769951087902107247e+03 -3.545448311091653877e-21 1.193639976013640727e-19
5.774957015835163475e+03 2.394507867759439754e-19 1.168510100646371020e-19
5.779962943768218793e+03 4.933739948472468188e-21 1.136193246007127172e-19
5.784968871701274111e+03 -6.417931418730904293e-20 1.131019399579559984e-19
5.789974799634330338e+03 8.165750408805776687e-20 1.132550836881776622e-19
5.794980727567385657e+03 7.004611923611995937e-20 1.138459379516450978e-19
5.799986655500441884e+03 1.801802466540794038e-19 1.150090631590207463e-19
5.804992583433497202e+03 -1.523977811606410190e-19 1.147004472423104678e-19
5.809998511366552520e+03 1.443008653923013352e-19 1.163843059136594117e-19
5.815004439299608748e+03 2.885063287632930144e-19 1.172340417829417411e-19
5.820010367232664066e+03 4.354608386078951006e-20 1.138432352148372181e-19
5.825016295165720294e+03 1.161295486022825708e-19 1.106004093558513166e-19
5.830022223098775612e+03 3.205231462417326825e-19 1.085865916073035256e-19
5.835028151031830930e+03 4.808180983093464283e-20 1.071179598245481529e-19
5.840034078964887158e+03 2.616681734270080410e-20 1.063368312995594208e-19
5.845040006897942476e+03 -6.420263579483546770e-20 1.056910569035638915e-19
5.850045934830998704e+03 -1.512665389770113565e-19 1.052351854158749768e-19
5.855051862764054022e+03 -1.272141009766961468e-19 1.045330288294545635e-19
5.860057790697110249e+03 1.613060976191416880e-19 1.109148345725259825e-19
5.865063718630165567e+03 6.492114335939623367e-20 1.252021591414757812e-19
5.870069646563220886e+03 3.490756316035924747e-19 1.276867472202219134e-19
5.875075574496277113e+03 3.273864391318641911e-19 1.161381368936665564e-19
5.880081502429332431e+03 8.463882261606951234e-20 1.146796286579276832e-19
5.885087430362388659e+03 1.828922205664215679e-19 1.693707292671661811e-19
5.890093358295443977e+03 3.270228629336601266e-19 2.073333717711181440e-19
5.895099286228500205e+03 -1.455263676658092385e-19 2.019287453398497845e-19
5.900105214161555523e+03 1.145606950825076266e-19 1.573270012620451704e-19
5.905111142094610841e+03 3.303337903266374860e-19 1.225413183295765766e-19
5.910117070027667069e+03 2.706205737180667069e-19 1.248455589854398779e-19
5.915122997960722387e+03 1.056620371849922329e-19 1.253453748127308692e-19
5.920128925893778614e+03 -1.230468258845494322e-21 1.228240836290367321e-19
5.925134853826833933e+03 -2.314774634666075587e-21 1.183979801485999684e-19
5.930140781759890160e+03 1.620077894271731965e-19 1.270910751195918875e-19
5.935146709692945478e+03 2.153160294227751642e-19 1.251573189858361731e-19
5.940152637626000796e+03 1.345142886406932768e-19 1.162205414928714710e-19
5.945158565559057024e+03 -8.070517060883877530e-20 1.173002105154760744e-19
5.950164493492112342e+03 -1.095359446846091278e-19 1.260618903500526930e-19
5.955170421425167660e+03 1.416466759646045972e-19 1.196322704487512724e-19
5.960176349358223888e+03 -2.206511853532021211e-20 1.079539925133769499e-19
5.965182277291280116e+03 4.070955742871207147e-20 1.024359582828671363e-19
5.970188205224335434e+03 8.649984985040015415e-20 1.044713502687988473e-19
5.975194133157390752e+03 4.756130840218076365e-20 1.066122825071794182e-19
5.980200061090446980e+03 1.045369312824937240e-19 1.038655559952594261e-19
5.985205989023502298e+03 1.718466173079819180e-19 9.709734133662348841e-20
5.990211916956557616e+03 -3.257051185836431338e-20 9.523931823419560419e-20
5.995217844889613843e+03 9.891936997529837939e-20 9.723710180832621973e-20
6.000223772822669162e+03 9.551172611199242018e-21 9.977832564742591991e-20
6.005229700755725389e+03 2.743439102384801565e-20 9.773410548430750233e-20
6.010235628688780707e+03 -1.755191155838734951e-20 9.386069589729082553e-20
6.015241556621836935e+03 -3.560110601163024617e-20 9.089628588915530809e-20
6.020247484554892253e+03 2.207364226524396653e-20 8.924745464702041897e-20
6.025253412487947571e+03 9.864382228413577321e-20 8.961350892008961519e-20
6.030259340421003799e+03 1.162005142333806504e-19 9.082126318832465226e-20
6.035265268354059117e+03 -9.132078893701607845e-20 8.972041268616162719e-20
6.040271196287115345e+03 -4.197463707994550408e-20 8.769306330725778813e-20
6.045277124220170663e+03 4.011650483038087277e-20 8.596106178602261394e-20
6.050283052153226890e+03 1.870714485684886126e-19 8.465618971140712768e-20
6.055288980086282209e+03 4.003862114473273905e-19 8.364731484103065318e-20
6.060294908019337527e+03 1.459815009416165560e-19 8.286025687966869908e-20
6.065300835952393754e+03 1.367889120896365621e-19 8.283604867584527705e-20
6.070306763885449072e+03 1.238521196450537121e-19 8.148120145291388302e-20
6.075312691818505300e+03 1.777004779709115006e-19 7.924942471197029267e-20
6.080318619751560618e+03 2.329260482403129702e-19 7.841664336441156878e-20
6.085324547684616846e+03 1.217956926718579047e-19 7.785884459665125021e-20
6.090330475617672164e+03 6.015251985281383001e-21 7.843588264192600511e-20
6.095336403550727482e+03 5.113057868822393949e-21 7.977286923983685786e-20
6.100342331483783710e+03 -1.475657599072051539e-20 8.052703178564384551e-20
6.105348259416839028e+03 1.000187092181366430e-20 7.968237841111196006e-20
6.110354187349894346e+03 1.168678568879085488e-19 7.930923434806962751e-20
6.115360115282950574e+03 1.816702424591749161e-20 7.871766415308505139e-20
6.120366043216006801e+03 6.962362787196143981e-20 7.816042483705848966e-20
6.125371971149062119e+03 1.060450757010832659e-19 7.911420817326816701e-20
6.130377899082117438e+03 9.603845116895834809e-20 8.174019985406455698e-20
6.135383827015173665e+03 3.225349091326291170e-20 8.736778821988437299e-20
6.140389754948228983e+03 2.377434645366087381e-19 9.380560056762003959e-20
6.145395682881284301e+03 2.389447814415864513e-20 9.265401170883119981e-20
6.150401610814340529e+03 1.085801181218511049e-19 8.871836673308326592e-20
6.155407538747396757e+03 1.274354023213276861e-19 8.513388291751993079e-20
6.160413466680452075e+03 2.199672120220950024e-19 8.164954710473022686e-20
6.165419394613507393e+03 2.626850373195818409e-19 8.372673651957545742e-20
6.170425322546563621e+03 1.491220149333727774e-19 8.575710404741674420e-20
6.175431250479618939e+03 1.473581079612806275e-19 8.269331458417542643e-20
6.180437178412674257e+03 1.197611212862223647e-20 7.755657235637710091e-20
6.185443106345730484e+03 1.129715200885799315e-19 7.650562835472046911e-20
6.190449034278785803e+03 2.146255752546638075e-19 7.651361561163031675e-20
6.195454962211842030e+03 1.826155833608544018e-19 7.760003619992813336e-20
6.200460890144897348e+03 1.512164160603760221e-19 7.986053798050328614e-20
6.205466818077953576e+03 2.412481313847154719e-19 8.050983398761148826e-20
6.210472746011008894e+03 -2.631888086518769164e-20 7.686728269230944817e-20
6.215478673944064212e+03 8.404575545216079541e-21 7.967072956836963079e-20
6.220484601877120440e+03 -6.575074887750832358e-20 8.158315892870323394e-20
6.225490529810175758e+03 1.905411098769263782e-19 8.111485337376431653e-20
6.230496457743231986e+03 3.166004775532133235e-19 9.497703781789093560e-20
6.235502385676287304e+03 1.442962092459538839e-19 1.086366170516490355e-19
6.240508313609343531e+03 -1.806969100621357761e-19 1.057873630589737162e-19
6.245514241542398850e+03 3.733964754301982479e-20 8.943502838812887523e-20
6.250520169475454168e+03 2.098535958818582102e-19 8.890263482488417405e-20
6.255526097408510395e+03 2.913970662038014099e-19 1.070921762999070893e-19
6.260532025341565713e+03 1.291054384609671060e-20 1.163739524434923969e-19
6.265537953274621032e+03 1.936465414720632060e-19 1.038324291687586901e-19
6.270543881207677259e+03 -1.716370486253537838e-20 9.873955668889345253e-20
6.275549809140733487e+03 5.021426535561393595e-20 9.433361087301859564e-20
6.280555737073788805e+03 2.021998806336959524e-19 9.911124990879291762e-20
6.285561665006844123e+03 -1.809601573508522141e-21 1.068005081848461143e-19
6.290567592939900351e+03 2.147919155662756020e-19 1.165984068616105694e-19
6.295573520872955669e+03 2.690686591994217113e-19 1.960186481322517223e-19
6.300579448806010987e+03 1.381246895366921449e-19 2.169412619980737375e-19
6.305585376739067215e+03 -3.682252020978912004e-19 1.724616628026534270e-19
6.310591304672123442e+03 -4.736385669137840652e-20 1.007124768959281709e-19
6.315597232605178760e+03 1.779411372598933631e-19 8.331416314145668811e-20
6.320603160538234079e+03 1.837949449047917159e-19 8.662051287867133473e-20
6.325609088471290306e+03 2.220087306759474377e-19 9.913401103100545305e-20
6.330615016404345624e+03 1.926139031171647886e-19 9.572350735144978320e-20
6.335620944337400942e+03 2.643175028649416344e-19 8.445614562071625247e-20
6.340626872270457170e+03 1.231470970543490553e-19 7.641369602785472261e-20
6.345632800203512488e+03 9.046893939176721407e-20 7.981665597351459920e-20
6.350638728136568716e+03 3.450409035597239569e-20 8.665873982894746629e-20
6.355644656069624034e+03 1.828774729716555335e-19 9.846174326414515731e-20
6.360650584002680262e+03 2.817588495260144432e-19 1.289302442022470922e-19
6.365656511935735580e+03 1.358716111397428759e-19 1.267705600523593420e-19
6.370662439868790898e+03 8.225571896738251630e-20 9.235034883428458135e-20
6.375668367801847126e+03 -9.588735877612341898e-20 7.825417848310890352e-20
6.380674295734902444e+03 7.723314230763466330e-20 8.490420927988721337e-20
6.385680223667958671e+03 8.936417396563965792e-20 8.760345047229616707e-20
6.390686151601013989e+03 1.336672568313601192e-19 8.556970541563791543e-20
6.395692079534070217e+03 1.770847819992031869e-19 8.160470844603526804e-20
6.400698007467125535e+03 1.689751522087528234e-19 8.109130857970415282e-20
6.405703935400180853e+03 6.170998818952830342e-20 8.028290192675444212e-20
6.410709863333237081e+03 1.443756962405048055e-19 8.002188670815016873e-20
6.415715791266292399e+03 1.390999892187603004e-19 8.055290673516077495e-20
6.420721719199348627e+03 8.877609383012387940e-20 7.767766180880036180e-20
6.425727647132403945e+03 1.612032125691817375e-19 7.364528505539199601e-20
6.430733575065460172e+03 6.332649829006482994e-20 7.022311916068733049e-20
6.435739502998515491e+03 1.515064017545760556e-19 6.865720973404515325e-20
6.440745430931570809e+03 1.701788477374071204e-19 6.796118581184069217e-20
6.445751358864627036e+03 9.891593278901081396e-20 6.902685456868581089e-20
6.450757286797682355e+03 2.271783396401942582e-19 7.076887364939674759e-20
6.455763214730737673e+03 4.052973077798459924e-20 7.363387198200173109e-20
6.460769142663793900e+03 -2.875791353861108620e-20 8.417530033188396597e-20
6.465775070596850128e+03 1.217525447395235631e-19 9.337037544764208058e-20
6.470780998529905446e+03 3.011749190783199789e-19 9.052786441562800991e-20
6.475786926462960764e+03 -1.574475427624657909e-20 8.051990417802862565e-20
6.480792854396016992e+03 1.442417078187536864e-19 7.128635977181016617e-20
6.485798782329072310e+03 1.389793086861895100e-19 6.824600730053850664e-20
6.490804710262127628e+03 1.973901315175722526e-19 7.392255694021180745e-20
6.495810638195183856e+03 2.139779541514681109e-19 9.431928687724500612e-20
6.500816566128239174e+03 6.772938370542442696e-21 1.005600382500018936e-19
6.505822494061295401e+03 8.144630625932544960e-20 8.619639751121362698e-20
6.510828421994350720e+03 7.161852755611643955e-20 7.679735921806181772e-20
6.515834349927406947e+03 1.767972155557585493e-19 7.650866893918422124e-20
6.520840277860462265e+03 6.095381727127890450e-20 8.016777972958411337e-20
6.525846205793517584e+03 -1.131780420074999025e-19 8.976169480815376670e-20
6.530852133726573811e+03 1.151510473257448743e-19 9.863804066586241603e-20
6.535858061659629129e+03 1.465948055383871405e-19 9.872633411418905699e-20
6.540863989592685357e+03 2.174692541216127505e-19 9.610670987877120503e-20
6.545869917525740675e+03 1.063705203423676329e-19 1.135333158367962859e-19
6.550875845458796903e+03 3.055474577057752132e-19 1.100772238194860708e-19
6.555881773391852221e+03 -8.748595758508849886e-20 8.915181047331558862e-20
6.560887701324907539e+03 1.236658828264932515e-19 7.215661269299162584e-20
6.565893629257963767e+03 8.977633413936049573e-20 7.425025103551100531e-20
6.570899557191019085e+03 5.853128277445198037e-20 7.782385969064695274e-20
6.575905485124075312e+03 1.389824865942373958e-19 8.327788718958606682e-20
6.580911413057130630e+03 3.639135080491622892e-20 7.949930107065851912e-20
6.585917340990186858e+03 9.815101172360658335e-20 6.594301565388884268e-20
6.590923268923242176e+03 7.337122951533785394e-20 6.587611588140383020e-20
6.595929196856297494e+03 1.921323303476234566e-19 6.920058436099598017e-20
6.600935124789353722e+03 2.130563896358431316e-19 7.415664530155621348e-20
6.605941052722409040e+03 2.381939162177409469e-19 7.242823152496538521e-20
6.610946980655464358e+03 1.950609131638403877e-19 6.553568003467678131e-20
6.615952908588520586e+03 1.432256946637244718e-19 6.390038383827462379e-20
6.620958836521576814e+03 1.998131044714306387e-19 6.589980143577298628e-20
6.625964764454632132e+03 1.532301817138237072e-19 6.937231766629872607e-20
6.630970692387687450e+03 2.208500718798085388e-19 7.344554018835002171e-20
6.635976620320743677e+03 1.224561495594809832e-19 7.283781777149158575e-20
6.640982548253798996e+03 2.071092485172619972e-19 6.979102466763708280e-20
6.645988476186854314e+03 7.107570112811244696e-20 6.885517029679757527e-20
6.650994404119910541e+03 1.225716216775361586e-19 6.990825799679254773e-20
6.656000332052965859e+03 6.172027913851935177e-20 7.121112416409598288e-20
6.661006259986022087e+03 2.133636811069016493e-20 7.098627136600961286e-20
6.666012187919077405e+03 7.068588757340471516e-20 6.985280841509823746e-20
6.671018115852133633e+03 2.422342745222864080e-19 6.689356815955395565e-20
6.676024043785188951e+03 1.886713684233931352e-19 6.422784518569358662e-20
6.681029971718244269e+03 1.340583030337682574e-19 6.301232590097248532e-20
6.686035899651300497e+03 1.451012655568066827e-19 6.225263129433589876e-20
6.691041827584355815e+03 7.323939105236465279e-20 6.175199674230059951e-20
6.696047755517412043e+03 -7.438725721033465073e-21 6.307962259110307933e-20
6.701053683450467361e+03 5.158007540894190999e-20 6.354130102919612992e-20
6.706059611383523588e+03 2.164218717939906506e-19 6.299243983450236173e-20
6.711065539316578906e+03 2.387221346394538247e-19 6.248303528522770980e-20
6.716071467249634225e+03 7.413945520893098915e-20 6.234952258307142715e-20
6.721077395182690452e+03 9.346045974229448399e-20 6.186878218900057610e-20
6.726083323115745770e+03 1.396146550437698607e-19 6.096387201729143929e-20
6.731089251048801998e+03 1.892355902868711259e-20 6.112262129472786221e-20
6.736095178981857316e+03 5.964258797871150313e-20 6.126205069395110656e-20
6.741101106914913544e+03 4.098644201911865623e-20 6.138082339723776388e-20
6.746107034847968862e+03 -3.708828459104991445e-20 6.158744370656205286e-20
6.751112962781024180e+03 4.148673289208617130e-20 6.028198337927541648e-20
6.756118890714080408e+03 2.196339752919976310e-19 6.040372828679066971e-20
6.761124818647135726e+03 2.591701994165665859e-19 6.075942361288355801e-20
6.766130746580191044e+03 7.935935027063974101e-20 6.113371638530749997e-20
6.771136674513247272e+03 4.951623495889115788e-20 6.166455105602594465e-20
6.776142602446303499e+03 1.695956411361892640e-19 6.316567002943600129e-20
6.781148530379358817e+03 1.560245714931416723e-19 6.503094062101788225e-20
6.786154458312414135e+03 1.540346973271138493e-19 6.574958132991500076e-20
6.791160386245470363e+03 1.829513269141204986e-19 6.421395385434118573e-20
6.796166314178525681e+03 2.859706130698376982e-19 6.245188990580351441e-20
6.801172242111580999e+03 8.745002303716475730e-20 6.221387231593424280e-20
6.806178170044637227e+03 2.030966232176265026e-19 6.168658591642621217e-20
6.811184097977693455e+03 1.211522918430806440e-19 6.067988721774133967e-20
6.816190025910748773e+03 2.245326642303680430e-19 6.007785543726683973e-20
6.821195953843804091e+03 1.156349476249527036e-19 7.354157106182093431e-20
6.826201881776860318e+03 1.167667119352455486e-19 1.017764082397958957e-19
6.831207809709915637e+03 1.453215400644890574e-19 1.151347260767805406e-19
6.836213737642970955e+03 1.517422791375770238e-20 9.841430817525751509e-20
6.841219665576027182e+03 4.697602312932446913e-20 7.429447324399275286e-20
6.846225593509082501e+03 2.220314191610883360e-19 6.434338147371016405e-20
6.851231521442138728e+03 8.660793855752413513e-20 5.799024614092735184e-20
6.856237449375194046e+03 1.627424972958846166e-19 7.466066431555257418e-20
6.861243377308250274e+03 1.826485274214203107e-19 1.140968133959553208e-19
6.866249305241305592e+03 8.068903259941023552e-20 1.315970225497964540e-19
6.871255233174360910e+03 2.949723446996326169e-19 1.082515658322185937e-19
6.876261161107417138e+03 3.059856300583287415e-19 9.723737441911644464e-20
6.881267089040473365e+03 1.205876683944793933e-19 8.504845366177196618e-20
6.886273016973527774e+03 2.088719161985332077e-19 9.250455538588794330e-20
6.891278944906584002e+03 2.309765295252122159e-19 8.620341586074685900e-20
6.896284872839640229e+03 1.340738264781115368e-19 9.623508392668287963e-20
6.901290800772695547e+03 1.166874772150102022e-19 9.117288633605055116e-20
6.906296728705750866e+03 2.765098722648738106e-19 9.325157149364023240e-20
6.911302656638807093e+03 1.013289093985192891e-19 9.235124804804950224e-20
6.916308584571862411e+03 9.817590649440870726e-20 1.032908015725454551e-19
6.921314512504917730e+03 1.414294822934997682e-19 1.065903789422486123e-19
6.926320440437973957e+03 4.319855742835028583e-20 9.967386020613849997e-20
6.931326368371030185e+03 9.030421412884221186e-20 7.217556024379582310e-20
6.936332296304085503e+03 -4.818426363170082244e-20 7.770582488385344655e-20
6.941338224237140821e+03 8.164450811104894435e-20 9.095632977304446031e-20
6.946344152170197049e+03 2.900606042882405193e-19 9.834240899801551516e-20
6.951350080103252367e+03 1.063306357342971160e-19 9.103272047961206892e-20
6.956356008036307685e+03 2.083211046359731254e-19 6.640913974337191725e-20
6.961361935969363913e+03 1.951106560529944820e-19 6.084555768109425951e-20
6.966367863902420140e+03 2.041145149334767339e-20 6.684730072894215608e-20
6.971373791835475458e+03 1.200766763899951406e-19 7.465889076378784784e-20
6.976379719768530776e+03 1.869176303937557025e-19 7.931661300913952799e-20
6.981385647701587004e+03 -1.215573790803075132e-19 7.539412975445550621e-20
6.986391575634642322e+03 1.357923161327715910e-19 6.007210108072148928e-20
6.991397503567697640e+03 1.614074308884287691e-19 5.686633794247759935e-20
6.996403431500753868e+03 1.707029025412655819e-19 5.974810894743516812e-20
7.001409359433810096e+03 7.110021090231790062e-20 6.394705132530752062e-20
7.006415287366865414e+03 9.972880225202256602e-20 7.109345361489414899e-20
7.011421215299920732e+03 1.346166889059454756e-19 6.944669990210427288e-20
7.016427143232976960e+03 1.633673890073481391e-19 6.438584360757993316e-20
7.021433071166032278e+03 8.335249183891828137e-20 5.866727441536647224e-20
7.026438999099087596e+03 -2.769318247586605600e-20 6.150721485543545354e-20
7.031444927032143823e+03 1.193366551153227293e-20 6.324442173333470419e-20
7.036450854965200051e+03 1.534523337374135605e-19 6.732801956228147057e-20
7.041456782898254460e+03 1.447100896104036221e-19 7.401091306156614281e-20
7.046462710831310687e+03 2.912898143246560325e-19 7.967426555139310642e-20
7.051468638764366915e+03 1.602293521812830478e-19 7.606557485310887612e-20
7.056474566697422233e+03 1.321396807062023721e-19 6.706708757186621428e-20
7.061480494630477551e+03 1.220830483690974064e-19 6.541822230504019360e-20
7.066486422563533779e+03 7.190418139258544483e-20 6.616579833964285310e-20
7.071492350496589097e+03 1.751595251086027604e-19 6.456314757470810616e-20
7.076498278429644415e+03 1.572738796130327029e-19 6.359594760372430109e-20
7.081504206362700643e+03 7.289935383088576317e-20 6.338338507408243307e-20
7.086510134295756870e+03 9.087838807631834650e-20 6.362871671583032095e-20
7.091516062228812189e+03 -4.124373673253708923e-21 6.020136945184092782e-20
7.096521990161867507e+03 3.989840186519319214e-20 5.619603981251838467e-20
7.101527918094923734e+03 -1.769578122510071301e-20 5.441716683470495067e-20
7.106533846027979052e+03 1.244383913596980505e-19 5.453668252550933990e-20
7.111539773961034371e+03 -1.797136024810675845e-21 5.413184518377470938e-20
7.116545701894090598e+03 1.163831714166814621e-19 5.383449556928127286e-20
7.121551629827146826e+03 1.965719037146362183e-20 5.530802623236673278e-20
7.126557557760202144e+03 6.485686771506149557e-20 5.808558081625987544e-20
7.131563485693257462e+03 1.894729882773392145e-19 5.937627733640600117e-20
7.136569413626313690e+03 1.122738923261011756e-19 6.092681859439692963e-20
7.141575341559369008e+03 2.530116641203644893e-19 6.573974266870667323e-20
7.146581269492424326e+03 -3.589273821719713935e-20 6.815085397224755334e-20
7.151587197425480554e+03 2.079465366562102047e-19 6.537017926819552178e-20
7.156593125358536781e+03 2.238132356482544643e-19 6.567080637901521604e-20
7.161599053291592099e+03 3.958732812668076690e-20 6.873668970237434790e-20
7.166604981224647418e+03 7.018689013336651841e-20 7.003757711375255381e-20
7.171610909157703645e+03 1.254081205609244843e-19 6.916376822191156792e-20
7.176616837090758963e+03 1.441098957222720481e-19 6.842321425841090644e-20
7.181622765023814281e+03 1.696376066916228783e-19 6.487861248422556978e-20
7.186628692956870509e+03 1.057144120306145493e-19 6.027670135750645572e-20
7.191634620889926737e+03 2.070470917173328382e-19 5.784754052066763102e-20
7.196640548822981145e+03 1.263688436372800174e-19 5.748961425718734222e-20
7.201646476756037373e+03 5.573477350164916712e-20 5.666801702810217893e-20
7.206652404689093601e+03 1.796745141527015385e-19 5.561673745448672105e-20
7.211658332622148919e+03 1.495105792261921577e-19 5.514973624489407224e-20
7.216664260555204237e+03 2.062372128840701659e-19 5.617484974940755801e-20
7.221670188488260465e+03 1.526551441748940612e-19 5.803892387939125176e-20
7.226676116421315783e+03 2.075669075073978288e-19 5.986292716013530416e-20
7.231682044354371101e+03 7.123068875915549293e-20 7.865390523617296919e-20
7.236687972287427328e+03 8.495513118200837250e-21 1.299765970361271618e-19
7.241693900220483556e+03 -4.097237649880506116e-20 1.580954188523369675e-19
7.246699828153538874e+03 1.984956703557649865e-19 1.398610788086328405e-19
7.251705756086594192e+03 4.274952943941164690e-19 1.006903938050840102e-19
7.256711684019650420e+03 1.588133637341782935e-19 7.921872385732576315e-20
7.261717611952705738e+03 6.240314875945418680e-20 6.691081754183459644e-20
7.266723539885761056e+03 6.640826261418958798e-20 7.598899427103833773e-20
7.271729467818817284e+03 2.034861932180396073e-19 1.394167756499097025e-19
7.276735395751873511e+03 -1.307334422224553870e-19 1.596967102518408795e-19
7.281741323684928830e+03 3.687469152754100316e-19 1.458200399746594745e-19
7.286747251617984148e+03 2.653673695621384768e-19 1.115205937715840207e-19
7.291753179551040375e+03 2.934014706383183816e-19 9.108292133182472830e-20
7.296759107484095694e+03 1.011048791746906831e-19 9.257020820558251199e-20
7.301765035417151012e+03 2.253883698037582085e-19 9.685870798655707118e-20
7.306770963350207239e+03 2.643151112632086098e-19 9.833964455788033568e-20
7.311776891283263467e+03 6.861555585060830222e-20 1.310636048011520132e-19
7.316782819216318785e+03 -1.148112524237311038e-19 1.332177585974612359e-19
7.321788747149374103e+03 8.258060891957888779e-20 1.086733543208283927e-19
7.326794675082430331e+03 5.111230960488477140e-21 9.582598336866975828e-20
7.331800603015485649e+03 -5.963419532720025470e-21 1.041505469648285030e-19
7.336806530948540967e+03 1.201565440987116295e-19 1.347050137402433572e-19
7.341812458881597195e+03 1.116427048762012004e-19 1.376005222506204092e-19
7.346818386814653422e+03 -1.588824092676735198e-19 9.986934942561492652e-20
7.351824314747707831e+03 9.840945368837373739e-20 8.085761445065045216e-20
7.356830242680764059e+03 2.208473179277566169e-19 9.341520010673826251e-20
7.361836170613820286e+03 1.353513520382194955e-19 1.089454858464179600e-19
7.366842098546875604e+03 1.329540084303698046e-19 1.254405764232045116e-19
7.371848026479930923e+03 6.092626365841194955e-20 1.219339105564338239e-19
7.376853954412987150e+03 -2.517323903383793922e-20 7.769894097637817199e-20
7.381859882346043378e+03 1.675345307265030568e-19 6.197096086560565793e-20
7.386865810279097786e+03 1.249821075756229163e-19 7.989389210039421713e-20
7.391871738212154014e+03 1.670999308794938613e-20 8.894682277185285054e-20
7.396877666145210242e+03 9.725109557601833042e-20 1.120766912697507383e-19
7.401883594078265560e+03 2.452237537046299234e-19 1.113641149217955152e-19
7.406889522011320878e+03 8.239127409091881275e-20 9.524496421348228057e-20
7.411895449944377106e+03 6.311503252460641799e-20 6.746212376988455787e-20
7.416901377877432424e+03 7.922926002953336249e-20 6.734743766436985942e-20
7.421907305810487742e+03 5.057517607924354130e-20 7.062698517635501822e-20
7.426913233743543969e+03 1.883862721400685161e-19 8.031908867523779199e-20
7.431919161676600197e+03 3.445117196969857702e-20 9.178603348176701425e-20
7.436925089609655515e+03 1.538112704068019666e-19 9.320144969128884978e-20
7.441931017542710833e+03 -7.595579790924689378e-20 8.443353915861036233e-20
7.446936945475767061e+03 1.074742560852922079e-19 6.074807351830763755e-20
7.451942873408822379e+03 8.915549801841877883e-20 5.834497567225233658e-20
7.456948801341877697e+03 1.231072935233441478e-19 6.319726193186880779e-20
7.461954729274933925e+03 1.404810693145664020e-19 7.322257286803290379e-20
7.466960657207990153e+03 2.393738189505806985e-19 8.643374254215372550e-20
7.471966585141045471e+03 1.364832053659534463e-21 9.228503962122766424e-20
7.476972513074100789e+03 2.208560128684726489e-19 1.000551902320949395e-19
7.481978441007157016e+03 1.598756684124024232e-19 9.418785754282565165e-20
7.486984368940212335e+03 1.529615381077868051e-19 8.119054578169761455e-20
7.491990296873267653e+03 2.233170260511569030e-19 6.671209462612447161e-20
7.496996224806323880e+03 1.491134128355881366e-19 6.330189071525711674e-20
7.502002152739380108e+03 5.445516437196707486e-20 5.719413810370281072e-20
7.507008080672435426e+03 1.567853061869823683e-19 5.621308334279017545e-20
7.512014008605490744e+03 9.183303174164628674e-20 6.100911057549139019e-20
7.517019936538546972e+03 8.305825699569575474e-20 9.238060424713010756e-20
7.522025864471602290e+03 -1.049154837984234236e-20 1.214136093052493518e-19
7.527031792404657608e+03 2.456218229463096528e-19 1.253867915069058451e-19
7.532037720337713836e+03 2.032938033689857660e-19 9.116329745566188500e-20
7.537043648270770063e+03 1.300033483848034816e-19 7.606569334839996799e-20
7.542049576203824472e+03 1.156173276273175065e-19 7.019697249222693512e-20
7.547055504136880700e+03 9.733525904562094796e-20 6.799028911161442012e-20
7.552061432069936927e+03 1.453889251000602865e-19 7.819459087444654101e-20
7.557067360002992245e+03 7.838824543167460892e-20 8.071628639019829372e-20
7.562073287936047564e+03 -1.236236891024760069e-19 8.058495254465278369e-20
7.567079215869103791e+03 8.774442021355766872e-20 1.064622382396456007e-19
7.572085143802159109e+03 2.113540809571625032e-19 1.101200088659761828e-19
7.577091071735214427e+03 1.173946474746397000e-19 8.907604170071455723e-20
7.582096999668270655e+03 -4.820869211378387825e-20 7.633032076165437642e-20
7.587102927601326883e+03 6.422578173833680389e-20 7.582889932436842281e-20
7.592108855534382201e+03 1.272327997663430944e-19 9.233975960034655830e-20
7.597114783467437519e+03 5.650874410836262126e-20 1.327114197988180862e-19
7.602120711400493747e+03 8.095993501532803779e-20 1.850896436507875211e-19
7.607126639333549065e+03 1.968718844931897337e-19 1.589070135661792248e-19
7.612132567266604383e+03 1.073712658387928921e-19 1.562022971260289064e-19
7.617138495199660611e+03 3.074843182959121636e-19 1.065842837678565744e-19
7.622144423132716838e+03 -1.085575551228205451e-19 1.067146241273354566e-19
7.627150351065772156e+03 -7.306082603285120696e-20 1.241580738755399965e-19
7.632156278998827474e+03 3.565388221410418994e-19 1.416056554430635335e-19
7.637162206931883702e+03 3.777671298079903046e-19 1.083459788816538862e-19
7.642168134864939020e+03 -3.558671298339088029e-20 9.853048817562701413e-20
7.647174062797994338e+03 -3.722124942340256573e-20 9.394261900983184393e-20
7.652179990731050566e+03 1.807962026041655486e-20 9.221169486715550633e-20
7.657185918664106794e+03 9.744572060992497163e-20 1.019467573465723312e-19
7.662191846597162112e+03 2.774274591559970626e-19 9.479868325766379362e-20
7.667197774530217430e+03 2.396670830721838944e-19 9.246470458873984345e-20
7.672203702463273657e+03 1.757716733970204709e-19 7.948277993494646523e-20
7.677209630396328976e+03 5.043987752504334180e-20 7.759097555626245119e-20
7.682215558329384294e+03 1.298390988352674068e-20 8.222875012572510017e-20
7.687221486262440521e+03 5.892232593786056929e-20 8.724289132420718073e-20
7.692227414195496749e+03 2.063022188051555157e-19 8.882668500206288614e-20
7.697233342128551158e+03 2.885459980896821738e-20 8.746680079336932691e-20
7.702239270061607385e+03 2.617163517398839206e-19 9.263145425789823003e-20
7.707245197994663613e+03 1.954103143709961951e-19 1.690733315430416423e-19
7.712251125927718931e+03 3.832224089906741938e-19 1.888843806570288339e-19
7.717257053860774249e+03 -1.950637895068649253e-19 1.812746510651004526e-19
7.722262981793830477e+03 2.454686758092671770e-19 1.348457650830485094e-19
7.727268909726885795e+03 2.003297566698148591e-19 9.616441074757121076e-20
7.732274837659941113e+03 6.522698328628286939e-20 7.896378251753358965e-20
7.737280765592997341e+03 1.773328784847172594e-19 7.142197882378369495e-20
7.742286693526053568e+03 2.523048179849266442e-20 9.787562772505192251e-20
7.747292621459108886e+03 3.091810512413025888e-19 1.616493232926882858e-19
7.752298549392164205e+03 3.127708606236708360e-19 1.711188424327296841e-19
7.757304477325220432e+03 1.320269490747541711e-19 1.361183873781108839e-19
7.762310405258275750e+03 5.039923226716118224e-20 1.084444670344117154e-19
7.767316333191331069e+03 1.127521888740046234e-19 9.333775229304376837e-20
7.772322261124387296e+03 1.957452608059226843e-19 1.024508690470401345e-19
7.777328189057443524e+03 2.572209379768288637e-19 1.149752091792351314e-19
7.782334116990498842e+03 2.982476288175096147e-19 1.039150277222543912e-19
7.787340044923554160e+03 2.277402433197730748e-19 1.285743361794913706e-19
7.792345972856610388e+03 1.381519614239751523e-19 1.610694336347300516e-19
7.797351900789665706e+03 3.210650517353756702e-19 1.514754952641450494e-19
7.802357828722721024e+03 -1.300253990404622951e-20 1.111809055064025299e-19
7.807363756655777252e+03 9.624834109244094677e-20 1.199374525639158884e-19
7.812369684588833479e+03 -5.514023185119511178e-21 1.256493741895373816e-19
7.817375612521888797e+03 1.664588987694509881e-19 1.668793829030233474e-19
7.822381540454944115e+03 2.692342442586875912e-20 1.688332163490569882e-19
7.827387468388000343e+03 3.838095768380975598e-19 1.181226466649634683e-19
7.832393396321055661e+03 2.937417283241064562e-19 7.716077520557045654e-20
7.837399324254110979e+03 7.023952598207619390e-20 1.008411657570240629e-19
7.842405252187167207e+03 3.425428994552381761e-19 1.079179558378035361e-19
7.847411180120223435e+03 1.331863177611729740e-19 1.491245228155276364e-19
7.852417108053277843e+03 3.817730342051524168e-20 1.733711803726660215e-19
7.857423035986334071e+03 3.424268785207825929e-19 1.680691749940781866e-19
7.862428963919390299e+03 2.900441354799368894e-19 1.318037583258617796e-19
7.867434891852445617e+03 2.187188508292856097e-19 1.307387212517528827e-19
7.872440819785500935e+03 2.106397559645594495e-19 1.309187242329765160e-19
7.877446747718557162e+03 3.229716085482553337e-19 1.194500963333267228e-19
7.882452675651613390e+03 -1.578189342338367268e-19 1.256859305726471267e-19
7.887458603584667799e+03 1.212707305514843770e-19 1.333490774384482389e-19
7.892464531517724026e+03 2.252983662907362526e-19 1.238164875198653408e-19
7.897470459450780254e+03 2.078859896261257024e-19 8.420681041045008829e-20
7.902476387383835572e+03 1.170968490612363491e-19 7.406600869882827147e-20
7.907482315316890890e+03 8.756931306881995680e-20 1.494965263249657118e-19
7.912488243249947118e+03 2.224574533580960863e-19 1.945921087906822283e-19
7.917494171183002436e+03 2.540303385182474878e-19 2.031378903547734604e-19
7.922500099116057754e+03 2.486334187005368113e-19 1.499469792623796160e-19
7.927506027049113982e+03 4.226757661396113058e-19 1.369298707534237774e-19
7.932511954982170209e+03 8.824083576697251804e-20 1.226495101856555682e-19
7.937517882915225528e+03 1.357972214121968966e-19 9.381533936960649930e-20
7.942523810848280846e+03 1.500776635188201703e-19 9.433168853097683995e-20
7.947529738781337073e+03 -1.574915623575068782e-19 1.067507844030236264e-19
7.952535666714392391e+03 1.013714855462237356e-19 9.616426786806895964e-20
7.957541594647447710e+03 2.844739291933671992e-19 1.171917719021824229e-19
7.962547522580503937e+03 1.211641152385161273e-19 1.568727711782344096e-19
7.967553450513560165e+03 1.086885483249718715e-19 1.492007483325053114e-19
7.972559378446615483e+03 2.684109949946979965e-19 1.096887093591975145e-19
7.977565306379670801e+03 2.398866312258398616e-19 1.147033621790578240e-19
7.982571234312727029e+03 8.756320718730744517e-20 1.091373825742806629e-19
7.987577162245782347e+03 1.385303126010997013e-19 1.391340940305022218e-19
7.992583090178837665e+03 -1.061022162912401061e-19 1.587846435112163199e-19
7.997589018111893893e+03 -1.919143683100882555e-19 1.368613415215622815e-19
8.002594946044950120e+03 6.405137335440290390e-20 7.412859486402754650e-20
8.007600873978005438e+03 1.375992404683530097e-20 8.429139241742418775e-20
8.012606801911060757e+03 -1.135068554400370386e-19 1.000096487907426891e-19
8.017612729844116984e+03 1.988096849252437560e-20 1.157601788285890429e-19
8.022618657777172302e+03 1.169016280360885723e-19 1.426659738885889930e-19
8.027624585710227620e+03 1.799331708726141584e-20 1.441182518681245203e-19
8.032630513643283848e+03 1.267064096119166433e-19 9.925346332840875594e-20
8.037636441576340076e+03 1.927338737137492649e-19 6.831332355220054180e-20
8.042642369509394484e+03 2.525832896547548916e-19 6.957755328566888484e-20
8.047648297442450712e+03 1.851642660573565158e-19 9.028817201869202931e-20
8.052654225375506940e+03 1.560285178503601677e-19 9.891689731118310761e-20
8.057660153308562258e+03 2.402724225385228196e-19 1.207116692275830850e-19
8.062666081241617576e+03 8.154300189860635871e-21 1.186831922309677916e-19
8.067672009174673803e+03 2.610651582230656927e-20 9.313463409568719126e-20
8.072677937107729122e+03 1.193308903622152391e-19 6.908990959154787987e-20
8.077683865040784440e+03 -4.263271180405613696e-20 6.956604335802244697e-20
8.082689792973840667e+03 2.648103585276167301e-19 6.928194331687899711e-20
8.087695720906896895e+03 1.253674161547874450e-19 7.356721423711313710e-20
8.092701648839952213e+03 1.247346479983422279e-19 7.547247895069443621e-20
8.097707576773007531e+03 1.091269257373448321e-19 8.664172427580174713e-20
8.102713504706063759e+03 1.172171462122978845e-19 8.425926653606889483e-20
8.107719432639119077e+03 2.127715291306779628e-19 7.291958432518919436e-20
8.112725360572174395e+03 1.993349890246855500e-19 5.974718397397246432e-20
8.117731288505230623e+03 1.483052614041273772e-19 5.779450983911117209e-20
8.122737216438286850e+03 -1.875433319252413593e-21 5.889308393857697198e-20
8.127743144371342169e+03 1.892434116347406739e-19 6.124618002517299460e-20
8.132749072304397487e+03 2.076940665250092197e-19 6.649786731708201829e-20
8.137755000237453714e+03 1.088106846170784106e-19 7.133060860617900023e-20
8.142760928170509032e+03 1.810579748541719584e-19 7.703714568078676793e-20
8.147766856103564351e+03 2.065367538264930205e-19 7.366339791902003518e-20
8.152772784036620578e+03 5.371378719722144570e-20 6.580818434598239073e-20
8.157778711969676806e+03 1.462925088002943060e-19 6.115225498672542809e-20
8.162784639902732124e+03 1.099686933692200750e-19 6.142140719460213487e-20
8.167790567835787442e+03 2.258458585589451664e-19 6.005483852715878136e-20
8.172796495768843670e+03 7.700137908697715874e-20 6.080907757575319334e-20
8.177802423701898988e+03 -3.209133451185412489e-20 6.198425255166012683e-20
8.182808351634954306e+03 1.265584647352803160e-19 6.623280103656791788e-20
8.187814279568010534e+03 1.422530900386345682e-19 7.063864882144593358e-20
8.192820207501066761e+03 1.187786170751707363e-19 7.131352934038759157e-20
8.197826135434121170e+03 -4.031510102116258640e-20 6.671374189963110207e-20
8.202832063367177398e+03 1.017111044991027801e-19 6.431515478474996619e-20
8.207837991300233625e+03 1.440738792859806878e-19 6.749070555366461262e-20
8.212843919233288034e+03 1.640179560969913328e-19 6.831540650873993146e-20
8.217849847166344261e+03 7.216607643162386835e-20 6.184347819800813654e-20
8.222855775099400489e+03 3.591083952289148262e-21 5.876548550224792824e-20
8.227861703032456717e+03 4.389830059959773798e-20 5.715258219075634129e-20
8.232867630965511125e+03 9.375096529185031740e-20 5.683836567649789876e-20
8.237873558898567353e+03 7.676424989084761624e-20 5.954194595862416930e-20
8.242879486831623581e+03 2.114932465843488361e-19 6.311388712736565272e-20
8.247885414764677989e+03 1.814918544054338027e-19 6.242960084296050608e-20
8.252891342697734217e+03 2.600457366215197639e-19 6.017811384846906361e-20
8.257897270630790445e+03 2.291635618291000159e-19 5.807340626595064576e-20
8.262903198563846672e+03 3.436822869488081025e-19 5.746202866823361903e-20
8.267909126496901081e+03 1.935625432744364246e-19 6.025345065901576816e-20
8.272915054429957308e+03 2.305412815675568319e-19 9.601954316324104238e-20
8.277920982363013536e+03 2.844446210074478171e-20 1.428876396470980132e-19
8.282926910296067945e+03 -3.433903474032961108e-20 1.806450313004377429e-19
8.287932838229124172e+03 1.222392104613753034e-19 1.739698967803708186e-19
8.292938766162180400e+03 4.850710767159900483e-19 1.881523629868234785e-19
8.297944694095236628e+03 3.323665403710768903e-19 1.806726832911098709e-19
8.302950622028291036e+03 -4.346122650400217719e-20 1.572432246581361545e-19
8.307956549961347264e+03 1.250595375823129996e-19 1.158783386906368765e-19
8.312962477894403492e+03 2.387435075358900783e-19 1.101412601753899779e-19
8.317968405827457900e+03 -8.075360051601835933e-20 8.104153093988855388e-20
8.322974333760514128e+03 1.145078582238140993e-19 6.795338493636911819e-20
8.327980261693570355e+03 2.355678680634219423e-19 6.285331526082694278e-20
8.332986189626626583e+03 1.376241312638482692e-19 7.365855942599044909e-20
8.337992117559680992e+03 -1.361259966964399305e-19 1.906489561992505824e-19
8.342998045492737219e+03 7.492642392982441613e-19 2.416317298414813449e-19
8.348003973425793447e+03 -7.565946350264448392e-19 2.382869230064178026e-19
8.353009901358847856e+03 -1.146248411781288301e-19 1.548224066080919125e-19
8.358015829291904083e+03 2.221962321800429147e-19 1.246295642536813023e-19
8.363021757224960311e+03 2.365484089087572303e-19 1.025883787620719808e-19
8.368027685158016538e+03 3.286082789116899648e-19 9.040537273681880582e-20
8.373033613091070947e+03 -6.395431704024434831e-20 7.636630700853625752e-20
8.378039541024127175e+03 1.778571999541565995e-19 1.146235767877018202e-19
8.383045468957181583e+03 -4.133323482963563065e-20 1.190071479256265232e-19
8.388051396890237811e+03 4.920875802489410610e-20 9.498423893193870566e-20
8.393057324823294039e+03 2.460223500081561015e-19 1.601304880881934044e-19
8.398063252756350266e+03 1.928420171172928748e-19 1.965317741967701507e-19
8.403069180689406494e+03 1.233669054839735765e-19 1.737535770709110015e-19
8.408075108622460903e+03 8.715129795194217444e-21 1.089373744686969143e-19
8.413081036555517130e+03 1.479006766375147819e-19 1.330109320588745320e-19
8.418086964488571539e+03 9.486092011582686391e-20 1.321897821491018460e-19
8.423092892421627766e+03 1.188480508980494098e-19 1.646399180850326727e-19
8.428098820354683994e+03 1.639886304401252225e-19 2.261909688789113279e-19
8.433104748287740222e+03 -6.200253715689072319e-20 2.154063802181857004e-19
8.438110676220796449e+03 1.789806132137086292e-19 1.060885251579663823e-19
8.443116604153850858e+03 1.382670025970492165e-19 8.871486241787129403e-20
8.448122532086907086e+03 -2.330477091863250216e-19 1.357516065481844394e-19
8.453128460019961494e+03 -4.656517761977673436e-20 1.366806618348926085e-19
8.458134387953017722e+03 3.175506257709144934e-19 1.573568011151418377e-19
8.463140315886073950e+03 1.202686493616418876e-19 1.904326969558248113e-19
8.468146243819130177e+03 -1.813774937512395367e-19 1.757262166091359032e-19
8.473152171752186405e+03 1.023955188430915375e-19 8.907713326964084005e-20
8.478158099685240813e+03 2.443670824844542205e-19 6.466951116222016840e-20
8.483164027618297041e+03 1.893440642160021002e-19 6.354990735123073375e-20
8.488169955551351450e+03 1.833087823143820042e-19 9.702894968007906068e-20
8.493175883484407677e+03 -4.138483825237926287e-20 1.082207270692315336e-19
8.498181811417463905e+03 -1.549402765004118692e-19 1.310974975227806373e-19
8.503187739350520133e+03 2.510926123356957833e-22 1.400043184101381646e-19
8.508193667283574541e+03 1.035125131080296766e-20 1.248561195094026725e-19
8.513199595216630769e+03 6.666057750610573216e-20 6.888815863606775061e-20
8.518205523149686996e+03 6.834867935218334360e-20 6.042647807824128938e-20
8.523211451082741405e+03 1.771124031483123010e-19 6.011156493580646151e-20
8.528217379015797633e+03 1.403732561208533764e-19 5.957010817337319513e-20
8.533223306948853860e+03 4.659311994663631545e-20 7.771990068321985373e-20
8.538229234881910088e+03 6.924958589181697519e-20 8.766393186514265402e-20
8.543235162814964497e+03 6.648676074747136375e-20 1.080505136602599321e-19
8.548241090748020724e+03 -1.341440244898531271e-19 1.087799664498193583e-19
8.553247018681076952e+03 8.090947235015418321e-20 9.435125880633811307e-20
8.558252946614131361e+03 1.467827854956576158e-19 6.519893526916738224e-20
8.563258874547187588e+03 1.428497669577962376e-19 6.406003402925222807e-20
8.568264802480243816e+03 1.674698095555737135e-19 6.888208870747846325e-20
8.573270730413300043e+03 4.289476692525265131e-21 7.220590544106945528e-20
8.578276658346354452e+03 7.276122081518319726e-20 7.045940502370368343e-20
8.583282586279410680e+03 1.673656856783680852e-19 7.752385303619290175e-20
8.588288514212466907e+03 1.647186432591113599e-19 8.312750564159446954e-20
8.593294442145521316e+03 2.563290371088777122e-19 8.859642740264145117e-20
8.598300370078577544e+03 1.339979957342366132e-19 8.203123749441205202e-20
8.603306298011633771e+03 -1.169048678837100008e-19 7.216256849029443332e-20
8.608312225944689999e+03 -5.460206765660496821e-21 8.112943134740184401e-20
8.613318153877744408e+03 -1.944027876827646548e-19 1.098331128385293137e-19
8.618324081810800635e+03 1.836595755902736580e-19 1.432295717419861682e-19
8.623330009743856863e+03 3.609777308996708945e-20 1.689733834043065737e-19
8.628335937676911271e+03 1.734656348960485487e-19 1.777862938148936684e-19
8.633341865609967499e+03 1.916553483932654269e-19 1.658182471002393369e-19
8.638347793543023727e+03 1.002590387544702420e-19 1.373820278902713493e-19
8.643353721476079954e+03 -1.862269532667470522e-19 1.262060487892655353e-19
8.648359649409134363e+03 2.328598559529345896e-19 1.483602072485487476e-19
8.653365577342190591e+03 -5.286460594940943271e-20 1.746320508819727675e-19
8.658371505275246818e+03 2.962964034162077077e-19 1.815037266108084189e-19
8.663377433208301227e+03 1.096717830416174320e-19 1.770009828936986472e-19
8.668383361141357454e+03 1.510271807024884942e-19 1.636113655653793555e-19
8.673389289074413682e+03 -4.694601535639849007e-20 1.459126969584259773e-19
8.678395217007469910e+03 2.613270630489127971e-19 1.281126727841567688e-19
8.683401144940524318e+03 1.715609451520823401e-19 1.114485201657035635e-19
8.688407072873580546e+03 -2.294225315437813160e-20 9.779980519871230408e-20
8.693413000806636774e+03 1.430553279138711387e-19 9.131615432439618233e-20
8.698418928739691182e+03 1.998509386678818618e-19 8.937542501765664231e-20
8.703424856672747410e+03 -1.394827508424579268e-19 8.887728152326934025e-20
8.708430784605803638e+03 1.855447751737894091e-19 8.110016624052663909e-20
8.713436712538859865e+03 1.282406034843701308e-19 7.168099939951457145e-20
8.718442640471914274e+03 5.786959912553327850e-20 6.718119776421445255e-20
8.723448568404970501e+03 9.254402077937713097e-20 6.755608956893315581e-20
8.728454496338024910e+03 6.026868539570375223e-20 6.691465044674185089e-20
8.733460424271081138e+03 3.953186641713487126e-20 6.721380393986742238e-20
8.738466352204137365e+03 1.170251704422512394e-19 6.944174759636047996e-20
8.743472280137193593e+03 7.062077405380422603e-21 6.934820989978955212e-20
8.748478208070249821e+03 1.710483853653982418e-19 7.321532660598609797e-20
8.753484136003304229e+03 2.373408458495215930e-19 1.393666502270524148e-19
8.758490063936360457e+03 2.706193094647621295e-19 2.075165316384696009e-19
8.763495991869414866e+03 1.405405537319299212e-19 2.553449306102225321e-19
8.768501919802471093e+03 -1.795899865309054260e-19 2.341547723608258510e-19
8.773507847735527321e+03 -5.696221548510076701e-20 2.422633072981011152e-19
8.778513775668583548e+03 2.347516810692886071e-19 2.236759054213672226e-19
8.783519703601639776e+03 2.336001685300187195e-19 1.704601513210597957e-19
8.788525631534694185e+03 1.526150933441359357e-19 1.375382768857422201e-19
8.793531559467750412e+03 -5.110825628442280770e-20 1.322052468861565583e-19
8.798537487400804821e+03 1.515174520512319204e-19 8.666072352026919697e-20
8.803543415333861049e+03 4.604336202658123094e-20 7.827589828619179885e-20
8.808549343266917276e+03 1.412475571435387880e-19 8.435998826935044967e-20
8.813555271199973504e+03 6.806061708391069309e-20 8.506153144528540703e-20
8.818561199133029731e+03 -1.142133708091721378e-19 1.952103376050225089e-19
8.823567127066084140e+03 4.952794133918084015e-19 3.472956305744434964e-19
8.828573054999140368e+03 -8.836263642861369324e-20 3.761926217571986121e-19
8.833578982932194776e+03 1.300011608797861057e-19 2.831904186981002618e-19
8.838584910865251004e+03 1.669382787627068712e-20 2.104377747074024651e-19
8.843590838798307232e+03 1.388737566268496956e-19 1.438824594983830247e-19
8.848596766731363459e+03 5.317108078549717177e-20 1.327853962772370249e-19
8.853602694664417868e+03 4.976731881386113592e-19 1.164937708406846473e-19
8.858608622597474096e+03 2.231685473941010164e-19 1.128169771785479765e-19
8.863614550530530323e+03 7.361228803653177548e-20 1.651857655409193986e-19
8.868620478463584732e+03 -1.650636805969027586e-19 1.615555415858210803e-19
8.873626406396640959e+03 1.223769923471052535e-19 1.095276620883648117e-19
8.878632334329697187e+03 -3.582485759660937252e-19 1.919878584848449287e-19
8.883638262262753415e+03 2.660784639948533902e-19 2.584185876673803133e-19
8.888644190195807823e+03 -1.072112167573255408e-19 2.403307805585450039e-19
8.893650118128864051e+03 -1.799997591713413077e-19 1.320132376257282983e-19
8.898656046061920279e+03 2.254637813616284265e-19 1.704666058890203431e-19
8.903661973994974687e+03 1.190778420812100031e-19 1.785231839456350656e-19
8.908667901928030915e+03 -1.530993012088969314e-19 1.436125914665133045e-19
8.913673829861087142e+03 -1.262652783720125206e-19 2.420220451540239484e-19
8.918679757794143370e+03 5.737694382200644492e-19 2.878624927473236134e-19
8.923685685727199598e+03 2.952044453109161496e-20 2.455370100044926540e-19
8.928691613660254006e+03 4.204264505312140718e-20 1.126023665074898330e-19
8.933697541593308415e+03 2.191359668720152868e-20 1.037798916437652637e-19
8.938703469526364643e+03 2.881595559955153778e-19 1.696949208919927172e-19
8.943709397459420870e+03 2.407416225953307154e-19 1.818866816446616779e-19
8.948715325392477098e+03 -2.512041774188615504e-20 1.722739607399174780e-19
8.953721253325533326e+03 2.576697807300543855e-19 2.653683101399183706e-19
8.958727181258589553e+03 2.776520041196590107e-19 2.748266778196691850e-19
8.963733109191643962e+03 -2.350242462259011770e-19 1.832487333832409394e-19
8.968739037124698370e+03 5.287058772639535664e-20 9.224429635955141285e-20
8.973744965057754598e+03 9.722485907495149082e-21 9.084413562266025851e-20
8.978750892990810826e+03 1.521843455099793347e-19 1.032353626943209703e-19
8.983756820923867053e+03 8.527650491599963459e-20 1.474393062618513299e-19
8.988762748856923281e+03 1.859596142014918871e-20 1.511039010899802946e-19
8.993768676789977690e+03 1.097370807430532273e-19 1.666292445673828086e-19
8.998774604723033917e+03 2.657555524128593339e-19 1.986704039304171279e-19
9.003780532656088326e+03 4.609607931163666446e-20 1.868612852568604615e-19
9.008786460589144554e+03 2.512254930262647582e-19 9.892491349473039136e-20
9.013792388522200781e+03 1.741788947961711360e-19 7.032304302431253511e-20
9.018798316455257009e+03 1.639738605656193587e-19 7.373518073498739864e-20
9.023804244388313236e+03 8.528270883013632598e-20 7.869476709442146544e-20
9.028810172321367645e+03 1.579893417603639757e-19 8.619096543425790782e-20
9.033816100254423873e+03 2.097242089873066294e-19 1.160748995302653951e-19
9.038822028187478281e+03 1.102046907825464246e-19 1.248604649352156318e-19
9.043827956120534509e+03 -6.012315874827603098e-20 1.518177403641633336e-19
9.048833884053590737e+03 -2.000949226268437110e-19 1.581744818299279369e-19
9.053839811986646964e+03 5.059017215549662785e-20 1.364271068929034332e-19
9.058845739919703192e+03 3.788777490916997131e-20 9.036072290530792372e-20
9.063851667852757600e+03 1.462350904055897893e-19 9.203242513692492663e-20
9.068857595785813828e+03 1.338634550926591591e-19 9.267339262063532986e-20
9.073863523718868237e+03 1.080662909626433115e-19 8.641022097852442385e-20
9.078869451651924464e+03 1.955061600771846998e-19 8.419263063945356329e-20
9.083875379584980692e+03 1.760128774529206772e-19 9.393940091168916521e-20
9.088881307518036920e+03 2.667144910565379737e-19 1.138152602718111152e-19
9.093887235451093147e+03 5.861066774118837797e-21 1.210143324485723803e-19
9.098893163384147556e+03 -5.175817706538195599e-20 1.281316647216508967e-19
9.103899091317203784e+03 4.100851739659152437e-20 1.194070688571616913e-19
9.108905019250258192e+03 1.381391487536095517e-19 8.824817888669709190e-20
9.113910947183314420e+03 1.445964346616328339e-19 7.161670132969013970e-20
9.118916875116370647e+03 3.887563614181202084e-20 6.961518136653969220e-20
9.123922803049426875e+03 -6.881819990789634441e-21 6.874752026589201360e-20
9.128928730982483103e+03 -4.377396662381672813e-21 6.980148444881317061e-20
9.133934658915537511e+03 3.474995969014307516e-20 7.158066783812772588e-20
9.138940586848593739e+03 -1.699661266854005865e-19 7.215115354046036800e-20
9.143946514781648148e+03 3.848076325111172378e-20 8.035943514589340846e-20
9.148952442714704375e+03 2.599882643353935113e-20 9.609633149343789444e-20
9.153958370647760603e+03 1.059409667435195703e-19 1.094202557132397685e-19
9.158964298580816831e+03 2.055054049572921263e-19 1.078341542697596259e-19
9.163970226513873058e+03 1.062520826380888839e-19 9.796186702309201337e-20
9.168976154446927467e+03 -7.805483051157870067e-20 7.834832735654092678e-20
9.173982082379983694e+03 -1.752440857110022991e-20 7.571706888506889654e-20
9.178988010313038103e+03 1.195498930788921274e-19 7.697533220002472182e-20
9.183993938246094331e+03 -1.038552660139628320e-19 7.691906756744415614e-20
9.188999866179150558e+03 -1.652254031184485175e-19 7.634503468994860167e-20
9.194005794112206786e+03 7.638232442442680057e-20 7.857327263607770699e-20
9.199011722045263014e+03 6.350116229902037969e-20 8.354076419839787090e-20
9.204017649978317422e+03 7.395852307886505114e-22 8.638969703218734537e-20
9.209023577911373650e+03 1.744743884526458496e-19 9.667952756638278915e-20
9.214029505844428058e+03 -1.174494334215634658e-19 1.124949372385050272e-19
9.219035433777484286e+03 1.665102470684035752e-19 1.241024425495839418e-19
9.224041361710540514e+03 5.973339739700059224e-20 1.131235486638372788e-19
9.229047289643596741e+03 9.858628130887498420e-20 9.976310746987950507e-20
9.234053217576652969e+03 2.447775610861971824e-19 8.081367977747026310e-20
9.239059145509707378e+03 1.532938927325518376e-19 7.915948193812365360e-20
9.244065073442761786e+03 2.757352717943899883e-19 8.648099061832494264e-20
9.249071001375818014e+03 1.528316133117237219e-19 9.079540715359522934e-20
9.254076929308874242e+03 2.825324966242348806e-20 8.926336146373584820e-20
9.259082857241930469e+03 1.608459447279027319e-19 8.895068835387934243e-20
9.264088785174986697e+03 1.184068916786950393e-19 8.685050000391648987e-20
9.269094713108042924e+03 1.540486222827296676e-19 7.949170113549125334e-20
9.274100641041097333e+03 -6.372145893181603916e-21 7.427302619751031260e-20
9.279106568974151742e+03 -5.010530374117679622e-20 8.838616984943970905e-20
9.284112496907207969e+03 3.842786812228942586e-20 1.047975774612200626e-19
9.289118424840264197e+03 7.848209530037078527e-20 1.164415600491241860e-19
9.294124352773320425e+03 6.681545396634238179e-20 1.183333705573701607e-19
9.299130280706376652e+03 -5.484846785438468212e-20 2.523023427605909116e-19
9.304136208639432880e+03 2.776808375836990937e-19 4.319846230217937086e-19
9.309142136572487289e+03 -1.669793924579502167e-18 5.657891780409388364e-19
9.314148064505541697e+03 5.104518556835075597e-19 6.245925576338392869e-19
9.319153992438597925e+03 -7.881043703035249316e-19 4.451306555953868628e-19
9.324159920371654152e+03 -3.062297663526055390e-19 3.945211957501940299e-19
9.329165848304710380e+03 5.530994136032167235e-19 3.237884572957183349e-19
9.334171776237766608e+03 -1.148364288211471383e-19 3.173670406411753525e-19
9.339177704170821016e+03 2.616600145626966360e-21 2.865726153849687205e-19
9.344183632103877244e+03 -5.169577378853291951e-20 2.320000577191431182e-19
9.349189560036931653e+03 2.341309049622684003e-19 1.712034332532726981e-19
9.354195487969987880e+03 -3.929544251919154940e-19 1.620626475069066955e-19
9.359201415903044108e+03 -6.986407740602250609e-20 1.632058118156310541e-19
9.364207343836100335e+03 3.511808271289690634e-20 2.157629020296856337e-19
9.369213271769156563e+03 -2.009544603837592499e-19 5.198005850682780406e-19
9.374219199702210972e+03 8.407830642592765037e-19 6.744862407554675341e-19
9.379225127635267199e+03 1.920724015804496348e-19 5.509567820105953370e-19
9.384231055568321608e+03 6.724382079334657656e-19 2.753398700829020243e-19
9.389236983501377836e+03 4.796847401109734177e-19 2.062665151701160870e-19
9.394242911434434063e+03 1.880330428882019025e-19 1.730383732763051791e-19
9.399248839367490291e+03 1.048901975210551799e-19 2.182386291333610228e-19
9.404254767300546519e+03 2.116237218290323938e-19 1.928809220244937850e-19
9.409260695233600927e+03 4.831241023945486789e-19 1.518649641719788388e-19
9.414266623166657155e+03 -1.040094824353073652e-20 2.425060830949667067e-19
9.419272551099711563e+03 -2.712803513652618806e-19 3.027290865466515899e-19
9.424278479032767791e+03 2.237058472961968948e-19 2.217905847071992503e-19
9.429284406965824019e+03 -1.374381377920574898e-20 2.155772089598023090e-19
9.434290334898880246e+03 3.205371294252867788e-19 5.131847342768729125e-19
9.439296262831936474e+03 1.044958146530666354e-18 4.950454743769241945e-19
9.444302190764990883e+03 5.285174301509289352e-19 4.581297786912143337e-19
9.449308118698047110e+03 -5.023563356139340853e-19 2.640702688754077154e-19
9.454314046631101519e+03 -6.602159697917395170e-20 3.868366070862160429e-19
9.459319974564157746e+03 1.122061714258924580e-19 4.202224958501488474e-19
9.464325902497213974e+03 -1.412488719007130439e-19 2.962150100691589307e-19
9.469331830430270202e+03 7.878216587009218167e-19 4.295698992754844044e-19
9.474337758363326429e+03 -3.126138453093793099e-19 5.600993635916191843e-19
9.479343686296380838e+03 4.492166942853792049e-19 4.517329422936209249e-19
9.484349614229437066e+03 1.183340868674539893e-19 2.629373682654963929e-19
9.489355542162491474e+03 4.123147802682900794e-20 1.525064389747969063e-19
9.494361470095547702e+03 -7.787082914074785054e-20 2.753504486419423195e-19
9.499367398028603930e+03 7.305669789332078084e-19 4.012919534119474215e-19
9.504373325961660157e+03 1.850583566775456068e-21 3.225077193573015681e-19
9.509379253894716385e+03 -3.958004992677707075e-20 2.594340343254967185e-19
9.514385181827770793e+03 5.443726921152284287e-19 3.649246648870136128e-19
9.519391109760827021e+03 2.301388832776228984e-19 3.672499841033057825e-19
9.524397037693881430e+03 2.380906687630115335e-19 3.201036647711215506e-19
9.529402965626937657e+03 -1.571989108470449147e-19 1.778849845006952597e-19
9.534408893559993885e+03 3.602089977865801420e-19 1.728948950158561087e-19
9.539414821493050113e+03 3.989507070364285380e-20 1.539906473720624704e-19
9.544420749426106340e+03 2.937638762064597584e-19 1.901259462457035408e-19
9.549426677359160749e+03 9.380947802623655370e-19 2.733632449629941852e-19
9.554432605292216977e+03 3.773939440981500295e-19 2.943641433819629893e-19
9.559438533225271385e+03 3.083916594558782968e-19 3.120936752264835894e-19
9.564444461158327613e+03 2.746588252134404681e-19 3.856154008428228681e-19
9.569450389091383840e+03 -3.700454778982253309e-20 3.837815672815438559e-19
9.574456317024440068e+03 -2.711195690653646298e-19 2.223688719178028136e-19
9.579462244957496296e+03 -2.127297988487616440e-19 1.560069200743622407e-19
9.584468172890550704e+03 6.681152076212680644e-21 1.547262998104695616e-19
9.589474100823605113e+03 5.374973455579681812e-20 1.776049039280529596e-19
9.594480028756661341e+03 5.585404219882272771e-21 1.804005136318523636e-19
9.599485956689717568e+03 -9.220046478381094261e-20 1.998169660464655950e-19
9.604491884622773796e+03 1.485143447108057437e-20 2.805178195769243746e-19
9.609497812555830023e+03 -2.702597732414792349e-19 2.609005279466664094e-19
9.614503740488886251e+03 5.029613170804479052e-19 2.877738054353358427e-19
9.619509668421940660e+03 5.110590004077795597e-19 3.058606316430274457e-19
9.624515596354995068e+03 5.060653135806140937e-19 2.731755979348274568e-19
9.629521524288051296e+03 2.095827653409552940e-19 1.829904953072909660e-19
9.634527452221107524e+03 1.516803876804935154e-19 1.643392609979591661e-19
9.639533380154163751e+03 2.002883973998541324e-19 1.551484914366186505e-19
9.644539308087219979e+03 5.634390804203216096e-19 1.531162645446956100e-19
9.649545236020274388e+03 4.137299039657178566e-19 1.709445000276843105e-19
9.654551163953330615e+03 1.248120487845833444e-19 1.848106004751415804e-19
9.659557091886385024e+03 1.517626229472180116e-19 2.089990532550175951e-19
9.664563019819441251e+03 1.079292693580306449e-19 2.660122057405632879e-19
9.669568947752497479e+03 -3.380277401235614070e-19 2.767674014369255362e-19
9.674574875685553707e+03 -2.414867791589081074e-19 2.819121504190707798e-19
9.679580803618609934e+03 -5.573698227551741649e-19 3.097184584892877115e-19
9.684586731551664343e+03 -3.847395364421061798e-19 3.375887939791638327e-19
9.689592659484720571e+03 2.922942363602552069e-19 2.912075541012387363e-19
9.694598587417774979e+03 -2.973527457702428107e-19 3.980317515674298571e-19
9.699604515350831207e+03 -4.320884071482882714e-19 3.709476231277829825e-19
9.704610443283887435e+03 5.521091248551421491e-19 3.154619501468062987e-19
9.709616371216943662e+03 1.309581490989072391e-19 2.993856462306821142e-19
9.714622299149999890e+03 1.936344908225800154e-19 4.544736438476089417e-19
9.719628227083054298e+03 3.558927233974401813e-19 4.543677654916640487e-19
9.724634155016110526e+03 2.020386269160571771e-19 3.811269825655678564e-19
9.729640082949164935e+03 2.464239751945626622e-19 3.027089692196203355e-19
9.734646010882221162e+03 9.014943013617698938e-19 3.545046518734263822e-19
9.739651938815277390e+03 6.394562177363224920e-19 3.405754208468439143e-19
9.744657866748333618e+03 3.731183825220669288e-19 3.023038124710499880e-19
9.749663794681389845e+03 -2.036299472664621559e-20 2.308702327038089337e-19
9.754669722614444254e+03 -4.791210530934747281e-20 1.749053454198946225e-19
9.759675650547500481e+03 -1.700374308323744457e-19 1.732050728065026625e-19
9.764681578480554890e+03 8.433364126029659370e-20 1.665134625820770290e-19
9.769687506413611118e+03 2.331634504067023135e-19 1.723530952137828543e-19
9.774693434346667345e+03 8.379888877784132591e-20 1.836657115000877331e-19
9.779699362279723573e+03 1.763315642517831475e-19 2.238743800349152815e-19
9.784705290212779801e+03 1.079336244685154355e-18 5.883952262367461072e-19
9.789711218145834209e+03 -9.477713611566874159e-20 7.033091218148634695e-19
9.794717146078890437e+03 -7.075092083012702484e-19 6.703002030053578905e-19
9.799723074011944846e+03 -9.194248371824462419e-19 4.044103400364696900e-19
9.804729001945001073e+03 -4.804503696802848624e-20 3.451711956119895366e-19
9.809734929878057301e+03 -4.428837411795935954e-19 3.605818336493647708e-19
9.814740857811113528e+03 2.441916448344072545e-20 3.356208364410172374e-19
9.819746785744169756e+03 2.656477326975933380e-19 2.796732155017197858e-19
9.824752713677224165e+03 -2.451032141723276876e-20 2.622986176752212773e-19
9.829758641610280392e+03 4.254215149414703053e-19 2.732656834956526984e-19
9.834764569543334801e+03 8.228856185740764446e-22 2.565286359652288679e-19
9.839770497476391029e+03 1.508335293252859670e-19 2.896066158684422489e-19
9.844776425409447256e+03 4.172829832509028092e-19 4.402773821931323966e-19
9.849782353342503484e+03 3.525552728182293289e-20 4.352158085420866476e-19
9.854788281275559712e+03 2.818389790830525501e-19 3.019285369488022398e-19
9.859794209208614120e+03 1.880051333010768816e-19 2.622669337932998144e-19
9.864800137141670348e+03 5.761174360285698014e-19 6.406663927490137184e-19
9.869806065074724756e+03 1.887888079437686986e-19 6.748908156396599745e-19
9.874811993007780984e+03 1.743620537001808365e-19 5.809868725359177391e-19
9.879817920940837212e+03 2.839937139240444918e-19 3.854227675695079172e-19
9.884823848873893439e+03 4.305502046534613035e-19 3.239308691626978855e-19
9.889829776806949667e+03 5.866350053835643754e-19 4.089414827767444930e-19
9.894835704740004076e+03 -4.224208486414008899e-19 4.501464795837536502e-19
9.899841632673058484e+03 5.041223666928089823e-19 4.280254958640954190e-19
9.904847560606114712e+03 3.344197709777194074e-19 3.567218612651038341e-19
9.909853488539170939e+03 -7.035586888860282254e-19 6.889473232024707623e-19
9.914859416472227167e+03 1.276238155785735233e-18 7.701164069781615457e-19
9.919865344405283395e+03 2.735425634976348418e-19 6.021910831676844335e-19
9.924871272338339622e+03 5.657784339095193663e-19 3.290390334265680162e-19
9.929877200271394031e+03 -1.106964698542119825e-19 3.349449575480341176e-19
9.934883128204448440e+03 -9.127329106808022612e-19 5.343674290014607125e-19
9.939889056137504667e+03 -4.333758200319380002e-19 1.089552210828098106e-18
9.944894984070560895e+03 -7.348279589510064383e-19 9.262981283257622572e-19
9.949900912003617123e+03 2.122208161873039510e-18 9.445148197398723112e-19
9.954906839936673350e+03 1.167222215515843935e-18 9.393910414862966444e-19
9.959912767869729578e+03 -9.789888615334361741e-19 9.449495629422447915e-19
9.964918695802783986e+03 -7.320991988436295839e-19 8.200160043129139950e-19
9.969924623735838395e+03 8.149094926777535740e-19 5.559475178801517799e-19
9.974930551668894623e+03 3.937638584558682405e-20 4.892102889275749922e-19
9.979936479601950850e+03 6.190182693757159506e-20 5.446198505412930026e-19
9.984942407535007078e+03 7.286155104551367688e-19 4.013712199488948369e-19
9.989948335468063306e+03 2.529416859211385537e-19 3.832812498443075533e-19
9.994954263401117714e+03 -2.923820648619965699e-19 4.688585835732922911e-19
9.999960191334173942e+03 -2.720861217145499108e-19 5.800616104155155615e-19
1.000496611926722835e+04 4.298498191878739824e-19 7.742601834314316591e-19
1.000997204720028458e+04 4.681506137819060186e-19 1.193255350979229792e-18
1.001497797513334081e+04 2.581067981348387214e-18 1.414640450010301241e-18
1.001998390306639703e+04 1.257564410700380030e-18 8.709106640142076243e-19
1.002498983099945326e+04 -2.369372346579454126e-19 7.466532527684580841e-19
1.002999575893250767e+04 1.030421135020633157e-18 7.795192212701566385e-19
1.003500168686556390e+04 9.296527923043478655e-19 5.218932788692711828e-19
1.004000761479861831e+04 -8.731588204022643612e-19 5.933410280942136620e-19
1.004501354273167453e+04 -3.133506975039816429e-20 5.123917464000303192e-19
1.005001947066473076e+04 -5.353607372817964728e-19 4.554636798998651244e-19
1.005502539859778699e+04 6.396722430838899680e-19 6.366537574060978277e-19
1.006003132653084322e+04 -7.679818971190035844e-19 7.378879600525457153e-19
1.006503725446389763e+04 1.207716195582474102e-19 6.952713207940861705e-19
1.007004318239695385e+04 -1.030563180353796970e-18 7.691084771648375073e-19
1.007504911033000826e+04 -1.402902445355692722e-18 9.773560798852676011e-19
1.008005503826306449e+04 -2.517335236980725624e-19 1.128166436925688855e-18
1.008506096619612072e+04 1.122754027258388339e-18 1.425852996554195558e-18
1.009006689412917694e+04 5.528907292875607503e-19 6.717829868981506716e-19
1.009507282206223317e+04 -7.934001452419694128e-20 6.387004427640828769e-19
1.010007874999528758e+04 2.413547755209684503e-19 8.415646132640648401e-19
1.010508467792834381e+04 -1.474991184335362247e-19 1.064901182143896871e-18
1.011009060586139822e+04 2.122124700457228331e-19 7.769351623324168785e-19
1.011509653379445444e+04 3.533834342953885719e-19 9.448893966041648547e-19
1.012010246172751067e+04 2.744392050432104417e-18 1.296630621984541801e-18
1.012510838966056690e+04 2.272933182593558201e-18 1.407280476334963728e-18
1.013011431759362313e+04 -1.361294713302173444e-18 9.687910745356664596e-19
1.013512024552667754e+04 5.050382613633854531e-19 6.431496750136932915e-19
1.014012617345973376e+04 -8.175937940440726675e-21 6.954060448112502997e-19
1.014513210139278817e+04 -1.412040732115931170e-19 9.122342474400622802e-19
1.015013802932584440e+04 -8.300420705389402964e-19 8.854143451894598792e-19
1.015514395725890063e+04 -4.651480700692105846e-19 9.819430037163180919e-19
1.016014988519195686e+04 7.263270582601704014e-19 1.030537362063888787e-18
1.016515581312501308e+04 -7.189442785906977772e-19 1.195219025542583460e-18
1.017016174105806749e+04 4.342194594663584692e-18 2.281401576957171235e-18
1.017516766899112372e+04 2.416226439214969350e-18 2.061375843052410322e-18
1.018017359692417813e+04 1.691177770563552089e-18 1.058262733336163934e-18
1.018517952485723436e+04 -1.694149769492530024e-18 1.177567452026013069e-18
1.019018545279029058e+04 1.555499780231513355e-20 2.288935370725818028e-18
1.019519138072334681e+04 -1.134140656845301514e-18 1.350311709586615279e-18
1.020019730865640304e+04 7.978502393449679661e-19 1.084478028481770637e-18
1.020520323658945745e+04 -1.634503428757327304e-18 1.735651644679740988e-18
1.021020916452251367e+04 3.698491785796148794e-18 1.844603916074652306e-18
1.021521509245556808e+04 -8.326019388411487815e-19 1.543579350729210390e-18
1.022022102038862431e+04 6.636642654016375993e-19 1.976680785420765806e-18
1.022522694832168054e+04 1.797337343177024217e-19 1.947085217482061969e-18
1.023023287625473677e+04 5.832349794537361984e-18 2.203357425608688026e-18
1.023523880418779299e+04 -8.113888047642933612e-19 1.167092856325945934e-18
1.024024473212084740e+04 3.262945028784138299e-18 1.041002729726431019e-18
1.024525066005390181e+04 1.731260827705299872e-18 1.713326774956933809e-18
1.025025658798695804e+04 1.455667439372039432e-18 1.061914312815862095e-18
1.025526251592001427e+04 2.241795364081902403e-18 1.331327803343182446e-18
1.026026844385307049e+04 -1.237518460471239862e-18 1.572091435092334250e-18
1.026527437178612672e+04 4.352338986958806480e-19 1.348978778272714252e-18
1.027028029971918295e+04 -1.300772519555807130e-19 1.003610744997393646e-18
1.027528622765223736e+04 -1.131276795337076366e-19 1.539057396085098912e-18
1.028029215558529177e+04 -1.129185445461794979e-18 2.600009286397219163e-18
1.028529808351834799e+04 1.847473448941178039e-18 1.458048328771052610e-18
1.029030401145140422e+04 4.128378913794760711e-18 1.362845815040338821e-18
1.029530993938446045e+04 4.165913912283641264e-18 1.483759928361505327e-18
