#  wl flam flam_err
4.803806996822357178e+03 4.688129338647721806e-19 9.766275212144281483e-19
4.808812924755412496e+03 -9.777886157889432318e-20 9.690755142830214968e-19
4.813818852688468723e+03 1.917993302824914376e-19 9.516486174270228959e-19
4.818824780621524042e+03 -1.462673154576110763e-19 9.132839244073227688e-19
4.823830708554580269e+03 7.189524478186351739e-19 8.654652726710830447e-19
4.828836636487635587e+03 9.361496756833737046e-19 8.398681731483166090e-19
4.833842564420691815e+03 -1.601192979534732576e-19 8.187266896930434223e-19
4.838848492353747133e+03 1.315502517783458686e-19 8.075292554644206253e-19
4.843854420286802451e+03 6.326619809144268294e-19 8.091398484471635835e-19
4.848860348219858679e+03 8.809554460390969595e-19 8.089293159264567520e-19
4.853866276152913997e+03 -8.868439077048418169e-21 8.141029760585192519e-19
4.858872204085970225e+03 2.937481881336251698e-19 7.406299316655817159e-19
4.863878132019025543e+03 -3.620097377962726482e-20 6.760143920409180168e-19
4.868884059952080861e+03 1.059425905728974502e-19 6.478991090257690648e-19
4.873889987885137089e+03 2.190098819039560323e-19 6.275597659213170894e-19
4.878895915818192407e+03 4.109467497746052070e-19 6.097798152513990770e-19
4.883901843751248634e+03 4.646766106791560319e-19 5.978945931944361400e-19
4.888907771684303952e+03 -7.405785692666488369e-19 5.898898847502676997e-19
4.893913699617360180e+03 -2.151014690488068954e-19 5.846907016169171155e-19
4.898919627550415498e+03 -7.096110072145023825e-20 5.737472068621171933e-19
4.903925555483470816e+03 -9.095153854503279381e-20 5.554473241262921691e-19
4.908931483416527044e+03 -4.178188718369397445e-19 5.206286795415264945e-19
4.913937411349582362e+03 -2.710770618016708739e-19 4.956832160252026409e-19
4.918943339282638590e+03 -2.263320539829210039e-19 4.733825527136984686e-19
4.923949267215693908e+03 -1.514528890962674972e-19 4.676386535913368857e-19
4.928955195148750136e+03 -5.026446299792719333e-19 4.661277020356209815e-19
4.933961123081805454e+03 -2.230384741479945142e-20 4.709565337808272005e-19
4.938967051014860772e+03 1.156041195397480292e-19 4.723637229568104425e-19
4.943972978947916999e+03 -4.191995878562052506e-19 4.690285640946502418e-19
4.948978906880972318e+03 7.066593235738535406e-19 4.567304587772473490e-19
4.953984834814028545e+03 5.787837878385483944e-19 4.462247099372615834e-19
4.958990762747083863e+03 -2.507476262932474636e-19 4.309114999844593100e-19
4.963996690680139181e+03 1.823654146094799060e-19 4.233928602736687076e-19
4.969002618613195409e+03 -1.478246143110528768e-19 4.318295967662682993e-19
4.974008546546250727e+03 -7.270503337482195811e-19 4.357070435788840706e-19
4.979014474479306955e+03 -1.887315830414836732e-19 4.325732919182490533e-19
4.984020402412362273e+03 2.973628675304925859e-19 4.331406503759981404e-19
4.989026330345418501e+03 -3.131479067900140317e-20 4.367127788711410460e-19
4.994032258278473819e+03 3.596361122456501159e-19 4.359451307228735302e-19
4.999038186211529137e+03 5.785224852970082611e-19 4.133541503193011928e-19
5.004044114144585365e+03 4.249413255421205905e-19 3.861712136464463230e-19
5.009050042077640683e+03 -4.003001918221299044e-19 3.665022112459238153e-19
5.014055970010696910e+03 6.017149582849616061e-19 3.550516340570392762e-19
5.019061897943752228e+03 -1.409176384829355665e-19 3.493588006089181624e-19
5.024067825876807547e+03 2.724813132687222437e-19 3.490622469660181583e-19
5.029073753809863774e+03 5.218991525547766387e-19 3.467474478931747809e-19
5.034079681742919092e+03 2.788481695736060431e-20 3.430728164978344116e-19
5.039085609675975320e+03 4.169439013928870748e-19 3.336812070656515748e-19
5.044091537609030638e+03 5.783192036441740436e-20 3.251084045262887958e-19
5.049097465542086866e+03 6.922073352746420566e-20 3.145846256678457137e-19
5.054103393475142184e+03 -3.054860126977161444e-19 3.067072107453951855e-19
5.059109321408197502e+03 -1.088930643659025804e-19 3.008523278674699117e-19
5.064115249341253730e+03 2.032688315242347297e-19 2.981197695619530409e-19
5.069121177274309048e+03 7.042765884992632334e-20 2.971783985909482608e-19
5.074127105207365275e+03 -9.784539539262286758e-20 2.976209416078778440e-19
5.079133033140420594e+03 -1.065709523393147132e-19 2.991956964793731994e-19
5.084138961073476821e+03 3.103021573312756713e-19 3.037381474727082519e-19
5.089144889006532139e+03 -1.078789321939117674e-19 3.022602299901004867e-19
5.094150816939587457e+03 -1.116560443231311559e-19 2.983050423058351591e-19
5.099156744872643685e+03 1.567894924546223620e-19 2.950973927047840821e-19
5.104162672805699003e+03 6.989348333741463180e-20 2.897459090141711775e-19
5.109168600738755231e+03 -1.184144933873369712e-19 2.876029755090727678e-19
5.114174528671810549e+03 -2.987850948759523865e-19 2.887573627276458939e-19
5.119180456604865867e+03 4.600969478248719269e-19 2.962502449960846276e-19
5.124186384537922095e+03 -3.272012797572389693e-20 2.986968451726752994e-19
5.129192312470977413e+03 1.168881380055960717e-19 2.948360845846261832e-19
5.134198240404033641e+03 -6.398467711367855393e-20 2.878241978495548813e-19
5.139204168337088959e+03 9.401871879930031662e-20 2.800748215180141184e-19
5.144210096270145186e+03 -1.578148284427741775e-19 2.729427483950955520e-19
5.149216024203200504e+03 -2.107683063365507667e-19 2.590550720364413225e-19
5.154221952136255823e+03 6.628038415646016725e-20 2.468711766164605576e-19
5.159227880069312050e+03 3.365896069759995469e-19 2.377219525254481765e-19
5.164233808002367368e+03 7.122919138139640301e-20 2.274079300284336624e-19
5.169239735935423596e+03 1.405841641169164167e-19 2.194897247963257884e-19
5.174245663868478914e+03 2.520917803561059607e-19 2.179015386083647987e-19
5.179251591801534232e+03 -1.391472682899501259e-19 2.200686854266287189e-19
5.184257519734590460e+03 2.393561253691413999e-19 2.224555314391439569e-19
5.189263447667645778e+03 2.458504270996508982e-23 2.267204407518870706e-19
5.194269375600702006e+03 -3.053172404381636964e-19 2.291392751937727296e-19
5.199275303533757324e+03 -1.840325166919367904e-19 2.298373633997678640e-19
5.204281231466813551e+03 1.029809759855506785e-19 2.264794054883026984e-19
5.209287159399868870e+03 2.233539180143736985e-19 2.173921897206725349e-19
5.214293087332924188e+03 -1.549346904089753408e-19 2.142255040667838548e-19
5.219299015265980415e+03 8.136884387664660259e-20 2.130846838986769319e-19
5.224304943199035733e+03 2.122130880645430799e-21 2.145736862909123395e-19
5.229310871132091961e+03 -7.510376094034410246e-20 2.166619699088063856e-19
5.234316799065147279e+03 1.305194192383893149e-20 2.237550232930142361e-19
5.239322726998203507e+03 1.560025139694116167e-19 2.334623489408466879e-19
5.244328654931258825e+03 1.979120489042160893e-19 2.369044683870706849e-19
5.249334582864314143e+03 1.060304561227036239e-20 2.410102803385646278e-19
5.254340510797370371e+03 3.353895644678998137e-19 2.399667832820974726e-19
5.259346438730425689e+03 -2.349028637672767685e-19 2.269966218381023824e-19
5.264352366663481916e+03 -3.769684251212734799e-20 2.165295357941577648e-19
5.269358294596537235e+03 -6.683703134098715789e-20 2.078676714786877515e-19
5.274364222529593462e+03 1.885745408210393355e-20 2.003549892795581308e-19
5.279370150462648780e+03 1.735462313105759410e-19 1.937539903596836610e-19
5.284376078395704099e+03 4.658004622550381235e-20 1.894627283839500906e-19
5.289382006328760326e+03 -2.341500435441744802e-19 1.877111144815340958e-19
5.294387934261815644e+03 1.054602865118454289e-19 1.898497071957027743e-19
5.299393862194871872e+03 9.521392182825324969e-20 1.910493100645061963e-19
5.304399790127927190e+03 -1.359429653682110063e-19 1.937861776206632913e-19
5.309405718060982508e+03 -5.400050570099303087e-21 1.924261404815041170e-19
5.314411645994038736e+03 2.701141642403447461e-19 1.915525338901193633e-19
5.319417573927094054e+03 3.002248171456897126e-19 1.911141072350088742e-19
5.324423501860150282e+03 1.077005626577568484e-19 1.861044001110208143e-19
5.329429429793205600e+03 1.153365571113274496e-19 1.833980005733431203e-19
5.334435357726260918e+03 1.094037098995007997e-19 1.798246247315153167e-19
5.339441285659317145e+03 1.621166605394490536e-19 1.771487596709126177e-19
5.344447213592372464e+03 -6.557991156085550731e-20 1.749869538707438090e-19
5.349453141525428691e+03 -5.761069320492443319e-20 1.770396534797805713e-19
5.354459069458484009e+03 1.466599448239593670e-19 1.791314450998941332e-19
5.359464997391540237e+03 1.891701595659208690e-19 1.830953541606600050e-19
5.364470925324595555e+03 3.881870905049133208e-19 1.871766825331089802e-19
5.369476853257650873e+03 3.971051498884179735e-19 1.923954863345783452e-19
5.374482781190707101e+03 -2.312476835451497022e-19 1.966493924188717817e-19
5.379488709123762419e+03 1.739754358160362150e-19 1.980851775905576168e-19
5.384494637056818647e+03 1.437055071589032748e-20 1.945803390735802877e-19
5.389500564989873965e+03 2.639541308986144043e-19 1.881912014037884380e-19
5.394506492922930192e+03 -8.924692634447430134e-20 1.814431387435979727e-19
5.399512420855985511e+03 1.518285563575971571e-19 1.723473205845045631e-19
5.404518348789040829e+03 9.246896665736094154e-20 1.663914980410911494e-19
5.409524276722097056e+03 1.293384858391239597e-19 1.609368163049904184e-19
5.414530204655152374e+03 2.185789716670660699e-19 1.570879340946322599e-19
5.419536132588208602e+03 2.242792567491404508e-19 1.544008356789410031e-19
5.424542060521263920e+03 1.217519706082747691e-19 1.528467455152600479e-19
5.429547988454320148e+03 1.724957973717092278e-19 1.523915637209384796e-19
5.434553916387375466e+03 2.640557307686140583e-19 1.537157111592818314e-19
5.439559844320430784e+03 -4.313192077814356803e-20 1.548457667845677384e-19
5.444565772253487012e+03 1.195452558818179564e-19 1.571257261150740566e-19
5.449571700186542330e+03 3.477656440789782989e-20 1.579023406248191474e-19
5.454577628119598558e+03 6.446736256071954898e-20 1.593297305103856088e-19
5.459583556052653876e+03 1.547054757043082594e-19 1.595735709957327127e-19
5.464589483985709194e+03 1.733890582045529187e-19 1.600582037503308763e-19
5.469595411918765421e+03 1.011871127273663696e-19 1.577626631855927572e-19
5.474601339851820740e+03 -1.519190825505095480e-19 1.565314382792558905e-19
5.479607267784876967e+03 2.958974041633859440e-20 1.558140026811523151e-19
5.484613195717932285e+03 1.382774036771165770e-19 1.548926899840392099e-19
5.489619123650987603e+03 1.470170536578375307e-19 1.540115057456628699e-19
5.494625051584043831e+03 1.886405531480080718e-19 1.564549654698664981e-19
5.499630979517099149e+03 3.195812491272593314e-19 1.586717701322708307e-19
5.504636907450155377e+03 2.528884518936753691e-19 1.598293942326951935e-19
5.509642835383210695e+03 8.724098273975443308e-20 1.611235852396138470e-19
5.514648763316266923e+03 -3.021986724700372453e-20 1.583378839475575156e-19
5.519654691249322241e+03 -1.679333986521850661e-19 1.574158475959188706e-19
5.524660619182377559e+03 3.480797233331340273e-19 1.560358426564593430e-19
5.529666547115433787e+03 2.779981553900549643e-19 1.539737324769882396e-19
5.534672475048489105e+03 1.054232005852806798e-19 1.536700955783472487e-19
5.539678402981545332e+03 -3.683276111344890924e-20 1.535905612790968720e-19
5.544684330914600650e+03 1.333871815172423689e-19 1.513400805925843779e-19
5.549690258847656878e+03 1.620903696779374256e-19 1.476550891719116108e-19
5.554696186780712196e+03 1.418639909064130881e-20 1.427925203618919298e-19
5.559702114713767514e+03 4.019521530753783191e-19 1.404348070558341640e-19
5.564708042646823742e+03 1.202073705304020345e-19 1.431507815217781231e-19
5.569713970579879060e+03 -2.888789695527844848e-19 2.080200646039274469e-19
5.574719898512935288e+03 3.117791841620664403e-20 2.992891421269999251e-19
5.579725826445990606e+03 -9.509573376992498350e-20 3.016091486592162301e-19
5.584731754379046833e+03 4.969650460216845065e-19 2.155034082086902558e-19
5.589737682312102152e+03 2.746058750505655682e-19 1.339277973897334731e-19
5.594743610245157470e+03 1.753800072799648856e-19 1.301497147409918394e-19
5.599749538178213697e+03 1.772934671010894136e-19 1.317051158123266611e-19
5.604755466111269016e+03 4.922341385648077834e-19 1.348947731805028613e-19
5.609761394044325243e+03 1.940516056104354608e-19 1.371654781466178426e-19
5.614767321977380561e+03 1.999893411190643301e-19 1.395442448333124576e-19
5.619773249910436789e+03 1.717264176451557274e-19 1.435791657930339526e-19
5.624779177843492107e+03 3.742332463393514374e-19 1.485217391523939318e-19
5.629785105776547425e+03 1.565030931352922025e-19 1.493471077214337339e-19
5.634791033709603653e+03 4.130695685832235568e-21 1.496202855202467196e-19
5.639796961642658971e+03 1.452341931561111670e-19 1.479712975334854664e-19
5.644802889575714289e+03 8.657633128872995739e-20 1.438144603010501741e-19
5.649808817508770517e+03 1.204788964942059092e-19 1.386208097319682393e-19
5.654814745441825835e+03 2.351327179747330475e-19 1.348327563854610731e-19
5.659820673374882062e+03 6.224786222514599453e-20 1.299508680045834612e-19
5.664826601307937381e+03 -9.699880447663955401e-21 1.269512766964422231e-19
5.669832529240993608e+03 1.547721778234228154e-19 1.238806123208046314e-19
5.674838457174048926e+03 2.041710548722754776e-19 1.206774518816801902e-19
5.679844385107104245e+03 2.603236060450277693e-19 1.195277784505750840e-19
5.684850313040160472e+03 3.255327644040749940e-19 1.175416273724032354e-19
5.689856240973215790e+03 2.574402851580922789e-19 1.173224936113993059e-19
5.694862168906272018e+03 1.375700680754881979e-19 1.182039781081176140e-19
5.699868096839327336e+03 4.666495819114729795e-20 1.181036186030005388e-19
5.704874024772383564e+03 3.929272751220434120e-20 1.183311503060707429e-19
5.709879952705438882e+03 1.922396556729654816e-19 1.204369095506163350e-19
5.714885880638494200e+03 1.593307918362005703e-20 1.224127114770967126e-19
5.719891808571550428e+03 4.043389045747797809e-19 1.252921427438762305e-19
5.724897736504605746e+03 9.472982585387068683e-20 1.258411334008948261e-19
5.729903664437661973e+03 3.196457431477022890e-19 1.279234379252477654e-19
5.734909592370717291e+03 2.899522135561234017e-19 1.298788231578215490e-19
5.739915520303773519e+03 -3.953512397168845188e-20 1.308801383091827087e-19
5.744921448236828837e+03 2.369807980285902255e-19 1.330155707619353768e-19
5.749927376169884155e+03 4.725447149892213522e-19 1.350671182763847665e-19
5.754933304102940383e+03 8.611945233562491354e-20 1.363523806370118861e-19
5.759939232035995701e+03 1.048438003681191058e-19 1.378394594290046896e-19
5.764945159969051929e+03 3.951331662107694760e-19 1.357261969466689736e-19
5.769951087902107247e+03 3.178409970290809022e-19 1.322226575313300720e-19
5.774957015835163475e+03 1.181699180314647252e-19 1.270549870947794685e-19
5.779962943768218793e+03 3.634559823068723123e-19 1.234481078359719897e-19
5.784968871701274111e+03 2.340919238638538223e-19 1.189021320229450187e-19
5.789974799634330338e+03 1.306689394401889070e-19 1.163041708267454796e-19
5.794980727567385657e+03 2.218506423169770250e-19 1.141948197837219952e-19
5.799986655500441884e+03 9.866176701700319291e-20 1.116496417710254861e-19
5.804992583433497202e+03 2.420264860504464243e-19 1.108007131727228793e-19
5.809998511366552520e+03 3.158958021776654641e-19 1.090133386583884491e-19
5.815004439299608748e+03 1.279541381091057249e-19 1.087392965900993502e-19
5.820010367232664066e+03 1.919355643692495966e-19 1.085823286183265007e-19
5.825016295165720294e+03 2.896711989946539262e-19 1.090144434738036773e-19
5.830022223098775612e+03 2.552048946881308344e-19 1.092183261098555137e-19
5.835028151031830930e+03 2.669582355279752497e-19 1.096272841808510575e-19
5.840034078964887158e+03 3.034571767485321653e-19 1.111348261729517478e-19
5.845040006897942476e+03 3.345389822889637370e-19 1.113442766746851957e-19
5.850045934830998704e+03 5.440990141620739002e-19 1.123803415309676788e-19
5.855051862764054022e+03 3.892700873958200027e-19 1.147319859662293820e-19
5.860057790697110249e+03 3.555380049162975751e-19 1.197498512775497246e-19
5.865063718630165567e+03 -4.199727424685153492e-20 1.258280267474867805e-19
5.870069646563220886e+03 -1.577897886626295215e-19 1.284790987853074190e-19
5.875075574496277113e+03 2.111364165041170468e-19 1.275782519429217506e-19
5.880081502429332431e+03 4.769447047054884115e-19 1.352539026061542504e-19
5.885087430362388659e+03 3.597505601123102159e-19 1.677104977578657334e-19
5.890093358295443977e+03 5.765697568981970877e-19 1.917234235680297733e-19
5.895099286228500205e+03 1.452246886819296841e-21 1.812694164621723527e-19
5.900105214161555523e+03 2.294040461012739014e-19 1.468360456047241234e-19
5.905111142094610841e+03 6.120501344844479765e-19 1.255507045322581091e-19
5.910117070027667069e+03 2.238902564065898898e-19 1.211514419333811204e-19
5.915122997960722387e+03 -1.057911087685989818e-19 1.185443688070220303e-19
5.920128925893778614e+03 1.432223476552196645e-19 1.154840632002446426e-19
5.925134853826833933e+03 1.901268423790279677e-19 1.126547287419944381e-19
5.930140781759890160e+03 2.315988822302777645e-19 1.129415459601556435e-19
5.935146709692945478e+03 2.481110787307807643e-19 1.104684985661974491e-19
5.940152637626000796e+03 1.853211154046887938e-19 1.055075867572607214e-19
5.945158565559057024e+03 2.531027717069025476e-19 1.050193555855068677e-19
5.950164493492112342e+03 2.472193766845065847e-19 1.065161415743906942e-19
5.955170421425167660e+03 2.318296872735501111e-19 1.046358032898697241e-19
5.960176349358223888e+03 1.858035989869727999e-19 1.017262470419354642e-19
5.965182277291280116e+03 2.787731994531576705e-19 1.016401485866130904e-19
5.970188205224335434e+03 2.275780606757440554e-19 1.034934613975724002e-19
5.975194133157390752e+03 5.647620765236850144e-20 1.040017465611357202e-19
5.980200061090446980e+03 1.065062018652136916e-19 1.036092018655190759e-19
5.985205989023502298e+03 2.738634589627727244e-19 1.029226293139939793e-19
5.990211916956557616e+03 4.198719499633815777e-19 1.025069727225002495e-19
5.995217844889613843e+03 3.043320193580789151e-19 1.047442797732435362e-19
6.000223772822669162e+03 4.342958199698449515e-19 1.076423767624376448e-19
6.005229700755725389e+03 5.838494772316340794e-19 1.088265117400868280e-19
6.010235628688780707e+03 1.080751803500632978e-20 1.090426866028233422e-19
6.015241556621836935e+03 1.640749506814625454e-19 1.093404523193793247e-19
6.020247484554892253e+03 1.839170170889687453e-19 1.094247083992132933e-19
6.025253412487947571e+03 1.073474111578846916e-19 1.082758521080294799e-19
6.030259340421003799e+03 1.007205110393896633e-19 1.071462992549195482e-19
6.035265268354059117e+03 1.708386244351325537e-19 1.048984570615062557e-19
6.040271196287115345e+03 3.379209747512972950e-19 1.034529268176115021e-19
6.045277124220170663e+03 2.397797570086727813e-19 1.009038207593015354e-19
6.050283052153226890e+03 -1.809627180744022324e-21 9.963811499865477178e-20
6.055288980086282209e+03 6.715896196828174142e-20 9.869333579399161104e-20
6.060294908019337527e+03 2.666505502167992893e-19 9.860116210040831015e-20
6.065300835952393754e+03 2.156530409598501611e-19 9.806731213067560023e-20
6.070306763885449072e+03 4.992452556822952516e-20 9.628945657804311076e-20
6.075312691818505300e+03 1.979519588348468371e-19 9.566630767065828809e-20
6.080318619751560618e+03 3.067396779949888115e-19 9.446503188764721212e-20
6.085324547684616846e+03 2.352601256830041660e-19 9.416646676703987230e-20
6.090330475617672164e+03 1.305695208622191489e-19 9.359549080654123120e-20
6.095336403550727482e+03 1.625574793721809855e-19 9.401297058821242110e-20
6.100342331483783710e+03 2.163302559052292879e-19 9.474430107679475876e-20
6.105348259416839028e+03 2.568034016434039172e-19 9.468254421805999366e-20
6.110354187349894346e+03 1.838982769082551887e-19 9.436643932763361631e-20
6.115360115282950574e+03 3.021760079169366749e-19 9.424772075415450755e-20
6.120366043216006801e+03 1.915315937691232661e-19 9.493369097058054595e-20
6.125371971149062119e+03 1.838141942335569010e-19 9.624113667118992344e-20
6.130377899082117438e+03 2.984691923716755314e-19 9.704950901302766793e-20
6.135383827015173665e+03 8.200616997433484803e-20 9.972708549216187975e-20
6.140389754948228983e+03 2.569637486879756688e-19 1.017613704116425964e-19
6.145395682881284301e+03 3.234237635958595909e-19 1.016879234444795205e-19
6.150401610814340529e+03 2.866937309515021612e-19 9.858265586665561360e-20
6.155407538747396757e+03 1.340758721040125128e-19 9.527040044439047078e-20
6.160413466680452075e+03 1.594317312489614842e-19 9.357792433493639881e-20
6.165419394613507393e+03 1.039280664620163699e-19 9.279985349400354902e-20
6.170425322546563621e+03 2.456600836887038307e-19 9.254955410089041493e-20
6.175431250479618939e+03 3.590258913086382770e-19 9.014567282472380859e-20
6.180437178412674257e+03 3.775282811560349146e-19 8.738969643491822495e-20
6.185443106345730484e+03 5.804473524842901459e-20 8.543854510413890718e-20
6.190449034278785803e+03 2.112110646083280264e-19 8.477043242470837521e-20
6.195454962211842030e+03 8.483051884075607003e-20 8.436490662903249918e-20
6.200460890144897348e+03 3.086295767710540300e-19 8.427190587373145074e-20
6.205466818077953576e+03 2.367728786904617738e-19 8.367464181758192768e-20
6.210472746011008894e+03 8.479412089381268605e-20 8.241737599875595561e-20
6.215478673944064212e+03 3.091844874857857354e-19 8.296768459495183249e-20
6.220484601877120440e+03 2.464826792674683688e-19 8.408781845243677446e-20
6.225490529810175758e+03 3.405866675509786194e-19 8.537304885482288901e-20
6.230496457743231986e+03 6.545265243621615280e-20 9.152442601244384509e-20
6.235502385676287304e+03 3.469824229058886686e-19 9.763363611011794955e-20
6.240508313609343531e+03 7.747312254790485991e-20 9.636512393991199728e-20
6.245514241542398850e+03 4.889459429451571311e-20 9.133871830403969651e-20
6.250520169475454168e+03 8.172130547985966108e-20 9.267240647902677161e-20
6.255526097408510395e+03 3.949122501735760286e-19 9.896487828258528980e-20
6.260532025341565713e+03 1.420647110073391325e-19 1.016461997699002573e-19
6.265537953274621032e+03 2.470885274261834643e-19 9.847219078812992229e-20
6.270543881207677259e+03 3.417019871053691180e-19 9.609694369962599498e-20
6.275549809140733487e+03 2.576309887258133979e-19 9.532149352414193075e-20
6.280555737073788805e+03 4.318493801673620084e-19 9.588507626025695439e-20
6.285561665006844123e+03 2.327363055711777629e-19 9.737296589303442520e-20
6.290567592939900351e+03 2.007336727706361210e-19 1.137465139326010627e-19
6.295573520872955669e+03 6.105916972063551438e-19 1.517216341455739150e-19
6.300579448806010987e+03 4.360182451301764334e-19 1.632071328641941722e-19
6.305585376739067215e+03 2.290769954391325065e-19 1.333447479537718093e-19
6.310591304672123442e+03 2.272489284656096977e-19 9.326171461404965058e-20
6.315597232605178760e+03 3.344698546871934322e-19 8.394285307840081280e-20
6.320603160538234079e+03 1.289389472916596025e-19 8.466140607100898033e-20
6.325609088471290306e+03 2.718735095595587835e-19 8.790012167257198286e-20
6.330615016404345624e+03 3.484169758761430248e-19 8.695507616638912912e-20
6.335620944337400942e+03 3.593302167674513425e-19 8.219764391613477910e-20
6.340626872270457170e+03 2.799832267593096918e-19 7.969449487894593281e-20
6.345632800203512488e+03 2.019953108218770206e-19 8.108985123262775746e-20
6.350638728136568716e+03 2.566947831278813581e-19 8.455145919980011977e-20
6.355644656069624034e+03 2.035414335677506958e-19 9.609911930933847348e-20
6.360650584002680262e+03 2.411489989702198673e-19 1.112793547746958099e-19
6.365656511935735580e+03 1.421171186586441055e-19 1.093597141787314828e-19
6.370662439868790898e+03 3.557340871023435197e-19 9.262819665019154684e-20
6.375668367801847126e+03 1.841364483207722953e-19 8.390537340672791096e-20
6.380674295734902444e+03 9.912414969771697106e-20 8.664306215268174610e-20
6.385680223667958671e+03 3.527741251141062746e-19 8.787552411223772509e-20
6.390686151601013989e+03 2.220357000384629054e-19 8.725391173700632426e-20
6.395692079534070217e+03 2.124894127071117360e-19 8.642580091635952719e-20
6.400698007467125535e+03 1.522015551028584464e-19 8.715972108749086002e-20
6.405703935400180853e+03 2.591174094058305960e-19 8.530006322378354845e-20
6.410709863333237081e+03 1.997849907234466075e-19 8.480379596495822108e-20
6.415715791266292399e+03 3.123240894819053888e-19 8.386586675121640211e-20
6.420721719199348627e+03 2.093753882005680014e-19 8.194729762217597693e-20
6.425727647132403945e+03 3.073915798272831997e-19 7.943916352400359099e-20
6.430733575065460172e+03 1.000885121717396707e-19 7.733780835973905488e-20
6.435739502998515491e+03 8.391312281435505724e-20 7.666001701540347097e-20
6.440745430931570809e+03 1.763274687132573513e-19 7.596368569300018191e-20
6.445751358864627036e+03 2.373478810265159912e-19 7.624566623495884943e-20
6.450757286797682355e+03 2.075913490546397821e-19 7.575388054810240189e-20
6.455763214730737673e+03 2.035720521032520753e-19 7.684139901583632100e-20
6.460769142663793900e+03 3.733393743794904644e-19 8.121174472081258603e-20
6.465775070596850128e+03 5.144759298654508976e-19 8.511363733748819446e-20
6.470780998529905446e+03 1.422374390028763188e-19 8.280542278420482206e-20
6.475786926462960764e+03 3.056586146965059231e-19 7.907414025704229633e-20
6.480792854396016992e+03 2.287910203835225307e-19 7.559159335940088932e-20
6.485798782329072310e+03 1.386232102832930854e-19 7.502562984141075381e-20
6.490804710262127628e+03 2.322492958415704397e-19 7.935359085686819511e-20
6.495810638195183856e+03 3.848254602008269770e-19 8.686523871974122793e-20
6.500816566128239174e+03 -3.648144149411182504e-20 8.919242682122637091e-20
6.505822494061295401e+03 3.478667296237708221e-19 8.500006041093920188e-20
6.510828421994350720e+03 2.204604873342572838e-19 8.142915756194970127e-20
6.515834349927406947e+03 2.868930253212631190e-19 8.198264910606894449e-20
6.520840277860462265e+03 4.140387147122180983e-19 8.499925065068669651e-20
6.525846205793517584e+03 2.998639344245758518e-19 8.959992270069824286e-20
6.530852133726573811e+03 6.428347480837431524e-20 9.180785332950766709e-20
6.535858061659629129e+03 3.079187339508670295e-19 8.962594598932964271e-20
6.540863989592685357e+03 2.821910278728292410e-19 8.484640623157320501e-20
6.545869917525740675e+03 2.906419562959450694e-19 8.562511652192679475e-20
6.550875845458796903e+03 1.897115320420455448e-19 8.687750662713017720e-20
6.555881773391852221e+03 2.653084456981747196e-19 8.598987151915228880e-20
6.560887701324907539e+03 2.290263182811565562e-19 8.334511878650396115e-20
6.565893629257963767e+03 2.473404558686090614e-19 8.046998015852682615e-20
6.570899557191019085e+03 1.486450350439956545e-19 7.975422364461953115e-20
6.575905485124075312e+03 2.676961519408713095e-19 7.920073012675378822e-20
6.580911413057130630e+03 1.460903680579021143e-19 7.619978789480897216e-20
6.585917340990186858e+03 1.905096630100516214e-20 7.125390561839846179e-20
6.590923268923242176e+03 1.793437663698440831e-19 7.091406104381065483e-20
6.595929196856297494e+03 1.889624552638481448e-19 7.205010474949285216e-20
6.600935124789353722e+03 1.306680846499689816e-19 7.378116119307970749e-20
6.605941052722409040e+03 3.102225557435757376e-19 7.364593767165291049e-20
6.610946980655464358e+03 2.752736639136890311e-19 7.109694157943175884e-20
6.615952908588520586e+03 1.649133451697325482e-19 6.996525167696803091e-20
6.620958836521576814e+03 1.351819583038363913e-19 7.173978679359958457e-20
6.625964764454632132e+03 1.397798795426224903e-19 7.291121690994810302e-20
6.630970692387687450e+03 -8.542644887197009142e-20 7.465076599874067868e-20
6.635976620320743677e+03 1.183765581354019711e-20 7.441248988011074771e-20
6.640982548253798996e+03 1.914149091160344088e-19 7.510421183535119873e-20
6.645988476186854314e+03 2.317354199245843168e-19 7.547332186832153478e-20
6.650994404119910541e+03 2.489034455730889589e-19 7.678184889418358365e-20
6.656000332052965859e+03 1.702998710623386653e-19 7.795256931305000314e-20
6.661006259986022087e+03 1.592590307748616827e-19 7.761866171401680145e-20
6.666012187919077405e+03 2.394040429122557313e-19 7.669647450557162826e-20
6.671018115852133633e+03 2.765325077574014692e-19 7.426652046602253909e-20
6.676024043785188951e+03 1.364296660014430689e-19 7.283075730125482240e-20
6.681029971718244269e+03 2.196376928980496176e-19 7.145008317398710189e-20
6.686035899651300497e+03 1.535903302705021826e-19 7.071756114202718983e-20
6.691041827584355815e+03 2.035718092516730959e-19 7.033581082910988919e-20
6.696047755517412043e+03 9.844795674329785696e-20 6.985659987761003328e-20
6.701053683450467361e+03 1.535285055907310642e-19 7.003371952089339339e-20
6.706059611383523588e+03 2.498309563277223550e-19 6.876464091375483094e-20
6.711065539316578906e+03 1.684788134615508584e-19 6.879293454345618242e-20
6.716071467249634225e+03 2.359456926355310239e-19 6.861979255907510105e-20
6.721077395182690452e+03 1.583777350881535367e-19 6.842665214609860109e-20
6.726083323115745770e+03 1.311708113335217892e-19 6.829207024500483386e-20
6.731089251048801998e+03 1.179547262602947082e-20 6.875828478882369828e-20
6.736095178981857316e+03 -2.866086997845381087e-20 6.934515549870827897e-20
6.741101106914913544e+03 4.573762607413528279e-20 7.023080723397154499e-20
6.746107034847968862e+03 1.851307914417038495e-19 7.057760722879434375e-20
6.751112962781024180e+03 2.033235385675860666e-19 7.128331130201873719e-20
6.756118890714080408e+03 2.749537782685271830e-19 7.205044482000523485e-20
6.761124818647135726e+03 1.608928294394941873e-19 7.295206972854471855e-20
6.766130746580191044e+03 2.784134849690715673e-19 7.401102933746028446e-20
6.771136674513247272e+03 8.945379222360961077e-20 7.553655271252923077e-20
6.776142602446303499e+03 2.154531366480636824e-19 7.713108860377614320e-20
6.781148530379358817e+03 1.691665460951668361e-19 7.839403467118649562e-20
6.786154458312414135e+03 1.810245099155290036e-19 7.886022022653940974e-20
6.791160386245470363e+03 3.342829114497399107e-19 7.659216862774468356e-20
6.796166314178525681e+03 2.245280650042155559e-19 7.546281762252308614e-20
6.801172242111580999e+03 1.905598029916135688e-20 7.340266492602477214e-20
6.806178170044637227e+03 2.278300772951403600e-19 7.224940150984343506e-20
6.811184097977693455e+03 1.024067063935092570e-19 7.100503088152309958e-20
6.816190025910748773e+03 2.142980369156631171e-19 7.075973213214514271e-20
6.821195953843804091e+03 1.728698494694061805e-19 7.818069664441047997e-20
6.826201881776860318e+03 2.548561020094960671e-19 9.101301045518820227e-20
6.831207809709915637e+03 1.504634002053818321e-19 9.472126133677727309e-20
6.836213737642970955e+03 1.711200394237204889e-19 8.665155199513921570e-20
6.841219665576027182e+03 1.272600538754636113e-19 7.475347045184435383e-20
6.846225593509082501e+03 2.504130569298908581e-19 6.904093024409110942e-20
6.851231521442138728e+03 1.997142017650730693e-19 6.811167606128815571e-20
6.856237449375194046e+03 1.143548446123187011e-19 7.774380120601346830e-20
6.861243377308250274e+03 1.150314598977753107e-19 1.070487304708214487e-19
6.866249305241305592e+03 -3.641119705741265965e-20 1.164328767085765410e-19
6.871255233174360910e+03 3.648938847773599155e-19 1.089320499719627654e-19
6.876261161107417138e+03 3.672539778577673873e-19 9.985891912699464122e-20
6.881267089040473365e+03 2.859704479024782203e-19 9.482261336311213161e-20
6.886273016973527774e+03 3.699489727326333502e-19 9.560464230473851759e-20
6.891278944906584002e+03 1.389670053755294611e-19 9.680588625545697996e-20
6.896284872839640229e+03 9.105722654995017129e-20 9.744118807260005144e-20
6.901290800772695547e+03 6.762262644968629865e-20 9.802548831961030001e-20
6.906296728705750866e+03 2.177678961399071479e-19 9.615782692434319016e-20
6.911302656638807093e+03 3.786731021560788836e-19 9.379645442150606082e-20
6.916308584571862411e+03 2.980130984475257946e-19 9.894183626959131433e-20
6.921314512504917730e+03 3.048301034519656481e-19 9.937314554498513155e-20
6.926320440437973957e+03 2.043062340374369695e-19 8.902676578037316948e-20
6.931326368371030185e+03 1.283642317412100164e-19 7.658648540374198480e-20
6.936332296304085503e+03 2.260730774580139813e-19 7.495596175977200950e-20
6.941338224237140821e+03 2.989101315106477495e-19 7.944703241009238239e-20
6.946344152170197049e+03 2.531899658671159246e-19 8.276669677651991520e-20
6.951350080103252367e+03 9.300388152054544800e-20 7.991153602951886591e-20
6.956356008036307685e+03 1.417074788253939766e-19 6.986132926322406997e-20
6.961361935969363913e+03 1.220822387451491503e-19 6.694645059515947096e-20
6.966367863902420140e+03 1.199553161780413332e-19 6.940774061479242520e-20
6.971373791835475458e+03 2.097113298856970586e-19 7.409058901741962834e-20
6.976379719768530776e+03 5.471012899971379804e-20 7.588108045419574202e-20
6.981385647701587004e+03 1.407139631179752040e-19 7.438514008369346964e-20
6.986391575634642322e+03 1.839430965988995317e-19 6.803038180976152062e-20
6.991397503567697640e+03 1.374958177790235348e-19 6.668133598577840437e-20
6.996403431500753868e+03 1.352842436099112717e-19 6.869680811478806756e-20
7.001409359433810096e+03 3.269493817766659245e-19 7.120506378007013252e-20
7.006415287366865414e+03 1.950320101998715724e-19 7.487677541721740706e-20
7.011421215299920732e+03 2.142461036283178196e-19 7.474147203107628217e-20
7.016427143232976960e+03 9.860338104549233865e-20 7.279107861722909845e-20
7.021433071166032278e+03 3.952389084620004164e-20 7.103128976674709683e-20
7.026438999099087596e+03 1.839603459686709325e-19 7.217595603806953108e-20
7.031444927032143823e+03 3.963923409044733637e-19 7.389292877067772810e-20
7.036450854965200051e+03 2.966500255309124739e-19 7.617071562630507813e-20
7.041456782898254460e+03 1.472667666328385638e-19 7.888377385043282194e-20
7.046462710831310687e+03 3.067957602831592379e-19 7.910959259100597041e-20
7.051468638764366915e+03 3.143186747984308794e-19 7.650362563879060183e-20
7.056474566697422233e+03 2.775228846682265511e-19 7.198881694134051315e-20
7.061480494630477551e+03 2.184795817728574069e-19 7.020424952721333122e-20
7.066486422563533779e+03 8.312762657167027123e-20 6.912143053831916022e-20
7.071492350496589097e+03 3.303775069087211715e-19 6.806708853598533319e-20
7.076498278429644415e+03 2.209539770987610024e-19 6.679005551720043729e-20
7.081504206362700643e+03 2.154863189448706186e-19 6.634714604013387782e-20
7.086510134295756870e+03 1.668162661174856890e-19 6.583682011608539652e-20
7.091516062228812189e+03 2.320846575814925628e-19 6.377370993498016027e-20
7.096521990161867507e+03 2.916646655086088451e-19 6.195011195191623827e-20
7.101527918094923734e+03 1.695509433685646843e-19 6.135266772498404178e-20
7.106533846027979052e+03 2.117625550990405083e-19 6.136708292409889136e-20
7.111539773961034371e+03 2.180561562772374123e-19 6.160805664603933537e-20
7.116545701894090598e+03 1.421825628292958076e-19 6.183607103182962854e-20
7.121551629827146826e+03 2.011681395454285043e-19 6.318705820692213983e-20
7.126557557760202144e+03 1.541450300624262245e-19 6.471648196182311528e-20
7.131563485693257462e+03 1.760447673961753805e-19 6.566144306389071132e-20
7.136569413626313690e+03 1.831449063182536296e-19 6.701259662056839333e-20
7.141575341559369008e+03 3.105179783502432703e-19 6.958117072991267133e-20
7.146581269492424326e+03 2.262323739243349857e-19 7.093978091980994121e-20
7.151587197425480554e+03 2.391667996797873450e-19 7.130808677396295646e-20
7.156593125358536781e+03 2.204304195322050713e-19 7.250735839369251284e-20
7.161599053291592099e+03 2.592350767032126264e-19 7.486879831177241179e-20
7.166604981224647418e+03 1.279192073988612072e-19 7.671392094548265196e-20
7.171610909157703645e+03 2.939813881401056213e-19 7.530708709614942469e-20
7.176616837090758963e+03 1.998994934030642731e-19 7.420092381601064091e-20
7.181622765023814281e+03 2.140328249451509080e-19 7.188826776044016554e-20
7.186628692956870509e+03 1.623630316520111445e-19 6.908478120746073111e-20
7.191634620889926737e+03 1.081743272725063043e-19 6.774005114142547579e-20
7.196640548822981145e+03 1.183129855530452409e-19 6.682696921305361698e-20
7.201646476756037373e+03 1.671633552926329129e-19 6.565680076379156227e-20
7.206652404689093601e+03 3.953432163710978012e-19 6.465261955179878128e-20
7.211658332622148919e+03 2.570942773412385713e-19 6.373372654194153833e-20
7.216664260555204237e+03 1.430365916716473646e-19 6.407574619515842032e-20
7.221670188488260465e+03 1.615460126585854058e-19 6.459564174276961980e-20
7.226676116421315783e+03 2.277097897522804277e-19 6.508375274091478445e-20
7.231682044354371101e+03 1.051313524847138633e-19 7.772876958999766400e-20
7.236687972287427328e+03 2.622261698452598758e-19 1.021810804751346995e-19
7.241693900220483556e+03 4.146222372325408214e-19 1.153291042421633886e-19
7.246699828153538874e+03 1.275464572899048708e-19 1.037599823693922297e-19
7.251705756086594192e+03 -4.138665647813537542e-21 8.300955344131488887e-20
7.256711684019650420e+03 3.388335725048219968e-20 7.166120614145173931e-20
7.261717611952705738e+03 1.473443368547717137e-20 6.744337933374528802e-20
7.266723539885761056e+03 2.181025560638084528e-19 7.697614397120168595e-20
7.271729467818817284e+03 3.900576807501551418e-19 1.047373942238016532e-19
7.276735395751873511e+03 3.961178957856346443e-19 1.181340807784513723e-19
7.281741323684928830e+03 1.017330525215938747e-19 1.105325463473045449e-19
7.286747251617984148e+03 2.676848235411047275e-19 9.321381674744943636e-20
7.291753179551040375e+03 2.088213733567946810e-19 8.478631913148481071e-20
7.296759107484095694e+03 3.098682265940132253e-19 8.564865839950144635e-20
7.301765035417151012e+03 1.470257951474508447e-19 8.771468111521878871e-20
7.306770963350207239e+03 1.737615684360319200e-19 8.982107692107913737e-20
7.311776891283263467e+03 3.175204468926517014e-19 1.037933138440700178e-19
7.316782819216318785e+03 3.909901023559533912e-19 1.053987419672561489e-19
7.321788747149374103e+03 1.892538721915515477e-19 9.405660584185638757e-20
7.326794675082430331e+03 1.748863153976475639e-19 8.506205914986059829e-20
7.331800603015485649e+03 1.628818228644314882e-19 9.174969095442761814e-20
7.336806530948540967e+03 1.215444798554753886e-19 1.057109658304438893e-19
7.341812458881597195e+03 2.166438407901241070e-19 1.051288409215119849e-19
7.346818386814653422e+03 3.479070803687864145e-19 8.579979711563547182e-20
7.351824314747707831e+03 2.140635849884333126e-19 7.533441663861007427e-20
7.356830242680764059e+03 2.733509548600644276e-19 8.031644423827433763e-20
7.361836170613820286e+03 1.541838232784180368e-19 8.951581857544523739e-20
7.366842098546875604e+03 2.273000705892328898e-19 9.624697397219550918e-20
7.371848026479930923e+03 3.846462961098006010e-19 9.170552615662171100e-20
7.376853954412987150e+03 1.809013636598428340e-19 7.206280869385787320e-20
7.381859882346043378e+03 2.371960985838476154e-19 6.528468486189166562e-20
7.386865810279097786e+03 2.374079331482176742e-19 7.249937160546119588e-20
7.391871738212154014e+03 3.012669187858764812e-19 7.884529293762482791e-20
7.396877666145210242e+03 3.295048231738355120e-19 8.757378042195535138e-20
7.401883594078265560e+03 5.345832522229844850e-20 8.846996794198554168e-20
7.406889522011320878e+03 3.310007683472368779e-19 8.089575030669837911e-20
7.411895449944377106e+03 2.177760082955973632e-19 7.032730661928884573e-20
7.416901377877432424e+03 3.367604263991776219e-19 7.097704602573810068e-20
7.421907305810487742e+03 1.635229703297925628e-19 7.387484289269766035e-20
7.426913233743543969e+03 1.712492886255827400e-19 7.806652660684920958e-20
7.431919161676600197e+03 2.497957596736307553e-19 8.338807613853836070e-20
7.436925089609655515e+03 1.353950073252433941e-19 8.377264773406295214e-20
7.441931017542710833e+03 3.415661306837443627e-19 7.864164748441589858e-20
7.446936945475767061e+03 2.156418945586492181e-19 6.874545549822051768e-20
7.451942873408822379e+03 2.494828977139460395e-19 6.726233055971837931e-20
7.456948801341877697e+03 1.384473035730339654e-19 6.934851422030646174e-20
7.461954729274933925e+03 2.629846637153276832e-19 7.428831618033098186e-20
7.466960657207990153e+03 1.626226672532917088e-19 7.937362352251283649e-20
7.471966585141045471e+03 4.180492916413792589e-19 8.254743676123854630e-20
7.476972513074100789e+03 1.090046099105802895e-19 8.498702448612691421e-20
7.481978441007157016e+03 -4.007805393243763220e-20 8.114285500988473323e-20
7.486984368940212335e+03 1.764306698641342645e-19 7.381492484462434289e-20
7.491990296873267653e+03 3.593304301000959898e-20 6.676406621922019983e-20
7.496996224806323880e+03 2.176162586605175498e-19 6.486883708010647197e-20
7.502002152739380108e+03 2.601853548089304823e-19 6.226895913483426264e-20
7.507008080672435426e+03 1.966379767791762788e-19 6.189619244958810552e-20
7.512014008605490744e+03 2.252078726395134027e-19 6.478997352924872860e-20
7.517019936538546972e+03 1.898722165647541146e-19 8.008188928073678584e-20
7.522025864471602290e+03 1.169999902840380024e-19 9.388201481029843973e-20
7.527031792404657608e+03 2.246190187408023759e-19 9.505509317449012994e-20
7.532037720337713836e+03 4.231677232007173616e-19 8.174419327688770592e-20
7.537043648270770063e+03 1.957966180892916618e-19 7.453196810125094243e-20
7.542049576203824472e+03 2.426861284607483441e-19 7.312770104479224627e-20
7.547055504136880700e+03 1.699952463204472554e-19 7.444593808992781071e-20
7.552061432069936927e+03 1.639019376560729023e-19 7.796069176332364530e-20
7.557067360002992245e+03 2.610516298472128163e-19 7.938772386930374531e-20
7.562073287936047564e+03 1.735360107814026823e-19 8.090279854742119034e-20
7.567079215869103791e+03 3.229724638349930710e-19 9.039682602596192265e-20
7.572085143802159109e+03 1.139532288996819796e-19 9.261645171508148153e-20
7.577091071735214427e+03 1.365128779747371565e-19 8.221375962558768340e-20
7.582096999668270655e+03 2.942871725585614310e-19 7.475372035305106731e-20
7.587102927601326883e+03 2.831425035019463088e-19 7.376682095256064731e-20
7.592108855534382201e+03 2.442574497791218388e-19 8.450770371423693794e-20
7.597114783467437519e+03 8.737922095773663156e-21 1.163094552461939792e-19
7.602120711400493747e+03 -1.478063516419786573e-20 1.595578700289079596e-19
7.607126639333549065e+03 1.549388607717355433e-19 1.726015703400094697e-19
7.612132567266604383e+03 -1.491780938024161809e-19 1.504782573650269556e-19
7.617138495199660611e+03 1.104807244290385606e-20 1.129761096163879292e-19
7.622144423132716838e+03 -2.124077394835800112e-20 1.017520125477429583e-19
7.627150351065772156e+03 2.803883658829602314e-19 1.164758458296075142e-19
7.632156278998827474e+03 5.454737672530591005e-19 1.238186309850940201e-19
7.637162206931883702e+03 4.186071189340756097e-19 1.119602266801298666e-19
7.642168134864939020e+03 3.157686074461269226e-19 1.028847581243866356e-19
7.647174062797994338e+03 1.870892202905887168e-19 1.003748660866431047e-19
7.652179990731050566e+03 2.467619956535579532e-19 9.775885978364422820e-20
7.657185918664106794e+03 2.419676625272978583e-19 9.926022888783711992e-20
7.662191846597162112e+03 3.416793678500634534e-19 1.024469741240389448e-19
7.667197774530217430e+03 1.585783978745137296e-19 1.065630452006354548e-19
7.672203702463273657e+03 3.489409798198432423e-19 9.624630386624079219e-20
7.677209630396328976e+03 1.940601715881675295e-19 9.387050122696116221e-20
7.682215558329384294e+03 1.968608492357815280e-19 9.242107009492716792e-20
7.687221486262440521e+03 4.518486820010750897e-19 9.172746854853163242e-20
7.692227414195496749e+03 1.633075288022394687e-19 9.027639803773378564e-20
7.697233342128551158e+03 3.906523246243423557e-19 9.198822041581557397e-20
7.702239270061607385e+03 3.011377864623346121e-19 9.722394412471703549e-20
7.707245197994663613e+03 3.911891438354688517e-19 1.240628615811105804e-19
7.712251125927718931e+03 2.217755087280454238e-19 1.310517288613945404e-19
7.717257053860774249e+03 4.730070215376679791e-19 1.252702318384502928e-19
7.722262981793830477e+03 1.679278924970869844e-19 9.820441815344668347e-20
7.727268909726885795e+03 3.249656702558842565e-19 7.869920506461274220e-20
7.732274837659941113e+03 2.546062008209076996e-19 7.032842506276766075e-20
7.737280765592997341e+03 1.573266939532840434e-19 6.744653819317598528e-20
7.742286693526053568e+03 1.783566930520522904e-19 8.396664776520348067e-20
7.747292621459108886e+03 3.757712253470880356e-19 1.111253592890391009e-19
7.752298549392164205e+03 -3.931225977505539921e-20 1.174308706239814199e-19
7.757304477325220432e+03 3.587869273030420863e-19 1.024246206537241231e-19
7.762310405258275750e+03 2.664014903090169431e-19 8.643008557986068442e-20
7.767316333191331069e+03 2.496712848355464538e-19 8.026202250643931747e-20
7.772322261124387296e+03 2.280153656133921075e-19 8.515974934217530455e-20
7.777328189057443524e+03 5.337787548977765659e-19 9.171803244369946369e-20
7.782334116990498842e+03 7.804315144379301134e-20 8.921449284607978819e-20
7.787340044923554160e+03 2.409970484430451973e-19 1.047637554498208063e-19
7.792345972856610388e+03 4.423999327122325126e-19 1.195452587317683788e-19
7.797351900789665706e+03 3.117123083972497505e-19 1.128617982219935829e-19
7.802357828722721024e+03 7.158964343341908664e-20 9.692751094595769339e-20
7.807363756655777252e+03 2.411811290187110328e-19 9.824306253962146261e-20
7.812369684588833479e+03 1.850983336187426145e-19 1.033272300734493401e-19
7.817375612521888797e+03 4.853523509487547588e-19 1.192325516906733383e-19
7.822381540454944115e+03 2.965605930465251533e-19 1.176981720429928596e-19
7.827387468388000343e+03 1.066542068113419024e-19 9.240834346418931722e-20
7.832393396321055661e+03 2.626251832771910142e-19 7.453329894042434052e-20
7.837399324254110979e+03 2.099760703879915992e-19 8.214623539654070251e-20
7.842405252187167207e+03 4.560098489365676468e-19 8.902953820304747216e-20
7.847411180120223435e+03 4.079635349572363723e-19 1.104908038695086664e-19
7.852417108053277843e+03 6.424412377813352051e-19 1.248442463297941550e-19
7.857423035986334071e+03 2.380799018521551933e-19 1.212530219813164636e-19
7.862428963919390299e+03 4.568277929127182957e-19 1.053844837355866357e-19
7.867434891852445617e+03 1.717131400329078254e-19 1.035392162166351196e-19
7.872440819785500935e+03 3.851164338063793234e-19 1.030669107518906460e-19
7.877446747718557162e+03 2.497369144843097198e-19 9.886320826317110677e-20
7.882452675651613390e+03 2.812793999779862462e-19 1.020852698881867796e-19
7.887458603584667799e+03 1.124369340622383038e-19 1.053950486503074963e-19
7.892464531517724026e+03 1.251254823944099182e-19 9.863052017616037282e-20
7.897470459450780254e+03 1.555884963596189618e-19 7.954537338351896946e-20
7.902476387383835572e+03 8.166029619232434638e-20 7.832552636558709486e-20
7.907482315316890890e+03 1.940346306931007803e-19 1.158126212064320563e-19
7.912488243249947118e+03 -1.299884033157752978e-19 1.411511632306400495e-19
7.917494171183002436e+03 5.147616118490503626e-19 1.410912101990999111e-19
7.922500099116057754e+03 3.092074437060174086e-19 1.151917594102222438e-19
7.927506027049113982e+03 9.303770456442632245e-20 1.054256651318912449e-19
7.932511954982170209e+03 2.648682074053597794e-19 9.822328457313475771e-20
7.937517882915225528e+03 6.470207144632214364e-20 8.586104701496632964e-20
7.942523810848280846e+03 2.470346221640877161e-19 8.502364189624804427e-20
7.947529738781337073e+03 3.026343273680767947e-19 9.121501261990404644e-20
7.952535666714392391e+03 1.241907822812063086e-19 8.734033587685138096e-20
7.957541594647447710e+03 2.061602643379798634e-19 9.963255739293735853e-20
7.962547522580503937e+03 3.920125363615238166e-19 1.210268782699121306e-19
7.967553450513560165e+03 2.185522401419587658e-19 1.162512825716136042e-19
7.972559378446615483e+03 1.321185169760632967e-19 9.767167692562393139e-20
7.977565306379670801e+03 2.235560211260419643e-19 9.712566040938914733e-20
7.982571234312727029e+03 4.317174492183568986e-19 9.516015806164873429e-20
7.987577162245782347e+03 -4.967221783672551057e-20 1.101308434150246263e-19
7.992583090178837665e+03 -1.257033751131160983e-19 1.191180139591916164e-19
7.997589018111893893e+03 4.693897444501978451e-20 1.035660737733236207e-19
8.002594946044950120e+03 1.196802828614374514e-19 7.340985566620887116e-20
8.007600873978005438e+03 1.574866806106306214e-19 7.684712304216431233e-20
8.012606801911060757e+03 1.148612984007831702e-19 8.425980901783119190e-20
8.017612729844116984e+03 1.187454225922046255e-19 9.406759881341565076e-20
8.022618657777172302e+03 -9.150654118542747014e-20 1.070750461645244243e-19
8.027624585710227620e+03 1.986178491492972457e-19 1.081877344412575376e-19
8.032630513643283848e+03 5.278715561653979314e-19 8.828493795871661495e-20
8.037636441576340076e+03 2.534026952906459740e-19 7.198196278394814190e-20
8.042642369509394484e+03 2.307541071438165599e-19 7.600685463770946033e-20
8.047648297442450712e+03 2.360469001573139823e-19 8.564194596137663594e-20
8.052654225375506940e+03 5.884319335924734832e-20 9.310176846371223782e-20
8.057660153308562258e+03 7.094436531081890250e-20 1.052315347871678869e-19
8.062666081241617576e+03 1.360091141628570947e-19 1.040381146461472536e-19
8.067672009174673803e+03 1.553826542247708169e-19 9.014495798042361244e-20
8.072677937107729122e+03 2.473760847651913925e-19 7.659786901661918487e-20
8.077683865040784440e+03 2.247942837366660838e-19 7.556303601723255432e-20
8.082689792973840667e+03 2.836243437763585040e-19 7.366947868663998822e-20
8.087695720906896895e+03 2.477441412947557511e-19 7.443318758156154663e-20
8.092701648839952213e+03 1.380895473249330913e-19 7.550761978990467975e-20
8.097707576773007531e+03 3.162852186884107203e-20 7.846222134091212023e-20
8.102713504706063759e+03 2.614269995116723000e-19 7.648221891143460335e-20
8.107719432639119077e+03 3.761647066405977094e-19 7.122116908292267340e-20
8.112725360572174395e+03 2.546643305654136638e-19 6.521222238620691971e-20
8.117731288505230623e+03 1.294758095204977848e-19 6.489655478460209834e-20
8.122737216438286850e+03 1.567260285973244405e-19 6.613540487570734842e-20
8.127743144371342169e+03 2.599435086210839834e-19 6.808525541881654570e-20
8.132749072304397487e+03 3.227727055503542416e-19 7.122072429433727283e-20
8.137755000237453714e+03 1.016343730263905068e-19 7.432458900362262258e-20
8.142760928170509032e+03 2.097614678045441064e-19 7.709738275227915322e-20
8.147766856103564351e+03 2.689854184456114193e-19 7.598861703414707296e-20
8.152772784036620578e+03 2.381270832228559681e-19 7.367419210742445218e-20
8.157778711969676806e+03 3.019828920952849256e-19 7.190559608948462169e-20
8.162784639902732124e+03 1.372677467677017912e-19 7.183964524083271519e-20
8.167790567835787442e+03 9.306973377530211939e-20 7.230067746471980274e-20
8.172796495768843670e+03 1.126835865579553223e-19 7.277037857056813401e-20
8.177802423701898988e+03 2.641214150222287464e-19 7.317582672189317235e-20
8.182808351634954306e+03 1.607895696849380084e-19 7.478003935176501014e-20
8.187814279568010534e+03 1.245985495037473122e-19 7.710175311781291978e-20
8.192820207501066761e+03 3.842722300223013067e-19 7.684397360848533842e-20
8.197826135434121170e+03 1.437575146068166861e-19 7.436050092341915693e-20
8.202832063367177398e+03 9.640994115412351579e-20 7.352453677676046240e-20
8.207837991300233625e+03 8.782242346239873907e-20 7.324783778218132508e-20
8.212843919233288034e+03 8.877470656917081535e-20 7.279645372647026440e-20
8.217849847166344261e+03 1.789565721326817782e-19 7.230135015065523250e-20
8.222855775099400489e+03 1.371297334720744755e-19 7.173675018515550157e-20
8.227861703032456717e+03 2.623960096954612749e-19 7.121261073463014107e-20
8.232867630965511125e+03 1.484370556733376465e-19 7.077040421532792830e-20
8.237873558898567353e+03 2.635875181302748932e-19 7.161794898749423876e-20
8.242879486831623581e+03 1.860536290517105828e-19 7.188552531251400716e-20
8.247885414764677989e+03 2.605340420076288801e-19 7.091085363178665329e-20
8.252891342697734217e+03 3.731181311453006709e-19 6.860531204259254983e-20
8.257897270630790445e+03 2.615717742545672719e-19 6.725851179854736546e-20
8.262903198563846672e+03 2.403959766900694972e-19 6.629563404974541823e-20
8.267909126496901081e+03 2.316087636700028764e-19 6.888738885661986907e-20
8.272915054429957308e+03 2.619683716100069672e-19 8.839335678682554019e-20
8.277920982363013536e+03 5.744539121589861295e-19 1.143714115642810304e-19
8.282926910296067945e+03 -1.222060388905595840e-19 1.364014362603981807e-19
8.287932838229124172e+03 2.963296812409072874e-19 1.378859703706834501e-19
8.292938766162180400e+03 -6.324765757021413745e-20 1.456732307950567599e-19
8.297944694095236628e+03 2.980424796662824777e-19 1.438263315768342100e-19
8.302950622028291036e+03 2.133160975313945604e-19 1.304553827437203287e-19
8.307956549961347264e+03 2.823440218755794830e-19 1.070673176994858063e-19
8.312962477894403492e+03 5.311272299834475625e-20 1.023495045442801957e-19
8.317968405827457900e+03 2.229318784947201823e-19 8.882037196701235608e-20
8.322974333760514128e+03 1.715815452265020176e-19 7.913382462649582472e-20
8.327980261693570355e+03 6.607749907440227975e-20 7.603990894860845335e-20
8.332986189626626583e+03 -3.198327591386386582e-20 8.631816660462529975e-20
8.337992117559680992e+03 -6.644161158135096037e-20 1.473780530912101011e-19
8.342998045492737219e+03 3.967309536337648330e-19 1.762845839967465866e-19
8.348003973425793447e+03 2.392919121248477496e-19 1.682708430273419575e-19
8.353009901358847856e+03 8.917479425747055269e-20 1.230123654296024196e-19
8.358015829291904083e+03 3.116132097416050024e-19 1.024893661544427446e-19
8.363021757224960311e+03 3.101001875132233824e-19 8.965265277593980391e-20
8.368027685158016538e+03 6.087671455027089499e-20 8.419149865643590537e-20
8.373033613091070947e+03 9.030231383260738540e-20 8.136199597081708914e-20
8.378039541024127175e+03 -2.240384721015819766e-20 9.952769591443340891e-20
8.383045468957181583e+03 2.194005762670325080e-19 1.029354482084685230e-19
8.388051396890237811e+03 2.163623173769138249e-19 9.453875756745779085e-20
8.393057324823294039e+03 2.786215856355796651e-19 1.295581481509124257e-19
8.398063252756350266e+03 3.546103628340424966e-19 1.517934935314764549e-19
8.403069180689406494e+03 -2.296073129429250394e-19 1.318707022392892535e-19
8.408075108622460903e+03 1.074444403225471589e-19 1.003224570094228501e-19
8.413081036555517130e+03 2.289795372554277437e-19 1.081689536822941134e-19
8.418086964488571539e+03 5.515279496580575689e-20 1.064353237536167488e-19
8.423092892421627766e+03 3.446830681797956480e-19 1.304106991386121177e-19
8.428098820354683994e+03 6.717772411986771407e-19 1.626319429062198939e-19
8.433104748287740222e+03 5.940822071134278012e-19 1.544354460834397571e-19
8.438110676220796449e+03 8.589135712204514505e-20 1.021907918630886385e-19
8.443116604153850858e+03 2.607295416577966463e-19 8.889402923078288721e-20
8.448122532086907086e+03 3.468101268186130090e-19 1.125260568036352258e-19
8.453128460019961494e+03 3.865334157667156345e-19 1.166482164162049652e-19
8.458134387953017722e+03 -7.612692514463177861e-20 1.311367616631072371e-19
8.463140315886073950e+03 2.618383339124848868e-19 1.496080743443471214e-19
8.468146243819130177e+03 5.111324349557216229e-19 1.378933092334554456e-19
8.473152171752186405e+03 9.077809957659211408e-20 9.021697321804706176e-20
8.478158099685240813e+03 1.768134308174493087e-19 7.294748595276834836e-20
8.483164027618297041e+03 2.667343033249086478e-19 7.271017337159408142e-20
8.488169955551351450e+03 3.173442868298753399e-19 8.673160976288096822e-20
8.493175883484407677e+03 3.717686854026366679e-19 9.207336330252165331e-20
8.498181811417463905e+03 2.235778070702783403e-19 1.025046476788136282e-19
8.503187739350520133e+03 -3.011546712852722593e-20 1.062784983016849083e-19
8.508193667283574541e+03 1.901700123196078870e-19 9.790891107625424154e-20
8.513199595216630769e+03 1.949075788070033566e-19 7.406716759124653893e-20
8.518205523149686996e+03 2.525034323455192531e-19 6.867347880285356196e-20
8.523211451082741405e+03 2.062398189340102098e-19 6.937519398631065174e-20
8.528217379015797633e+03 1.658176243441570629e-19 7.098314013092439465e-20
8.533223306948853860e+03 2.606519239687064999e-19 7.971010801894768022e-20
8.538229234881910088e+03 3.911303507342826761e-19 8.704104954446149069e-20
8.543235162814964497e+03 1.916103805896356455e-19 9.773585273174206494e-20
8.548241090748020724e+03 1.169038330146621550e-19 9.745620960985398006e-20
8.553247018681076952e+03 3.553326788132128050e-19 8.963300250641548187e-20
8.558252946614131361e+03 1.235830088527567663e-19 7.490709574769116381e-20
8.563258874547187588e+03 2.371782383201228891e-19 7.383276643654259003e-20
8.568264802480243816e+03 2.475351560414335442e-19 7.539472519370062430e-20
8.573270730413300043e+03 2.709780309129613256e-19 7.685217871480119184e-20
8.578276658346354452e+03 1.170072741832153642e-19 7.601911819723820629e-20
8.583282586279410680e+03 2.734401675602225638e-19 7.829878501748282003e-20
8.588288514212466907e+03 1.893372158510463195e-19 8.219252253978816962e-20
8.593294442145521316e+03 2.517749094799551563e-19 8.534125566109758456e-20
8.598300370078577544e+03 1.453887962193744874e-19 8.285576251362964473e-20
8.603306298011633771e+03 2.053154396439226579e-19 7.898616868707154671e-20
8.608312225944689999e+03 1.928589288918528965e-19 8.216937066549106250e-20
8.613318153877744408e+03 1.941166013421659227e-19 9.563360916887532013e-20
8.618324081810800635e+03 9.798141646238610177e-20 1.123379676673620962e-19
8.623330009743856863e+03 6.390907259945600596e-19 1.247593369643164160e-19
8.628335937676911271e+03 2.967606969038109512e-19 1.273314507779809702e-19
8.633341865609967499e+03 1.340816289575889539e-19 1.185912191159692192e-19
8.638347793543023727e+03 2.824918460248108768e-19 1.028365251950478541e-19
8.643353721476079954e+03 2.637978325351050991e-19 9.654748383034171911e-20
8.648359649409134363e+03 2.630546829524205890e-19 1.082656732432065596e-19
8.653365577342190591e+03 5.814925200406714177e-19 1.220900272220614491e-19
8.658371505275246818e+03 -3.795184742964144428e-20 1.274156078231802656e-19
8.663377433208301227e+03 -3.963779293371331316e-20 1.268581757616952239e-19
8.668383361141357454e+03 2.490681644995737577e-19 1.221863157650756922e-19
8.673389289074413682e+03 3.310147086051189022e-19 1.149533096823080939e-19
8.678395217007469910e+03 1.490290280749933786e-19 1.061302771282898875e-19
8.683401144940524318e+03 2.988471588829942401e-19 9.833606303270509078e-20
8.688407072873580546e+03 3.355198215111797600e-19 9.171886311601275031e-20
8.693413000806636774e+03 -2.003436833695254868e-19 8.779065978105046881e-20
8.698418928739691182e+03 6.355755042253563568e-20 8.689464232599970780e-20
8.703424856672747410e+03 1.374610715528476159e-21 8.446838946255114071e-20
8.708430784605803638e+03 1.918656962841578924e-19 7.902228053821654704e-20
8.713436712538859865e+03 1.833636609288792658e-19 7.398594347036971231e-20
8.718442640471914274e+03 1.757101243732703526e-19 7.137565541038445186e-20
8.723448568404970501e+03 1.962577460208478772e-19 7.156688216885615790e-20
8.728454496338024910e+03 2.773457073873777929e-19 7.150041582718385998e-20
8.733460424271081138e+03 1.498188138288260134e-19 7.243960235803161088e-20
8.738466352204137365e+03 1.496037513013755936e-19 7.353405624657214660e-20
8.743472280137193593e+03 1.360435194093281207e-19 7.389248306562697181e-20
8.748478208070249821e+03 1.602811839237346326e-19 7.828453178217516883e-20
8.753484136003304229e+03 2.699962215914110897e-19 1.146692364720568379e-19
8.758490063936360457e+03 -2.191138941121708368e-19 1.561243254944658872e-19
8.763495991869414866e+03 2.199978699351486619e-19 1.783681868923234850e-19
8.768501919802471093e+03 -2.607017702912118417e-20 1.679868101768611142e-19
8.773507847735527321e+03 2.407450458349119680e-19 1.648008277713927252e-19
8.778513775668583548e+03 4.270341595503869461e-19 1.501123959714417523e-19
8.783519703601639776e+03 1.730827007340964113e-19 1.230555806979823062e-19
8.788525631534694185e+03 1.414833585021770852e-19 1.040158167325495958e-19
8.793531559467750412e+03 4.225959137423141976e-19 1.007966040948317354e-19
8.798537487400804821e+03 1.851997221945889023e-19 8.390729664016200247e-20
8.803543415333861049e+03 2.553561921141921357e-19 8.017685070784451334e-20
8.808549343266917276e+03 2.688250738554274073e-19 8.419369814123157249e-20
8.813555271199973504e+03 2.777161310171227868e-19 8.785082532932013725e-20
8.818561199133029731e+03 -3.259255894047578914e-19 1.567212258976036253e-19
8.823567127066084140e+03 -3.065896218224788467e-19 2.387446401822646463e-19
8.828573054999140368e+03 4.671828151275048348e-19 2.535872108481320009e-19
8.833578982932194776e+03 2.853702416715672616e-19 1.977037746956882842e-19
8.838584910865251004e+03 2.835861975527540738e-19 1.482797159357224412e-19
8.843590838798307232e+03 4.478945746414433883e-20 1.142397568296261301e-19
8.848596766731363459e+03 3.163635866265106877e-19 1.038931646542090877e-19
8.853602694664417868e+03 2.436165379062170899e-19 9.535906638904171678e-20
8.858608622597474096e+03 1.136357822964424088e-19 9.722909714917510020e-20
8.863614550530530323e+03 1.560928451462725205e-19 1.213105037223903639e-19
8.868620478463584732e+03 1.223597899899438114e-19 1.227819769701131139e-19
8.873626406396640959e+03 1.233207598350969114e-20 1.031748546757709379e-19
8.878632334329697187e+03 3.047915204880205684e-19 1.447680895664293653e-19
8.883638262262753415e+03 1.153120606382623933e-19 1.865971184965693473e-19
8.888644190195807823e+03 6.434464243096488561e-19 1.736467646553310594e-19
8.893650118128864051e+03 2.045372283000875398e-19 1.184393747659091327e-19
8.898656046061920279e+03 2.990907345418504212e-19 1.307780913360199221e-19
8.903661973994974687e+03 7.687878886519942302e-20 1.341797215240077386e-19
8.908667901928030915e+03 1.488415657615555806e-19 1.216920186895304766e-19
8.913673829861087142e+03 -1.141202992438131050e-19 1.740349829361931934e-19
8.918679757794143370e+03 -2.302616224770634488e-19 2.009068512730115344e-19
8.923685685727199598e+03 -1.488657192783509905e-20 1.754301320932996034e-19
8.928691613660254006e+03 5.017790159010013972e-20 1.061575879804759906e-19
8.933697541593308415e+03 1.797178623802151061e-19 9.960216731333559214e-20
8.938703469526364643e+03 4.279479190361869000e-19 1.360324071665657662e-19
8.943709397459420870e+03 4.421970400624635868e-19 1.492423082634787385e-19
8.948715325392477098e+03 1.495638646673110467e-19 1.548215454438461895e-19
8.953721253325533326e+03 -1.671171273308466319e-19 2.057960356756449092e-19
8.958727181258589553e+03 8.512603470211319238e-19 2.126202151359479261e-19
8.963733109191643962e+03 -2.424197621464958453e-19 1.516999014483403891e-19
8.968739037124698370e+03 1.562360173459031534e-20 9.654356126521819933e-20
8.973744965057754598e+03 1.807664665994496234e-20 9.248125784228070578e-20
8.978750892990810826e+03 1.499291258876967433e-19 9.976214962624664345e-20
8.983756820923867053e+03 8.679002192419112131e-20 1.213057491634288668e-19
8.988762748856923281e+03 2.720800071634655842e-19 1.273619719871451297e-19
8.993768676789977690e+03 -3.257392438828650589e-20 1.383768759946929297e-19
8.998774604723033917e+03 2.873299400527658081e-19 1.552199823408452815e-19
9.003780532656088326e+03 2.596031080691406773e-19 1.477932535493439780e-19
9.008786460589144554e+03 1.154110563095653474e-19 1.053337267595961022e-19
9.013792388522200781e+03 1.314362280251237368e-19 8.710935486879447847e-20
9.018798316455257009e+03 1.852396534823766360e-19 8.760660247324453556e-20
9.023804244388313236e+03 2.616563164954793447e-19 8.761967390725340777e-20
9.028810172321367645e+03 7.207080045530549088e-20 9.279867372078265626e-20
9.033816100254423873e+03 2.142940685633372085e-19 1.047721339814030873e-19
9.038822028187478281e+03 2.440255991152395928e-19 1.093095595355998861e-19
9.043827956120534509e+03 -4.673144209639045206e-20 1.219196855413742137e-19
9.048833884053590737e+03 2.946692679267843365e-19 1.255580113037556330e-19
9.053839811986646964e+03 6.804480666462244288e-20 1.163965778841356395e-19
9.058845739919703192e+03 3.320902172690615693e-19 9.794248525577103625e-20
9.063851667852757600e+03 3.382672846061129543e-19 9.918990619189436813e-20
9.068857595785813828e+03 2.398380645774780693e-19 1.014270188159966726e-19
9.073863523718868237e+03 1.191278466978257633e-19 1.002239990586877884e-19
9.078869451651924464e+03 2.500577495012170694e-19 1.009997299693404161e-19
9.083875379584980692e+03 1.198644881373083785e-20 1.050031275938347435e-19
9.088881307518036920e+03 1.835805977736834792e-19 1.108376128186055955e-19
9.093887235451093147e+03 2.253924626113090843e-19 1.128326970372951625e-19
9.098893163384147556e+03 1.425212947614279441e-19 1.126870232658224376e-19
9.103899091317203784e+03 1.416369235899701875e-19 1.061424557136624419e-19
9.108905019250258192e+03 9.358751871673621127e-20 9.300197739153553092e-20
9.113910947183314420e+03 2.224167008441760791e-19 8.591680147260691028e-20
9.118916875116370647e+03 1.184044525486777893e-19 8.581858654533319036e-20
9.123922803049426875e+03 6.451336146691925080e-20 8.674411716405406400e-20
9.128928730982483103e+03 1.161783034541209264e-19 8.768306666306813768e-20
9.133934658915537511e+03 2.109876832898292865e-19 8.918097160034690951e-20
9.138940586848593739e+03 7.789494854080170533e-20 8.937193452040201275e-20
9.143946514781648148e+03 1.123446846200134641e-19 9.210898734818419905e-20
9.148952442714704375e+03 1.781533689647687091e-19 9.570211988985874393e-20
9.153958370647760603e+03 2.940145518903616767e-19 1.002856939204487752e-19
9.158964298580816831e+03 3.448491122447460355e-19 9.814978316777460083e-20
9.163970226513873058e+03 1.732051767607015616e-19 9.310395424930671316e-20
9.168976154446927467e+03 2.575696541787880250e-19 8.585712818475830648e-20
9.173982082379983694e+03 1.847869619661048235e-19 8.630993853472114937e-20
9.178988010313038103e+03 1.038530992065473899e-19 8.867575551526766027e-20
9.183993938246094331e+03 3.522165653633662050e-20 9.107866243127018114e-20
9.188999866179150558e+03 8.607159945565849099e-20 9.379255966383319752e-20
9.194005794112206786e+03 -1.022015065055493925e-20 9.585915385794752282e-20
9.199011722045263014e+03 3.017798484212112722e-19 9.889940957741294909e-20
9.204017649978317422e+03 1.213628713272441391e-19 1.000690359898102637e-19
9.209023577911373650e+03 3.101660279947041601e-20 1.032134906575424007e-19
9.214029505844428058e+03 1.587814065017256650e-19 1.048944941141507801e-19
9.219035433777484286e+03 2.601751409880064963e-19 1.059708645416289373e-19
9.224041361710540514e+03 1.059990468479639038e-19 1.010608437390445389e-19
9.229047289643596741e+03 3.378960278684544891e-20 9.569185811351001350e-20
9.234053217576652969e+03 1.699109764423829560e-19 9.003180258832854411e-20
9.239059145509707378e+03 8.295604215649867783e-20 9.154161015025731320e-20
9.244065073442761786e+03 1.221574246647800360e-19 9.353606264113537553e-20
9.249071001375818014e+03 2.141644636910551926e-20 9.562452206059699999e-20
9.254076929308874242e+03 1.159119297726909931e-19 9.582276537870307379e-20
9.259082857241930469e+03 5.126500696014432220e-20 9.485897937100636630e-20
9.264088785174986697e+03 1.595728675871120419e-19 9.409758772059788118e-20
9.269094713108042924e+03 9.042036100841771348e-20 8.979014320077705207e-20
9.274100641041097333e+03 2.927862652151164579e-20 8.745727305686088125e-20
9.279106568974151742e+03 1.275911056522615384e-19 8.947783020564742078e-20
9.284112496907207969e+03 1.869734573180774797e-19 9.551116936687780724e-20
9.289118424840264197e+03 9.177539503790998300e-20 1.028564037348393464e-19
9.294124352773320425e+03 -1.094345834832692719e-19 1.103028851083385455e-19
9.299130280706376652e+03 8.644123993021613926e-20 1.616194400818153458e-19
9.304136208639432880e+03 2.162482313748186884e-19 2.481936861399417428e-19
9.309142136572487289e+03 -1.031406931453204736e-19 3.260233573938746572e-19
9.314148064505541697e+03 2.028105938440341273e-19 3.348004721792996928e-19
9.319153992438597925e+03 9.593715809345638482e-19 3.321149023109572031e-19
9.324159920371654152e+03 2.908485700917691346e-19 3.023993144472209300e-19
9.329165848304710380e+03 6.848283635597854853e-19 2.438224421574057316e-19
9.334171776237766608e+03 5.402732087954288073e-19 2.109202763295367392e-19
9.339177704170821016e+03 -2.597668479464106365e-20 2.104620945874411149e-19
9.344183632103877244e+03 -1.670801916607842325e-19 1.993727667874645258e-19
9.349189560036931653e+03 -3.248268120173591193e-19 1.643322530378893007e-19
9.354195487969987880e+03 -2.072085649773148784e-19 1.495761268935111134e-19
9.359201415903044108e+03 2.275006501274730740e-20 1.622881322024995095e-19
9.364207343836100335e+03 2.369487786774955056e-20 1.911142319871692424e-19
9.369213271769156563e+03 4.086120697112331257e-19 3.630821773007361283e-19
9.374219199702210972e+03 2.724201755585688459e-19 4.404376269345133403e-19
9.379225127635267199e+03 7.664228124481915754e-19 3.696951920665531210e-19
9.384231055568321608e+03 1.786563266001482413e-19 2.172130679394838830e-19
9.389236983501377836e+03 -1.574689442170260747e-19 1.541333968446873903e-19
9.394242911434434063e+03 9.977499849944736378e-20 1.440615213554221909e-19
9.399248839367490291e+03 3.348162455966662050e-19 1.571328802933073014e-19
9.404254767300546519e+03 -7.718099236850614029e-20 1.555849679800431656e-19
9.409260695233600927e+03 7.785467937316554214e-20 1.393482083567736861e-19
9.414266623166657155e+03 -1.610556227397920590e-20 1.818162596362557861e-19
9.419272551099711563e+03 -3.212009644380183857e-19 2.096341965963979442e-19
9.424278479032767791e+03 2.612826549067150943e-19 1.994158707034437789e-19
9.429284406965824019e+03 4.117570776558509588e-19 1.952423584478798145e-19
9.434290334898880246e+03 1.036597167496273033e-18 3.072291606282255552e-19
9.439296262831936474e+03 1.560001423487281308e-19 3.466454214235754991e-19
9.444302190764990883e+03 -9.615293715388396089e-19 3.091977688494953519e-19
9.449308118698047110e+03 -9.094312136682186904e-20 2.124712102591241185e-19
9.454314046631101519e+03 2.322254839860374168e-19 2.549529891398112060e-19
9.459319974564157746e+03 4.624477243109265576e-19 2.768472040036394653e-19
9.464325902497213974e+03 -3.429879384794804859e-19 2.305256722189058535e-19
9.469331830430270202e+03 3.437863389864197779e-19 2.681210459460727075e-19
9.474337758363326429e+03 -6.372530404549679030e-21 3.498596624819723735e-19
9.479343686296380838e+03 4.219255394468654077e-19 3.370335586613278229e-19
9.484349614229437066e+03 -3.722425824245512798e-19 2.277377625985002093e-19
9.489355542162491474e+03 2.645238157738215273e-19 1.617789274466548201e-19
9.494361470095547702e+03 1.484954496245869126e-19 1.962802397831595205e-19
9.499367398028603930e+03 -5.116807994478293505e-19 2.558468670882443075e-19
9.504373325961660157e+03 3.472373039740432434e-19 2.383074519877573014e-19
9.509379253894716385e+03 3.821441531358592823e-19 1.909303161394693348e-19
9.514385181827770793e+03 1.997676778464193893e-19 2.387643291921642744e-19
9.519391109760827021e+03 -2.967586170877828578e-19 2.743593400968606647e-19
9.524397037693881430e+03 6.829070996430403181e-20 2.455260823086352351e-19
9.529402965626937657e+03 -7.440529752084300101e-20 1.730826198371616935e-19
9.534408893559993885e+03 9.222822423119452496e-20 1.617293433028774506e-19
9.539414821493050113e+03 2.419431348124057658e-19 1.595251327711055492e-19
9.544420749426106340e+03 4.284111945835165992e-19 1.857380894043436524e-19
9.549426677359160749e+03 4.963694641280205664e-19 2.230612867589523732e-19
9.554432605292216977e+03 2.808636709303133317e-19 2.185135464367145720e-19
9.559438533225271385e+03 4.067438324141072561e-19 2.318690775515275365e-19
9.564444461158327613e+03 1.591537943641879169e-19 2.733037466407225700e-19
9.569450389091383840e+03 -5.339259247185384376e-19 2.744338599236485892e-19
9.574456317024440068e+03 1.083214460976619873e-19 2.058290145188068292e-19
9.579462244957496296e+03 5.267867634080016707e-20 1.667674517093724949e-19
9.584468172890550704e+03 -9.637386576769752959e-21 1.778088732565066876e-19
9.589474100823605113e+03 9.257263713560473703e-21 1.874200009201905700e-19
9.594480028756661341e+03 3.746496289650471584e-20 1.904072198674358727e-19
9.599485956689717568e+03 8.932483006155564083e-20 1.955886349218956375e-19
9.604491884622773796e+03 -3.025473979142828880e-19 2.107614075940769287e-19
9.609497812555830023e+03 3.523619390689327763e-19 2.048884791149236340e-19
9.614503740488886251e+03 2.709195721882651317e-19 2.073422983889882178e-19
9.619509668421940660e+03 2.254220725531274694e-19 2.103410445804307329e-19
9.624515596354995068e+03 -1.273100957689272961e-19 2.053928279537082404e-19
9.629521524288051296e+03 -1.976164054450448635e-19 1.733689595540286403e-19
9.634527452221107524e+03 1.159275254612363029e-19 1.655684235097589653e-19
9.639533380154163751e+03 -7.510537342433137684e-20 1.744407637937732989e-19
9.644539308087219979e+03 1.477771348032989730e-19 1.732050999896276062e-19
9.649545236020274388e+03 -7.614340259038347044e-20 1.721084148665267897e-19
9.654551163953330615e+03 4.187270931348951932e-19 1.710157461835531581e-19
9.659557091886385024e+03 4.034589260474001233e-19 1.825504166462375000e-19
9.664563019819441251e+03 4.226905113789014866e-19 2.061321072512044686e-19
9.669568947752497479e+03 1.632189769351486720e-20 2.139926661106411377e-19
9.674574875685553707e+03 4.936954082038649793e-19 2.244633853647015476e-19
9.679580803618609934e+03 -5.242754875662598786e-20 2.417860597284194484e-19
9.684586731551664343e+03 -3.393440422410521642e-19 2.468175590542250927e-19
9.689592659484720571e+03 2.039357600128487099e-19 2.314333653807429883e-19
9.694598587417774979e+03 9.438764851681802238e-19 2.588137181844677808e-19
9.699604515350831207e+03 3.648395479101796436e-19 2.648342454014940643e-19
9.704610443283887435e+03 -1.533473949380109675e-19 2.480548310871592933e-19
9.709616371216943662e+03 -2.263362586608112643e-19 2.423105312039791954e-19
9.714622299149999890e+03 -1.527080768551793724e-19 2.952766574138312944e-19
9.719628227083054298e+03 7.504972905782372572e-19 3.079795444106200179e-19
9.724634155016110526e+03 8.435820391000933346e-20 2.747281776918221863e-19
9.729640082949164935e+03 -6.350714306673843787e-19 2.386882581126596431e-19
9.734646010882221162e+03 2.803046500724859612e-19 2.576145212293378828e-19
9.739651938815277390e+03 2.981801686256202606e-19 2.715297859449752629e-19
9.744657866748333618e+03 -6.068571899338249485e-19 2.457310371908331290e-19
9.749663794681389845e+03 2.183784782571408798e-19 2.183011318280967446e-19
9.754669722614444254e+03 8.071953743883374786e-20 1.964248502030131447e-19
9.759675650547500481e+03 8.486007980665263703e-20 1.870705968500182538e-19
9.764681578480554890e+03 -2.689381739265636806e-20 1.900482250882243776e-19
9.769687506413611118e+03 2.100605492949402864e-20 1.894831530710551680e-19
9.774693434346667345e+03 -1.497006925396246159e-19 1.897330594931523978e-19
9.779699362279723573e+03 1.335820914646406677e-19 2.113793120310694741e-19
9.784705290212779801e+03 -4.411170848357183617e-19 3.274847570336670558e-19
9.789711218145834209e+03 -6.875453781839518354e-20 4.133704989326190576e-19
9.794717146078890437e+03 4.455582370227798606e-19 4.148469361371088900e-19
9.799723074011944846e+03 8.802091247960079252e-19 3.274003845443933261e-19
9.804729001945001073e+03 3.367320087280925779e-19 2.859667208602943377e-19
9.809734929878057301e+03 4.227016089485707331e-19 2.546076984639940570e-19
9.814740857811113528e+03 4.731613509183557041e-19 2.462818376821796538e-19
9.819746785744169756e+03 -3.140260902424320557e-19 2.477504729428527220e-19
9.824752713677224165e+03 3.176018598379620638e-20 2.426351897834091917e-19
9.829758641610280392e+03 -1.847827648798992642e-19 2.439657598287675025e-19
9.834764569543334801e+03 4.743402049287443212e-19 2.503034680518574444e-19
9.839770497476391029e+03 1.249470562506457594e-19 2.707506187271634207e-19
9.844776425409447256e+03 2.246587933557638704e-19 3.245767973060791455e-19
9.849782353342503484e+03 2.530363328477934607e-19 3.284364786201364851e-19
9.854788281275559712e+03 -4.719267228436514117e-20 2.866619374875577512e-19
9.859794209208614120e+03 -4.572718416126295153e-19 2.635451952832575791e-19
9.864800137141670348e+03 -1.311336712266836631e-19 3.390542517121288346e-19
9.869806065074724756e+03 -1.058416532282196286e-19 4.261207350081643017e-19
9.874811993007780984e+03 -3.605289927259596477e-19 4.240251809726527231e-19
9.879817920940837212e+03 2.743504954108212364e-19 3.576146520666510693e-19
9.884823848873893439e+03 5.231133553011850974e-19 2.861552244533572333e-19
9.889829776806949667e+03 -6.515398735686205010e-19 3.273527759964940628e-19
9.894835704740004076e+03 -2.965501500753891962e-19 3.629630695599398878e-19
9.899841632673058484e+03 -2.409823780167150771e-19 3.281801137122483759e-19
9.904847560606114712e+03 -9.881583354345098619e-20 3.186870283034510336e-19
9.909853488539170939e+03 -7.141271172818637862e-20 4.115996299024370798e-19
9.914859416472227167e+03 8.571469503815689055e-19 4.750685058696026192e-19
9.919865344405283395e+03 1.132315473457850472e-18 4.284002800044607820e-19
9.924871272338339622e+03 -6.419489035798935276e-20 3.279346932130897755e-19
9.929877200271394031e+03 2.087879510633810742e-19 3.162829870298381484e-19
9.934883128204448440e+03 9.292709371580012285e-19 3.743627986433094716e-19
9.939889056137504667e+03 8.344596456896192792e-19 5.239243805486840995e-19
9.944894984070560895e+03 1.585035122713816419e-18 6.040167896425108699e-19
9.949900912003617123e+03 1.079305160979022124e-18 6.019410886832790705e-19
9.954906839936673350e+03 -3.018183299408373250e-19 5.945901301303004719e-19
9.959912767869729578e+03 -6.742032719163376199e-19 5.885495544640807665e-19
9.964918695802783986e+03 3.346176821768164986e-20 5.411032892332188590e-19
9.969924623735838395e+03 1.878648527596899606e-19 4.780597022225940039e-19
9.974930551668894623e+03 -4.283323691214455987e-20 4.556474897348757546e-19
9.979936479601950850e+03 1.968998703467356978e-19 4.306500543224087849e-19
9.984942407535007078e+03 6.551462390489795048e-19 4.044411279686644720e-19
9.989948335468063306e+03 4.937801122379707269e-19 3.983966079426974834e-19
9.994954263401117714e+03 -9.430289758288775887e-19 4.160121888716077407e-19
9.999960191334173942e+03 -9.064870672605180756e-19 4.353187636943583818e-19
1.000496611926722835e+04 2.267270645042748443e-19 5.148064315254212295e-19
1.000997204720028458e+04 1.670816875462905201e-18 6.483435966681041471e-19
1.001497797513334081e+04 1.108246929573536514e-18 6.659057709915373054e-19
1.001998390306639703e+04 1.570628928381772477e-18 5.936429384571325785e-19
1.002498983099945326e+04 4.551261904318459595e-19 5.209532908586791335e-19
1.002999575893250767e+04 2.309169391979071319e-19 4.875272083355892513e-19
1.003500168686556390e+04 3.634454725192507127e-19 4.385137694841431427e-19
1.004000761479861831e+04 5.031727080350939815e-19 4.417552151406203566e-19
1.004501354273167453e+04 -9.113521579949797020e-19 4.471774110940782165e-19
1.005001947066473076e+04 1.716993360275093648e-19 4.285506552232081603e-19
1.005502539859778699e+04 -7.589559630029415938e-19 4.713647024354702514e-19
1.006003132653084322e+04 -4.385798843556251215e-20 5.384906230618114318e-19
1.006503725446389763e+04 1.800895463327945395e-19 5.557733684280567664e-19
1.007004318239695385e+04 -1.801780410082214825e-19 5.442287147465205556e-19
1.007504911033000826e+04 1.768620647065288917e-19 5.920419543149058342e-19
1.008005503826306449e+04 -5.165848958459696807e-19 7.052231309879820599e-19
1.008506096619612072e+04 -9.944304303553672376e-19 7.082646913362533277e-19
1.009006689412917694e+04 -5.416439347067177758e-19 6.086905640021260451e-19
1.009507282206223317e+04 -4.735286505418413415e-19 5.690264742245036754e-19
1.010007874999528758e+04 6.332536710036093319e-19 6.460094978104310985e-19
1.010508467792834381e+04 5.468463403867130104e-19 6.569865170667644556e-19
1.011009060586139822e+04 -2.995961046635295565e-20 6.474958608337110844e-19
1.011509653379445444e+04 -1.744109738721015443e-19 6.303279657218354076e-19
1.012010246172751067e+04 7.968681680343829038e-19 7.838942591645654117e-19
1.012510838966056690e+04 6.252090908434594177e-20 8.453886149450926313e-19
1.013011431759362313e+04 7.184531986174514060e-19 7.402251838617538112e-19
1.013512024552667754e+04 1.605066403014684131e-19 6.168838719004390102e-19
1.014012617345973376e+04 -3.033102478659321195e-19 6.190506750386284627e-19
1.014513210139278817e+04 -7.316056783315586326e-19 6.635429609304539675e-19
1.015013802932584440e+04 9.071746682047276588e-19 7.189091039472914029e-19
1.015514395725890063e+04 1.686268228710237808e-18 7.713348360919101977e-19
1.016014988519195686e+04 -2.948392780988225535e-19 7.383914456372921531e-19
1.016515581312501308e+04 -4.976749810883460604e-19 8.186613275536968159e-19
1.017016174105806749e+04 -6.057170608640425275e-19 9.232874282385204822e-19
1.017516766899112372e+04 1.618828070854853273e-18 9.845583609226109827e-19
1.018017359692417813e+04 6.426598725013043629e-19 8.607885028985213939e-19
1.018517952485723436e+04 1.021173777570436064e-18 8.612229835038489346e-19
1.019018545279029058e+04 3.580665511910705676e-19 8.935274345585563670e-19
1.019519138072334681e+04 -5.001162792628024074e-19 8.834664052847744087e-19
1.020019730865640304e+04 -4.285578990914486529e-19 9.268340096117739277e-19
1.020520323658945745e+04 6.110473765476392145e-19 1.040182959939184281e-18
1.021020916452251367e+04 -2.908482681271439951e-19 1.102889351688812147e-18
1.021521509245556808e+04 -8.591014591352774121e-19 1.108535783467200102e-18
1.022022102038862431e+04 -1.421998331032862770e-19 1.040537065537522668e-18
1.022522694832168054e+04 3.161466723876921436e-19 1.124005091602515809e-18
1.023023287625473677e+04 2.141790524847282817e-19 1.214424968743542123e-18
1.023523880418779299e+04 1.026138229024103098e-18 1.155928580502463532e-18
1.024024473212084740e+04 1.065498122034443426e-18 1.055189235529087240e-18
1.024525066005390181e+04 5.831240177920543048e-19 9.587386854439195977e-19
1.025025658798695804e+04 -3.516112221230401295e-19 9.595950039050238525e-19
1.025526251592001427e+04 4.655257908890606126e-19 9.756012982957307391e-19
1.026026844385307049e+04 -5.972113103982783954e-20 9.874840197059030063e-19
1.026527437178612672e+04 3.331185444431813723e-19 1.011511196558548129e-18
1.027028029971918295e+04 -2.719544071354684801e-19 1.059337584667904208e-18
1.027528622765223736e+04 2.069404801252468448e-19 1.053876691276018069e-18
1.028029215558529177e+04 2.765769079385839361e-18 1.193939621713528211e-18
1.028529808351834799e+04 3.624588674527149279e-18 1.510498766060819192e-18
1.029030401145140422e+04 2.135568352300797233e-19 1.610033645701535219e-18
1.029530993938446045e+04 -7.638910111528111625e-20 1.490845076319517489e-18
