#  wl flam flam_err
4.803806996822357178e+03 -3.317821413623707278e-20 1.135858288166352103e-18
4.808812924755412496e+03 -3.302378555588895382e-20 1.031682867423033134e-18
4.813818852688468723e+03 -3.287407440602640722e-20 9.734074902506565776e-19
4.818824780621524042e+03 -3.272898392720036942e-20 9.224065608068063366e-19
4.823830708554580269e+03 -3.258841850558726537e-20 8.607787527524230859e-19
4.828836636487635587e+03 -3.245228366752391145e-20 7.909175328835510798e-19
4.833842564420691815e+03 -3.232048607311247117e-20 7.143182155512394593e-19
4.838848492353747133e+03 -3.219293350963862561e-20 6.429268901491619869e-19
4.843854420286802451e+03 -3.206953488619413032e-20 5.897661783160933541e-19
4.848860348219858679e+03 -3.195020022717141516e-20 5.519473421519632636e-19
4.853866276152913997e+03 -3.183484066603267128e-20 5.173463518936536848e-19
4.858872204085970225e+03 -3.172336843964023235e-20 4.935375729973485407e-19
4.863878132019025543e+03 -3.161569688121929879e-20 4.617847880327958200e-19
4.868884059952080861e+03 -3.151097966951077636e-20 4.255633027315154980e-19
4.873889987885137089e+03 -3.141045665045977759e-20 3.825074015020616573e-19
4.878895915818192407e+03 -3.131374936493751253e-20 3.606849648924459599e-19
4.883901843751248634e+03 -3.122050434781447601e-20 3.397220798605546998e-19
4.888907771684303952e+03 -3.113064037147446495e-20 3.259808701832930089e-19
4.893913699617360180e+03 -3.104407726829000091e-20 3.140985101364441168e-19
4.898919627550415498e+03 -3.096073592453104099e-20 2.987917461500970808e-19
4.903925555483470816e+03 -3.088053827348696440e-20 2.815252614448063905e-19
4.908931483416527044e+03 -3.080340729051209960e-20 2.616361390440857887e-19
4.913937411349582362e+03 -3.072926698588534511e-20 2.492854605426447862e-19
4.918943339282638590e+03 -3.065804239951783433e-20 2.429465578323459599e-19
4.923949267215693908e+03 -3.058965959390192548e-20 2.427674430205227423e-19
4.928955195148750136e+03 -3.052404564897675667e-20 2.405942878413842951e-19
4.933961123081805454e+03 -3.046112865520528599e-20 2.362311120056646373e-19
4.938967051014860772e+03 -3.040083770802540458e-20 2.288435829180357275e-19
4.943972978947916999e+03 -3.034310290111879332e-20 2.206863663389460588e-19
4.948978906880972318e+03 -3.028785532089885724e-20 2.162089599306529287e-19
4.953984834814028545e+03 -3.023502703985417593e-20 2.131093766379692023e-19
4.958990762747083863e+03 -3.018455111112821448e-20 2.139487808545914337e-19
4.963996690680139181e+03 -3.013636156127578660e-20 2.204456036455705092e-19
4.969002618613195409e+03 -3.009039338544983670e-20 2.256376209785009304e-19
4.974008546546250727e+03 -3.004658254013482197e-20 2.228908555100467663e-19
4.979014474479306955e+03 -3.000486593803578179e-20 2.110795329506132378e-19
4.984020402412362273e+03 -2.996518144062279809e-20 1.997580302509984130e-19
4.989026330345418501e+03 -2.992746785354952101e-20 1.875889711469069977e-19
4.994032258278473819e+03 -2.989158446314674022e-20 1.858107407762083135e-19
4.999038186211529137e+03 -2.985739033437064828e-20 1.808305199435849488e-19
5.004044114144585365e+03 -1.255158624613043959e-20 1.753359255179324635e-19
5.009050042077640683e+03 -1.285407460185077370e-19 1.675146473829477044e-19
5.014055970010696910e+03 -2.338348957965483406e-20 1.599370515485585553e-19
5.019061897943752228e+03 4.781724704195099878e-19 1.551793968873267225e-19
5.024067825876807547e+03 3.970608769452684716e-19 1.483142536104943924e-19
5.029073753809863774e+03 1.528194088460017819e-19 1.429673741965576091e-19
5.034079681742919092e+03 5.685091522304330511e-20 1.407605441778752294e-19
5.039085609675975320e+03 -8.438031502805967864e-20 1.413104532449047842e-19
5.044091537609030638e+03 -1.136330044235932927e-19 1.452595055225449088e-19
5.049097465542086866e+03 1.853266962340339262e-19 1.500781653309614998e-19
5.054103393475142184e+03 1.810196835629278550e-19 1.497314860767111814e-19
5.059109321408197502e+03 8.760775416018604932e-20 1.461514327267197924e-19
5.064115249341253730e+03 -1.475873585224775737e-19 1.386463776552467701e-19
5.069121177274309048e+03 -9.590726199849925048e-20 1.322004061939817531e-19
5.074127105207365275e+03 -1.620072161484163479e-20 1.271849067518127106e-19
5.079133033140420594e+03 1.250794765630356299e-19 1.256012379260163225e-19
5.084138961073476821e+03 1.412987257798098025e-19 1.280099790719235879e-19
5.089144889006532139e+03 -1.396729503612224991e-19 1.306192593142231962e-19
5.094150816939587457e+03 4.009727204222497188e-20 1.302800920556020879e-19
5.099156744872643685e+03 8.083016065009792086e-20 1.281565521050664300e-19
5.104162672805699003e+03 -4.296078810179697690e-20 1.235245381769879661e-19
5.109168600738755231e+03 4.020642960179242931e-20 1.209516792193483008e-19
5.114174528671810549e+03 1.465952194421585451e-19 1.209941886801858373e-19
5.119180456604865867e+03 1.732418205030273450e-19 1.220692814504157681e-19
5.124186384537922095e+03 -1.746187423406233461e-20 1.223999248996909699e-19
5.129192312470977413e+03 -7.796908534335849533e-20 1.247423542053474868e-19
5.134198240404033641e+03 -1.195295601218454137e-19 1.271196557859418274e-19
5.139204168337088959e+03 1.946002407823895389e-19 1.263454220939167029e-19
5.144210096270145186e+03 2.697017142467576479e-19 1.234994621719129711e-19
5.149216024203200504e+03 7.635235671631035673e-20 1.169238530214014909e-19
5.154221952136255823e+03 1.027864339200370697e-19 1.100845542714596392e-19
5.159227880069312050e+03 2.004745311869278395e-19 1.050092581084396364e-19
5.164233808002367368e+03 2.285776846671468630e-20 9.872139740119970027e-20
5.169239735935423596e+03 3.869664821606414826e-20 9.596027096963640775e-20
5.174245663868478914e+03 1.721736826331331425e-19 9.616874682820479728e-20
5.179251591801534232e+03 2.123181056792843885e-19 9.622095776923074731e-20
5.184257519734590460e+03 3.788615481768209653e-20 9.609208957453191289e-20
5.189263447667645778e+03 3.641783866310900530e-19 9.610159034086103515e-20
5.194269375600702006e+03 2.073011294923217781e-19 9.674458709088790593e-20
5.199275303533757324e+03 5.110272270617570750e-20 9.649260231778355889e-20
5.204281231466813551e+03 8.032304356448386730e-20 9.339383502690237009e-20
5.209287159399868870e+03 3.396292951807052418e-19 9.168458725025442770e-20
5.214293087332924188e+03 3.359605644224749963e-19 9.365999310048695804e-20
5.219299015265980415e+03 7.755963388029968498e-20 9.868103466444549081e-20
5.224304943199035733e+03 1.224381745688103878e-19 1.030276948068398085e-19
5.229310871132091961e+03 1.152530762238338917e-19 1.060662515014638972e-19
5.234316799065147279e+03 1.901903594205933528e-19 1.069768919857370981e-19
5.239322726998203507e+03 1.145177469257486972e-19 1.080842794939086288e-19
5.244328654931258825e+03 5.217832595409748930e-20 1.032233799672950964e-19
5.249334582864314143e+03 2.779449183269242940e-19 1.004941654992406072e-19
5.254340510797370371e+03 7.027591823516402263e-20 9.775492942604976977e-20
5.259346438730425689e+03 6.546064296066797652e-20 9.252663477545752390e-20
5.264352366663481916e+03 4.424565247559376378e-20 8.700721497180461047e-20
5.269358294596537235e+03 6.800853714268925528e-20 8.867123704337260710e-20
5.274364222529593462e+03 -1.462035001590634119e-19 9.136695436018892700e-20
5.279370150462648780e+03 -9.526726741205598039e-20 9.184344007316108480e-20
5.284376078395704099e+03 4.338486883792995633e-20 9.096561354156976662e-20
5.289382006328760326e+03 1.905080269602078323e-19 8.965878305154491577e-20
5.294387934261815644e+03 6.192879888085369942e-20 8.869084443590173740e-20
5.299393862194871872e+03 -1.025519127642326852e-19 8.649153381075018228e-20
5.304399790127927190e+03 -1.088245362301228196e-19 8.516261008631228201e-20
5.309405718060982508e+03 2.371147255876861487e-19 8.631259502794342676e-20
5.314411645994038736e+03 1.371039781300942577e-19 8.730755206604199497e-20
5.319417573927094054e+03 8.601832964131189526e-20 8.867625286490962416e-20
5.324423501860150282e+03 1.334734471609232792e-19 9.160238154233059223e-20
5.329429429793205600e+03 1.376120159992361403e-19 9.194638282632932409e-20
5.334435357726260918e+03 3.519189136673670334e-20 9.055832990074232783e-20
5.339441285659317145e+03 1.018164077834192752e-19 8.915101929919468922e-20
5.344447213592372464e+03 1.471278434884542168e-19 8.652519843190928757e-20
5.349453141525428691e+03 -3.860080943398206714e-20 8.464375799577697790e-20
5.354459069458484009e+03 7.981801975771589835e-20 8.341244594561248251e-20
5.359464997391540237e+03 5.917661730525024473e-20 8.241444575534447224e-20
5.364470925324595555e+03 1.720218826588901130e-19 8.324178679974691945e-20
5.369476853257650873e+03 1.891536018906520122e-19 8.552483430496442413e-20
5.374482781190707101e+03 -7.103684098882441003e-20 8.994498490984399231e-20
5.379488709123762419e+03 -1.205166059490677843e-20 9.328242134864905461e-20
5.384494637056818647e+03 6.366927404339451351e-20 9.224298033767470611e-20
5.389500564989873965e+03 1.683691363546565271e-19 8.982341864981204894e-20
5.394506492922930192e+03 -1.379745792277733744e-19 8.625895538435663533e-20
5.399512420855985511e+03 -8.844807391397330814e-21 8.362354484325120184e-20
5.404518348789040829e+03 1.576260101271141063e-19 8.047966275503909715e-20
5.409524276722097056e+03 1.924465436056911254e-19 7.824800380784240990e-20
5.414530204655152374e+03 2.407037239967030595e-19 7.761012166925780675e-20
5.419536132588208602e+03 1.025160735422385583e-19 7.800296902283408158e-20
5.424542060521263920e+03 2.306120095836505860e-19 7.867728082649891634e-20
5.429547988454320148e+03 1.436789537072929047e-19 7.950217402634076307e-20
5.434553916387375466e+03 1.342507643410151410e-19 8.043977479077075258e-20
5.439559844320430784e+03 1.331400621189725062e-19 8.077069173656049126e-20
5.444565772253487012e+03 1.098850479437414931e-19 7.900179199938383443e-20
5.449571700186542330e+03 2.051230755846114918e-19 7.682010950309038947e-20
5.454577628119598558e+03 1.303643247189716165e-19 7.553131713558370419e-20
5.459583556052653876e+03 1.041430182077762664e-19 7.332399083086015483e-20
5.464589483985709194e+03 1.046315524608957229e-19 7.171472605708038913e-20
5.469595411918765421e+03 8.451099892874569160e-20 6.971391071198553031e-20
5.474601339851820740e+03 9.898065334752603226e-20 6.915271855211395360e-20
5.479607267784876967e+03 4.959328638694733654e-20 7.129088978394947589e-20
5.484613195717932285e+03 2.123886785818586637e-20 7.457577617307725869e-20
5.489619123650987603e+03 1.325070507904435466e-19 7.771590870711125948e-20
5.494625051584043831e+03 1.832327098567410549e-19 8.195767922589605455e-20
5.499630979517099149e+03 1.052255325603909698e-19 8.412081156168414867e-20
5.504636907450155377e+03 -6.297726634600077319e-20 8.686315173247833186e-20
5.509642835383210695e+03 1.569419541521594578e-19 8.565291465496066063e-20
5.514648763316266923e+03 1.450937149686302658e-19 8.322827995275197465e-20
5.519654691249322241e+03 7.135714467055131539e-20 7.933012313814958370e-20
5.524660619182377559e+03 1.119180615868943454e-19 7.551073922504566435e-20
5.529666547115433787e+03 8.044634147452979401e-20 7.181285197172475788e-20
5.534672475048489105e+03 1.484603019398268876e-19 7.042591004070708076e-20
5.539678402981545332e+03 4.621001750695709036e-20 7.213984982255503489e-20
5.544684330914600650e+03 2.511965071363747454e-19 7.290204715283962555e-20
5.549690258847656878e+03 6.878850290351228135e-20 7.143011580361744661e-20
5.554696186780712196e+03 -7.447669484673274584e-21 7.167620732084170042e-20
5.559702114713767514e+03 -4.041940638001263761e-20 7.292709633069066118e-20
5.564708042646823742e+03 1.215411152742031990e-19 7.820543947360269463e-20
5.569713970579879060e+03 2.007166616447627875e-19 1.599002871699034044e-19
5.574719898512935288e+03 1.575723276048020964e-19 2.668808510616738792e-19
5.579725826445990606e+03 1.256327783376544173e-19 2.635259669091996920e-19
5.584731754379046833e+03 1.526863851364029575e-19 1.604473802099664268e-19
5.589737682312102152e+03 2.277342498178050399e-19 6.762894388568214927e-20
5.594743610245157470e+03 1.001540112149981666e-19 6.377730672395756427e-20
5.599749538178213697e+03 5.581404564060116838e-20 6.446725099694622623e-20
5.604755466111269016e+03 5.655628087186933302e-20 6.691223156146666574e-20
5.609761394044325243e+03 5.083860351987726917e-20 6.762609272748421643e-20
5.614767321977380561e+03 8.203790508153658479e-21 6.851137077499098686e-20
5.619773249910436789e+03 5.205297978931695757e-20 7.232086925211135790e-20
5.624779177843492107e+03 3.864416117687565894e-20 7.449205318287166909e-20
5.629785105776547425e+03 1.197285513468672736e-19 7.587419789024267258e-20
5.634791033709603653e+03 -9.478479954675500671e-21 7.490202961346656263e-20
5.639796961642658971e+03 1.479507090659361956e-19 7.436423755340992315e-20
5.644802889575714289e+03 1.175261868641110966e-20 7.249139650256181690e-20
5.649808817508770517e+03 2.122204605921578472e-19 6.948870125018118912e-20
5.654814745441825835e+03 8.845300498689872416e-20 6.511722723733877328e-20
5.659820673374882062e+03 8.593007900834516281e-20 6.291864636289031196e-20
5.664826601307937381e+03 1.090913245565902242e-20 6.166907454995871985e-20
5.669832529240993608e+03 4.777042485386716466e-20 6.173098799165863767e-20
5.674838457174048926e+03 1.815430701301794675e-19 6.064649479933197735e-20
5.679844385107104245e+03 1.394645262608784700e-19 6.108487139968133070e-20
5.684850313040160472e+03 2.581662850967506631e-20 6.188256629476624848e-20
5.689856240973215790e+03 3.366761170835402182e-20 6.422171880642389985e-20
5.694862168906272018e+03 6.662400056382253102e-20 6.602407992728849777e-20
5.699868096839327336e+03 1.855580356267650175e-19 6.799024768445268217e-20
5.704874024772383564e+03 1.326634649109897664e-19 6.833014419848018415e-20
5.709879952705438882e+03 1.069920648587657274e-19 6.894363759775796515e-20
5.714885880638494200e+03 1.496460239719908551e-19 7.030393440461677153e-20
5.719891808571550428e+03 1.186926542576308556e-19 7.087415912723742741e-20
5.724897736504605746e+03 3.899392373812572486e-20 7.001544168836731164e-20
5.729903664437661973e+03 1.824712675766701752e-19 6.943756343371117931e-20
5.734909592370717291e+03 8.587995136028576272e-20 6.842918793404395325e-20
5.739915520303773519e+03 1.038310141685760545e-19 6.769857932727826313e-20
5.744921448236828837e+03 1.376148889040873393e-19 6.746819014510609870e-20
5.749927376169884155e+03 5.103511873289015797e-20 6.735103042371277409e-20
5.754933304102940383e+03 -9.516535899394352372e-20 6.765097890606876726e-20
5.759939232035995701e+03 1.072685135280164341e-20 6.933900134214238938e-20
5.764945159969051929e+03 9.973429279980114962e-20 7.029712246865032417e-20
5.769951087902107247e+03 1.367701600798170628e-19 6.894920687508117755e-20
5.774957015835163475e+03 1.044746162459561194e-19 6.811007059209852143e-20
5.779962943768218793e+03 -3.536431090703734316e-20 6.634015634367859539e-20
5.784968871701274111e+03 1.213389258648324263e-19 6.638185567391320840e-20
5.789974799634330338e+03 1.880381456183617640e-19 6.578659035314013606e-20
5.794980727567385657e+03 7.153551091677375784e-20 6.523125206034498156e-20
5.799986655500441884e+03 1.404105417465207096e-19 6.495318220140942510e-20
5.804992583433497202e+03 1.033695805117202271e-19 6.287500088101215608e-20
5.809998511366552520e+03 -9.070553340810154022e-21 6.169999898237946113e-20
5.815004439299608748e+03 4.533097226738601178e-20 6.086329703388767409e-20
5.820010367232664066e+03 -1.516175210807446476e-20 6.043699816215081208e-20
5.825016295165720294e+03 7.554959849934585296e-20 5.988457252331775068e-20
5.830022223098775612e+03 1.023293719103158339e-19 5.963601178450929312e-20
5.835028151031830930e+03 1.847678671608612338e-19 5.960199295459978156e-20
5.840034078964887158e+03 3.356216713876999730e-20 5.949236330389426964e-20
5.845040006897942476e+03 7.223792613351813219e-20 6.023078396273587785e-20
5.850045934830998704e+03 6.979414997842416029e-20 6.137983101527571751e-20
5.855051862764054022e+03 1.329418461673706374e-19 6.273823295402396119e-20
5.860057790697110249e+03 5.719254581035292067e-20 6.937745926448135258e-20
5.865063718630165567e+03 1.362412808774180355e-19 7.845236717729783575e-20
5.870069646563220886e+03 1.855758005165452512e-19 7.989831624659160098e-20
5.875075574496277113e+03 1.035335415664329277e-19 7.326016525986959027e-20
5.880081502429332431e+03 6.183802466337829493e-20 7.566962268405828457e-20
5.885087430362388659e+03 2.399197309348189548e-20 1.037942775022956931e-19
5.890093358295443977e+03 2.450495566617685819e-19 1.198273843811361978e-19
5.895099286228500205e+03 7.247383083186668801e-20 1.107456786448434612e-19
5.900105214161555523e+03 -4.187576038734190742e-20 8.495222359643435832e-20
5.905111142094610841e+03 3.156493835304249882e-20 6.904966505613605729e-20
5.910117070027667069e+03 2.143390463398787447e-19 6.934318066016843169e-20
5.915122997960722387e+03 9.947131889986195400e-20 6.895660107296356881e-20
5.920128925893778614e+03 2.499199398871003768e-19 6.739276767010698638e-20
5.925134853826833933e+03 2.306011477164531152e-19 6.527936099005955211e-20
5.930140781759890160e+03 1.522286677900508395e-19 6.757348287639174249e-20
5.935146709692945478e+03 9.972572625997825341e-20 6.500976926494278975e-20
5.940152637626000796e+03 1.864123266188265602e-19 6.100939556710573570e-20
5.945158565559057024e+03 -4.714243714115871356e-20 6.171970240337840155e-20
5.950164493492112342e+03 1.454366723551954557e-19 6.616734486990518789e-20
5.955170421425167660e+03 9.484942532262149394e-20 6.534198100633267052e-20
5.960176349358223888e+03 1.083235642261516581e-20 6.164517605556221439e-20
5.965182277291280116e+03 6.433175074927283314e-20 6.145531424756188074e-20
5.970188205224335434e+03 5.226610078901795916e-20 6.486262539085458832e-20
5.975194133157390752e+03 1.349145303436493599e-19 6.683011739750762326e-20
5.980200061090446980e+03 1.003309264202265611e-19 6.503494363052917829e-20
5.985205989023502298e+03 -1.187524702587055738e-20 6.169840407552252261e-20
5.990211916956557616e+03 1.317533230668807674e-19 6.029169057554855295e-20
5.995217844889613843e+03 8.366518434793870618e-20 6.137028477525532808e-20
6.000223772822669162e+03 -3.696788429036933189e-20 6.266000879164469637e-20
6.005229700755725389e+03 8.005378039122819188e-20 6.130140023913264475e-20
6.010235628688780707e+03 -6.658399268639898249e-20 5.960303093385549929e-20
6.015241556621836935e+03 1.877191431780100786e-19 5.874874787724055366e-20
6.020247484554892253e+03 2.722679051068633260e-19 5.784138538268999556e-20
6.025253412487947571e+03 4.680001267853111264e-19 5.761343664736950645e-20
6.030259340421003799e+03 3.859482943889832847e-19 5.721395321083037826e-20
6.035265268354059117e+03 3.475078161204691985e-19 5.550548772805192509e-20
6.040271196287115345e+03 5.207054605194437384e-20 5.313132847750783712e-20
6.045277124220170663e+03 1.807708241156429983e-20 5.213964922637113260e-20
6.050283052153226890e+03 8.002164029508139900e-20 5.196611724936886972e-20
6.055288980086282209e+03 1.336116821693576608e-19 5.234407333178274957e-20
6.060294908019337527e+03 1.505319023478423447e-19 5.326745010448571910e-20
6.065300835952393754e+03 4.176138817672145067e-20 5.400034977416501096e-20
6.070306763885449072e+03 1.469928188302764081e-19 5.368701419508778431e-20
6.075312691818505300e+03 1.662233325387932624e-19 5.321771936776379988e-20
6.080318619751560618e+03 2.062557473176491487e-19 5.308080215689594157e-20
6.085324547684616846e+03 8.247575706240874738e-20 5.247110091750496424e-20
6.090330475617672164e+03 9.485197793947791247e-20 5.290370470589552881e-20
6.095336403550727482e+03 1.635274059569429332e-19 5.342690470790975363e-20
6.100342331483783710e+03 1.397479395951651048e-19 5.389519931989049221e-20
6.105348259416839028e+03 1.836628999873708938e-19 5.306058818521892936e-20
6.110354187349894346e+03 2.081338073079750257e-19 5.274387526759191308e-20
6.115360115282950574e+03 4.218069442097069842e-20 5.217841298773903075e-20
6.120366043216006801e+03 1.883354030166643975e-19 5.189863151892544690e-20
6.125371971149062119e+03 2.474782076079919056e-19 5.163741484766286573e-20
6.130377899082117438e+03 1.786800789816277695e-19 5.212128602272113242e-20
6.135383827015173665e+03 1.484852404785465159e-19 5.418497467690849929e-20
6.140389754948228983e+03 1.604672354552337576e-19 5.633420604064914198e-20
6.145395682881284301e+03 1.727408498379529037e-19 5.430599976734761954e-20
6.150401610814340529e+03 6.965231108418926991e-20 5.101580252532279749e-20
6.155407538747396757e+03 1.517443715865797561e-19 4.808529174122608760e-20
6.160413466680452075e+03 2.433321070380601236e-19 4.667708507671282309e-20
6.165419394613507393e+03 2.761982783945036391e-19 4.714547814187750226e-20
6.170425322546563621e+03 2.827361951181625065e-19 4.816328818800049318e-20
6.175431250479618939e+03 1.426808306136261893e-19 4.689875870251425142e-20
6.180437178412674257e+03 1.448781627396350093e-19 4.456210058005596845e-20
6.185443106345730484e+03 2.327257861783682072e-19 4.446863013522228620e-20
6.190449034278785803e+03 1.683926256006392126e-19 4.470222361461894062e-20
6.195454962211842030e+03 2.319975142391615583e-19 4.618422937769515852e-20
6.200460890144897348e+03 2.646281588432619716e-19 4.755485227990508100e-20
6.205466818077953576e+03 2.077839674022844831e-19 4.767493415023007806e-20
6.210472746011008894e+03 1.586345074930750440e-19 4.666935766987076765e-20
6.215478673944064212e+03 1.629225572138604580e-19 4.848894588614290561e-20
6.220484601877120440e+03 1.759733758845889550e-19 4.932175141042639750e-20
6.225490529810175758e+03 9.540879347313048097e-20 5.012498013432826884e-20
6.230496457743231986e+03 5.890787505830196860e-20 5.909491748869748809e-20
6.235502385676287304e+03 -1.136206341514719006e-20 6.624976597010725697e-20
6.240508313609343531e+03 8.872568859308408313e-20 6.435327817152665558e-20
6.245514241542398850e+03 1.171997448027136594e-19 5.443222793045086919e-20
6.250520169475454168e+03 1.203508227341651264e-19 5.538059129094834242e-20
6.255526097408510395e+03 1.795603744728087253e-19 6.443646616210841611e-20
6.260532025341565713e+03 9.546058349984715810e-20 6.801500666077448788e-20
6.265537953274621032e+03 6.329109481920210615e-20 6.148054806769241867e-20
6.270543881207677259e+03 2.273484971187048012e-19 5.842505967687562229e-20
6.275549809140733487e+03 1.404340873603908348e-19 5.535030764538945853e-20
6.280555737073788805e+03 2.111408219122752207e-19 5.824203045664865479e-20
6.285561665006844123e+03 2.100977657622537575e-19 6.161034705238229403e-20
6.290567592939900351e+03 1.793536755681634987e-19 6.899919470608698763e-20
6.295573520872955669e+03 3.385070533655472527e-19 1.029323759552820856e-19
6.300579448806010987e+03 1.774614172938413359e-19 1.121496280664011931e-19
6.305585376739067215e+03 2.224598265397925922e-19 9.010416367114382038e-20
6.310591304672123442e+03 1.166224579100656194e-19 5.557891079938236082e-20
6.315597232605178760e+03 1.456853946211742052e-19 4.684640352440520656e-20
6.320603160538234079e+03 2.616155404516669164e-19 4.816212441558249913e-20
6.325609088471290306e+03 2.492185565418371309e-19 5.284628748789484089e-20
6.330615016404345624e+03 3.782065272337093183e-20 5.167781286658579020e-20
6.335620944337400942e+03 1.759429369526647173e-19 4.612021329168417381e-20
6.340626872270457170e+03 2.000901085507276348e-19 4.254233605185991675e-20
6.345632800203512488e+03 2.301119987997492873e-19 4.510909454275586460e-20
6.350638728136568716e+03 2.414817220506798695e-19 4.885417946638858978e-20
6.355644656069624034e+03 2.018574493462059983e-19 5.794415570467278975e-20
6.360650584002680262e+03 3.551300178515579429e-20 6.879410736162677733e-20
6.365656511935735580e+03 1.223863159331000142e-19 6.696851863397681354e-20
6.370662439868790898e+03 2.027592180095224668e-19 5.181452665132486890e-20
6.375668367801847126e+03 1.382558335944019007e-19 4.637303660879549523e-20
6.380674295734902444e+03 1.592276273665783663e-19 5.000453733864206563e-20
6.385680223667958671e+03 7.341659007403203625e-20 5.104300972832822970e-20
6.390686151601013989e+03 8.454795955900578254e-20 4.980960354040777749e-20
6.395692079534070217e+03 2.085459278659768274e-19 4.796052573832905323e-20
6.400698007467125535e+03 1.244544431458014636e-19 4.766893768667517582e-20
6.405703935400180853e+03 1.606814197969643057e-19 4.771714361839107110e-20
6.410709863333237081e+03 1.723984898829781574e-19 4.735046558567184253e-20
6.415715791266292399e+03 9.153385432865491283e-20 4.813059631635507570e-20
6.420721719199348627e+03 7.073933597106303224e-20 4.677161253063917520e-20
6.425727647132403945e+03 1.054577777599927395e-19 4.475717931941626577e-20
6.430733575065460172e+03 8.907740582432897845e-20 4.312481866190306150e-20
6.435739502998515491e+03 -9.640567249834330898e-21 4.211172178607071929e-20
6.440745430931570809e+03 1.006533611341025504e-19 4.219263861768943275e-20
6.445751358864627036e+03 1.138634240107856464e-19 4.253731886419894371e-20
6.450757286797682355e+03 5.803697988688592228e-20 4.318658796204194120e-20
6.455763214730737673e+03 2.038921165056287047e-19 4.544540747722542085e-20
6.460769142663793900e+03 1.644203073402751700e-19 5.154812806055568523e-20
6.465775070596850128e+03 2.263189398417185276e-19 5.630766536777031670e-20
6.470780998529905446e+03 9.926954733283909553e-20 5.370324307906104256e-20
6.475786926462960764e+03 1.731889668349605042e-19 4.792015030311967617e-20
6.480792854396016992e+03 2.064006362282563154e-19 4.333758819488446234e-20
6.485798782329072310e+03 1.813281724621361072e-19 4.151577933742745602e-20
6.490804710262127628e+03 1.104856667633629958e-19 4.667739223799931924e-20
6.495810638195183856e+03 1.905636183774130932e-19 5.683068985562428322e-20
6.500816566128239174e+03 1.805499783973635494e-19 6.040378238234072735e-20
6.505822494061295401e+03 1.849551018818328129e-19 5.297482101618056737e-20
6.510828421994350720e+03 2.707074469191908496e-19 4.737446655929973942e-20
6.515834349927406947e+03 1.660438056941097252e-19 4.755102282084133762e-20
6.520840277860462265e+03 1.819418934164896218e-19 4.910099894431631088e-20
6.525846205793517584e+03 2.684304896853128284e-19 5.427901704878245658e-20
6.530852133726573811e+03 1.298087343418681037e-19 5.846729543165646896e-20
6.535858061659629129e+03 3.242222368906492403e-19 5.733326339249395324e-20
6.540863989592685357e+03 1.373725897818353501e-19 5.099323434527771961e-20
6.545869917525740675e+03 1.861020357443927640e-19 5.256135001358732749e-20
6.550875845458796903e+03 1.545887351245707942e-19 5.580564814845977794e-20
6.555881773391852221e+03 1.325305195845191295e-19 5.543706031484279370e-20
6.560887701324907539e+03 7.983494025404563660e-20 5.027845822593839673e-20
6.565893629257963767e+03 1.969618367454955506e-19 4.860635171254479561e-20
6.570899557191019085e+03 2.375841109332168318e-19 4.808852562039096155e-20
6.575905485124075312e+03 6.448417916607305899e-20 4.852213006718147696e-20
6.580911413057130630e+03 9.941399040651811501e-20 4.546549372672139989e-20
6.585917340990186858e+03 4.425464160098521951e-20 3.883043948414211641e-20
6.590923268923242176e+03 9.943349658678433584e-20 3.850113556278386356e-20
6.595929196856297494e+03 7.317893935723519044e-20 4.014365034291163846e-20
6.600935124789353722e+03 6.498328636398524473e-20 4.251757013757386920e-20
6.605941052722409040e+03 1.726957678984439495e-19 4.142431833234476755e-20
6.610946980655464358e+03 1.826464121810328468e-19 3.825685110751985803e-20
6.615952908588520586e+03 2.024196650505728597e-19 3.668262929499449040e-20
6.620958836521576814e+03 2.236381795630357568e-19 3.750260519667038303e-20
6.625964764454632132e+03 1.189434088781881293e-19 3.883540370577952144e-20
6.630970692387687450e+03 1.407758838488639853e-19 4.120910587132870512e-20
6.635976620320743677e+03 1.087692422369345353e-19 4.089900506600697177e-20
6.640982548253798996e+03 1.329729652979638793e-19 3.967852182720523156e-20
6.645988476186854314e+03 9.673179822526136019e-20 3.955535004328780323e-20
6.650994404119910541e+03 1.040455930871435509e-19 4.034065700831407632e-20
6.656000332052965859e+03 1.407091707727325397e-19 4.103966384364847840e-20
6.661006259986022087e+03 1.519941188219199698e-19 4.137460103507648055e-20
6.666012187919077405e+03 1.122264545444741001e-19 4.080897799670627116e-20
6.671018115852133633e+03 1.611785378075502294e-19 3.940307651542883717e-20
6.676024043785188951e+03 1.533392400571972821e-19 3.778712216576247480e-20
6.681029971718244269e+03 1.608300951087438521e-19 3.725499067065425031e-20
6.686035899651300497e+03 1.775313999299044994e-19 3.679430498899058019e-20
6.691041827584355815e+03 1.531954740379286887e-19 3.651016753150694662e-20
6.696047755517412043e+03 1.474947998646514561e-19 3.683361841354056363e-20
6.701053683450467361e+03 1.191245351115029665e-19 3.708138488534069764e-20
6.706059611383523588e+03 1.410554495391959441e-19 3.660066875760699137e-20
6.711065539316578906e+03 1.779953889875294132e-19 3.627088287743027885e-20
6.716071467249634225e+03 1.188912660110411519e-19 3.569673359287732666e-20
6.721077395182690452e+03 1.665983977462316878e-19 3.559473901772569600e-20
6.726083323115745770e+03 1.126898010774981687e-19 3.517160454066125001e-20
6.731089251048801998e+03 1.391606788523475345e-19 3.547537247512188987e-20
6.736095178981857316e+03 1.410064662485407573e-19 3.581905638832887062e-20
6.741101106914913544e+03 1.572994639993434820e-19 3.605340721168293210e-20
6.746107034847968862e+03 1.443048804615934987e-19 3.633599525116659958e-20
6.751112962781024180e+03 1.213705880124080015e-19 3.598047431812697760e-20
6.756118890714080408e+03 1.981200180014576154e-19 3.617814743057183793e-20
6.761124818647135726e+03 1.575297823607554740e-19 3.687808660167522613e-20
6.766130746580191044e+03 1.800191069235728168e-19 3.713614747504930212e-20
6.771136674513247272e+03 1.085820595881774292e-19 3.778963554620711342e-20
6.776142602446303499e+03 1.218413968973752540e-19 3.853030759404045653e-20
6.781148530379358817e+03 2.068142128834733499e-19 3.976105823593977666e-20
6.786154458312414135e+03 7.657037879573632535e-20 3.945597182756195970e-20
6.791160386245470363e+03 2.165842279923120530e-19 3.859305870646437569e-20
6.796166314178525681e+03 8.663051855954235970e-20 3.773317895986959325e-20
6.801172242111580999e+03 1.358213530517009372e-19 3.703267908134485414e-20
6.806178170044637227e+03 2.000956315038906435e-19 3.641980146132798215e-20
6.811184097977693455e+03 2.103567724382981554e-19 3.596620975149970346e-20
6.816190025910748773e+03 1.306937976774913138e-19 3.609074034355721874e-20
6.821195953843804091e+03 1.888900508405204819e-19 4.588088837899380719e-20
6.826201881776860318e+03 1.574812286488789366e-19 6.029635944477713953e-20
6.831207809709915637e+03 2.650695204195815256e-19 6.553184742484898144e-20
6.836213737642970955e+03 9.587443933852715369e-20 5.620050531979283156e-20
6.841219665576027182e+03 1.884387603035235576e-19 4.356635861659356760e-20
6.846225593509082501e+03 2.118846247273044252e-19 3.798423004468876456e-20
6.851231521442138728e+03 2.155329459487205230e-19 3.558656741653938034e-20
6.856237449375194046e+03 2.488115409290747478e-19 4.854751435477931037e-20
6.861243377308250274e+03 2.562331690432767860e-19 1.308124390951816932e-19
6.866249305241305592e+03 1.493820758716974130e-19 1.163248424265414969e-19
6.871255233174360910e+03 1.182801808057837005e-19 1.171811429079457185e-19
6.876261161107417138e+03 1.426521168614469282e-19 9.338307949327734904e-20
6.881267089040473365e+03 1.627384094302941245e-19 6.406978747215901576e-20
6.886273016973527774e+03 7.375354653407923044e-20 7.335064200812384244e-20
6.891278944906584002e+03 6.778033955632124014e-20 6.591839230248400506e-20
6.896284872839640229e+03 5.776836554036661930e-20 6.992157631203698873e-20
6.901290800772695547e+03 2.368248397040025870e-19 7.633873476886951915e-20
6.906296728705750866e+03 1.972141832831058070e-19 6.777405856839662007e-20
6.911302656638807093e+03 3.107704498101408202e-19 9.187823138164435501e-20
6.916308584571862411e+03 3.117218672840421469e-19 6.874967330550683005e-20
6.921314512504917730e+03 9.979298587631546037e-20 6.797498741060086191e-20
6.926320440437973957e+03 1.679931968275119704e-19 6.173162557090499680e-20
6.931326368371030185e+03 8.740633270480686052e-20 4.379244623672151130e-20
6.936332296304085503e+03 -3.208292657826380769e-21 4.519244563560938550e-20
6.941338224237140821e+03 9.072250933514725921e-20 5.116753412600493288e-20
6.946344152170197049e+03 2.233438516699329747e-19 6.615792924334663236e-20
6.951350080103252367e+03 2.594580784290229427e-19 5.351009776291997138e-20
6.956356008036307685e+03 1.813161136578031163e-19 3.928250153026487606e-20
6.961361935969363913e+03 2.012054511664265991e-19 3.696568035734667982e-20
6.966367863902420140e+03 8.794489392382550355e-20 4.020290810753099982e-20
6.971373791835475458e+03 1.087223616956416665e-19 4.542218563467374272e-20
6.976379719768530776e+03 1.197696754901676056e-19 4.717218584861034812e-20
6.981385647701587004e+03 1.235288821366440959e-19 4.441399089960971335e-20
6.986391575634642322e+03 8.203909313412509462e-20 3.660225129641378639e-20
6.991397503567697640e+03 1.083325179359027803e-19 3.464724761339867612e-20
6.996403431500753868e+03 1.114833511744089351e-19 3.633184238641560075e-20
7.001409359433810096e+03 1.050100655085257219e-19 3.874164481373966551e-20
7.006415287366865414e+03 1.473349066582182639e-19 4.253288943159223483e-20
7.011421215299920732e+03 1.880698686534268238e-19 4.162058491841794098e-20
7.016427143232976960e+03 1.538307925976839279e-19 3.817547514009506218e-20
7.021433071166032278e+03 1.769726284028325290e-19 3.500405627307539262e-20
7.026438999099087596e+03 1.941419196774306500e-19 3.643623987391465749e-20
7.031444927032143823e+03 1.659243989024686842e-19 3.757230692064207684e-20
7.036450854965200051e+03 2.387546890953063735e-19 3.965713242301400618e-20
7.041456782898254460e+03 1.438127465265111668e-19 4.341975789892234915e-20
7.046462710831310687e+03 1.397164410520449893e-19 4.613267783327216555e-20
7.051468638764366915e+03 7.503844902074147053e-20 4.367039143964865454e-20
7.056474566697422233e+03 1.193762260383458937e-19 3.940125347920353628e-20
7.061480494630477551e+03 2.024716177807359507e-19 3.826050822614143918e-20
7.066486422563533779e+03 1.296211263710300056e-19 3.858527893846111938e-20
7.071492350496589097e+03 2.200838860379487392e-19 3.829501838485997898e-20
7.076498278429644415e+03 1.587259174470146395e-19 3.772629991592618870e-20
7.081504206362700643e+03 1.491509520085268640e-19 3.799920609736771304e-20
7.086510134295756870e+03 1.102396401888799074e-19 3.760790114590300172e-20
7.091516062228812189e+03 1.936773338350008032e-19 3.627613538644828612e-20
7.096521990161867507e+03 1.669686171887072978e-19 3.403494680892003784e-20
7.101527918094923734e+03 1.804019806428092254e-19 3.338654165885611333e-20
7.106533846027979052e+03 2.103061653208017671e-19 3.364054623862923477e-20
7.111539773961034371e+03 1.983381948813912565e-19 3.373734048597750903e-20
7.116545701894090598e+03 1.850771230039611289e-19 3.361801125874135185e-20
7.121551629827146826e+03 2.400960184679933829e-19 3.475452587594289194e-20
7.126557557760202144e+03 1.121143123494755350e-19 3.647922258790907813e-20
7.131563485693257462e+03 1.458293124405001430e-19 3.743436638136543282e-20
7.136569413626313690e+03 1.711865435204324332e-19 3.855574507066911399e-20
7.141575341559369008e+03 1.596874357416134416e-19 4.149449191533380747e-20
7.146581269492424326e+03 1.137431521221103340e-19 4.279092035116352135e-20
7.151587197425480554e+03 1.142068941767547139e-19 4.083559208047756442e-20
7.156593125358536781e+03 1.825394330485562528e-19 4.101073995613929817e-20
7.161599053291592099e+03 1.171130680581904039e-19 4.283484827270761152e-20
7.166604981224647418e+03 2.197277294600321154e-19 4.345129876661987239e-20
7.171610909157703645e+03 1.348337698657674042e-19 4.314760732029172026e-20
7.176616837090758963e+03 1.474251871962554133e-19 4.246645542728469322e-20
7.181622765023814281e+03 1.250657347577359019e-19 4.009594314642991986e-20
7.186628692956870509e+03 1.226952688313906118e-19 3.757109950395431420e-20
7.191634620889926737e+03 9.727719049110460325e-20 3.600120785086975580e-20
7.196640548822981145e+03 1.468984879961797593e-19 3.593140713474121812e-20
7.201646476756037373e+03 2.563515200258163137e-19 3.567880398046655076e-20
7.206652404689093601e+03 1.615869142733237439e-19 3.496474848080329660e-20
7.211658332622148919e+03 1.864533416697283001e-19 3.470257919793022924e-20
7.216664260555204237e+03 1.351657637320952442e-19 3.548246626540401823e-20
7.221670188488260465e+03 1.358995100169208319e-19 3.654386657868440927e-20
7.226676116421315783e+03 9.650171041789760359e-20 3.779018426551811868e-20
7.231682044354371101e+03 1.327158768977965632e-19 5.282107871060920357e-20
7.236687972287427328e+03 1.671054649000388742e-19 8.286537467971372067e-20
7.241693900220483556e+03 1.760689962683977643e-19 9.865185174644050111e-20
7.246699828153538874e+03 5.586564496597828615e-20 8.492450829489131053e-20
7.251705756086594192e+03 1.506330401017163950e-19 6.069545200073040014e-20
7.256711684019650420e+03 1.616282076862958986e-19 4.872171996403356871e-20
7.261717611952705738e+03 1.030496485774692875e-19 4.172162584593956406e-20
7.266723539885761056e+03 1.803430599276734235e-19 5.211078790725191687e-20
7.271729467818817284e+03 1.882188492177670736e-19 8.707010022244644063e-20
7.276735395751873511e+03 2.088998331206364978e-19 9.835174949979463733e-20
7.281741323684928830e+03 2.341933195506437360e-19 8.562569315630333103e-20
7.286747251617984148e+03 1.458106290201719765e-19 6.618635524592890266e-20
7.291753179551040375e+03 1.814924216494655136e-19 5.440817230380414456e-20
7.296759107484095694e+03 1.951967732843804108e-19 5.709663801119698095e-20
7.301765035417151012e+03 8.378853471274838831e-20 5.748435047779241278e-20
7.306770963350207239e+03 2.499830511377519274e-19 6.050861544807757324e-20
7.311776891283263467e+03 2.821183800948174804e-19 7.713323897388276749e-20
7.316782819216318785e+03 3.824054458313273004e-20 7.560544255137525603e-20
7.321788747149374103e+03 1.812572945363555696e-19 6.213656236755087746e-20
7.326794675082430331e+03 1.901597592902197479e-19 5.512508844285564049e-20
7.331800603015485649e+03 1.272986557183049041e-19 6.176050756923440609e-20
7.336806530948540967e+03 1.752962780469863222e-19 7.572939356907167528e-20
7.341812458881597195e+03 1.395424638602271457e-19 7.621361120804215294e-20
7.346818386814653422e+03 1.441737106380653547e-19 5.482671835778852559e-20
7.351824314747707831e+03 2.693515376550012360e-19 4.639242431314368591e-20
7.356830242680764059e+03 1.442960736327752783e-19 5.208944803651747752e-20
7.361836170613820286e+03 3.247466752588897347e-19 6.223310256970897605e-20
7.366842098546875604e+03 1.846808998422069664e-19 6.925621082062845722e-20
7.371848026479930923e+03 2.094764054442895031e-19 6.670337030025008003e-20
7.376853954412987150e+03 1.705730104078648514e-19 4.414190856857153336e-20
7.381859882346043378e+03 1.468147808346129184e-19 3.528777360689859558e-20
7.386865810279097786e+03 1.625515600957943263e-19 4.533129996816862341e-20
7.391871738212154014e+03 2.066544523345164666e-19 5.109520248654210186e-20
7.396877666145210242e+03 1.636196398366410479e-19 6.314751439140500018e-20
7.401883594078265560e+03 2.054669346942468253e-19 6.300595094186546155e-20
7.406889522011320878e+03 1.761245698386671412e-19 5.485919108787134305e-20
7.411895449944377106e+03 1.221236211683431233e-19 3.900297696024090156e-20
7.416901377877432424e+03 1.106923090800972738e-19 3.927117575403000055e-20
7.421907305810487742e+03 2.310231536181685578e-19 4.207508847362914231e-20
7.426913233743543969e+03 1.774384700093000256e-19 4.784354634399002487e-20
7.431919161676600197e+03 1.189174414240512145e-19 5.534222640938820736e-20
7.436925089609655515e+03 1.364053316256903497e-19 5.585236589506577122e-20
7.441931017542710833e+03 1.675449628366707543e-19 5.039796476021803731e-20
7.446936945475767061e+03 1.401355758367851966e-19 3.701875660904062613e-20
7.451942873408822379e+03 2.190759707103012807e-19 3.598936720791129472e-20
7.456948801341877697e+03 1.029073290358488936e-19 3.906923229711942038e-20
7.461954729274933925e+03 1.788249190108550690e-19 4.520491577201778095e-20
7.466960657207990153e+03 1.044235620514960345e-19 5.308836832799906914e-20
7.471966585141045471e+03 2.481086355716838613e-19 5.709391425209851411e-20
7.476972513074100789e+03 1.187210604852854692e-19 6.063472135238290160e-20
7.481978441007157016e+03 1.429425947058298667e-19 5.700043194197748461e-20
7.486984368940212335e+03 7.268163198349011705e-20 4.885698719568812516e-20
7.491990296873267653e+03 6.099253016480249120e-20 4.002982646447539033e-20
7.496996224806323880e+03 1.264141182695525037e-19 3.814078237236135740e-20
7.502002152739380108e+03 1.774338912104852399e-19 3.457246359642555419e-20
7.507008080672435426e+03 1.992399944741158945e-19 3.402949941393822793e-20
7.512014008605490744e+03 1.702327244643875744e-19 3.716151249173074705e-20
7.517019936538546972e+03 1.657276089883118728e-19 5.679138147872117246e-20
7.522025864471602290e+03 1.344928012342351438e-19 7.024412680792908360e-20
7.527031792404657608e+03 8.850905053223677353e-20 6.956890254508869875e-20
7.532037720337713836e+03 2.835281973793302491e-19 5.112585689286405934e-20
7.537043648270770063e+03 1.542168716241591538e-19 4.268909033518972747e-20
7.542049576203824472e+03 1.299007834991788998e-19 3.945432312538351822e-20
7.547055504136880700e+03 5.879686589350134074e-20 3.842118749840314045e-20
7.552061432069936927e+03 6.424991420842301362e-20 4.321413594826469086e-20
7.557067360002992245e+03 1.742082320896648354e-19 4.453583733977735427e-20
7.562073287936047564e+03 1.460197529823737019e-19 4.506150941265551814e-20
7.567079215869103791e+03 1.079625681214721171e-19 5.694763679286628925e-20
7.572085143802159109e+03 2.854495662030472903e-19 5.866455510611213355e-20
7.577091071735214427e+03 1.463695805847781719e-19 4.850612571370103591e-20
7.582096999668270655e+03 1.199094267661294898e-19 4.159894111265738337e-20
7.587102927601326883e+03 9.233838618022119449e-20 4.140392644706112809e-20
7.592108855534382201e+03 2.737358414450680969e-19 1.188990217574621806e-19
7.597114783467437519e+03 1.901355463420704434e-19 4.506070671635576563e-19
7.602120711400493747e+03 6.808683476015216687e-20 1.286926372831965922e-18
7.607126639333549065e+03 -7.090353891952990266e-20 2.098318465203874773e-18
7.612132567266604383e+03 7.067449239038331352e-21 4.657791129322064970e-19
7.617138495199660611e+03 1.301042061199764661e-19 1.599465897757810306e-19
7.622144423132716838e+03 9.403160113287908273e-20 1.381276592427474534e-19
7.627150351065772156e+03 1.747263983624704658e-19 2.502330434114130257e-19
7.632156278998827474e+03 9.284206951089099953e-20 2.479429213835739966e-19
7.637162206931883702e+03 1.153148102617020243e-19 1.885381657759044302e-19
7.642168134864939020e+03 7.009572310944267338e-20 1.300885799736146188e-19
7.647174062797994338e+03 1.588288779289144272e-19 1.303176145401370634e-19
7.652179990731050566e+03 1.066476540166040330e-19 9.947719122235818816e-20
7.657185918664106794e+03 7.553106945982415356e-20 9.396052940336264964e-20
7.662191846597162112e+03 8.602557485597086662e-20 7.769078129727192857e-20
7.667197774530217430e+03 8.122234636289231262e-20 9.240495675217542398e-20
7.672203702463273657e+03 2.848837436226530782e-20 6.194805717198272718e-20
7.677209630396328976e+03 1.981097398244636223e-19 5.538295770788060584e-20
7.682215558329384294e+03 1.177771081803926634e-19 5.653156901678212560e-20
7.687221486262440521e+03 8.513411821349033150e-20 6.108675591401398649e-20
7.692227414195496749e+03 1.164576237462823183e-19 5.395501043013244082e-20
7.697233342128551158e+03 1.430308573196753788e-19 7.075062204875077562e-20
7.702239270061607385e+03 1.853339736989726629e-19 5.931691261698594435e-20
7.707245197994663613e+03 2.566762220273597586e-19 9.758069098210901792e-20
7.712251125927718931e+03 1.854546496382077823e-19 1.033346856230134613e-19
7.717257053860774249e+03 2.068201335816819073e-19 9.622778975426548732e-20
7.722262981793830477e+03 1.956298416139523153e-19 7.068817632877304572e-20
7.727268909726885795e+03 1.197119553188190639e-19 5.145329875388537622e-20
7.732274837659941113e+03 1.444943690166900978e-19 4.234457933600940413e-20
7.737280765592997341e+03 1.466064243230831340e-19 3.848728288514633094e-20
7.742286693526053568e+03 2.298309487680552622e-19 5.553029172682418609e-20
7.747292621459108886e+03 2.270445550671709686e-19 8.588913315534469170e-20
7.752298549392164205e+03 1.647923683339367754e-19 9.200528889793481392e-20
7.757304477325220432e+03 2.259405276576092317e-19 7.527763113979375408e-20
7.762310405258275750e+03 4.757144468469257749e-20 5.950997918361329784e-20
7.767316333191331069e+03 8.336960642204795017e-20 5.267119298982827139e-20
7.772322261124387296e+03 1.286107893229819780e-19 5.804666496700324108e-20
7.777328189057443524e+03 1.397832474272165945e-19 6.549341704455661076e-20
7.782334116990498842e+03 1.911984755472567922e-19 5.989053062211094635e-20
7.787340044923554160e+03 3.641649539523903356e-19 7.539785647619372752e-20
7.792345972856610388e+03 1.545764115575593433e-19 9.346792231193733786e-20
7.797351900789665706e+03 1.769124024636401547e-19 8.820823435932507631e-20
7.802357828722721024e+03 2.825095151563767940e-19 6.626158551747934090e-20
7.807363756655777252e+03 1.410068143833452087e-19 7.107496756028427297e-20
7.812369684588833479e+03 1.388940935169291415e-19 7.604679244728072216e-20
7.817375612521888797e+03 5.131897061397706522e-20 9.900472050274673261e-20
7.822381540454944115e+03 1.877844012423562617e-19 9.795983008273452927e-20
7.827387468388000343e+03 2.213624328689096988e-19 6.626088655859818419e-20
7.832393396321055661e+03 1.275510984518941239e-19 4.591842915780621074e-20
7.837399324254110979e+03 -8.725233237932137546e-20 5.807775319418080843e-20
7.842405252187167207e+03 1.435552718458906341e-19 6.335200294547574836e-20
7.847411180120223435e+03 3.464284971646755888e-19 8.623167936898056839e-20
7.852417108053277843e+03 1.702895870271562195e-19 9.728000261183773054e-20
7.857423035986334071e+03 7.242858042993251701e-21 9.120642701484029738e-20
7.862428963919390299e+03 1.822394642077151436e-19 7.341889640270824934e-20
7.867434891852445617e+03 1.222104068355448020e-19 7.070369117061890840e-20
7.872440819785500935e+03 7.691991091947340830e-20 7.088193634344855569e-20
7.877446747718557162e+03 1.303870998940420900e-19 6.500847165110660999e-20
7.882452675651613390e+03 2.772807102744766862e-19 6.901208020259311709e-20
7.887458603584667799e+03 1.042538838425172348e-19 7.227643571185369623e-20
7.892464531517724026e+03 5.536295735117050405e-20 6.720878829642235098e-20
7.897470459450780254e+03 1.107136276409293263e-19 4.723165919952803958e-20
7.902476387383835572e+03 1.342654550239783546e-19 4.192734793135623592e-20
7.907482315316890890e+03 3.189058414256240692e-19 8.351981463938084135e-20
7.912488243249947118e+03 3.724265627920955723e-20 1.091788612648663112e-19
7.917494171183002436e+03 2.327668307310239730e-19 1.157974183210396801e-19
7.922500099116057754e+03 2.872523430810271886e-19 8.774367084832740376e-20
7.927506027049113982e+03 6.463719681500166286e-20 8.090797514816867671e-20
7.932511954982170209e+03 1.165264842099306770e-19 7.276374122400677285e-20
7.937517882915225528e+03 2.557743648892882677e-20 5.604893779935962533e-20
7.942523810848280846e+03 1.163432759237671127e-19 5.671907795203114378e-20
7.947529738781337073e+03 1.410952486418238729e-19 6.328547693391666840e-20
7.952535666714392391e+03 6.676746414358799417e-20 5.695875712359974440e-20
7.957541594647447710e+03 2.235754674844442731e-19 7.204619678442542324e-20
7.962547522580503937e+03 1.217660030520257433e-19 9.195580995831571630e-20
7.967553450513560165e+03 5.976458202463710143e-20 8.493108543333166478e-20
7.972559378446615483e+03 1.860069723327561537e-19 6.423712746541303098e-20
7.977565306379670801e+03 9.503618628279912272e-20 6.520429135549242531e-20
7.982571234312727029e+03 1.500996039091896303e-19 6.226678200856310316e-20
7.987577162245782347e+03 1.926185281993280467e-19 7.856473085019111090e-20
7.992583090178837665e+03 8.787793876923856015e-20 8.637745128131963503e-20
7.997589018111893893e+03 3.056965740594212408e-20 7.348437401394155592e-20
8.002594946044950120e+03 9.299630584751401916e-20 4.085092803938244632e-20
8.007600873978005438e+03 1.963293300832340478e-19 4.622136944852264976e-20
8.012606801911060757e+03 1.793105998704042341e-19 5.464463153445705854e-20
8.017612729844116984e+03 1.382808045340796856e-19 6.348714628731242991e-20
8.022618657777172302e+03 6.106234271809695218e-20 7.841041196554412853e-20
8.027624585710227620e+03 1.237180411313229509e-19 7.962954854186520154e-20
8.032630513643283848e+03 1.203147391461213481e-19 5.816355374100676795e-20
8.037636441576340076e+03 1.671086471589902456e-19 3.901326982549816765e-20
8.042642369509394484e+03 2.140636229658287452e-19 4.044500009977284705e-20
8.047648297442450712e+03 1.742577237334597626e-19 5.247176374695674368e-20
8.052654225375506940e+03 1.609577900945123893e-19 5.826194644166057114e-20
8.057660153308562258e+03 7.605105952794527791e-20 7.223527200070966036e-20
8.062666081241617576e+03 9.089571979306024980e-20 7.096424778917992282e-20
8.067672009174673803e+03 2.734632388914033090e-20 5.596052682859454088e-20
8.072677937107729122e+03 5.763537083061158563e-20 4.128701544184618097e-20
8.077683865040784440e+03 1.367075781058006772e-20 4.198611485665315980e-20
8.082689792973840667e+03 7.352798548734835297e-20 4.160410905529845271e-20
8.087695720906896895e+03 1.480008708681224482e-19 4.420107313423007774e-20
8.092701648839952213e+03 1.262359420257464660e-19 4.515321993118960827e-20
8.097707576773007531e+03 1.465012137013007102e-19 5.077609539548019884e-20
8.102713504706063759e+03 1.375009311378666175e-19 4.818571259728167652e-20
8.107719432639119077e+03 1.406137600632997410e-19 4.112852429182236750e-20
8.112725360572174395e+03 1.640718631454840991e-19 3.363591235228244986e-20
8.117731288505230623e+03 7.446094287972413643e-20 3.240442048907421033e-20
8.122737216438286850e+03 1.042409594674714869e-19 3.279144482450208586e-20
8.127743144371342169e+03 1.484164652583728050e-19 3.382389115485035428e-20
8.132749072304397487e+03 1.229276409857917741e-19 3.650784771320206421e-20
8.137755000237453714e+03 1.772417484941786125e-19 3.869673163747219536e-20
8.142760928170509032e+03 1.441866044912923621e-19 4.179133381046708901e-20
8.147766856103564351e+03 1.749868493305207798e-19 4.002149172571348972e-20
8.152772784036620578e+03 1.759522200239902513e-19 3.690891600581959604e-20
8.157778711969676806e+03 1.677568117145548080e-19 3.437838647455891024e-20
8.162784639902732124e+03 2.192135864119451445e-19 3.512597204765562509e-20
8.167790567835787442e+03 1.601399455431934074e-19 3.589795366631180106e-20
8.172796495768843670e+03 1.097203628541969804e-19 3.674571620900260688e-20
8.177802423701898988e+03 1.282056552330873487e-19 3.792918308527966126e-20
8.182808351634954306e+03 1.461765884984635006e-19 4.049523714869200418e-20
8.187814279568010534e+03 1.410876494182849170e-19 4.338579635653962568e-20
8.192820207501066761e+03 1.182966369316344259e-19 4.362656343153210965e-20
8.197826135434121170e+03 1.439076890759066827e-19 4.077952338901674788e-20
8.202832063367177398e+03 1.158271128388708520e-19 3.912437425732176039e-20
8.207837991300233625e+03 1.618240658393298511e-19 3.840525844761748269e-20
8.212843919233288034e+03 1.312344728696431369e-19 3.689705329342187772e-20
8.217849847166344261e+03 9.210453097815753096e-20 3.544609495911595018e-20
8.222855775099400489e+03 1.126459336536922717e-19 3.401293243708050359e-20
8.227861703032456717e+03 9.191655477370783872e-20 3.252310506327179379e-20
8.232867630965511125e+03 1.506393097362204373e-19 3.203309890601142222e-20
8.237873558898567353e+03 1.340899934582407435e-19 3.345571111731720133e-20
8.242879486831623581e+03 2.068179323585028361e-19 3.518557037458816937e-20
8.247885414764677989e+03 1.527810288290868817e-19 3.515023724899693889e-20
8.252891342697734217e+03 1.743095038627873675e-19 3.415891805047116768e-20
8.257897270630790445e+03 7.911344329246031761e-20 3.317333028653362247e-20
8.262903198563846672e+03 7.966314370972605796e-20 3.333365398664829496e-20
8.267909126496901081e+03 1.256400494213947600e-19 3.518967426508326144e-20
8.272915054429957308e+03 2.305962598216775049e-19 5.578968860167486607e-20
8.277920982363013536e+03 2.495052334236353109e-19 8.494624323011242729e-20
8.282926910296067945e+03 1.596279118399099067e-19 1.096604403184491068e-19
8.287932838229124172e+03 1.764629357707413262e-19 1.070879513019717458e-19
8.292938766162180400e+03 1.609049865658149774e-19 1.157352115341001101e-19
8.297944694095236628e+03 1.746781034698608375e-19 1.094341224294420885e-19
8.302950622028291036e+03 1.612957885678197015e-19 9.581652087661820565e-20
8.307956549961347264e+03 1.979400657360463045e-19 6.968206607160258033e-20
8.312962477894403492e+03 1.610673946460116779e-19 6.620163733603584541e-20
8.317968405827457900e+03 1.476688836261849189e-19 4.811125020731971271e-20
8.322974333760514128e+03 1.894436059436903348e-19 4.003198278408660005e-20
8.327980261693570355e+03 1.399273976878763259e-19 3.649511597230213632e-20
8.332986189626626583e+03 1.681472412942116174e-19 4.388209782010736908e-20
8.337992117559680992e+03 1.576174217692690228e-19 1.066535537895637390e-19
8.342998045492737219e+03 1.635322285186085793e-19 1.329160648617209593e-19
8.348003973425793447e+03 2.202450336361291346e-19 1.321507988266904387e-19
8.353009901358847856e+03 2.118889866880269935e-20 8.735257345225371555e-20
8.358015829291904083e+03 1.730049670251972983e-19 7.138477057908657761e-20
8.363021757224960311e+03 2.149596190955010505e-19 5.859861757790282391e-20
8.368027685158016538e+03 8.149673895197551268e-20 5.363591830535981780e-20
8.373033613091070947e+03 1.872705998857543575e-19 4.490380468036282290e-20
8.378039541024127175e+03 1.085762740076420788e-19 6.791050383866464955e-20
8.383045468957181583e+03 1.614934531508128109e-20 7.178822703694187024e-20
8.388051396890237811e+03 1.416705943569152633e-19 5.906965764117930131e-20
8.393057324823294039e+03 3.093173351375932237e-19 9.659729413630301591e-20
8.398063252756350266e+03 1.663350882489986716e-19 1.183794745214574385e-19
8.403069180689406494e+03 1.911697835710460631e-19 1.051269964558053352e-19
8.408075108622460903e+03 1.861964343590091594e-19 6.658733279023093217e-20
8.413081036555517130e+03 1.716626973342150773e-19 7.906675976462211454e-20
8.418086964488571539e+03 2.061371947466804744e-19 7.706340190990604634e-20
8.423092892421627766e+03 3.499860712389683497e-19 9.899288553482603475e-20
8.428098820354683994e+03 4.571514061659926783e-20 1.290211821118868522e-19
8.433104748287740222e+03 3.146953720944351426e-19 1.204381285488398709e-19
8.438110676220796449e+03 1.581595683262367735e-19 6.037771948880572411e-20
8.443116604153850858e+03 1.469223724515752362e-19 4.936029705593600844e-20
8.448122532086907086e+03 1.749087767952521078e-19 7.540179861292937892e-20
8.453128460019961494e+03 1.012151136133271303e-19 7.645812022472526982e-20
8.458134387953017722e+03 3.468200640466835569e-19 8.757402718708862884e-20
8.463140315886073950e+03 1.356829504013234829e-19 1.067697599467140448e-19
8.468146243819130177e+03 1.609656052565685463e-19 1.029364751633562689e-19
8.473152171752186405e+03 9.015773809706147838e-20 5.505259041275333051e-20
8.478158099685240813e+03 4.170130764057563632e-20 3.797483660545139510e-20
8.483164027618297041e+03 4.313391584907908352e-20 3.726689594421487778e-20
8.488169955551351450e+03 3.861507460056584124e-20 5.834926152153316517e-20
8.493175883484407677e+03 2.725789797459804600e-19 6.610595276510776496e-20
8.498181811417463905e+03 2.894327588438507311e-19 7.973462672821106951e-20
8.503187739350520133e+03 1.335944670237341836e-19 8.322246660337749280e-20
8.508193667283574541e+03 1.219194999167404034e-19 7.436579685692136032e-20
8.513199595216630769e+03 3.874881442342229973e-20 4.059399681513083356e-20
8.518205523149686996e+03 8.572950552456893622e-20 3.440948552697118347e-20
8.523211451082741405e+03 1.422724577643947152e-19 3.374983803793183307e-20
8.528217379015797633e+03 1.105382913452321417e-19 3.321326404555809996e-20
8.533223306948853860e+03 1.057813988899498652e-19 4.262400461734930448e-20
8.538229234881910088e+03 1.914740056880681554e-19 4.774752440355480341e-20
8.543235162814964497e+03 2.763164293905664608e-19 5.851639144896985677e-20
8.548241090748020724e+03 1.139556004083289116e-20 5.959839517021984602e-20
8.553247018681076952e+03 1.694172665704222896e-19 5.426932152693115384e-20
8.558252946614131361e+03 1.633146656269527386e-19 3.711414241805627371e-20
8.563258874547187588e+03 9.523718276838451296e-20 3.589971511382817646e-20
8.568264802480243816e+03 3.042401251844689718e-20 3.946603567163918644e-20
8.573270730413300043e+03 7.468242926438037279e-20 4.217668134617926501e-20
8.578276658346354452e+03 1.618968131244474411e-19 4.222363236653699333e-20
8.583282586279410680e+03 1.761392047659181647e-19 4.663890921516267633e-20
8.588288514212466907e+03 1.262355524705847556e-19 5.009885649420963657e-20
8.593294442145521316e+03 1.032065620871778850e-19 5.402964077138021258e-20
8.598300370078577544e+03 2.224181495683631189e-19 5.008132884789412072e-20
8.603306298011633771e+03 1.584579384160383298e-19 4.296227753385433206e-20
8.608312225944689999e+03 1.340711110021218421e-20 4.745478744334393897e-20
8.613318153877744408e+03 1.714527620875917330e-19 6.277202160003215692e-20
8.618324081810800635e+03 8.488734411671639837e-20 8.001878069267635377e-20
8.623330009743856863e+03 2.862610975729441154e-19 9.317660196793291743e-20
8.628335937676911271e+03 2.327586592379951205e-19 9.825773392208242876e-20
8.633341865609967499e+03 5.440257983541895502e-20 9.234405656474008602e-20
8.638347793543023727e+03 2.415184842098994914e-19 7.719313926874884373e-20
8.643353721476079954e+03 2.215856268391979303e-19 6.995460399565505159e-20
8.648359649409134363e+03 1.669236530033073936e-19 8.223401447171403033e-20
8.653365577342190591e+03 1.609248323037099507e-19 9.952793352874005424e-20
8.658371505275246818e+03 4.403748767855500133e-20 1.059593988272437987e-19
8.663377433208301227e+03 2.433232457867028133e-19 1.045744185186462666e-19
8.668383361141357454e+03 -3.247952469403415666e-21 9.848228027241860717e-20
8.673389289074413682e+03 1.212621055090226027e-19 8.934347634858072582e-20
8.678395217007469910e+03 1.019857122877847450e-19 7.810383852248242290e-20
8.683401144940524318e+03 1.533102326756610546e-19 6.802898436202176012e-20
8.688407072873580546e+03 2.355227337225886007e-19 5.931082878152287265e-20
8.693413000806636774e+03 1.821002628941115472e-19 5.505758827657029074e-20
8.698418928739691182e+03 1.251026071123924063e-19 5.382857824000635687e-20
8.703424856672747410e+03 5.143499768421010866e-20 5.223953096932266985e-20
8.708430784605803638e+03 6.214841695474867956e-20 4.657160806931542064e-20
8.713436712538859865e+03 1.206254515642477063e-19 4.083296509482736072e-20
8.718442640471914274e+03 7.840818855763993463e-20 3.778740544794100403e-20
8.723448568404970501e+03 1.223695504244789048e-19 3.787729539774076577e-20
8.728454496338024910e+03 4.319896300894514958e-20 3.721792180477771416e-20
8.733460424271081138e+03 9.936336680539971039e-20 3.819937853593985842e-20
8.738466352204137365e+03 8.446652610319445080e-20 3.997796240095280776e-20
8.743472280137193593e+03 1.077696244472608171e-19 4.034378137818030354e-20
8.748478208070249821e+03 1.130288152777358867e-19 4.218796963480430533e-20
8.753484136003304229e+03 1.654302664904847825e-19 8.009636005718876815e-20
8.758490063936360457e+03 1.614060826245471754e-19 1.233605642760966128e-19
8.763495991869414866e+03 1.640309830069755804e-19 1.553662926443401869e-19
8.768501919802471093e+03 1.573879478732123856e-19 1.415895908780506738e-19
8.773507847735527321e+03 1.575167342434493753e-19 1.460840543048883852e-19
8.778513775668583548e+03 1.472345776797920382e-19 1.302875622009655495e-19
8.783519703601639776e+03 7.928444216893623194e-20 9.901836096797042615e-20
8.788525631534694185e+03 2.732238093904902862e-20 7.827772220231464306e-20
8.793531559467750412e+03 5.534166555427856774e-20 7.402225463415619785e-20
8.798537487400804821e+03 1.395961360961703376e-19 4.842342091744778239e-20
8.803543415333861049e+03 1.534141846166634817e-19 4.246136873376893156e-20
8.808549343266917276e+03 8.008534896621796354e-20 4.497378459643138844e-20
8.813555271199973504e+03 1.659539170070744533e-20 4.629907772113715600e-20
8.818561199133029731e+03 1.179090714702505933e-19 9.729987001455745566e-20
8.823567127066084140e+03 1.600268976778490164e-19 1.870017814887667736e-19
8.828573054999140368e+03 1.151530431472270072e-19 2.088076773923228630e-19
8.833578982932194776e+03 2.616487339799141407e-19 1.694374820735624778e-19
8.838584910865251004e+03 1.067552133708977161e-19 1.247059530685795750e-19
8.843590838798307232e+03 1.072502431555332009e-19 8.754335211016509576e-20
8.848596766731363459e+03 7.040212418906951417e-20 7.986293673102778226e-20
8.853602694664417868e+03 2.286511984952844489e-19 7.131247329556137717e-20
8.858608622597474096e+03 2.447428150827490266e-19 6.526599462063428845e-20
8.863614550530530323e+03 7.130612562267254548e-20 9.695998090364116049e-20
8.868620478463584732e+03 2.003132268211992275e-19 9.457371366258758264e-20
8.873626406396640959e+03 2.052367393436800145e-19 6.493147585294655937e-20
8.878632334329697187e+03 4.415111312824675266e-19 1.046727774760053707e-19
8.883638262262753415e+03 9.335977712945537913e-20 1.418298066851388076e-19
8.888644190195807823e+03 1.755362766631852696e-19 1.329272463812494638e-19
8.893650118128864051e+03 2.072684689938692728e-19 7.834952511473872028e-20
8.898656046061920279e+03 2.874584779029055688e-19 9.211540824087152177e-20
8.903661973994974687e+03 2.552135912667150839e-19 1.014643508598076167e-19
8.908667901928030915e+03 2.592745240772801980e-19 8.746266820525121083e-20
8.913673829861087142e+03 1.569875393402997870e-19 1.340051564397953217e-19
8.918679757794143370e+03 1.560181292079897715e-19 1.733609562230554328e-19
8.923685685727199598e+03 1.677545647775883289e-19 1.606449036054211612e-19
8.928691613660254006e+03 9.977246309337535284e-20 7.304058498333784302e-20
8.933697541593308415e+03 2.797177901808102278e-19 6.170241372948527771e-20
8.938703469526364643e+03 2.781906577479426447e-19 1.053456015817671830e-19
8.943709397459420870e+03 2.396984675576689431e-19 1.129813283607699716e-19
8.948715325392477098e+03 2.929646922310890412e-19 1.055896735396375256e-19
8.953721253325533326e+03 6.584780803731571293e-20 1.550215171356437513e-19
8.958727181258589553e+03 -3.879373636610774253e-20 1.582593213050851661e-19
8.963733109191643962e+03 1.379086623364986275e-19 1.087270886934070255e-19
8.968739037124698370e+03 1.466415243996226997e-20 5.193145453806214263e-20
8.973744965057754598e+03 1.404741685012341283e-19 5.089386459178065524e-20
8.978750892990810826e+03 1.493536042520278347e-19 5.627417817968136333e-20
8.983756820923867053e+03 2.014217672477539128e-19 8.183291125747318994e-20
8.988762748856923281e+03 -4.731085213817680480e-20 8.886514296894805525e-20
8.993768676789977690e+03 3.125326618621539527e-19 9.863392548438680324e-20
8.998774604723033917e+03 6.624821702365647430e-20 1.245006723406134025e-19
9.003780532656088326e+03 -6.702385211593962751e-20 1.437663044080422709e-19
9.008786460589144554e+03 5.559873673090231073e-20 7.881588296158062968e-20
9.013792388522200781e+03 2.809664587932510455e-20 5.229094517180489501e-20
9.018798316455257009e+03 9.541149889129525899e-21 5.458195808887372909e-20
9.023804244388313236e+03 4.590280367600711027e-20 5.875384866324670779e-20
9.028810172321367645e+03 1.609708138082101567e-19 5.601022349456474586e-20
9.033816100254423873e+03 1.781986317103272937e-19 6.611647001520915547e-20
9.038822028187478281e+03 2.137261109969458618e-19 6.955404111008191120e-20
9.043827956120534509e+03 6.609279799514272024e-20 9.762006568022457948e-20
9.048833884053590737e+03 6.842569193911856204e-20 9.635965982707073326e-20
9.053839811986646964e+03 1.421494474288640862e-19 8.906249981477996648e-20
9.058845739919703192e+03 1.642666541715435475e-19 6.089721605686630193e-20
9.063851667852757600e+03 5.852931094630570041e-20 5.864995711389437424e-20
9.068857595785813828e+03 1.081174958755872647e-19 7.156316806152618345e-20
9.073863523718868237e+03 -2.338585327275269474e-20 7.535738780287728004e-20
9.078869451651924464e+03 9.717380060627442734e-20 6.800335666980967395e-20
9.083875379584980692e+03 1.194138532862949844e-19 6.920460459376257372e-20
9.088881307518036920e+03 1.926365394899754654e-19 9.149644484774431803e-20
9.093887235451093147e+03 4.130559644466633861e-20 9.603313753668773281e-20
9.098893163384147556e+03 2.021778920029609664e-19 1.012168029327108693e-19
9.103899091317203784e+03 1.541705570753417141e-19 9.472140737455999176e-20
9.108905019250258192e+03 -2.773963847876419534e-20 6.692453135982710103e-20
9.113910947183314420e+03 1.117943566559300603e-19 4.584173800725436286e-20
9.118916875116370647e+03 2.151553259712054030e-19 4.594742214216935676e-20
9.123922803049426875e+03 7.591351736570828036e-20 4.499790953697634284e-20
9.128928730982483103e+03 1.311940350209367652e-19 4.185139450038187328e-20
9.133934658915537511e+03 4.520877712150795413e-20 4.631632229336974765e-20
9.138940586848593739e+03 4.889078340164470586e-20 4.976085184246030986e-20
9.143946514781648148e+03 2.529690276191500788e-19 4.916586856471035532e-20
9.148952442714704375e+03 1.550905434474109844e-19 7.183430684604556522e-20
9.153958370647760603e+03 1.143743520560023441e-19 7.806694270068973196e-20
9.158964298580816831e+03 1.792328219971571943e-19 9.107610306746321654e-20
9.163970226513873058e+03 3.310055451359613695e-20 7.891232433954951728e-20
9.168976154446927467e+03 4.177704088654615003e-20 6.175235790535840023e-20
9.173982082379983694e+03 4.071278389753150037e-20 5.521243863724701685e-20
9.178988010313038103e+03 1.276057696010718507e-19 5.335128051167176109e-20
9.183993938246094331e+03 9.900416293060947534e-20 5.161006075981336829e-20
9.188999866179150558e+03 9.557831357516636758e-20 4.914392400936690924e-20
9.194005794112206786e+03 1.614497330437088468e-19 4.772365566796382825e-20
9.199011722045263014e+03 3.967639201540602681e-20 5.474730504274990332e-20
9.204017649978317422e+03 8.352004029761303565e-20 5.279217409261337788e-20
9.209023577911373650e+03 6.126665436844424459e-20 6.023422257018030576e-20
9.214029505844428058e+03 1.122042457224148748e-19 7.271991539378437492e-20
9.219035433777484286e+03 4.845474800701071540e-20 7.368257245949574461e-20
9.224041361710540514e+03 1.325314118300889075e-19 8.115160288493132044e-20
9.229047289643596741e+03 1.084222539644765064e-19 6.703839936496851185e-20
9.234053217576652969e+03 3.977540608644499126e-21 5.581410533868344444e-20
9.239059145509707378e+03 7.838528644152380831e-20 5.621148063589828065e-20
9.244065073442761786e+03 -6.654972558992759105e-21 6.038501263963224691e-20
9.249071001375818014e+03 1.016918287311039710e-19 6.473355095346496095e-20
9.254076929308874242e+03 1.425439486819671324e-19 6.519607838494000664e-20
9.259082857241930469e+03 1.131321528695024103e-19 6.801139920423265929e-20
9.264088785174986697e+03 -1.866028272052512699e-20 6.343459439535840649e-20
9.269094713108042924e+03 -7.897858693000127002e-21 5.470511961098268269e-20
9.274100641041097333e+03 6.924789702124951895e-20 5.079987788726643656e-20
9.279106568974151742e+03 5.849032872561537990e-20 5.785382852969355620e-20
9.284112496907207969e+03 1.191070112566927033e-19 8.339044853209276660e-20
9.289118424840264197e+03 1.734049558231113976e-19 9.709687746567510389e-20
9.294124352773320425e+03 1.734049558231113976e-19 1.085305685016649579e-19
9.299130280706376652e+03 1.734049558231113976e-19 1.658241442039050382e-19
9.304136208639432880e+03 1.734049558231114217e-19 7.206325035099791721e-19
9.309142136572487289e+03 1.734049558231113976e-19 3.938746006313790353e-18
9.314148064505541697e+03 1.734049558231113976e-19 1.270241131742384277e-18
9.319153992438597925e+03 1.734049558231113976e-19 5.765041659976234441e-19
9.324159920371654152e+03 1.734049558231113976e-19 4.107669531991784828e-19
9.329165848304710380e+03 1.734049558231113976e-19 3.467669337459904172e-19
9.334171776237766608e+03 1.734049558231114217e-19 3.851304972818110527e-19
9.339177704170821016e+03 1.734049558231113976e-19 4.583847272505826329e-19
9.344183632103877244e+03 1.734049558231113976e-19 3.721501753186051760e-19
9.349189560036931653e+03 1.734049558231113976e-19 2.186241753804586207e-19
9.354195487969987880e+03 1.734049558231113976e-19 2.605440012371122637e-19
9.359201415903044108e+03 1.734049558231113976e-19 2.259135241302089677e-19
9.364207343836100335e+03 1.734049558231113976e-19 2.013459962286564478e-19
9.369213271769156563e+03 1.734049558231113976e-19 6.059301432552243565e-19
9.374219199702210972e+03 1.734049558231113976e-19 7.234512537230611635e-19
9.379225127635267199e+03 1.734049558231113976e-19 7.096841125796884915e-19
9.384231055568321608e+03 1.734049558231114217e-19 4.302817230581203022e-19
9.389236983501377836e+03 1.734049558231113976e-19 1.987102123402604985e-19
9.394242911434434063e+03 1.734049558231113976e-19 1.485856773084165741e-19
9.399248839367490291e+03 1.734049558231113976e-19 2.070604092705380179e-19
9.404254767300546519e+03 1.734049558231113976e-19 1.901663366361800888e-19
9.409260695233600927e+03 1.734049558231113976e-19 1.658701224861686396e-19
9.414266623166657155e+03 1.734049558231113976e-19 2.143840022265812614e-19
9.419272551099711563e+03 1.734049558231114217e-19 2.894604132570669120e-19
9.424278479032767791e+03 1.734049558231113976e-19 3.467648021064746975e-19
9.429284406965824019e+03 1.734049558231113976e-19 2.884725305411845677e-19
9.434290334898880246e+03 1.734049558231113976e-19 6.045941202240038334e-19
9.439296262831936474e+03 1.734049558231113976e-19 9.053590609950791763e-19
9.444302190764990883e+03 1.734049558231113976e-19 4.096898507448633244e-19
9.449308118698047110e+03 1.734049558231113976e-19 2.410991499321978411e-19
9.454314046631101519e+03 1.734049558231114217e-19 4.121914104259461036e-19
9.459319974564157746e+03 1.734049558231113976e-19 5.935667953450572102e-19
9.464325902497213974e+03 1.734049558231113976e-19 3.291493184818491845e-19
9.469331830430270202e+03 1.734049558231113976e-19 2.816924266066019405e-19
9.474337758363326429e+03 1.734049558231113976e-19 7.470158701823919817e-19
9.479343686296380838e+03 1.734049558231113976e-19 8.267049615494896355e-19
9.484349614229437066e+03 1.734049558231113976e-19 3.828646638073678972e-19
9.489355542162491474e+03 1.734049558231113976e-19 2.057491180943050988e-19
9.494361470095547702e+03 1.734049558231113976e-19 3.255239950516704497e-19
9.499367398028603930e+03 1.734049558231113976e-19 4.480538616321360792e-19
9.504373325961660157e+03 1.734049558231113976e-19 4.259105018174956680e-19
9.509379253894716385e+03 1.734049558231113976e-19 2.454741337797808750e-19
9.514385181827770793e+03 1.734049558231113976e-19 5.652537521600495856e-19
9.519391109760827021e+03 1.734049558231113976e-19 8.627886002612979489e-19
9.524397037693881430e+03 1.734049558231113976e-19 3.836584611946639117e-19
9.529402965626937657e+03 1.734049558231113976e-19 2.736176456702890664e-19
9.534408893559993885e+03 1.734049558231113976e-19 2.134492865265980521e-19
9.539414821493050113e+03 1.734049558231114458e-19 2.290252841121795507e-19
9.544420749426106340e+03 1.734049558231113976e-19 2.740810751327118879e-19
9.549426677359160749e+03 1.734049558231113976e-19 3.736816964269490646e-19
9.554432605292216977e+03 1.734049558231113976e-19 3.541709997084157595e-19
9.559438533225271385e+03 1.734049558231113976e-19 4.381882148910364432e-19
9.564444461158327613e+03 1.734049558231113976e-19 6.199481838456729631e-19
9.569450389091383840e+03 1.734049558231113976e-19 5.429280088052474369e-19
9.574456317024440068e+03 1.734049558231114458e-19 3.199609886049134718e-19
9.579462244957496296e+03 1.734049558231114217e-19 1.822972926115287073e-19
9.584468172890550704e+03 1.734049558231113976e-19 1.973159880764006065e-19
9.589474100823605113e+03 1.734049558231113976e-19 2.485194336996940422e-19
9.594480028756661341e+03 1.734049558231113976e-19 2.538289175520374363e-19
9.599485956689717568e+03 1.734049558231113976e-19 2.758414019779820430e-19
9.604491884622773796e+03 1.734049558231113976e-19 3.372284253616240697e-19
9.609497812555830023e+03 1.734049558231113976e-19 2.914348900344816954e-19
9.614503740488886251e+03 1.734049558231113976e-19 3.083874716544515048e-19
9.619509668421940660e+03 1.734049558231113976e-19 4.302866214638548844e-19
9.624515596354995068e+03 1.734049558231113976e-19 4.983409165013112988e-19
9.629521524288051296e+03 1.734049558231113976e-19 2.462491478940200557e-19
9.634527452221107524e+03 1.734049558231113976e-19 2.567748098172601127e-19
9.639533380154163751e+03 1.734049558231113976e-19 2.688585095265638972e-19
9.644539308087219979e+03 1.734049558231113976e-19 2.410763833574471715e-19
9.649545236020274388e+03 1.734049558231113976e-19 3.164723403155984092e-19
9.654551163953330615e+03 1.734049558231113976e-19 2.504666778582941724e-19
9.659557091886385024e+03 1.734049558231114217e-19 2.642094712704413664e-19
9.664563019819441251e+03 1.734049558231113976e-19 3.589072861703424522e-19
9.669568947752497479e+03 1.734049558231113976e-19 3.282525011636496638e-19
9.674574875685553707e+03 1.734049558231113976e-19 4.591621190251964235e-19
9.679580803618609934e+03 1.734049558231113976e-19 4.634314016170772034e-19
9.684586731551664343e+03 1.734049558231113976e-19 4.550481714540914189e-19
9.689592659484720571e+03 1.734049558231114458e-19 3.384756249710723655e-19
9.694598587417774979e+03 1.734049558231114217e-19 3.379908825847272344e-19
9.699604515350831207e+03 1.734049558231113976e-19 3.127086825423816623e-19
9.704610443283887435e+03 1.734049558231113976e-19 3.497460753010960426e-19
9.709616371216943662e+03 1.734049558231113976e-19 4.171663506152439272e-19
9.714622299149999890e+03 1.734049558231113976e-19 6.175881524970667024e-19
9.719628227083054298e+03 1.734049558231113976e-19 5.616592947420003025e-19
9.724634155016110526e+03 1.734049558231113976e-19 5.580724543448930116e-19
9.729640082949164935e+03 1.734049558231113976e-19 3.812732332623391755e-19
9.734646010882221162e+03 1.734049558231113976e-19 5.413912217968221024e-19
9.739651938815277390e+03 1.734049558231113976e-19 4.832042990590391800e-19
9.744657866748333618e+03 1.734049558231113976e-19 5.238092742083833544e-19
9.749663794681389845e+03 1.734049558231113976e-19 4.137637510979896990e-19
9.754669722614444254e+03 1.734049558231113976e-19 3.222846696652064292e-19
9.759675650547500481e+03 1.734049558231113976e-19 2.702137509732213139e-19
9.764681578480554890e+03 1.734049558231114217e-19 2.613545631999398981e-19
9.769687506413611118e+03 1.734049558231113976e-19 2.970293159985048789e-19
9.774693434346667345e+03 1.734049558231113976e-19 2.890337921503074608e-19
9.779699362279723573e+03 1.734049558231113976e-19 3.318054856032557392e-19
9.784705290212779801e+03 1.734049558231113976e-19 7.101319110536677127e-19
9.789711218145834209e+03 1.734049558231113976e-19 1.068465904334822783e-18
9.794717146078890437e+03 1.734049558231113976e-19 8.082375771469112164e-19
9.799723074011944846e+03 1.734049558231113976e-19 7.240670286598280140e-19
9.804729001945001073e+03 1.734049558231114458e-19 6.173518083102951307e-19
9.809734929878057301e+03 1.734049558231113976e-19 5.357656456370403909e-19
9.814740857811113528e+03 1.734049558231113976e-19 3.686788108599386799e-19
9.819746785744169756e+03 1.734049558231113976e-19 4.044554391817841738e-19
9.824752713677224165e+03 1.734049558231113976e-19 4.919504318220781931e-19
9.829758641610280392e+03 1.734049558231113976e-19 5.673647065273431983e-19
9.834764569543334801e+03 1.734049558231113976e-19 4.960975658769483275e-19
9.839770497476391029e+03 1.734049558231113976e-19 5.194857480129603309e-19
9.844776425409447256e+03 1.734049558231114458e-19 7.651436331593346748e-19
9.849782353342503484e+03 1.734049558231113976e-19 7.277404773149507944e-19
9.854788281275559712e+03 1.734049558231114217e-19 5.946964489286424017e-19
9.859794209208614120e+03 1.734049558231113976e-19 5.722646597453491649e-19
9.864800137141670348e+03 1.734049558231113976e-19 7.202628603441423307e-19
9.869806065074724756e+03 1.734049558231113976e-19 1.930535221909473194e-18
9.874811993007780984e+03 1.734049558231113976e-19 3.269545120185002515e-18
9.879817920940837212e+03 1.734049558231113976e-19 1.286885543201211177e-18
9.884823848873893439e+03 1.734049558231113976e-19 5.721053138668513840e-19
9.889829776806949667e+03 1.734049558231113976e-19 1.120088806822197985e-18
9.894835704740004076e+03 1.734049558231113976e-19 1.637681688175128138e-18
9.899841632673058484e+03 1.734049558231113976e-19 1.044056186500622247e-18
9.904847560606114712e+03 1.734049558231113976e-19 5.039664774640306793e-19
9.909853488539170939e+03 1.734049558231113976e-19 8.225551580577623390e-19
9.914859416472227167e+03 1.734049558231113976e-19 1.616541463249254183e-18
9.919865344405283395e+03 1.734049558231113976e-19 1.517675740303684132e-18
9.924871272338339622e+03 1.734049558231114217e-19 7.414721837636629385e-19
9.929877200271394031e+03 1.734049558231113976e-19 1.064031763412757363e-18
9.934883128204448440e+03 1.734049558231113976e-19 8.565985033291452563e-19
9.939889056137504667e+03 1.734049558231113976e-19 1.911636417838212522e-18
9.944894984070560895e+03 1.734049558231113976e-19 1.509977046297037733e-18
9.949900912003617123e+03 1.734049558231113976e-19 1.496116189151132839e-18
9.954906839936673350e+03 1.734049558231113976e-19 2.014430502602645088e-18
9.959912767869729578e+03 1.734049558231114217e-19 3.949270250538234761e-18
9.964918695802783986e+03 1.734049558231114458e-19 4.192878101154273593e-18
9.969924623735838395e+03 1.734049558231113976e-19 1.326206697132810394e-18
9.974930551668894623e+03 1.734049558231113976e-19 3.524792427007532940e-18
9.979936479601950850e+03 1.734049558231113976e-19 1.577358179311991923e-18
9.984942407535007078e+03 1.734049558231113976e-19 1.527838282990872067e-18
9.989948335468063306e+03 1.734049558231114217e-19 1.299746495741786161e-18
9.994954263401117714e+03 1.734049558231113976e-19 2.122812607260437028e-18
9.999960191334173942e+03 1.734049558231113976e-19 2.509865393717089479e-18
1.000496611926722835e+04 1.734049558231113976e-19 2.606201301811803215e-18
1.000997204720028458e+04 1.734049558231113976e-19 3.184891688688685899e-18
1.001497797513334081e+04 1.734049558231113976e-19 2.184993904178284348e-18
1.001998390306639703e+04 1.734049558231113976e-19 1.940270033590388367e-18
1.002498983099945326e+04 1.734049558231113976e-19 2.398565182171056652e-18
1.002999575893250767e+04 1.734049558231113976e-19 1.272908186307734320e-18
1.003500168686556390e+04 1.734049558231113976e-19 1.539379711311603555e-18
1.004000761479861831e+04 1.734049558231113976e-19 1.708196479280498667e-18
1.004501354273167453e+04 1.734049558231114458e-19 1.389278905972627511e-18
1.005001947066473076e+04 1.734049558231113976e-19 2.869266993604173997e-18
1.005502539859778699e+04 1.734049558231114458e-19 1.823687220796853693e-18
1.006003132653084322e+04 1.734049558231114217e-19 1.954417478145927984e-18
1.006503725446389763e+04 1.734049558231113976e-19 2.682430518711764698e-18
1.007004318239695385e+04 1.734049558231113976e-19 4.485245432723961335e-18
1.007504911033000826e+04 1.734049558231113976e-19 3.082127117777590147e-18
1.008005503826306449e+04 1.734049558231114458e-19 3.388103303215843740e-18
1.008506096619612072e+04 1.734049558231113976e-19 3.099428259814669505e-18
1.009006689412917694e+04 1.734049558231113976e-19 3.369756509256223870e-18
1.009507282206223317e+04 1.734049558231114217e-19 2.142300363608169989e-18
1.010007874999528758e+04 1.734049558231113976e-19 3.137675960319279227e-18
1.010508467792834381e+04 1.734049558231113976e-19 3.054313532980299166e-18
1.011009060586139822e+04 1.734049558231114217e-19 3.743183858271190906e-18
1.011509653379445444e+04 1.734049558231113976e-19 2.827669533134067237e-18
1.012010246172751067e+04 1.734049558231113976e-19 3.343018688934565005e-18
1.012510838966056690e+04 1.734049558231113976e-19 4.700985969456937168e-18
1.013011431759362313e+04 1.734049558231113976e-19 4.341717117594787130e-18
1.013512024552667754e+04 1.734049558231113976e-19 1.300731540885957571e-17
1.014012617345973376e+04 1.734049558231113976e-19 3.559172843431963887e-18
1.014513210139278817e+04 1.734049558231114217e-19 7.773058671018818213e-18
1.015013802932584440e+04 1.734049558231113976e-19 7.406256991597642035e-18
1.015514395725890063e+04 1.734049558231113976e-19 9.239138605118842650e-18
1.016014988519195686e+04 1.734049558231113976e-19 1.668196372292385770e-17
1.016515581312501308e+04 1.734049558231114217e-19 7.042836193506740485e-18
1.017016174105806749e+04 1.734049558231113976e-19 1.036196471320303524e-17
1.017516766899112372e+04 1.734049558231113976e-19 9.235287211813238210e-18
1.018017359692417813e+04 1.734049558231113976e-19 8.006592522797770495e-18
1.018517952485723436e+04 1.734049558231113976e-19 2.566086838694638646e-17
1.019018545279029058e+04 1.734049558231113976e-19 1.030924455686700400e-17
1.019519138072334681e+04 1.734049558231113976e-19 5.746998120310394361e-18
1.020019730865640304e+04 1.734049558231114217e-19 2.465450614393901608e-17
1.020520323658945745e+04 1.734049558231113976e-19 1.523910623404948180e-17
1.021020916452251367e+04 1.734049558231113976e-19 4.682457389457795215e-18
1.021521509245556808e+04 1.734049558231114217e-19 1.385157516849762578e-17
1.022022102038862431e+04 1.734049558231113976e-19 1.038692105479274699e-16
1.022522694832168054e+04 1.734049558231113976e-19 1.029457623415300039e-17
1.023023287625473677e+04 1.734049558231113976e-19 2.590305611387212598e-18
1.023523880418779299e+04 1.734049558231113976e-19 3.950341085057448317e-17
1.024024473212084740e+04 1.734049558231113976e-19 3.258122145432264085e-17
1.024525066005390181e+04 1.734049558231114217e-19 7.696312089252020123e-18
1.025025658798695804e+04 1.734049558231113976e-19 3.645459401048470406e-17
1.025526251592001427e+04 1.734049558231113976e-19 2.258832421637363711e-17
1.026026844385307049e+04 1.734049558231113976e-19 1.247767726870419732e-17
1.026527437178612672e+04 1.734049558231113976e-19 8.254663434540452835e-18
1.027028029971918295e+04 1.734049558231113976e-19 1.910408112067889505e-17
1.027528622765223736e+04 1.734049558231113976e-19 1.327476857856023898e-17
1.028029215558529177e+04 1.734049558231114217e-19 5.091072309844041253e-18
1.028529808351834799e+04 1.734049558231113976e-19 4.382897150709520066e-17
1.029030401145140422e+04 1.734049558231113976e-19 4.617279878586151969e-17
1.029530993938446045e+04 1.734049558231113976e-19 2.274445078487249608e-17
