#  wl flam flam_err
4.803806996822357178e+03 1.139910000893909144e-18 1.151505364858505191e-18
4.808812924755412496e+03 1.147127532200129167e-18 1.048612296465444536e-18
4.813818852688468723e+03 1.718477409497517034e-19 9.405177668123456729e-19
4.818824780621524042e+03 4.437358762152214552e-19 8.578832518965877923e-19
4.823830708554580269e+03 6.581367557040822375e-19 8.128204012734361446e-19
4.828836636487635587e+03 2.321645620578771380e-19 7.592959126928611114e-19
4.833842564420691815e+03 8.592816436686374715e-19 6.788639981802711824e-19
4.838848492353747133e+03 -4.096790458030675694e-19 5.926765563182749754e-19
4.843854420286802451e+03 1.817119012055708054e-19 5.434462657937122366e-19
4.848860348219858679e+03 4.470649801252405197e-19 5.192206723795493434e-19
4.853866276152913997e+03 5.216392567873693237e-19 4.808581877746704242e-19
4.858872204085970225e+03 -1.672347704622371380e-20 4.322894515677882603e-19
4.863878132019025543e+03 1.342728044709656303e-19 4.000493519118053677e-19
4.868884059952080861e+03 2.888116479937946667e-19 3.875755704647571456e-19
4.873889987885137089e+03 -4.469732624744933931e-20 3.693516065511745450e-19
4.878895915818192407e+03 3.730987889930879332e-19 3.338616762932719536e-19
4.883901843751248634e+03 2.910967120508492767e-19 2.975049825491606389e-19
4.888907771684303952e+03 1.746067901994898978e-19 2.819863576931942062e-19
4.893913699617360180e+03 3.312561190199098735e-19 2.773967459838993197e-19
4.898919627550415498e+03 1.483081371632603909e-19 2.644972751167759406e-19
4.903925555483470816e+03 -4.558899972179527748e-20 2.409302488039009376e-19
4.908931483416527044e+03 3.043684234543859853e-19 2.214459901036225222e-19
4.913937411349582362e+03 7.976855941428946473e-20 2.180207280426840227e-19
4.918943339282638590e+03 -3.763919597294360148e-21 2.169672552083068740e-19
4.923949267215693908e+03 3.233231575747311292e-19 2.074660772618827238e-19
4.928955195148750136e+03 1.580941576611861130e-20 1.901674584643574012e-19
4.933961123081805454e+03 1.430114529570896260e-19 1.816860875308297686e-19
4.938967051014860772e+03 9.861303736025426526e-20 1.861744517398564704e-19
4.943972978947916999e+03 2.222911205443130823e-19 1.895625707771780245e-19
4.948978906880972318e+03 3.734016625330914341e-19 1.847951635571946849e-19
4.953984834814028545e+03 1.405029952305430649e-19 1.754837434044582791e-19
4.958990762747083863e+03 1.866436523713926765e-19 1.745852594926694684e-19
4.963996690680139181e+03 1.942757582781058667e-20 1.827642346985553725e-19
4.969002618613195409e+03 -8.302672187474078600e-20 1.857803134075921137e-19
4.974008546546250727e+03 2.673721672165406703e-19 1.767492884584800924e-19
4.979014474479306955e+03 1.768837043261564385e-19 1.632223559020351133e-19
4.984020402412362273e+03 3.583264361305418011e-19 1.586620272538114219e-19
4.989026330345418501e+03 2.156082904728277728e-19 1.604973259972931801e-19
4.994032258278473819e+03 1.523425394716808343e-19 1.564435821030955199e-19
4.999038186211529137e+03 2.005671721489416351e-19 1.430415583725232949e-19
5.004044114144585365e+03 2.964394979083669365e-19 1.284542263418293525e-19
5.009050042077640683e+03 1.411481616178625304e-19 1.235413236448055686e-19
5.014055970010696910e+03 1.777615072380953483e-19 1.236161324707993375e-19
5.019061897943752228e+03 4.568552806592195183e-19 1.217242761563219194e-19
5.024067825876807547e+03 3.620159695034478530e-19 1.156179024672249347e-19
5.029073753809863774e+03 2.293598350740897244e-19 1.112247940068718442e-19
5.034079681742919092e+03 1.783374094660801607e-19 1.134736202525432383e-19
5.039085609675975320e+03 1.960006395632591916e-19 1.173761380663413474e-19
5.044091537609030638e+03 1.418030140211727962e-19 1.182826005315354115e-19
5.049097465542086866e+03 1.717381101792830532e-19 1.142191055488610252e-19
5.054103393475142184e+03 7.172529554682052046e-20 1.104523864052295172e-19
5.059109321408197502e+03 5.927890476498451022e-21 1.102416699676629090e-19
5.064115249341253730e+03 7.440339562144168787e-20 1.108902137628863400e-19
5.069121177274309048e+03 2.803825460448011653e-19 1.086028785170901827e-19
5.074127105207365275e+03 2.290483574585269524e-19 1.025032474956544306e-19
5.079133033140420594e+03 2.025997716131918809e-19 9.684821656677925261e-20
5.084138961073476821e+03 1.405496454198922348e-19 9.528214894731729517e-20
5.089144889006532139e+03 1.236714384305493272e-19 9.609734395683986582e-20
5.094150816939587457e+03 2.427581495830801330e-19 9.560699230323022664e-20
5.099156744872643685e+03 1.436049758911572119e-19 9.205988475509097233e-20
5.104162672805699003e+03 4.417435919199531777e-20 8.969744580391636051e-20
5.109168600738755231e+03 1.702388039047465869e-19 9.073513926774528771e-20
5.114174528671810549e+03 7.791723536635163721e-20 9.412771881347335859e-20
5.119180456604865867e+03 1.533466676543406795e-19 9.673859762078679001e-20
5.124186384537922095e+03 1.164189990065481158e-19 9.518014139744508483e-20
5.129192312470977413e+03 4.255984642701356963e-21 9.157167109534765843e-20
5.134198240404033641e+03 6.434593293600734303e-20 9.020195282559227731e-20
5.139204168337088959e+03 1.060356786395576575e-19 9.031225140546130640e-20
5.144210096270145186e+03 1.966698254294003703e-19 8.960514524832445408e-20
5.149216024203200504e+03 3.629625231321875750e-19 8.624429993472254550e-20
5.154221952136255823e+03 3.359063116567991544e-19 8.146048420289604037e-20
5.159227880069312050e+03 1.399723084435813266e-19 7.797988536772927522e-20
5.164233808002367368e+03 8.833768106870589342e-20 7.565824482514238554e-20
5.169239735935423596e+03 4.168503516044509598e-20 7.310689318503213673e-20
5.174245663868478914e+03 1.402079488784587112e-19 7.039607988820721121e-20
5.179251591801534232e+03 2.195448431852815978e-19 6.695993925138424491e-20
5.184257519734590460e+03 2.293821358821123660e-19 6.527134675183290876e-20
5.189263447667645778e+03 1.816776625080779697e-19 6.581576407896091753e-20
5.194269375600702006e+03 2.608934337350705909e-19 6.770907583916993234e-20
5.199275303533757324e+03 1.150757073393134627e-19 6.819048526929903378e-20
5.204281231466813551e+03 7.719509746485299889e-20 6.723637188976633348e-20
5.209287159399868870e+03 4.651215370955379274e-20 6.654438148510247914e-20
5.214293087332924188e+03 2.076526063254636141e-19 6.825403526588798059e-20
5.219299015265980415e+03 2.323534465436342752e-19 7.057534807074199868e-20
5.224304943199035733e+03 2.546380767804271258e-19 7.250173286208876083e-20
5.229310871132091961e+03 2.220570929132981848e-19 7.212803843606408978e-20
5.234316799065147279e+03 1.778266219738940886e-19 7.227024792707878475e-20
5.239322726998203507e+03 4.289052285741724678e-21 7.238656067343781722e-20
5.244328654931258825e+03 2.080653897600922052e-19 7.338677401106781551e-20
5.249334582864314143e+03 2.676131252265865934e-19 7.290973041712520605e-20
5.254340510797370371e+03 2.343681624970612247e-19 7.051993549386842042e-20
5.259346438730425689e+03 1.151348503074213724e-19 6.587362050022168971e-20
5.264352366663481916e+03 1.912898134142317557e-19 6.282120350518582045e-20
5.269358294596537235e+03 1.228215006210736079e-19 6.214825961422974435e-20
5.274364222529593462e+03 1.211903207769252690e-19 6.231050544670575587e-20
5.279370150462648780e+03 8.490260844321004764e-20 6.202493981382851647e-20
5.284376078395704099e+03 1.355991235827315656e-20 6.079832468506049326e-20
5.289382006328760326e+03 5.361364192021819812e-20 5.984476870905053360e-20
5.294387934261815644e+03 1.582502497971127692e-19 6.081422407955273784e-20
5.299393862194871872e+03 1.376148594154827927e-19 6.206450243098835343e-20
5.304399790127927190e+03 1.557427317780531953e-19 6.300664417580685463e-20
5.309405718060982508e+03 1.186944199375551323e-19 6.285208767205874470e-20
5.314411645994038736e+03 1.225649217403172008e-19 6.121692260229975201e-20
5.319417573927094054e+03 3.226197383232181523e-20 5.999309063282112328e-20
5.324423501860150282e+03 9.804625352180132749e-20 5.997276013862408354e-20
5.329429429793205600e+03 1.400815754610357119e-19 6.078235418218520850e-20
5.334435357726260918e+03 2.124419908664171381e-19 6.031499272407541254e-20
5.339441285659317145e+03 8.502068055909140125e-20 5.920958311904483353e-20
5.344447213592372464e+03 1.706150251099487493e-19 5.750824441682249864e-20
5.349453141525428691e+03 9.967383984413906735e-20 5.694231581817197619e-20
5.354459069458484009e+03 1.462090842351450001e-19 5.779207725217769374e-20
5.359464997391540237e+03 1.517267872192292462e-19 5.902059396751679682e-20
5.364470925324595555e+03 2.129391750750857678e-19 5.968895636961575031e-20
5.369476853257650873e+03 2.107866466529254880e-19 5.975952676902885038e-20
5.374482781190707101e+03 1.475637587236039875e-19 5.938217231454857403e-20
5.379488709123762419e+03 1.144910084246423099e-19 5.963380947846716724e-20
5.384494637056818647e+03 1.646445171773904936e-19 6.031613221777713042e-20
5.389500564989873965e+03 2.650765953771587520e-19 6.070363184173244848e-20
5.394506492922930192e+03 3.312478542814844381e-19 6.015957720847038355e-20
5.399512420855985511e+03 1.964394675462141827e-19 5.877735114624096983e-20
5.404518348789040829e+03 2.463206868323760026e-19 5.674475591770785446e-20
5.409524276722097056e+03 1.370447045393301847e-19 5.575019251204099187e-20
5.414530204655152374e+03 6.167635788633492309e-20 5.678491746824483706e-20
5.419536132588208602e+03 -1.009642379806672271e-20 5.717412627740574240e-20
5.424542060521263920e+03 1.970170948803189742e-20 5.661714311260399966e-20
5.429547988454320148e+03 8.814096399180287676e-20 5.467801166174151241e-20
5.434553916387375466e+03 4.243132126445730360e-20 5.222644539699379565e-20
5.439559844320430784e+03 3.757123959294191790e-20 5.061481237080047382e-20
5.444565772253487012e+03 1.181770857677797868e-19 5.008571946956877310e-20
5.449571700186542330e+03 9.319980442644730948e-20 5.032005224398658882e-20
5.454577628119598558e+03 1.270536370653100724e-19 5.006574277074127062e-20
5.459583556052653876e+03 1.315120522648117043e-19 4.906074315822918547e-20
5.464589483985709194e+03 4.857664659808815645e-20 4.794929487377188543e-20
5.469595411918765421e+03 5.914042345492267404e-20 4.707119319836722014e-20
5.474601339851820740e+03 1.732609374034983939e-19 4.756672514676018572e-20
5.479607267784876967e+03 9.459756722162641177e-20 4.924787685025802647e-20
5.484613195717932285e+03 1.198251451726259720e-19 5.104912247962540201e-20
5.489619123650987603e+03 6.917495011445577299e-20 5.191973800112205847e-20
5.494625051584043831e+03 3.404530555693427091e-20 5.205552066679221841e-20
5.499630979517099149e+03 3.514350693341294514e-20 5.226583005073544541e-20
5.504636907450155377e+03 9.101327344914101439e-20 5.331024541796419070e-20
5.509642835383210695e+03 1.001704591025822388e-19 5.434213249119430233e-20
5.514648763316266923e+03 2.438458744097526043e-20 5.440875402212267832e-20
5.519654691249322241e+03 3.221942729714588361e-20 5.314385195295441777e-20
5.524660619182377559e+03 8.087473259306913911e-20 5.110164189438176116e-20
5.529666547115433787e+03 -3.671508074109434503e-20 4.872210389074029643e-20
5.534672475048489105e+03 -7.155250115290658628e-20 4.706974346088108927e-20
5.539678402981545332e+03 4.521886273592217329e-20 4.693498893568571748e-20
5.544684330914600650e+03 1.334612279749166912e-20 4.695817342831594539e-20
5.549690258847656878e+03 -1.823864187161347026e-20 4.599824939347905016e-20
5.554696186780712196e+03 7.072744214916026953e-20 4.468613510502275515e-20
5.559702114713767514e+03 7.182687439580224173e-20 4.371927609034409950e-20
5.564708042646823742e+03 8.383785736001294421e-20 4.285483452164426025e-20
5.569713970579879060e+03 7.734265585724462700e-20 6.296228441347239573e-20
5.574719898512935288e+03 2.368364489012557097e-19 9.887955109990456591e-20
5.579725826445990606e+03 2.791134482228783935e-19 9.904746896706613333e-20
5.584731754379046833e+03 2.306693837400499974e-19 5.861303817892867053e-20
5.589737682312102152e+03 1.453304178658756402e-19 4.161984676232554495e-20
5.594743610245157470e+03 1.353132174669625039e-19 4.107534816571397538e-20
5.599749538178213697e+03 1.833307781633247306e-19 4.133230285449053262e-20
5.604755466111269016e+03 2.031981322133009820e-19 4.253789338736594115e-20
5.609761394044325243e+03 2.035406229810986235e-19 4.366090204976421743e-20
5.614767321977380561e+03 2.245232207851143492e-19 4.453606267951384930e-20
5.619773249910436789e+03 2.137990801015172995e-19 4.559605149212273658e-20
5.624779177843492107e+03 1.741696911055847247e-19 4.571894480727214787e-20
5.629785105776547425e+03 1.910806165905501434e-19 4.526891965691446817e-20
5.634791033709603653e+03 2.315924600355621084e-19 4.494375733300920997e-20
5.639796961642658971e+03 2.647423658638500785e-19 4.448484397546774499e-20
5.644802889575714289e+03 1.718388412790775550e-19 4.407017284942204502e-20
5.649808817508770517e+03 2.550568622267115555e-19 4.340925667522502745e-20
5.654814745441825835e+03 3.810964395641120901e-19 4.232287217080058101e-20
5.659820673374882062e+03 3.069666457582131674e-19 4.145514910407681224e-20
5.664826601307937381e+03 2.793444943824480377e-19 4.079819650294438463e-20
5.669832529240993608e+03 2.645801226315141746e-19 4.082406066875324484e-20
5.674838457174048926e+03 3.704035192108351934e-19 4.103999557564681599e-20
5.679844385107104245e+03 2.843276316647295356e-19 4.156288179848250815e-20
5.684850313040160472e+03 3.188418785179094250e-19 4.212752698954866910e-20
5.689856240973215790e+03 2.378525314159230213e-19 4.265900363969173770e-20
5.694862168906272018e+03 2.548925986933360438e-19 4.254745430015588843e-20
5.699868096839327336e+03 2.519438938387107613e-19 4.244380419250427266e-20
5.704874024772383564e+03 3.332242526471764980e-19 4.262201287498475351e-20
5.709879952705438882e+03 3.792607039030179420e-19 4.356789223395352716e-20
5.714885880638494200e+03 3.818540331895204330e-19 4.520748741445313116e-20
5.719891808571550428e+03 3.200689720046272960e-19 4.634527466257945785e-20
5.724897736504605746e+03 3.733553991588345963e-19 4.654848124164530722e-20
5.729903664437661973e+03 2.343764198843695553e-19 4.583598446711765519e-20
5.734909592370717291e+03 1.198569988725312237e-19 4.511621871736237379e-20
5.739915520303773519e+03 5.396968975102388952e-20 4.490637562631292081e-20
5.744921448236828837e+03 1.659165359299021665e-19 4.564238793771079222e-20
5.749927376169884155e+03 3.417507568243572589e-19 4.607815576377022374e-20
5.754933304102940383e+03 2.937420411516092462e-19 4.659370558655334739e-20
5.759939232035995701e+03 4.215918042665462436e-19 4.694244485614387464e-20
5.764945159969051929e+03 4.001087016624589171e-19 4.602050948501774493e-20
5.769951087902107247e+03 4.114509766839243477e-19 4.460029383540365882e-20
5.774957015835163475e+03 3.759013850177445023e-19 4.352415064414974446e-20
5.779962943768218793e+03 2.625941696193182360e-19 4.364015106081483390e-20
5.784968871701274111e+03 3.309663807618606666e-19 4.659286115786146959e-20
5.789974799634330338e+03 2.198894139152409506e-19 5.029003550707306979e-20
5.794980727567385657e+03 3.625898238560845387e-19 5.556194771819312556e-20
5.799986655500441884e+03 2.396571312862612419e-19 6.374764652589396929e-20
5.804992583433497202e+03 3.603237667896216315e-19 6.800953183346932364e-20
5.809998511366552520e+03 3.799733085652759930e-19 7.406201601975730585e-20
5.815004439299608748e+03 4.012252166373641919e-19 8.571450913616473541e-20
5.820010367232664066e+03 4.067324765097222190e-19 1.033553234004200747e-19
5.825016295165720294e+03 5.024306901116440722e-19 1.155049081214636532e-19
5.830022223098775612e+03 2.848867182330899891e-19 1.250311223241279623e-19
5.835028151031830930e+03 2.672944635727916013e-19 1.293836758096288599e-19
5.840034078964887158e+03 4.247666939405825738e-19 1.326827636912842546e-19
5.845040006897942476e+03 3.806546658145173347e-19 1.298710074411326439e-19
5.850045934830998704e+03 3.657991377471429937e-19 1.228038535545284555e-19
5.855051862764054022e+03 1.912376093320374380e-19 1.167332448250929407e-19
5.860057790697110249e+03 2.554225933536420772e-19 1.179996191752978915e-19
5.865063718630165567e+03 4.568494343731741427e-19 1.184730732772232564e-19
5.870069646563220886e+03 5.294058221699431654e-19 1.050583724856177498e-19
5.875075574496277113e+03 3.731301787341063217e-19 8.083724343985019101e-20
5.880081502429332431e+03 3.719780339578958874e-19 5.584391877469397848e-20
5.885087430362388659e+03 2.367837473905524644e-19 5.039595872360947985e-20
5.890093358295443977e+03 3.130934502054771523e-19 5.151325957303246904e-20
5.895099286228500205e+03 3.455572524775088051e-19 4.746423126319447364e-20
5.900105214161555523e+03 2.616602209814960535e-19 4.240552531832903962e-20
5.905111142094610841e+03 2.092722739396273808e-19 4.027037580471119616e-20
5.910117070027667069e+03 2.769726150664968669e-19 4.099210126406499064e-20
5.915122997960722387e+03 3.025652610958817580e-19 4.096079072373357980e-20
5.920128925893778614e+03 2.332664439660037656e-19 4.003045449829402131e-20
5.925134853826833933e+03 2.101538840501294141e-19 3.874596439004433512e-20
5.930140781759890160e+03 1.338102911663037390e-19 3.862516214013320502e-20
5.935146709692945478e+03 1.874896135430040881e-19 3.756333793281732666e-20
5.940152637626000796e+03 1.660165528264395097e-19 3.625472168223742947e-20
5.945158565559057024e+03 2.205112977935732013e-19 3.671003476928171605e-20
5.950164493492112342e+03 3.244198698219168809e-19 3.777161270956145762e-20
5.955170421425167660e+03 4.245325181470602234e-19 3.732041903352361061e-20
5.960176349358223888e+03 3.000591867560172456e-19 3.586370079819304135e-20
5.965182277291280116e+03 2.715723418581175446e-19 3.521902059888156336e-20
5.970188205224335434e+03 2.773761468178929135e-19 3.530185539756514484e-20
5.975194133157390752e+03 3.792131897056083747e-19 3.526171623708728104e-20
5.980200061090446980e+03 2.890245431853122176e-19 3.480744309201800510e-20
5.985205989023502298e+03 3.187847820554997418e-19 3.440690766270312870e-20
5.990211916956557616e+03 3.117310864230797322e-19 3.483367120929945999e-20
5.995217844889613843e+03 3.630183535878312073e-19 3.552218738444892840e-20
6.000223772822669162e+03 3.045684005086159896e-19 3.588961131630410057e-20
6.005229700755725389e+03 2.959342586189935603e-19 3.563995231296790414e-20
6.010235628688780707e+03 3.268419920324682392e-19 3.497009441979068295e-20
6.015241556621836935e+03 2.284093200719116867e-19 3.484665266227807157e-20
6.020247484554892253e+03 2.720239677796495927e-19 3.488244296532085666e-20
6.025253412487947571e+03 2.869972133614484126e-19 3.462587157769604137e-20
6.030259340421003799e+03 3.725415626546489687e-19 3.505741299252813892e-20
6.035265268354059117e+03 3.763283556048139087e-19 3.481395775259277771e-20
6.040271196287115345e+03 2.521993799425531235e-19 3.444097302972085958e-20
6.045277124220170663e+03 2.951319548765127686e-19 3.399419077271829208e-20
6.050283052153226890e+03 3.151965445899598504e-19 3.334171201804364721e-20
6.055288980086282209e+03 3.257501310701865074e-19 3.276020834477285928e-20
6.060294908019337527e+03 2.420508107984882552e-19 3.234276280594433019e-20
6.065300835952393754e+03 1.857470312437205137e-19 3.236124197262356599e-20
6.070306763885449072e+03 1.492433759917021619e-19 3.224272199554336931e-20
6.075312691818505300e+03 6.540975280228916845e-20 3.205594697320052336e-20
6.080318619751560618e+03 1.698649907141456019e-19 3.194485377212150066e-20
6.085324547684616846e+03 2.220031069209607593e-19 3.185529785042884466e-20
6.090330475617672164e+03 3.120333502970855067e-19 3.150164988403896427e-20
6.095336403550727482e+03 2.752062940518389695e-19 3.101390309910256681e-20
6.100342331483783710e+03 2.974738013128177334e-19 3.053609491937456102e-20
6.105348259416839028e+03 3.316265400899521747e-19 3.011740424182679914e-20
6.110354187349894346e+03 3.192850353026348078e-19 3.002106417405588739e-20
6.115360115282950574e+03 2.542371096511618634e-19 3.005321059962880933e-20
6.120366043216006801e+03 3.108439190761246598e-19 3.041825437381826834e-20
6.125371971149062119e+03 2.780646372966888442e-19 3.072746149500519942e-20
6.130377899082117438e+03 3.316902776323363820e-19 3.133399663952316974e-20
6.135383827015173665e+03 2.985950236127925145e-19 3.203649268924904367e-20
6.140389754948228983e+03 3.126723636966004306e-19 3.226069771422244104e-20
6.145395682881284301e+03 3.112379166566659281e-19 3.142216725558520166e-20
6.150401610814340529e+03 2.644491223713012622e-19 2.992773979232501043e-20
6.155407538747396757e+03 3.192011471943080411e-19 2.875039917455665936e-20
6.160413466680452075e+03 3.342856666088039067e-19 2.792646473459549019e-20
6.165419394613507393e+03 2.884506339491195134e-19 2.793362107152964788e-20
6.170425322546563621e+03 2.957144944201517509e-19 2.843977429422591851e-20
6.175431250479618939e+03 3.105335959676513460e-19 2.795990737107891329e-20
6.180437178412674257e+03 3.452616631149007724e-19 2.743652602292683072e-20
6.185443106345730484e+03 2.975113073439322473e-19 2.719435099708847935e-20
6.190449034278785803e+03 3.314990565807810455e-19 2.683924870310638295e-20
6.195454962211842030e+03 3.418965467960902325e-19 2.654091807779616628e-20
6.200460890144897348e+03 2.972255257086493179e-19 2.653796486042816917e-20
6.205466818077953576e+03 3.135411282811066100e-19 2.633688164453384053e-20
6.210472746011008894e+03 2.526785056657391918e-19 2.602790187701489290e-20
6.215478673944064212e+03 3.269462944996230296e-19 2.659562283171228988e-20
6.220484601877120440e+03 3.104149018557080032e-19 2.696154846411839878e-20
6.225490529810175758e+03 2.696525297893521128e-19 2.726044192523271557e-20
6.230496457743231986e+03 2.955112381435112421e-19 2.937361058908976921e-20
6.235502385676287304e+03 2.275522268847713738e-19 3.108864186705021627e-20
6.240508313609343531e+03 2.627729972718260056e-19 3.001961528997975058e-20
6.245514241542398850e+03 2.570785672890323559e-19 2.756365395004548825e-20
6.250520169475454168e+03 2.943727020020340285e-19 2.768071809264290209e-20
6.255526097408510395e+03 2.737054243542801067e-19 2.981750860764845402e-20
6.260532025341565713e+03 2.985809683534235724e-19 3.139674849968305230e-20
6.265537953274621032e+03 2.943851654530390258e-19 3.049251109886295167e-20
6.270543881207677259e+03 3.088298913673453321e-19 3.070033840325777451e-20
6.275549809140733487e+03 2.837640321369859947e-19 3.057661299499012366e-20
6.280555737073788805e+03 2.216613267150776028e-19 3.115062869988311455e-20
6.285561665006844123e+03 2.927489910152885564e-19 3.180179951318818167e-20
6.290567592939900351e+03 3.301186606319790122e-19 3.234427499004640898e-20
6.295573520872955669e+03 2.775450349182491305e-19 4.043422480201937001e-20
6.300579448806010987e+03 3.812649882463502726e-19 4.234275032352411985e-20
6.305585376739067215e+03 3.111739055805608174e-19 3.555578575722564690e-20
6.310591304672123442e+03 2.747500657610034464e-19 2.783502026254161971e-20
6.315597232605178760e+03 2.559020767000149241e-19 2.623107882169979265e-20
6.320603160538234079e+03 2.494798840532450379e-19 2.697819885478116453e-20
6.325609088471290306e+03 2.198580765236531525e-19 2.872475635999314534e-20
6.330615016404345624e+03 3.013994334194391329e-19 2.831295538610300177e-20
6.335620944337400942e+03 2.427931097055658344e-19 2.667044461208252892e-20
6.340626872270457170e+03 1.378513643835347630e-19 2.574281643380735354e-20
6.345632800203512488e+03 8.841492568366356249e-20 2.588157438061568170e-20
6.350638728136568716e+03 2.166516533331384661e-19 2.651867949851368842e-20
6.355644656069624034e+03 3.039212438912614984e-19 2.775027086077771927e-20
6.360650584002680262e+03 2.971378448553136869e-19 3.078598615947257927e-20
6.365656511935735580e+03 2.656547800622030583e-19 3.027008044832188881e-20
6.370662439868790898e+03 3.090109532972539943e-19 2.706714081340277786e-20
6.375668367801847126e+03 2.336022044442018856e-19 2.669905492037635274e-20
6.380674295734902444e+03 2.019998444706410173e-19 2.796993569967901970e-20
6.385680223667958671e+03 1.774451782399558858e-19 2.865572761643359200e-20
6.390686151601013989e+03 2.234216650631636364e-19 2.857424657019200104e-20
6.395692079534070217e+03 2.864411349129661737e-19 2.812419302314857015e-20
6.400698007467125535e+03 2.869280684834992425e-19 2.787858875747065587e-20
6.405703935400180853e+03 2.595181342286037070e-19 2.703666209520652382e-20
6.410709863333237081e+03 2.726459276725021517e-19 2.618601947176751846e-20
6.415715791266292399e+03 3.038145631527324121e-19 2.589426587799647998e-20
6.420721719199348627e+03 2.913614241556334972e-19 2.528277387173041708e-20
6.425727647132403945e+03 3.019101403063776570e-19 2.494419077387691697e-20
6.430733575065460172e+03 3.213700813018622002e-19 2.486016204584948138e-20
6.435739502998515491e+03 3.304557220519994198e-19 2.480210311855424891e-20
6.440745430931570809e+03 3.089568844486171369e-19 2.483659676848980371e-20
6.445751358864627036e+03 3.145705177745155988e-19 2.472393477028316061e-20
6.450757286797682355e+03 2.667465566697683836e-19 2.466866190544273009e-20
6.455763214730737673e+03 2.571773908895437669e-19 2.463035479745651277e-20
6.460769142663793900e+03 2.757361949973656369e-19 2.545580353201510757e-20
6.465775070596850128e+03 2.004465226114550068e-19 2.584505451233235761e-20
6.470780998529905446e+03 2.122741259351995736e-19 2.497699413923261889e-20
6.475786926462960764e+03 2.566320970364801635e-19 2.403535765190916421e-20
6.480792854396016992e+03 2.946948977277687031e-19 2.336911541627110131e-20
6.485798782329072310e+03 2.590100884026001983e-19 2.344082402077294584e-20
6.490804710262127628e+03 2.687659911123409852e-19 2.530106543903571948e-20
6.495810638195183856e+03 2.869766313537819333e-19 2.836938079082876276e-20
6.500816566128239174e+03 3.021485531385900405e-19 2.959306961733526981e-20
6.505822494061295401e+03 2.790778646713844048e-19 2.755912935011552020e-20
6.510828421994350720e+03 3.060764663327132132e-19 2.667414889865150420e-20
6.515834349927406947e+03 2.766250271644414120e-19 2.672296529696776388e-20
6.520840277860462265e+03 2.815989729882886136e-19 2.699131527020915943e-20
6.525846205793517584e+03 3.630133734726141824e-19 2.797068900251267596e-20
6.530852133726573811e+03 2.818577455370837910e-19 2.863449332350798982e-20
6.535858061659629129e+03 2.959479533510473272e-19 2.774187639479075587e-20
6.540863989592685357e+03 2.645196784977021084e-19 2.627217346903686755e-20
6.545869917525740675e+03 2.943977414708974165e-19 2.687914210919296408e-20
6.550875845458796903e+03 2.538042821038770541e-19 2.790014779025730882e-20
6.555881773391852221e+03 3.716218366707079606e-19 2.845597599743401489e-20
6.560887701324907539e+03 3.339644724125493314e-19 2.753714298303589023e-20
6.565893629257963767e+03 3.244619530414758372e-19 2.719740676079097757e-20
6.570899557191019085e+03 3.079651840614988121e-19 2.641423018025760694e-20
6.575905485124075312e+03 3.175502446204516213e-19 2.605098594103591057e-20
6.580911413057130630e+03 3.489734357410579056e-19 2.495279988393028037e-20
6.585917340990186858e+03 2.742197127035759752e-19 2.286908357501095913e-20
6.590923268923242176e+03 2.462498956792111832e-19 2.249029341537202857e-20
6.595929196856297494e+03 3.184081028888997797e-19 2.258024657481577195e-20
6.600935124789353722e+03 3.561181299419973736e-19 2.308935775589678022e-20
6.605941052722409040e+03 2.542860988046467775e-19 2.290867289782490852e-20
6.610946980655464358e+03 3.279518512504868109e-19 2.249223023217558661e-20
6.615952908588520586e+03 2.489035870530887575e-19 2.282908071449551150e-20
6.620958836521576814e+03 2.761853095040929699e-19 2.354257346161159689e-20
6.625964764454632132e+03 2.633171292671684286e-19 2.437014797067156867e-20
6.630970692387687450e+03 3.184822706478242798e-19 2.525749898268827850e-20
6.635976620320743677e+03 3.108459028371432674e-19 2.529563516904952821e-20
6.640982548253798996e+03 2.697651318724863254e-19 2.512290823317152492e-20
6.645988476186854314e+03 2.681527036486989176e-19 2.497379115935838751e-20
6.650994404119910541e+03 3.000991340624344541e-19 2.505591343301983934e-20
6.656000332052965859e+03 2.973617768165307693e-19 2.488774883157188613e-20
6.661006259986022087e+03 2.466508562291756697e-19 2.434690130431551038e-20
6.666012187919077405e+03 3.017165307265591272e-19 2.386704579573268837e-20
6.671018115852133633e+03 2.403925703383827812e-19 2.321964116394074824e-20
6.676024043785188951e+03 2.849543881542466443e-19 2.289529299670373638e-20
6.681029971718244269e+03 2.985529658923508771e-19 2.278808408397845028e-20
6.686035899651300497e+03 3.593932129464514103e-19 2.297728691716661503e-20
6.691041827584355815e+03 3.003494043495407250e-19 2.301419479925757748e-20
6.696047755517412043e+03 2.963806513284035809e-19 2.310472092941668882e-20
6.701053683450467361e+03 3.106560233042860193e-19 2.319151194417488488e-20
6.706059611383523588e+03 2.742384203983274960e-19 2.290983775105302737e-20
6.711065539316578906e+03 3.025682791979782784e-19 2.251684334232207339e-20
6.716071467249634225e+03 2.712178568054384434e-19 2.207083459713691299e-20
6.721077395182690452e+03 2.946584546619628229e-19 2.164396328592055997e-20
6.726083323115745770e+03 2.636747382935853925e-19 2.121662044982156567e-20
6.731089251048801998e+03 3.120740109043051650e-19 2.095349182833911926e-20
6.736095178981857316e+03 2.767516693295272990e-19 2.098327940422917359e-20
6.741101106914913544e+03 2.545384966149846684e-19 2.107606750493183231e-20
6.746107034847968862e+03 2.616036690265053466e-19 2.133597460075987556e-20
6.751112962781024180e+03 3.026162891470313633e-19 2.180529327457677808e-20
6.756118890714080408e+03 2.934379985155820325e-19 2.237467034071315516e-20
6.761124818647135726e+03 2.749563678816279629e-19 2.301714480959052453e-20
6.766130746580191044e+03 2.865296375832595035e-19 2.350536499038169439e-20
6.771136674513247272e+03 2.937888020448188002e-19 2.423204370984651152e-20
6.776142602446303499e+03 3.094420192425620763e-19 2.473580749018107768e-20
6.781148530379358817e+03 3.072964711431276965e-19 2.511569545248049337e-20
6.786154458312414135e+03 3.141563048655076586e-19 2.496552299872566912e-20
6.791160386245470363e+03 3.323865015030902468e-19 2.399780004533417146e-20
6.796166314178525681e+03 3.003800178023597254e-19 2.307139031505758162e-20
6.801172242111580999e+03 3.104748285371250212e-19 2.224831050727050323e-20
6.806178170044637227e+03 3.175885907018068259e-19 2.166510443678637361e-20
6.811184097977693455e+03 2.862838060102920180e-19 2.122396420328037224e-20
6.816190025910748773e+03 3.014852640291033705e-19 2.110662294601551228e-20
6.821195953843804091e+03 3.354717347866133307e-19 2.318665714860027212e-20
6.826201881776860318e+03 2.848132802762417651e-19 2.735149701522273449e-20
6.831207809709915637e+03 3.837877322106224743e-19 2.921863202714463438e-20
6.836213737642970955e+03 2.941968620606536091e-19 2.672154149504922963e-20
6.841219665576027182e+03 2.591526122300328659e-19 2.338594780777478762e-20
6.846225593509082501e+03 2.620379561025085579e-19 2.237870995427189099e-20
6.851231521442138728e+03 2.786546497985914646e-19 2.193313266576780158e-20
6.856237449375194046e+03 3.146304966259742439e-19 2.468800744486709903e-20
6.861243377308250274e+03 2.894888463842588460e-19 3.182121410921445418e-20
6.866249305241305592e+03 3.572678521943061603e-19 3.505206809007226437e-20
6.871255233174360910e+03 3.598759586208671266e-19 3.122030446143597470e-20
6.876261161107417138e+03 3.299116572660511740e-19 2.793521390382554439e-20
6.881267089040473365e+03 3.648364406565723638e-19 2.702502403612042317e-20
6.886273016973527774e+03 2.302735268719982546e-19 2.775429625831310627e-20
6.891278944906584002e+03 3.010403367841351591e-19 2.787544309640663733e-20
6.896284872839640229e+03 2.741680126524137908e-19 2.838747847167097437e-20
6.901290800772695547e+03 2.611110884336745632e-19 2.837530329742269839e-20
6.906296728705750866e+03 2.585830160452255884e-19 2.868819421424146352e-20
6.911302656638807093e+03 2.413305446277433368e-19 2.906920274876302267e-20
6.916308584571862411e+03 2.596225445832864570e-19 3.061416854709696147e-20
6.921314512504917730e+03 3.042449026402144552e-19 3.031895108414065417e-20
6.926320440437973957e+03 2.725193481426087162e-19 2.811067359733716569e-20
6.931326368371030185e+03 2.692427026261020579e-19 2.443221758559108034e-20
6.936332296304085503e+03 2.564654176234909158e-19 2.535079691272891759e-20
6.941338224237140821e+03 1.721860472290355504e-19 2.616170278314000769e-20
6.946344152170197049e+03 1.425819179905606287e-19 2.713325202760453732e-20
6.951350080103252367e+03 1.473257176428023649e-19 2.590583706087208710e-20
6.956356008036307685e+03 9.632253380958601485e-20 2.204441757210227184e-20
6.961361935969363913e+03 2.225850678263107806e-19 2.121798039066150905e-20
6.966367863902420140e+03 2.456374908083809493e-19 2.181527713352839421e-20
6.971373791835475458e+03 2.276333983258164800e-19 2.280661613017687684e-20
6.976379719768530776e+03 2.290386419377968867e-19 2.340526128130994330e-20
6.981385647701587004e+03 2.963730426072378581e-19 2.281738618439086020e-20
6.986391575634642322e+03 3.037885970951736780e-19 2.094000730185258842e-20
6.991397503567697640e+03 2.601764567592929589e-19 2.084705288072063611e-20
6.996403431500753868e+03 1.994688342826165182e-19 2.152549409859930163e-20
7.001409359433810096e+03 2.068662510995852837e-19 2.232709821101461997e-20
7.006415287366865414e+03 2.111253340009031680e-19 2.358452566870262723e-20
7.011421215299920732e+03 1.823883476377637223e-19 2.362684525922029059e-20
7.016427143232976960e+03 1.738982179371030780e-19 2.308722418908852674e-20
7.021433071166032278e+03 1.702305452751612013e-19 2.281961805821944607e-20
7.026438999099087596e+03 1.825890644432939506e-19 2.321458856366428015e-20
7.031444927032143823e+03 2.053595742929738660e-19 2.354902679602280501e-20
7.036450854965200051e+03 1.371940990073053871e-19 2.412084517453785778e-20
7.041456782898254460e+03 7.185382561775660446e-20 2.484849681100211588e-20
7.046462710831310687e+03 7.488098393570501886e-20 2.504534159000017589e-20
7.051468638764366915e+03 9.727807729034212302e-20 2.402374586880273503e-20
7.056474566697422233e+03 1.071949031347233241e-19 2.259208378821486590e-20
7.061480494630477551e+03 1.848443636040000474e-19 2.217309643003447024e-20
7.066486422563533779e+03 2.884602141198479041e-19 2.201724850175713022e-20
7.071492350496589097e+03 3.339253617983598812e-19 2.186291031955249984e-20
7.076498278429644415e+03 3.155804691734057140e-19 2.159368213508404187e-20
7.081504206362700643e+03 3.346618874230373071e-19 2.161897516897046337e-20
7.086510134295756870e+03 3.268754740103980521e-19 2.163905010973693350e-20
7.091516062228812189e+03 2.585596551116554829e-19 2.140341540558090301e-20
7.096521990161867507e+03 3.217700975353968700e-19 2.089519204022827107e-20
7.101527918094923734e+03 2.789214139022981824e-19 2.079065591783600989e-20
7.106533846027979052e+03 2.631173718568640457e-19 2.094516309006596045e-20
7.111539773961034371e+03 2.511679009486807384e-19 2.090628660440583920e-20
7.116545701894090598e+03 2.488479128833718276e-19 2.096405382918978726e-20
7.121551629827146826e+03 2.273234822807214909e-19 2.119813188392237692e-20
7.126557557760202144e+03 2.464067019830533229e-19 2.162429421474657719e-20
7.131563485693257462e+03 2.598692943270108617e-19 2.175888381186174364e-20
7.136569413626313690e+03 2.594383887517167998e-19 2.198832802452738314e-20
7.141575341559369008e+03 2.864316273816032269e-19 2.264247009079440117e-20
7.146581269492424326e+03 2.559865322421154661e-19 2.299606980286045796e-20
7.151587197425480554e+03 2.774690926299632449e-19 2.277230033962483314e-20
7.156593125358536781e+03 2.961650751791824814e-19 2.302321303091403717e-20
7.161599053291592099e+03 2.758764113024029304e-19 2.373547963978779523e-20
7.166604981224647418e+03 2.798436891985667864e-19 2.387715501406920491e-20
7.171610909157703645e+03 2.044904492120732926e-19 2.372653951109624540e-20
7.176616837090758963e+03 2.310876211019173021e-19 2.341565593814919914e-20
7.181622765023814281e+03 2.457587268312997413e-19 2.275548969981918184e-20
7.186628692956870509e+03 2.155295168639531799e-19 2.207325090158183360e-20
7.191634620889926737e+03 2.346602716552755512e-19 2.168172502555530203e-20
7.196640548822981145e+03 2.223889596153901646e-19 2.145308564537602035e-20
7.201646476756037373e+03 2.495447876493979253e-19 2.124857853008949713e-20
7.206652404689093601e+03 2.708989626725983606e-19 2.094611095891475641e-20
7.211658332622148919e+03 2.056847667521821715e-19 2.071757149277181247e-20
7.216664260555204237e+03 2.425866767658727522e-19 2.068689603764929653e-20
7.221670188488260465e+03 2.360049348576966591e-19 2.085249197877957126e-20
7.226676116421315783e+03 2.923439598257578811e-19 2.096099841128278948e-20
7.231682044354371101e+03 2.977202023998943533e-19 2.374288263601179612e-20
7.236687972287427328e+03 2.906206185638247195e-19 3.173869588956555930e-20
7.241693900220483556e+03 3.428549977681327951e-19 3.647371131087103913e-20
7.246699828153538874e+03 3.032726492578337396e-19 3.260936793228501744e-20
7.251705756086594192e+03 2.829972246953043465e-19 2.615734752640324487e-20
7.256711684019650420e+03 1.885528789497830915e-19 2.326264121599164157e-20
7.261717611952705738e+03 2.426427629688857914e-19 2.210625814011342659e-20
7.266723539885761056e+03 2.531958225338446893e-19 2.424853881049334730e-20
7.271729467818817284e+03 2.638834577637654565e-19 3.444490128287889561e-20
7.276735395751873511e+03 2.159817492341590359e-19 3.823669208058454521e-20
7.281741323684928830e+03 2.572924915589951650e-19 3.560375776097083887e-20
7.286747251617984148e+03 2.395242407936354105e-19 3.027796261565552307e-20
7.291753179551040375e+03 2.483377738221833670e-19 2.749714303883491708e-20
7.296759107484095694e+03 2.952394151883002861e-19 2.822906225617324360e-20
7.301765035417151012e+03 2.075163932793664770e-19 2.849466222727750428e-20
7.306770963350207239e+03 2.716194133372984302e-19 2.865651405757065119e-20
7.311776891283263467e+03 3.537149678192363886e-19 3.386363364987400257e-20
7.316782819216318785e+03 2.903939021345047136e-19 3.387121850463731089e-20
7.321788747149374103e+03 2.314028471272521884e-19 2.921412294068997786e-20
7.326794675082430331e+03 1.923614155333041775e-19 2.685402195617259168e-20
7.331800603015485649e+03 2.219648403988094108e-19 2.798135469618446499e-20
7.336806530948540967e+03 2.587992479294699856e-19 3.268308470359260530e-20
7.341812458881597195e+03 2.959469092755143886e-19 3.281987046156028840e-20
7.346818386814653422e+03 2.450596164961361299e-19 2.612162524390007127e-20
7.351824314747707831e+03 2.854775679059769408e-19 2.316551400436049073e-20
7.356830242680764059e+03 2.814629968595785000e-19 2.483365279237671769e-20
7.361836170613820286e+03 3.247449056219188830e-19 2.730311909442788138e-20
7.366842098546875604e+03 3.567759329419189333e-19 2.978061093805643310e-20
7.371848026479930923e+03 2.821161054846211592e-19 2.884932446034081859e-20
7.376853954412987150e+03 2.320605442258810291e-19 2.241565613149571056e-20
7.381859882346043378e+03 2.592366921878266200e-19 2.103017562480643160e-20
7.386865810279097786e+03 2.157190558421197388e-19 2.385790607030448740e-20
7.391871738212154014e+03 2.276968227269889946e-19 2.558375143605590357e-20
7.396877666145210242e+03 2.094169876408695187e-19 2.932041640781150999e-20
7.401883594078265560e+03 2.810879186628147167e-19 2.972537700294366713e-20
7.406889522011320878e+03 2.812292993123282052e-19 2.714695051348096806e-20
7.411895449944377106e+03 2.770755365566754538e-19 2.399588818961483765e-20
7.416901377877432424e+03 2.396203193780255703e-19 2.437138091302001827e-20
7.421907305810487742e+03 2.428955427254596703e-19 2.523625532326380368e-20
7.426913233743543969e+03 1.983529779171305516e-19 2.647435794199627900e-20
7.431919161676600197e+03 2.630447297923483656e-19 2.793815978195613532e-20
7.436925089609655515e+03 2.348364525843250095e-19 2.776898456775819805e-20
7.441931017542710833e+03 2.456449630587883438e-19 2.587216869422458419e-20
7.446936945475767061e+03 2.262254876192139723e-19 2.254261934180153967e-20
7.451942873408822379e+03 2.789548923184861971e-19 2.190654309455174137e-20
7.456948801341877697e+03 2.929309481149386905e-19 2.216554351428797064e-20
7.461954729274933925e+03 2.762031744105055388e-19 2.307194422434143870e-20
7.466960657207990153e+03 2.757579521911707361e-19 2.464092225904742624e-20
7.471966585141045471e+03 2.947693872256792463e-19 2.536143660599471037e-20
7.476972513074100789e+03 3.130995063835011056e-19 2.607852489856344311e-20
7.481978441007157016e+03 3.158971237432478462e-19 2.502504703518171942e-20
7.486984368940212335e+03 2.520687799900393623e-19 2.290814924990961993e-20
7.491990296873267653e+03 2.942323650492617697e-19 2.089137608524820402e-20
7.496996224806323880e+03 2.386943487972574945e-19 2.040640953532643980e-20
7.502002152739380108e+03 2.642695661397817241e-19 1.989795403609785697e-20
7.507008080672435426e+03 2.981350635983535152e-19 1.991807116202960034e-20
7.512014008605490744e+03 2.637605233540953360e-19 2.086184591453616955e-20
7.517019936538546972e+03 2.380445494962248359e-19 2.572208202963447029e-20
7.522025864471602290e+03 3.775738143674801793e-19 3.049726003036159686e-20
7.527031792404657608e+03 3.043416729563795608e-19 3.090179191831957543e-20
7.532037720337713836e+03 2.856364671176532865e-19 2.616737461141233060e-20
7.537043648270770063e+03 2.348293634696912814e-19 2.450768897772633649e-20
7.542049576203824472e+03 2.699398128637780460e-19 2.439894478502635581e-20
7.547055504136880700e+03 2.132471723967662820e-19 2.472660423162813077e-20
7.552061432069936927e+03 2.364724232267659406e-19 2.624258954313338768e-20
7.557067360002992245e+03 2.511306555345201214e-19 2.657165393256434616e-20
7.562073287936047564e+03 2.445136654598689812e-19 2.642968619235574240e-20
7.567079215869103791e+03 2.636433137051797245e-19 3.016408412878568930e-20
7.572085143802159109e+03 2.424453385137942039e-19 3.070883581089275157e-20
7.577091071735214427e+03 2.429979498986434844e-19 2.697590185422338359e-20
7.582096999668270655e+03 2.114935535835811228e-19 2.484219538911031927e-20
7.587102927601326883e+03 3.239204891050844310e-19 2.464377109683906176e-20
7.592108855534382201e+03 1.913004341676086989e-19 3.196612041894633485e-20
7.597114783467437519e+03 2.007028202664333462e-19 4.650015231908584979e-20
7.602120711400493747e+03 1.180583322875228347e-19 6.046697170666316136e-20
7.607126639333549065e+03 1.295308421147506406e-19 5.215500933515077925e-20
7.612132567266604383e+03 3.622506777295476485e-20 4.180252819179505476e-20
7.617138495199660611e+03 2.597677105244288214e-19 3.504642996298654155e-20
7.622144423132716838e+03 3.142148361560406133e-19 3.668479131412800330e-20
7.627150351065772156e+03 2.492520003672631681e-19 3.999066860139369954e-20
7.632156278998827474e+03 2.655489836125037705e-19 3.787608881341175837e-20
7.637162206931883702e+03 2.419546011499915852e-19 3.314297856794488446e-20
7.642168134864939020e+03 2.851558873966682305e-19 3.047791673599204280e-20
7.647174062797994338e+03 1.787080782121775466e-19 2.895046796486412413e-20
7.652179990731050566e+03 1.870354264908673797e-19 2.814755318628916082e-20
7.657185918664106794e+03 3.132661707810792791e-19 2.860066223296041116e-20
7.662191846597162112e+03 2.633034327687366502e-19 2.876188955155040378e-20
7.667197774530217430e+03 1.731331794677773780e-19 2.642507289680677606e-20
7.672203702463273657e+03 2.140046406127229909e-19 2.426760565606774715e-20
7.677209630396328976e+03 2.661560097923769678e-19 2.442124349505618586e-20
7.682215558329384294e+03 2.439764749689135340e-19 2.469547048958901383e-20
7.687221486262440521e+03 2.908077962903101516e-19 2.471885043421115573e-20
7.692227414195496749e+03 2.744947068792615337e-19 2.518512884376000267e-20
7.697233342128551158e+03 2.394831797997178437e-19 2.553874810871034298e-20
7.702239270061607385e+03 2.605058519386973623e-19 2.549818487645607702e-20
7.707245197994663613e+03 2.440767342591439365e-19 3.475401694915288663e-20
7.712251125927718931e+03 2.738775613027412855e-19 4.300769061193190788e-20
7.717257053860774249e+03 2.942229128943348846e-19 4.156664044905674450e-20
7.722262981793830477e+03 1.678635022277324761e-19 3.272084722576128984e-20
7.727268909726885795e+03 2.599519254274950834e-19 2.719764685285189414e-20
7.732274837659941113e+03 2.152918943188937507e-19 2.470329649244808636e-20
7.737280765592997341e+03 2.072834084325232847e-19 2.388351951660924086e-20
7.742286693526053568e+03 2.460130088276877169e-19 2.890908622221315114e-20
7.747292621459108886e+03 2.846536448689033847e-19 3.966289035209052138e-20
7.752298549392164205e+03 2.648214509408342695e-19 4.192293235084423644e-20
7.757304477325220432e+03 1.017880198366855669e-19 3.505773909192798796e-20
7.762310405258275750e+03 1.078224002340670824e-19 3.016257694454828766e-20
7.767316333191331069e+03 2.233583021710845830e-19 2.834609450274233540e-20
7.772322261124387296e+03 2.543782191916191669e-19 3.020010964563135505e-20
7.777328189057443524e+03 3.048048594400048245e-19 3.202146610135174815e-20
7.782334116990498842e+03 2.070987056504626166e-19 2.982498962836899642e-20
7.787340044923554160e+03 9.288655107341784784e-20 3.372536268035727875e-20
7.792345972856610388e+03 1.491073531232377812e-19 3.975177025487731512e-20
7.797351900789665706e+03 2.197004076361327244e-19 3.812556119851320003e-20
7.802357828722721024e+03 2.023279092197368868e-19 3.133356247401108149e-20
7.807363756655777252e+03 2.636109990807991962e-19 3.243820418122566750e-20
7.812369684588833479e+03 2.295817934744796450e-19 3.274526477576212192e-20
7.817375612521888797e+03 1.762577444357376559e-19 3.905191776249874265e-20
7.822381540454944115e+03 2.388716877603817701e-19 3.958858729711387507e-20
7.827387468388000343e+03 2.277344641922207516e-19 3.090030153899706788e-20
7.832393396321055661e+03 2.608200806425809552e-19 2.403317044392964884e-20
7.837399324254110979e+03 2.490595115046111048e-19 2.684402887353410552e-20
7.842405252187167207e+03 1.895427415935896938e-19 2.806233234886094158e-20
7.847411180120223435e+03 1.579703316271454990e-19 3.412757519440075630e-20
7.852417108053277843e+03 2.684966378614921115e-19 3.872825046220357816e-20
7.857423035986334071e+03 1.741649976564320983e-19 3.733802252812497637e-20
7.862428963919390299e+03 2.172539776854917779e-19 3.160903917516166625e-20
7.867434891852445617e+03 2.408261013496004637e-19 3.113440555528914126e-20
7.872440819785500935e+03 2.605279069334079429e-19 3.102491616991350144e-20
7.877446747718557162e+03 2.302270208027665179e-19 2.947661453173679913e-20
7.882452675651613390e+03 1.758071158211602339e-19 3.053155602988433376e-20
7.887458603584667799e+03 2.546084620002010602e-19 3.192061215450220551e-20
7.892464531517724026e+03 2.303612035388276838e-19 3.040974193578289093e-20
7.897470459450780254e+03 2.896035674395499405e-19 2.479869028509603604e-20
7.902476387383835572e+03 1.818977178048419376e-19 2.412131438439482872e-20
7.907482315316890890e+03 2.253047643384770408e-19 3.647318851272783749e-20
7.912488243249947118e+03 2.505140457483292873e-19 4.509588350999402870e-20
7.917494171183002436e+03 2.124013556660917637e-19 4.585758652094731156e-20
7.922500099116057754e+03 2.063451516088735275e-19 3.735086057328968961e-20
7.927506027049113982e+03 2.118068564708174359e-19 3.523595940619359598e-20
7.932511954982170209e+03 1.794440620632527224e-19 3.333305906118068545e-20
7.937517882915225528e+03 1.505650797787439189e-19 2.870417991391384859e-20
7.942523810848280846e+03 2.359671634268304468e-19 2.900408749440030214e-20
7.947529738781337073e+03 2.748050508600464088e-19 3.077923033904039732e-20
7.952535666714392391e+03 2.051602149135930912e-19 2.884604678429249604e-20
7.957541594647447710e+03 2.694363845418602465e-19 3.286466437616849867e-20
7.962547522580503937e+03 1.692787480053483103e-19 3.960568631709827640e-20
7.967553450513560165e+03 1.675268554489834139e-19 3.775615484292197349e-20
7.972559378446615483e+03 1.682572846321187951e-19 3.132280548607198481e-20
7.977565306379670801e+03 2.329729057180815187e-19 3.193761211943936924e-20
7.982571234312727029e+03 2.083257272846184058e-19 3.088396737845367738e-20
7.987577162245782347e+03 2.479003039000295962e-19 3.632213719931739624e-20
7.992583090178837665e+03 3.809300643539161888e-19 4.024986246207067891e-20
7.997589018111893893e+03 2.889323848803224528e-19 3.581843066669170568e-20
8.002594946044950120e+03 2.345731249619564436e-19 2.550883441556831412e-20
8.007600873978005438e+03 2.833422376773145860e-19 2.684227526603588580e-20
8.012606801911060757e+03 2.326020288232835297e-19 2.959647627318711715e-20
8.017612729844116984e+03 2.385695356194635494e-19 3.210472897670233061e-20
8.022618657777172302e+03 1.855286702381483455e-19 3.709127530972239963e-20
8.027624585710227620e+03 2.316653686076406651e-19 3.768057585415006995e-20
8.032630513643283848e+03 2.533608051460480250e-19 3.031330118549901346e-20
8.037636441576340076e+03 2.143877201070502668e-19 2.542865097902887625e-20
8.042642369509394484e+03 1.894656667449206882e-19 2.579919972253267103e-20
8.047648297442450712e+03 2.522848330681486241e-19 2.895489400590009398e-20
8.052654225375506940e+03 1.921879165399361046e-19 3.069659629140494767e-20
8.057660153308562258e+03 2.228511750202427052e-19 3.408721691404999515e-20
8.062666081241617576e+03 8.828587072358602462e-20 3.402428384206548971e-20
8.067672009174673803e+03 1.925661736953906103e-19 2.987844729636902694e-20
8.072677937107729122e+03 1.741177729545067942e-19 2.591874843511326960e-20
8.077683865040784440e+03 1.520493661405908917e-19 2.556933148509589873e-20
8.082689792973840667e+03 1.699497783200976243e-19 2.527306357686854409e-20
8.087695720906896895e+03 1.650379441114596221e-19 2.556722235221905129e-20
8.092701648839952213e+03 2.275389260557367280e-19 2.571681497302707330e-20
8.097707576773007531e+03 2.500155894999235337e-19 2.698030345848815467e-20
8.102713504706063759e+03 2.042176523819677294e-19 2.659460445581501075e-20
8.107719432639119077e+03 2.204920872269113990e-19 2.488710247316046803e-20
8.112725360572174395e+03 1.746930187425198585e-19 2.297702965313506560e-20
8.117731288505230623e+03 2.196345217484684481e-19 2.271070183903915569e-20
8.122737216438286850e+03 2.001970700768199559e-19 2.276841851196057521e-20
8.127743144371342169e+03 2.036957987211987349e-19 2.300006961789526580e-20
8.132749072304397487e+03 1.954074822636539351e-19 2.369653323425260460e-20
8.137755000237453714e+03 2.427508273274032921e-19 2.426615550975342298e-20
8.142760928170509032e+03 1.864312163604144096e-19 2.502049473281461284e-20
8.147766856103564351e+03 2.326313720648727621e-19 2.470254998848152940e-20
8.152772784036620578e+03 2.015797775560464576e-19 2.406597449222072593e-20
8.157778711969676806e+03 2.182248844076938181e-19 2.373348084550420424e-20
8.162784639902732124e+03 1.863892131657395886e-19 2.404562785666573101e-20
8.167790567835787442e+03 2.161247193489367136e-19 2.443446843409837895e-20
8.172796495768843670e+03 1.834354465254409680e-19 2.490232384711480196e-20
8.177802423701898988e+03 1.644216180230429394e-19 2.550223222372764511e-20
8.182808351634954306e+03 1.824138339191867700e-19 2.643168962776658587e-20
8.187814279568010534e+03 1.929121570130479188e-19 2.723505005221413571e-20
8.192820207501066761e+03 1.752720956255440453e-19 2.717292871867261638e-20
8.197826135434121170e+03 2.122112024294308869e-19 2.652086635530871364e-20
8.202832063367177398e+03 2.015648322720842994e-19 2.586040579293987937e-20
8.207837991300233625e+03 2.112657951277418499e-19 2.562764286134190872e-20
8.212843919233288034e+03 1.750855302978301026e-19 2.518347864868433791e-20
8.217849847166344261e+03 2.079132461462097516e-19 2.488842149458765117e-20
8.222855775099400489e+03 2.505565439100496703e-19 2.435627570032802732e-20
8.227861703032456717e+03 2.042313701725584284e-19 2.408924915107698283e-20
8.232867630965511125e+03 1.669858217369735987e-19 2.384190027114783874e-20
8.237873558898567353e+03 1.633932761294806464e-19 2.429656988847267593e-20
8.242879486831623581e+03 1.722457107995420030e-19 2.467955215621180456e-20
8.247885414764677989e+03 1.897739249544166349e-19 2.465055791599991228e-20
8.252891342697734217e+03 1.853639202563167959e-19 2.444259400900341705e-20
8.257897270630790445e+03 1.928299363090121392e-19 2.414376912576178504e-20
8.262903198563846672e+03 1.819956087788628841e-19 2.417316812005524503e-20
8.267909126496901081e+03 2.292312321781816936e-19 2.483402720586694975e-20
8.272915054429957308e+03 2.502569014357618023e-19 2.993320096243946731e-20
8.277920982363013536e+03 1.925535923335022785e-19 3.852907168520707545e-20
8.282926910296067945e+03 1.416894007247596530e-19 4.613347539964872233e-20
8.287932838229124172e+03 1.688015035283700149e-19 4.585768273784195233e-20
8.292938766162180400e+03 2.816785345783692550e-19 4.827644464075966766e-20
8.297944694095236628e+03 2.394819936303579146e-19 4.726676837448802848e-20
8.302950622028291036e+03 2.315687122266142116e-19 4.293718232359018895e-20
8.307956549961347264e+03 2.227580485695268372e-19 3.580748653195678703e-20
8.312962477894403492e+03 1.986684706301451106e-19 3.495408550390823168e-20
8.317968405827457900e+03 2.220482997034476730e-19 3.053389572919286926e-20
8.322974333760514128e+03 2.286511491494823924e-19 2.805370557254366675e-20
8.327980261693570355e+03 2.239375855968200869e-19 2.717615049691886764e-20
8.332986189626626583e+03 2.128112490491327161e-19 2.844055477723451733e-20
8.337992117559680992e+03 1.973336131325873638e-19 4.790778217286287394e-20
8.342998045492737219e+03 -4.729999929338177967e-20 6.040726822692041205e-20
8.348003973425793447e+03 2.884896096923978660e-19 5.989130098819688432e-20
8.353009901358847856e+03 3.035390267524466033e-19 4.347757687049453378e-20
8.358015829291904083e+03 2.619119195298258348e-19 3.611664744908796037e-20
8.363021757224960311e+03 2.364268589475891603e-19 3.188834920829359793e-20
8.368027685158016538e+03 1.891378033752828626e-19 2.997701973660872331e-20
8.373033613091070947e+03 1.173538880902909651e-19 2.759104224162071533e-20
8.378039541024127175e+03 1.773997673660520419e-19 3.333400730380536453e-20
8.383045468957181583e+03 1.494758068423229219e-19 3.476602383171477220e-20
8.388051396890237811e+03 2.471613939908693021e-19 3.106109474951866756e-20
8.393057324823294039e+03 1.791151392236405525e-19 4.139881700207931854e-20
8.398063252756350266e+03 1.926414987129744930e-19 5.043445751691558208e-20
8.403069180689406494e+03 4.040358775324507866e-20 4.641222345597510314e-20
8.408075108622460903e+03 1.568256816612383380e-19 3.400303823360503595e-20
8.413081036555517130e+03 1.728714834727204227e-19 3.775970456341891936e-20
8.418086964488571539e+03 1.591149063806921403e-19 3.818670764111225557e-20
8.423092892421627766e+03 2.410736639943716974e-19 4.367586224412057652e-20
8.428098820354683994e+03 4.804821064492218011e-19 5.731531321581873612e-20
8.433104748287740222e+03 3.708287523951566384e-19 5.623543423626191310e-20
8.438110676220796449e+03 9.463293818006701305e-20 3.672861226653732736e-20
8.443116604153850858e+03 1.625203069355033253e-19 3.150071158532897396e-20
8.448122532086907086e+03 1.972715338661690178e-19 3.929129404532977477e-20
8.453128460019961494e+03 2.212448435561169132e-19 3.967343157914125471e-20
8.458134387953017722e+03 2.468981263935176490e-19 4.239276560137397752e-20
8.463140315886073950e+03 1.530053481878140503e-19 4.907834933251512852e-20
8.468146243819130177e+03 3.088257398391144650e-19 4.671351235560221155e-20
8.473152171752186405e+03 1.755353114234853501e-19 3.178468724079724071e-20
8.478158099685240813e+03 1.320526016297116289e-19 2.629841005139271425e-20
8.483164027618297041e+03 1.205836745266040111e-19 2.602542052875400230e-20
8.488169955551351450e+03 1.225450767699374253e-19 3.024709432577638086e-20
8.493175883484407677e+03 1.166413832093569101e-19 3.273295928686784895e-20
8.498181811417463905e+03 3.038407836903621053e-19 3.613966386563397966e-20
8.503187739350520133e+03 1.869046510100521113e-19 3.829211210080723691e-20
8.508193667283574541e+03 1.242858691066617812e-19 3.592374041385516706e-20
8.513199595216630769e+03 1.561875895995271765e-19 2.740290357840758087e-20
8.518205523149686996e+03 1.955138753970699450e-19 2.522638584032860167e-20
8.523211451082741405e+03 1.330370437733929134e-19 2.534899402320926910e-20
8.528217379015797633e+03 1.595829024963622909e-19 2.541335965801076784e-20
8.533223306948853860e+03 2.066803820351645178e-19 2.773331217298398464e-20
8.538229234881910088e+03 2.151825503385938487e-19 2.974876549303380100e-20
8.543235162814964497e+03 1.961235943261025087e-19 3.284337788410589064e-20
8.548241090748020724e+03 2.180923682096155058e-19 3.378108231773821186e-20
8.553247018681076952e+03 1.393682822360572440e-19 3.211961248424626381e-20
8.558252946614131361e+03 1.666191557559267294e-19 2.819600859976083885e-20
8.563258874547187588e+03 1.594143008379647623e-19 2.800049334622084026e-20
8.568264802480243816e+03 2.008233187886202212e-19 2.897635656032760414e-20
8.573270730413300043e+03 2.156415440164987807e-19 2.958048451522188725e-20
8.578276658346354452e+03 1.840216202792628884e-19 2.905712993564148150e-20
8.583282586279410680e+03 2.160165059622668206e-19 2.959997944073677315e-20
8.588288514212466907e+03 1.486767525776079317e-19 3.022326826346499647e-20
8.593294442145521316e+03 1.600375799489758017e-19 3.086164640998073763e-20
8.598300370078577544e+03 1.291146051772751303e-19 2.980604454733636160e-20
8.603306298011633771e+03 1.578961581719854638e-19 2.831962798502457547e-20
8.608312225944689999e+03 1.939707763933499360e-19 2.872938197537170293e-20
8.613318153877744408e+03 1.476231058680197305e-19 3.269027393689154214e-20
8.618324081810800635e+03 1.435536122900650968e-19 3.833593437554384085e-20
8.623330009743856863e+03 8.747367258138999843e-20 4.362596609580858455e-20
8.628335937676911271e+03 1.780469008324955731e-19 4.609799894346356805e-20
8.633341865609967499e+03 1.911889469200940993e-19 4.454389792297007067e-20
8.638347793543023727e+03 1.733406966944647353e-19 3.919740262732678339e-20
8.643353721476079954e+03 1.395062488153613970e-19 3.651092503914975354e-20
8.648359649409134363e+03 3.002443757066069916e-19 4.050701655443110325e-20
8.653365577342190591e+03 2.874869643563351090e-19 4.591439035364469149e-20
8.658371505275246818e+03 3.303638918489097707e-19 4.767136985880574469e-20
8.663377433208301227e+03 1.740525668135283124e-19 4.694934849016278140e-20
8.668383361141357454e+03 2.507621460988190240e-19 4.486216497606591457e-20
8.673389289074413682e+03 2.835541668696008420e-19 4.191850164936874858e-20
8.678395217007469910e+03 2.543855437627742687e-19 3.896601583033298337e-20
8.683401144940524318e+03 2.287043454270379560e-19 3.621521453617231051e-20
8.688407072873580546e+03 1.950258780858506766e-19 3.421892819217813428e-20
8.693413000806636774e+03 2.615481628180736168e-19 3.371083021716167983e-20
8.698418928739691182e+03 1.889736540472879428e-19 3.385410586848085677e-20
8.703424856672747410e+03 1.805404536146246094e-19 3.373919318121286765e-20
8.708430784605803638e+03 1.568008061929146101e-19 3.230501636568818119e-20
8.713436712538859865e+03 1.918572024911615170e-19 3.061404567416066016e-20
8.718442640471914274e+03 1.930648252489765431e-19 2.952833796270118644e-20
8.723448568404970501e+03 1.479251528883972501e-19 2.934045614923888076e-20
8.728454496338024910e+03 2.127062682577917160e-19 2.914194643960217199e-20
8.733460424271081138e+03 1.701199312879662948e-19 2.886604606921329117e-20
8.738466352204137365e+03 1.132117915499249140e-19 2.893660869459779060e-20
8.743472280137193593e+03 1.527430923426629653e-19 2.891509323803212582e-20
8.748478208070249821e+03 1.660135073431495603e-19 2.928460494983226466e-20
8.753484136003304229e+03 3.186356807815872735e-19 3.973978168112422773e-20
8.758490063936360457e+03 2.653946816230147047e-19 5.386119153407551263e-20
8.763495991869414866e+03 2.239241373721451588e-19 6.408155550281418947e-20
8.768501919802471093e+03 2.297858808474179621e-19 6.127133832299524657e-20
8.773507847735527321e+03 2.394220152433770460e-19 6.171030154806658943e-20
8.778513775668583548e+03 2.607596413048089034e-19 5.768796572523335098e-20
8.783519703601639776e+03 2.679498999992587173e-19 4.732713373878671394e-20
8.788525631534694185e+03 1.764992353548536183e-19 4.071321848910109704e-20
8.793531559467750412e+03 1.687236362398593597e-19 3.966587727249731248e-20
8.798537487400804821e+03 1.287726682292673807e-19 3.265376680025370977e-20
8.803543415333861049e+03 1.319405374142056479e-19 3.103392168796321377e-20
8.808549343266917276e+03 1.438593605678692860e-19 3.217734937036601289e-20
8.813555271199973504e+03 1.245566166221891757e-19 3.269084253886081506e-20
8.818561199133029731e+03 1.506385719334128122e-19 5.148592463764425043e-20
8.823567127066084140e+03 4.368514968449802278e-19 8.194172097374156986e-20
8.828573054999140368e+03 1.906245674022080759e-19 8.904909312370170577e-20
8.833578982932194776e+03 4.345601509687107965e-20 7.198227963084893510e-20
8.838584910865251004e+03 1.455822076324527174e-19 5.586446595763970043e-20
8.843590838798307232e+03 1.679403007902927355e-19 4.299175492117435366e-20
8.848596766731363459e+03 1.841012598580007480e-19 3.976566028676891209e-20
8.853602694664417868e+03 1.261234082807691986e-19 3.672283521078946862e-20
8.858608622597474096e+03 1.414416154506326892e-19 3.621769668143718790e-20
8.863614550530530323e+03 2.148116065284825666e-19 4.507570713482171731e-20
8.868620478463584732e+03 1.302995793096178237e-19 4.496827049488546674e-20
8.873626406396640959e+03 1.166014472818473623e-19 3.618917828790084995e-20
8.878632334329697187e+03 7.410375631511959649e-20 4.988901537868488840e-20
8.883638262262753415e+03 2.844445128778045717e-19 6.457521317605956244e-20
8.888644190195807823e+03 1.660791845347540727e-19 6.079237938405644283e-20
8.893650118128864051e+03 1.084048244652754342e-19 4.142704838431997978e-20
8.898656046061920279e+03 1.946220912193507385e-19 4.494446731889560466e-20
8.903661973994974687e+03 1.499163133976856709e-19 4.771469156730905989e-20
8.908667901928030915e+03 1.805470505305711277e-19 4.215640115033307254e-20
8.913673829861087142e+03 2.584408107116035707e-19 5.840936113114438379e-20
8.918679757794143370e+03 2.077032552938408930e-19 6.968773016073106890e-20
8.923685685727199598e+03 3.165363763938852686e-19 6.160110302490214739e-20
8.928691613660254006e+03 1.526015915829702793e-19 3.871835091339427274e-20
8.933697541593308415e+03 1.395639906934794466e-19 3.568196701543999734e-20
8.938703469526364643e+03 2.107638913944263446e-19 4.597530590493428528e-20
8.943709397459420870e+03 8.157050506337083264e-20 4.957766417943217066e-20
8.948715325392477098e+03 1.320816436027885355e-19 4.938596854684389143e-20
8.953721253325533326e+03 7.560620315472158789e-20 6.556770250825414308e-20
8.958727181258589553e+03 1.002697915150359085e-19 6.889622283409805939e-20
8.963733109191643962e+03 2.282071365155720394e-19 5.185004689236442630e-20
8.968739037124698370e+03 2.051894040217314531e-19 3.506670906141743084e-20
8.973744965057754598e+03 1.922393669513805850e-19 3.370513857922245591e-20
8.978750892990810826e+03 1.633037404098010786e-19 3.498630514384255183e-20
8.983756820923867053e+03 1.728645794817635207e-19 4.170544021804647741e-20
8.988762748856923281e+03 1.161446858905315190e-19 4.406550487876750277e-20
8.993768676789977690e+03 4.807616208919743168e-20 4.593392002828379872e-20
8.998774604723033917e+03 2.569030292763261268e-19 5.129048628544604433e-20
9.003780532656088326e+03 2.223258763965564137e-19 5.001324792413787813e-20
9.008786460589144554e+03 2.610319161527798801e-19 3.729785019639084366e-20
9.013792388522200781e+03 1.887848706903817373e-19 3.141298506855108585e-20
9.018798316455257009e+03 1.429407070016081524e-19 3.121652505245292399e-20
9.023804244388313236e+03 1.285696292207591620e-19 3.165700938267446500e-20
9.028810172321367645e+03 2.226788481777533895e-19 3.260664915321777248e-20
9.033816100254423873e+03 1.215972886052863294e-19 3.616592057037882270e-20
9.038822028187478281e+03 2.283974228635510054e-19 3.778741121901176716e-20
9.043827956120534509e+03 2.529980670224255587e-19 4.197900033290609134e-20
9.048833884053590737e+03 1.885570417883371114e-19 4.416978993900157119e-20
9.053839811986646964e+03 1.416913017407838331e-19 4.177359987710553628e-20
9.058845739919703192e+03 9.818525719485195250e-20 3.584141949611320135e-20
9.063851667852757600e+03 1.683602588468709587e-19 3.605028351099171685e-20
9.068857595785813828e+03 1.501158330966617626e-19 3.745509927545309791e-20
9.073863523718868237e+03 1.073829948366500292e-19 3.794649047953048363e-20
9.078869451651924464e+03 1.056573321584685003e-19 3.861905417196841042e-20
9.083875379584980692e+03 1.076091865803587874e-19 3.981173893896195752e-20
9.088881307518036920e+03 1.904075385681414968e-19 4.186009075728911226e-20
9.093887235451093147e+03 1.493585081408489536e-19 4.229329791872122521e-20
9.098893163384147556e+03 2.247968484468928037e-19 4.435644388431643522e-20
9.103899091317203784e+03 1.377535535362628420e-19 4.345185145719762853e-20
9.108905019250258192e+03 2.416376862815350203e-19 3.765923446816403013e-20
9.113910947183314420e+03 1.186781307513982441e-19 3.464350080090103905e-20
9.118916875116370647e+03 1.694769302335293076e-19 3.411941487777280954e-20
9.123922803049426875e+03 1.466832829405532427e-19 3.446377468423850057e-20
9.128928730982483103e+03 1.734023487294998298e-19 3.593974496144169136e-20
9.133934658915537511e+03 1.492710748684537569e-19 3.613446299808711329e-20
9.138940586848593739e+03 1.978435090551710757e-19 3.445183838368521662e-20
9.143946514781648148e+03 1.578627529627645884e-19 3.485380601252886374e-20
9.148952442714704375e+03 8.462461649132502606e-20 3.844140786843910009e-20
9.153958370647760603e+03 1.441767665906736966e-19 4.145174373969597622e-20
9.158964298580816831e+03 1.551313794875397323e-19 4.100386940611005417e-20
9.163970226513873058e+03 1.557408059149817420e-19 3.875998719546861697e-20
9.168976154446927467e+03 1.500632249477193059e-19 3.700223398582166576e-20
9.173982082379983694e+03 1.174770291384036635e-19 3.692940345889657932e-20
9.178988010313038103e+03 1.328181105051425018e-19 3.724304068886790050e-20
9.183993938246094331e+03 1.624300581319916401e-19 3.740059859369279422e-20
9.188999866179150558e+03 2.087399495337283897e-19 3.763262141247565743e-20
9.194005794112206786e+03 1.853843226563746564e-19 3.794210561259011029e-20
9.199011722045263014e+03 9.857282211517073208e-20 3.784137775788886085e-20
9.204017649978317422e+03 2.177838825698206858e-19 3.967482703881639997e-20
9.209023577911373650e+03 1.059259518265552382e-19 4.240398221203564802e-20
9.214029505844428058e+03 1.422708817939201218e-19 4.418078960880934272e-20
9.219035433777484286e+03 2.137207502575889148e-19 4.409525689410355591e-20
9.224041361710540514e+03 1.125659517021201812e-19 4.226163104952669235e-20
9.229047289643596741e+03 1.297364284942823417e-19 4.062719457003986898e-20
9.234053217576652969e+03 1.259914145998386762e-19 3.919781882931303882e-20
9.239059145509707378e+03 1.287855768427308669e-19 3.910744030828763079e-20
9.244065073442761786e+03 1.287521457519005301e-19 3.988519682477014029e-20
9.249071001375818014e+03 1.453979001560733878e-19 4.018995587775492924e-20
9.254076929308874242e+03 1.002380319914459894e-19 3.938935218379765786e-20
9.259082857241930469e+03 1.790177777761898618e-19 3.971783057173079502e-20
9.264088785174986697e+03 2.079208599942230864e-19 3.990235662621972908e-20
9.269094713108042924e+03 1.592849401685814616e-19 3.966972261476059346e-20
9.274100641041097333e+03 9.381463465629345261e-20 3.969077747900191551e-20
9.279106568974151742e+03 8.612765985893426559e-20 4.052200628521309624e-20
9.284112496907207969e+03 1.222725039554288735e-19 4.306633122365998396e-20
9.289118424840264197e+03 9.478756624426930363e-20 4.597863504117937837e-20
9.294124352773320425e+03 1.568884549882032370e-19 4.881152840316021826e-20
9.299130280706376652e+03 1.442267104148961095e-19 6.531485306304095942e-20
9.304136208639432880e+03 1.263799044836930259e-19 9.903318279435078771e-20
9.309142136572487289e+03 2.943517998642791631e-19 1.299094198889944522e-19
9.314148064505541697e+03 1.838245331327877654e-19 1.332757278364009582e-19
9.319153992438597925e+03 1.887602751059692088e-19 1.314323442402209674e-19
9.324159920371654152e+03 1.849462926721487469e-19 1.210003884453226931e-19
9.329165848304710380e+03 2.682705297221435387e-19 1.021330772818089845e-19
9.334171776237766608e+03 2.459364912638608941e-19 9.417366734517026305e-20
9.339177704170821016e+03 1.669365532441529067e-19 9.616135799870801829e-20
9.344183632103877244e+03 1.775103721532452100e-19 7.957664455601169653e-20
9.349189560036931653e+03 8.846654823763867693e-21 7.142621308824397398e-20
9.354195487969987880e+03 1.533805995563581166e-19 6.955591230447230265e-20
9.359201415903044108e+03 1.527861663409691765e-19 6.485096060808818253e-20
9.364207343836100335e+03 2.167043424759754040e-19 7.555422408758530116e-20
9.369213271769156563e+03 1.621424026651444807e-19 1.382221689105516452e-19
9.374219199702210972e+03 1.883665595029350082e-19 1.669393285883369430e-19
9.379225127635267199e+03 4.152432245987927104e-19 1.430112460968900576e-19
9.384231055568321608e+03 5.465980262315069080e-20 7.988485207781091279e-20
9.389236983501377836e+03 6.435978808953215039e-20 5.630904294829173712e-20
9.394242911434434063e+03 2.869739000614663873e-19 5.691272272332205625e-20
9.399248839367490291e+03 2.557352598011025966e-19 6.435036333005053990e-20
9.404254767300546519e+03 2.199223341006676625e-19 6.435453721193732024e-20
9.409260695233600927e+03 7.188184964275724214e-20 5.837339305417943837e-20
9.414266623166657155e+03 1.369377702632509862e-20 7.265188854581276817e-20
9.419272551099711563e+03 2.796835537774073584e-19 8.574578899475704255e-20
9.424278479032767791e+03 9.975725913492128028e-20 8.673702491371838762e-20
9.429284406965824019e+03 2.980290688454500789e-20 7.450149411425444640e-20
9.434290334898880246e+03 2.258917274166908993e-19 1.170735688980965417e-19
9.439296262831936474e+03 1.248310347943424133e-19 1.443251971407333336e-19
9.444302190764990883e+03 9.753647989729972904e-20 1.196366403691165156e-19
9.449308118698047110e+03 2.341499630740035455e-19 8.722562647858704876e-20
9.454314046631101519e+03 3.748409095306353582e-19 1.112400347003540646e-19
9.459319974564157746e+03 8.015568820190344248e-21 1.154136031625013246e-19
9.464325902497213974e+03 5.620136439075087116e-20 9.144140883835891431e-20
9.469331830430270202e+03 3.171284581267961449e-19 1.021283896254589837e-19
9.474337758363326429e+03 1.949139661132424751e-19 1.399721423743159575e-19
9.479343686296380838e+03 1.741246124100895873e-19 1.405258807445274591e-19
9.484349614229437066e+03 2.534658863867388187e-19 8.913880591122392088e-20
9.489355542162491474e+03 1.972129003692643294e-19 7.125610572969479444e-20
9.494361470095547702e+03 2.203697013904999161e-19 8.537642768308194016e-20
9.499367398028603930e+03 1.577741364629937454e-19 1.037244248597135727e-19
9.504373325961660157e+03 1.073376559786062300e-19 9.300029921046506169e-20
9.509379253894716385e+03 9.266633884873381391e-20 7.882468395983273463e-20
9.514385181827770793e+03 1.900705095115438583e-19 1.017356942901073752e-19
9.519391109760827021e+03 1.113587023843875895e-19 1.096195746284905592e-19
9.524397037693881430e+03 1.503379984518710101e-19 9.004577790620751381e-20
9.529402965626937657e+03 1.623583111959283587e-19 7.000589836272598455e-20
9.534408893559993885e+03 1.420256998085717611e-19 6.725172419970451058e-20
9.539414821493050113e+03 1.533629345192656000e-19 6.715179930911244374e-20
9.544420749426106340e+03 2.261701274300803310e-19 7.301495767628818919e-20
9.549426677359160749e+03 1.281693119155634400e-19 8.599488339047562946e-20
9.554432605292216977e+03 1.660299199386651020e-19 9.126028575360654298e-20
9.559438533225271385e+03 4.202409017722487479e-19 9.764847533315477135e-20
9.564444461158327613e+03 1.036719162513736820e-19 1.120125826447837415e-19
9.569450389091383840e+03 3.221853465328362539e-19 1.042563906213517510e-19
9.574456317024440068e+03 2.543085574110829291e-19 8.017226633680448446e-20
9.579462244957496296e+03 1.898682055004962484e-19 6.953682172301399722e-20
9.584468172890550704e+03 1.839647237204431346e-19 7.262852457471111736e-20
9.589474100823605113e+03 2.184544106425678956e-19 7.646628097336761428e-20
9.594480028756661341e+03 1.924665100692566840e-19 7.410950551317132076e-20
9.599485956689717568e+03 -1.550293411979341507e-21 7.467591358288139132e-20
9.604491884622773796e+03 7.548016814704921253e-20 8.055641588689013919e-20
9.609497812555830023e+03 1.049269941527700797e-19 8.167986695379523656e-20
9.614503740488886251e+03 1.598905094298616734e-19 8.520958005396729858e-20
9.619509668421940660e+03 3.180248516124582149e-19 8.920965068488724477e-20
9.624515596354995068e+03 1.680770612981467688e-19 8.404568437057216229e-20
9.629521524288051296e+03 1.938678194574274395e-19 7.353435509557658803e-20
9.634527452221107524e+03 1.460032790143092080e-19 7.305508810734435197e-20
9.639533380154163751e+03 1.346200894683674511e-19 7.292952591412720698e-20
9.644539308087219979e+03 6.993547842790095081e-20 7.273085851753311192e-20
9.649545236020274388e+03 7.593162659414370597e-20 7.282761283099656858e-20
9.654551163953330615e+03 2.279977116403557669e-19 7.538797718215152404e-20
9.659557091886385024e+03 1.054203768234089419e-19 7.777363212718517687e-20
9.664563019819441251e+03 1.560293428247657304e-19 8.527111295186348971e-20
9.669568947752497479e+03 6.472385918894247752e-20 8.924324086759452557e-20
9.674574875685553707e+03 2.490918455258526936e-19 9.663234289382397504e-20
9.679580803618609934e+03 1.431399875240724882e-19 1.002569635037149981e-19
9.684586731551664343e+03 3.095253981135384392e-19 9.721958560930369519e-20
9.689592659484720571e+03 4.096948056469187049e-19 8.759497784297762665e-20
9.694598587417774979e+03 1.210177624370372107e-19 9.874483841120876254e-20
9.699604515350831207e+03 3.094430640211129373e-19 1.040727993119042846e-19
9.704610443283887435e+03 5.577897908946976485e-19 9.874499870753320024e-20
9.709616371216943662e+03 1.752888368390338887e-19 9.534590684393996705e-20
9.714622299149999890e+03 3.077760493682791307e-19 1.143475641441452833e-19
9.719628227083054298e+03 4.336495305631720585e-19 1.205495563348367575e-19
9.724634155016110526e+03 1.677727321293017994e-19 1.068273683283223710e-19
9.729640082949164935e+03 1.373045894842360315e-19 9.378735354239698926e-20
9.734646010882221162e+03 2.231487068719976982e-19 9.662675262292071130e-20
9.739651938815277390e+03 1.458967422270680322e-19 9.743432334314950765e-20
9.744657866748333618e+03 2.468436890348145085e-19 8.849595094815291143e-20
9.749663794681389845e+03 9.776801017899102023e-20 8.332712970357391040e-20
9.754669722614444254e+03 1.662697048468668985e-19 7.851163294758292921e-20
9.759675650547500481e+03 7.142451221044982479e-20 7.628528620817429894e-20
9.764681578480554890e+03 1.316812607156048171e-19 7.621901917882868095e-20
9.769687506413611118e+03 4.617912338813508141e-20 7.687945063741572107e-20
9.774693434346667345e+03 1.386149005921165393e-19 7.896261435696847675e-20
9.779699362279723573e+03 3.271338282342980187e-19 8.569818302448088890e-20
9.784705290212779801e+03 3.211507013503549246e-19 1.193500174250026121e-19
9.789711218145834209e+03 5.105697723737048086e-19 1.476649989608492458e-19
9.794717146078890437e+03 4.161887860526316403e-19 1.540031509545739430e-19
9.799723074011944846e+03 2.471452704578178571e-19 1.266308365553225761e-19
9.804729001945001073e+03 3.738250893671117434e-19 1.119988133931579448e-19
9.809734929878057301e+03 2.736573536275911127e-19 1.074308124571378337e-19
9.814740857811113528e+03 1.956120677726679802e-19 1.087929109387628248e-19
9.819746785744169756e+03 2.234711407763353964e-19 1.055158417066532856e-19
9.824752713677224165e+03 1.426816647163083686e-19 1.005272258414075854e-19
9.829758641610280392e+03 1.532948996570106696e-19 1.009537837979359716e-19
9.834764569543334801e+03 3.871149543866622518e-19 9.946033588806222189e-20
9.839770497476391029e+03 3.609609960815341274e-20 1.058831738776479863e-19
9.844776425409447256e+03 1.881889677510681620e-21 1.228764756693576679e-19
9.849782353342503484e+03 2.544979988797380099e-19 1.271413157276461448e-19
9.854788281275559712e+03 1.712584154403083809e-19 1.121181281407592484e-19
9.859794209208614120e+03 6.090315378227720511e-20 1.017552696744696907e-19
9.864800137141670348e+03 2.367931599797147593e-20 1.259527752170910450e-19
9.869806065074724756e+03 8.011898802941198554e-20 1.514602222012932458e-19
9.874811993007780984e+03 1.144804406533171918e-19 1.469958383827269010e-19
9.879817920940837212e+03 3.242397892680090678e-19 1.186614664880655297e-19
9.884823848873893439e+03 2.102870011156473927e-19 1.070690429562033417e-19
9.889829776806949667e+03 3.507017486888361412e-19 1.177526742227342939e-19
9.894835704740004076e+03 4.776065421988777208e-20 1.227200227515540900e-19
9.899841632673058484e+03 1.568320911649521753e-19 1.164383490272413377e-19
9.904847560606114712e+03 1.071084559088858137e-20 1.123242145751224124e-19
9.909853488539170939e+03 2.391932489511148809e-19 1.498826588504445710e-19
9.914859416472227167e+03 3.976380374130493217e-19 1.660282455626905832e-19
9.919865344405283395e+03 2.307199549717182395e-19 1.524174133929246118e-19
9.924871272338339622e+03 1.878310274620274614e-19 1.207067905853516154e-19
9.929877200271394031e+03 3.088655753911821901e-19 1.161722357786708819e-19
9.934883128204448440e+03 2.060645452723595004e-19 1.393766030161191030e-19
9.939889056137504667e+03 -2.465588778010434299e-19 1.995473063446164026e-19
9.944894984070560895e+03 -2.083775819888569412e-19 2.345282063886261500e-19
9.949900912003617123e+03 9.599576302392363160e-20 2.270531884429153303e-19
9.954906839936673350e+03 8.605742346839518132e-19 2.143998921196650433e-19
9.959912767869729578e+03 7.799011059962650234e-19 2.204590806084168701e-19
9.964918695802783986e+03 1.199217161845079598e-19 2.042251558246104992e-19
9.969924623735838395e+03 2.733451430132215613e-19 1.823226190811995848e-19
9.974930551668894623e+03 -3.090910794332796892e-19 1.718424241796474484e-19
9.979936479601950850e+03 6.627630155549640144e-20 1.522031320900211056e-19
9.984942407535007078e+03 -3.556414389241265036e-20 1.421596867975794908e-19
9.989948335468063306e+03 9.379206236841821067e-20 1.386254661433763011e-19
9.994954263401117714e+03 5.535533228025010370e-19 1.456833078413741077e-19
9.999960191334173942e+03 4.060655483515438431e-19 1.495315188764258560e-19
1.000496611926722835e+04 1.538645020890142763e-19 1.799606754127676715e-19
1.000997204720028458e+04 2.895611924867640001e-19 2.204439439507751154e-19
1.001497797513334081e+04 1.768355349417722651e-19 2.228355742643855261e-19
1.001998390306639703e+04 1.989721241066900081e-19 1.931522858009738329e-19
1.002498983099945326e+04 1.071443877657116343e-19 1.762898480097991045e-19
1.002999575893250767e+04 3.172211223232906841e-19 1.699395906004490839e-19
1.003500168686556390e+04 5.525486757454075061e-19 1.579249718446845613e-19
1.004000761479861831e+04 -5.507254485874583568e-20 1.554231516516288820e-19
1.004501354273167453e+04 2.537808575789981317e-19 1.651912923874340252e-19
1.005001947066473076e+04 1.967511115498725872e-19 1.612814317623222766e-19
1.005502539859778699e+04 1.729609346332805705e-19 1.800085958313871082e-19
1.006003132653084322e+04 -3.575377140014168759e-19 1.994164040004110350e-19
1.006503725446389763e+04 3.308374437904476117e-19 2.060167083407077170e-19
1.007004318239695385e+04 3.605412329669942164e-19 1.990278029781623297e-19
1.007504911033000826e+04 2.585269232513078047e-19 2.088615561556306473e-19
1.008005503826306449e+04 -3.578483438589854157e-19 2.340508826501261306e-19
1.008506096619612072e+04 -1.473119960858242592e-19 2.459951362860086022e-19
1.009006689412917694e+04 -3.229143717994854239e-19 2.231517053338048093e-19
1.009507282206223317e+04 2.318115573537098044e-20 2.150550116970102874e-19
1.010007874999528758e+04 3.797588079083418129e-19 2.437613073469408840e-19
1.010508467792834381e+04 5.000207883115559468e-19 2.432863988983883445e-19
1.011009060586139822e+04 4.149472079124981761e-19 2.291318997169710610e-19
1.011509653379445444e+04 7.735892759225273059e-19 2.326270172712675328e-19
1.012010246172751067e+04 2.898818450976280698e-19 2.802798791330618537e-19
1.012510838966056690e+04 8.535251186185851905e-19 2.852906625858836674e-19
1.013011431759362313e+04 5.202339405025741144e-19 2.622297306481668512e-19
1.013512024552667754e+04 3.840720068735874807e-19 2.331250587397913426e-19
1.014012617345973376e+04 2.964030697818055493e-19 2.397492552928864096e-19
1.014513210139278817e+04 5.211008886728467264e-19 2.563944018390406984e-19
1.015013802932584440e+04 5.467159956583395680e-19 2.772525695856089409e-19
1.015514395725890063e+04 6.057455438971716719e-19 2.956388253073834436e-19
1.016014988519195686e+04 9.170769426843729326e-20 2.908350985147990558e-19
1.016515581312501308e+04 9.513644997839530270e-19 3.175165349262824997e-19
1.017016174105806749e+04 8.651227079908059975e-19 3.473041291360753716e-19
1.017516766899112372e+04 6.709715758092689282e-19 3.635493314426206432e-19
1.018017359692417813e+04 3.038410592551255872e-19 3.281420673579493086e-19
1.018517952485723436e+04 3.315370561135917862e-19 3.271101175054578749e-19
1.019018545279029058e+04 -1.068748701238014311e-19 3.336881661682863471e-19
1.019519138072334681e+04 -2.794505007693380234e-19 3.375969870877095379e-19
1.020019730865640304e+04 3.876621957308628226e-19 3.315770415017567043e-19
1.020520323658945745e+04 1.787372204705976378e-19 3.450938328129527343e-19
1.021020916452251367e+04 -2.274660726741759340e-19 3.767373276865148026e-19
1.021521509245556808e+04 6.622861208854902272e-19 3.755483353456613698e-19
1.022022102038862431e+04 2.284409434504579461e-19 3.917530939688189476e-19
1.022522694832168054e+04 5.429937326514783796e-20 4.131788131051961716e-19
1.023023287625473677e+04 8.306258137877236074e-19 4.191741629252948573e-19
1.023523880418779299e+04 3.441240479769353552e-19 3.559367822510943624e-19
1.024024473212084740e+04 2.172795268669552649e-19 3.174179736452434453e-19
1.024525066005390181e+04 2.744881612804583019e-19 3.029373190935092529e-19
1.025025658798695804e+04 1.983071876142992645e-19 3.129019796259561487e-19
1.025526251592001427e+04 -1.660460934123708835e-19 3.156098725076216300e-19
1.026026844385307049e+04 1.397635233529138303e-19 3.345915204625766046e-19
1.026527437178612672e+04 5.887679368301257460e-20 3.699474310331085836e-19
1.027028029971918295e+04 7.683357315559482063e-19 3.793025914780026035e-19
1.027528622765223736e+04 -2.870580424506633010e-19 3.988334780569282672e-19
1.028029215558529177e+04 -2.066445942321582852e-19 4.413771356124824081e-19
1.028529808351834799e+04 1.437535534336982920e-19 4.749876545276624049e-19
1.029030401145140422e+04 -3.455014715104222364e-20 4.961669343678519151e-19
1.029530993938446045e+04 -2.100470265921109093e-19 5.050183592240466480e-19
