#  wl flam flam_err
4.803806996822357178e+03 7.294681076936914374e-20 1.053402743386074924e-18
4.808812924755412496e+03 1.120636342285111703e-20 9.640374647410585570e-19
4.813818852688468723e+03 4.141008933974501461e-20 8.977705506304914174e-19
4.818824780621524042e+03 -4.509797201213830584e-21 8.339695153810708913e-19
4.823830708554580269e+03 -7.657293421857815784e-20 7.577808861118243378e-19
4.828836636487635587e+03 5.043038572448950999e-20 6.484114328259614410e-19
4.833842564420691815e+03 8.830113648076326919e-20 5.553007630078509871e-19
4.838848492353747133e+03 3.538603962584734082e-19 5.010732954188009868e-19
4.843854420286802451e+03 2.539895300834878867e-19 5.265732759908239560e-19
4.848860348219858679e+03 2.353612756692366465e-19 5.241718071126167370e-19
4.853866276152913997e+03 7.727203408499002153e-20 4.609809922134256811e-19
4.858872204085970225e+03 -5.109521222625988169e-20 4.056715590177741224e-19
4.863878132019025543e+03 3.085951930362638974e-19 3.735864417913205627e-19
4.868884059952080861e+03 1.453403266755423690e-19 3.521803429713846154e-19
4.873889987885137089e+03 1.152489212835235631e-20 3.475119938899473811e-19
4.878895915818192407e+03 3.605836266874197304e-19 3.439229168510386568e-19
4.883901843751248634e+03 7.226743691534225750e-20 3.215588936991500245e-19
4.888907771684303952e+03 -7.363496853269625005e-20 3.000757344256673386e-19
4.893913699617360180e+03 -6.456210243144771941e-20 2.840935460066458458e-19
4.898919627550415498e+03 4.006334565957145258e-19 2.750277426160629903e-19
4.903925555483470816e+03 1.220099362221854622e-19 2.663728338502967676e-19
4.908931483416527044e+03 7.331127013205998299e-20 2.547444526512044968e-19
4.913937411349582362e+03 1.181051611606312643e-19 2.260889617826250020e-19
4.918943339282638590e+03 1.790988440348627193e-19 2.091829813597587956e-19
4.923949267215693908e+03 1.234290342861829477e-19 1.982289380809918076e-19
4.928955195148750136e+03 2.041133855545534849e-19 1.890027043670379462e-19
4.933961123081805454e+03 1.766077228196078153e-19 1.807925730548412650e-19
4.938967051014860772e+03 9.298315867847823566e-20 1.755041140207474393e-19
4.943972978947916999e+03 -2.072390445636888835e-20 1.731236142850976045e-19
4.948978906880972318e+03 1.066859609634648417e-19 1.730361284170563833e-19
4.953984834814028545e+03 1.634880901274879597e-19 1.743562769136988683e-19
4.958990762747083863e+03 4.030104181906674497e-19 1.747905128695175578e-19
4.963996690680139181e+03 -7.703104470133567892e-20 1.731250992612394156e-19
4.969002618613195409e+03 1.621692934745136266e-19 1.706970448325349061e-19
4.974008546546250727e+03 2.104936031882562492e-19 1.636280512269278359e-19
4.979014474479306955e+03 5.382953335181948891e-20 1.501708024482053325e-19
4.984020402412362273e+03 8.403056962463174129e-21 1.449489016047910685e-19
4.989026330345418501e+03 1.548209698584534095e-19 1.419352057633391539e-19
4.994032258278473819e+03 1.399690143864243988e-20 1.422069296322799067e-19
4.999038186211529137e+03 1.545473825558023718e-19 1.386736000862544052e-19
5.004044114144585365e+03 7.804112983171875977e-20 1.357010077592782546e-19
5.009050042077640683e+03 1.473583725364410749e-20 1.327421843419798336e-19
5.014055970010696910e+03 7.827524136504784388e-20 1.268425276379252114e-19
5.019061897943752228e+03 1.507578075983035039e-19 1.232226379661262096e-19
5.024067825876807547e+03 2.064779060027303790e-19 1.242025473652175322e-19
5.029073753809863774e+03 -1.842435795255422152e-20 1.237335206912450468e-19
5.034079681742919092e+03 5.209033229796666700e-20 1.204395164276637732e-19
5.039085609675975320e+03 8.916876021503304009e-20 1.147482791615506280e-19
5.044091537609030638e+03 1.869299900397855251e-19 1.112295852443553305e-19
5.049097465542086866e+03 1.710729116122480675e-20 1.101105254562926993e-19
5.054103393475142184e+03 3.889993401726451024e-20 1.087655831738651693e-19
5.059109321408197502e+03 1.385019928399942821e-19 1.080088691343450528e-19
5.064115249341253730e+03 1.978949143297529816e-19 1.074911002708603780e-19
5.069121177274309048e+03 8.055281913146189315e-20 1.051171305706349344e-19
5.074127105207365275e+03 1.049177747395555548e-19 1.014720916282919550e-19
5.079133033140420594e+03 1.244906750561690338e-19 9.619235831381408357e-20
5.084138961073476821e+03 2.445396798472287395e-20 9.513990076527153323e-20
5.089144889006532139e+03 -6.851029414444634434e-20 9.335149681409680541e-20
5.094150816939587457e+03 5.449837731590429120e-20 9.245034509986487057e-20
5.099156744872643685e+03 1.235768818666795292e-19 9.071288991154773025e-20
5.104162672805699003e+03 3.766219261779213069e-20 9.285815700875372448e-20
5.109168600738755231e+03 6.062611527402761917e-20 9.720673918117206632e-20
5.114174528671810549e+03 1.129470705407659756e-19 1.014759169940758207e-19
5.119180456604865867e+03 -1.001280843527413348e-20 1.048160288696860039e-19
5.124186384537922095e+03 5.005390358049141192e-20 1.058370457353086299e-19
5.129192312470977413e+03 9.036852681500755549e-20 1.039949759495998372e-19
5.134198240404033641e+03 1.905958737885179505e-19 1.006892376017390840e-19
5.139204168337088959e+03 9.382366408911201784e-20 9.689388472306605903e-20
5.144210096270145186e+03 8.449432487338067480e-20 9.218089694593942013e-20
5.149216024203200504e+03 -4.144657322125343802e-20 8.844725770834620400e-20
5.154221952136255823e+03 1.032814245340190646e-19 8.329412419044352117e-20
5.159227880069312050e+03 6.941844511906354828e-20 7.695504230641475001e-20
5.164233808002367368e+03 8.874285956031205687e-20 7.053449750640858668e-20
5.169239735935423596e+03 4.957440083253915661e-20 6.784906331864802565e-20
5.174245663868478914e+03 1.105928227899971562e-19 6.871109937720248471e-20
5.179251591801534232e+03 1.334069662536764753e-19 6.991202748076188985e-20
5.184257519734590460e+03 6.303710409007469062e-20 7.187477207946700109e-20
5.189263447667645778e+03 2.739772273835532974e-20 7.353464242099681323e-20
5.194269375600702006e+03 9.073669115726613240e-20 7.524279173087167672e-20
5.199275303533757324e+03 7.861104486707563144e-20 7.629041586839460572e-20
5.204281231466813551e+03 1.110315314539691895e-19 7.612281621363513433e-20
5.209287159399868870e+03 1.346970551142600509e-19 7.506000759583157035e-20
5.214293087332924188e+03 4.984730637199636922e-20 7.479807463501351546e-20
5.219299015265980415e+03 1.464843524495373231e-19 7.363667352169100691e-20
5.224304943199035733e+03 1.510508319292830275e-19 7.235003022692534915e-20
5.229310871132091961e+03 5.870894178591844939e-20 7.175285109264872521e-20
5.234316799065147279e+03 1.803540626884379526e-19 7.233583116934455021e-20
5.239322726998203507e+03 6.936060503815538143e-20 7.325829209705292410e-20
5.244328654931258825e+03 9.710934869306334976e-20 7.394067572547235583e-20
5.249334582864314143e+03 -1.181251945551214935e-20 7.514660260295805072e-20
5.254340510797370371e+03 9.881284089024256876e-20 7.448921041757684345e-20
5.259346438730425689e+03 2.939459368106208209e-20 7.197704161930668151e-20
5.264352366663481916e+03 1.005952096628269578e-19 6.858533902791921769e-20
5.269358294596537235e+03 1.102819346164070333e-19 6.614480847368534238e-20
5.274364222529593462e+03 4.987427894434204029e-20 6.496119132429673045e-20
5.279370150462648780e+03 8.190949422045213684e-20 6.389049382318236930e-20
5.284376078395704099e+03 4.406383561835179374e-20 6.455116109845966420e-20
5.289382006328760326e+03 6.225759260011035455e-20 6.599946895122551283e-20
5.294387934261815644e+03 8.015207916619815761e-20 6.423740810649232131e-20
5.299393862194871872e+03 7.414429647423748460e-20 6.367328805974332908e-20
5.304399790127927190e+03 1.139826193847935506e-19 6.434643817843293265e-20
5.309405718060982508e+03 7.824315517579477519e-20 6.532683881215406939e-20
5.314411645994038736e+03 9.722849529479233301e-20 6.466642515870967979e-20
5.319417573927094054e+03 -2.312148847392508965e-20 6.420085975146643983e-20
5.324423501860150282e+03 4.011641567277196910e-20 6.367406468833092545e-20
5.329429429793205600e+03 6.240921573110037301e-20 6.373964448745179288e-20
5.334435357726260918e+03 5.996659930864804300e-20 6.387505339099945808e-20
5.339441285659317145e+03 1.477841126977253471e-19 6.345968229308903781e-20
5.344447213592372464e+03 4.276571974008958167e-20 6.336003686113894506e-20
5.349453141525428691e+03 3.953647453177586256e-20 6.282716718463411480e-20
5.354459069458484009e+03 6.649114824053921791e-20 6.233676106953943501e-20
5.359464997391540237e+03 5.696610966204040286e-20 6.155028035124814834e-20
5.364470925324595555e+03 2.474879323269051925e-20 6.139496516337333787e-20
5.369476853257650873e+03 1.205459834499233340e-19 6.152951983330672420e-20
5.374482781190707101e+03 3.864668201379691665e-20 6.241284813934737270e-20
5.379488709123762419e+03 1.319395872722290021e-19 6.319252100455480041e-20
5.384494637056818647e+03 1.770155737778819580e-19 6.316946352126292480e-20
5.389500564989873965e+03 6.531668897703017612e-20 6.284792601522794236e-20
5.394506492922930192e+03 3.690148262436408327e-20 6.193363489357428626e-20
5.399512420855985511e+03 1.598002032027992700e-19 6.093004043364317807e-20
5.404518348789040829e+03 1.259449090718128260e-19 6.019450143930491350e-20
5.409524276722097056e+03 7.160422270453249447e-20 5.921694303599970859e-20
5.414530204655152374e+03 2.145367495154981144e-20 5.806358883026205259e-20
5.419536132588208602e+03 8.487366477047388498e-20 5.689572083050779684e-20
5.424542060521263920e+03 1.071157926041750228e-20 5.590026651773519524e-20
5.429547988454320148e+03 2.101754643410176009e-20 5.461150980974405907e-20
5.434553916387375466e+03 5.344411133320211835e-20 5.397831944759087644e-20
5.439559844320430784e+03 1.009897164244705819e-19 5.370147164480374227e-20
5.444565772253487012e+03 1.880843539799123454e-19 5.343784490438732546e-20
5.449571700186542330e+03 7.322405242669936317e-20 5.325054884279318160e-20
5.454577628119598558e+03 4.862879846178845805e-20 5.348206759891996123e-20
5.459583556052653876e+03 1.494786569891347658e-19 5.396010409107227522e-20
5.464589483985709194e+03 1.492421025407093211e-19 5.463008795603414960e-20
5.469595411918765421e+03 1.595598038703693968e-19 5.535466301377584089e-20
5.474601339851820740e+03 4.545143571696073905e-20 5.650847616199345554e-20
5.479607267784876967e+03 9.054694598035985005e-20 5.819772791028566894e-20
5.484613195717932285e+03 9.503253922378941434e-20 6.005257239223666420e-20
5.489619123650987603e+03 7.736076150763706293e-21 6.225508720142726898e-20
5.494625051584043831e+03 1.012615743954310434e-20 6.387098030975652280e-20
5.499630979517099149e+03 1.444030018946083119e-19 6.487798337699688385e-20
5.504636907450155377e+03 1.010714862145550600e-19 6.499981181539707187e-20
5.509642835383210695e+03 6.279155395952985824e-20 6.370544879046619091e-20
5.514648763316266923e+03 3.479676671847038211e-21 6.151755986191510419e-20
5.519654691249322241e+03 6.430207702431582257e-20 5.936537217934829388e-20
5.524660619182377559e+03 6.361944942991832512e-20 5.698214764382802804e-20
5.529666547115433787e+03 6.356804119394385420e-20 5.474022521587521059e-20
5.534672475048489105e+03 3.924718918542049082e-20 5.295321883449753405e-20
5.539678402981545332e+03 3.616536450578646092e-20 5.130516886049101200e-20
5.544684330914600650e+03 4.957991998103735231e-20 4.987430835932949164e-20
5.549690258847656878e+03 7.453287660155011564e-20 4.803672125993369783e-20
5.554696186780712196e+03 1.046836870889692873e-19 4.637217021349394280e-20
5.559702114713767514e+03 7.482699255595664596e-20 4.591649595522441393e-20
5.564708042646823742e+03 5.372553626032848474e-20 4.644424150950135957e-20
5.569713970579879060e+03 7.551607229759853816e-20 7.524696903053004659e-20
5.574719898512935288e+03 6.899855422322483028e-20 1.101059828331153997e-19
5.579725826445990606e+03 1.726660699882306865e-19 1.074963164635071916e-19
5.584731754379046833e+03 -4.119831123611843548e-20 6.504243131814210943e-20
5.589737682312102152e+03 -9.654989150765922413e-21 4.619484246987213273e-20
5.594743610245157470e+03 1.056893785055376367e-20 4.635244392171328517e-20
5.599749538178213697e+03 -1.702116174028844764e-20 4.713292705357894107e-20
5.604755466111269016e+03 -1.570903907148520889e-20 4.819195724282540093e-20
5.609761394044325243e+03 5.756589154436222206e-20 4.863519675903718390e-20
5.614767321977380561e+03 9.193394450462469811e-20 4.926574517596604082e-20
5.619773249910436789e+03 8.200917464780112542e-20 5.031325499364080391e-20
5.624779177843492107e+03 2.099380895175716948e-20 5.127411597700464961e-20
5.629785105776547425e+03 8.098685526802552470e-20 5.176297071177503048e-20
5.634791033709603653e+03 5.840923243406404658e-20 5.125943271323536759e-20
5.639796961642658971e+03 6.214539864793183668e-20 5.046937425660407570e-20
5.644802889575714289e+03 9.138190840086547651e-20 4.920611456263096508e-20
5.649808817508770517e+03 2.506423056657224526e-20 4.770556031240249983e-20
5.654814745441825835e+03 1.072718055515084100e-19 4.600603892403929831e-20
5.659820673374882062e+03 2.512378324549853597e-20 4.497186476668921310e-20
5.664826601307937381e+03 2.729797301420529567e-20 4.402097230971174068e-20
5.669832529240993608e+03 5.307590466288499736e-20 4.321077994123604427e-20
5.674838457174048926e+03 4.306197054760728824e-20 4.248255687101368851e-20
5.679844385107104245e+03 2.061656858460458476e-20 4.176124384485595252e-20
5.684850313040160472e+03 -2.330681756493239442e-20 4.129261465960369524e-20
5.689856240973215790e+03 1.888392916554024297e-20 4.123220807046651572e-20
5.694862168906272018e+03 8.985560435770714705e-20 4.161269625820062133e-20
5.699868096839327336e+03 1.513963754858672095e-19 4.189679246150551213e-20
5.704874024772383564e+03 1.266257846701581121e-19 4.182814074712108090e-20
5.709879952705438882e+03 1.027340384647534651e-19 4.229381663000366164e-20
5.714885880638494200e+03 3.321440342262414022e-19 4.316312767756848814e-20
5.719891808571550428e+03 6.456231351992670311e-19 4.412273175375839379e-20
5.724897736504605746e+03 6.081966701184319337e-19 4.467671866632808796e-20
5.729903664437661973e+03 2.581948699152483049e-19 4.529610062279258243e-20
5.734909592370717291e+03 6.077231466321654592e-20 4.593823050870188278e-20
5.739915520303773519e+03 1.237574601808391472e-19 4.682007403556661077e-20
5.744921448236828837e+03 1.124837948372633876e-19 4.766553262370102794e-20
5.749927376169884155e+03 1.763272515334772177e-19 4.932384904043599832e-20
5.754933304102940383e+03 1.285446848487601440e-19 5.114473093463006764e-20
5.759939232035995701e+03 9.368748803879293826e-20 5.297731861658029382e-20
5.764945159969051929e+03 8.470839396224782417e-20 5.376797641631895201e-20
5.769951087902107247e+03 2.286538107034455549e-20 5.362010444776424447e-20
5.774957015835163475e+03 6.059062616005742474e-20 5.309323490211918775e-20
5.779962943768218793e+03 7.974082410428502105e-20 5.262834832511555554e-20
5.784968871701274111e+03 1.226670216206632118e-19 5.256324430995435001e-20
5.789974799634330338e+03 7.754887994670978112e-20 5.252757672281251590e-20
5.794980727567385657e+03 1.012937157415353374e-19 5.248787124327728346e-20
5.799986655500441884e+03 1.253461249447220655e-19 5.233996720488145373e-20
5.804992583433497202e+03 1.287389944907533307e-19 5.224179307443770426e-20
5.809998511366552520e+03 1.141627322054016921e-19 5.298160797385047471e-20
5.815004439299608748e+03 3.911056885514449739e-20 5.300119214004297510e-20
5.820010367232664066e+03 9.678700490395505969e-20 5.182836021527230729e-20
5.825016295165720294e+03 9.175976093681059369e-20 5.012421911701860658e-20
5.830022223098775612e+03 8.840334617587588980e-20 4.888537963356071625e-20
5.835028151031830930e+03 1.380043865509331817e-19 4.762563403993934380e-20
5.840034078964887158e+03 1.565465119020406653e-19 4.668386317915450673e-20
5.845040006897942476e+03 1.942518225271365558e-19 4.563362430856957985e-20
5.850045934830998704e+03 9.543119825286447847e-20 4.528098628200797947e-20
5.855051862764054022e+03 1.198885711882265235e-19 4.482096486035209727e-20
5.860057790697110249e+03 1.327280584426335861e-19 4.571853588189021816e-20
5.865063718630165567e+03 5.152696621470935115e-20 4.700122288967587544e-20
5.870069646563220886e+03 1.431764996135542848e-19 4.708451055860452916e-20
5.875075574496277113e+03 1.192140223125344735e-20 4.531264337919234613e-20
5.880081502429332431e+03 7.405368522329816791e-20 4.605445567607501881e-20
5.885087430362388659e+03 1.041789470005255636e-19 5.373371911971620411e-20
5.890093358295443977e+03 1.538919814406804072e-19 5.733489118128357042e-20
5.895099286228500205e+03 9.609866860876884680e-20 5.389650791904303177e-20
5.900105214161555523e+03 9.751260429134231188e-20 4.908752911325756665e-20
5.905111142094610841e+03 5.446949678542872051e-20 4.691099610902336325e-20
5.910117070027667069e+03 1.444663714490636108e-19 4.798514214334453005e-20
5.915122997960722387e+03 7.888949485789709032e-20 4.806189494733794542e-20
5.920128925893778614e+03 1.056749125356282161e-19 4.782878108388819372e-20
5.925134853826833933e+03 6.789890634729591793e-20 4.786379091022124220e-20
5.930140781759890160e+03 1.296758407322689335e-19 4.898678050373424043e-20
5.935146709692945478e+03 2.206499435497693599e-19 4.885516884160494867e-20
5.940152637626000796e+03 1.001562252958051828e-19 4.801548442695725509e-20
5.945158565559057024e+03 1.858557079554348272e-19 4.890498134242341765e-20
5.950164493492112342e+03 1.571990985298975955e-19 4.995593495487209454e-20
5.955170421425167660e+03 1.694974540807642664e-19 4.841311764456371046e-20
5.960176349358223888e+03 7.364503005136919566e-20 4.576420183363537989e-20
5.965182277291280116e+03 1.368578481996033424e-19 4.470166408610795044e-20
5.970188205224335434e+03 1.348128387238453122e-19 4.426296281382889916e-20
5.975194133157390752e+03 5.627667598473103160e-20 4.375900999189720683e-20
5.980200061090446980e+03 9.477248587975812796e-20 4.250955682018408746e-20
5.985205989023502298e+03 1.078449859062812943e-19 4.104284381562871644e-20
5.990211916956557616e+03 5.748231270677225568e-20 4.043965059578072184e-20
5.995217844889613843e+03 3.491319865990260625e-20 4.038365025543037251e-20
6.000223772822669162e+03 1.155112632743039872e-19 4.025136936898666904e-20
6.005229700755725389e+03 6.106970460742852132e-20 3.934582717005955605e-20
6.010235628688780707e+03 1.298529078917275433e-19 3.846920692096827292e-20
6.015241556621836935e+03 1.172213206177200239e-19 3.790300596169993319e-20
6.020247484554892253e+03 9.046315176940002100e-20 3.696811162763819941e-20
6.025253412487947571e+03 9.697314754673354983e-20 3.627541760055020277e-20
6.030259340421003799e+03 1.003287136631289263e-19 3.596471864050857993e-20
6.035265268354059117e+03 1.122914122203241139e-19 3.523517659302749684e-20
6.040271196287115345e+03 1.111987557276830989e-19 3.424257689672374517e-20
6.045277124220170663e+03 1.107149955973304419e-19 3.363005965141691465e-20
6.050283052153226890e+03 1.230780538541582085e-19 3.309765884891252400e-20
6.055288980086282209e+03 8.867055606227493056e-20 3.265455639627367340e-20
6.060294908019337527e+03 1.184217136867477225e-19 3.234911746296465282e-20
6.065300835952393754e+03 1.149994642064077616e-19 3.218143652841497042e-20
6.070306763885449072e+03 1.220706251363819378e-19 3.162265484310370116e-20
6.075312691818505300e+03 1.076160941277180154e-19 3.109554017150265703e-20
6.080318619751560618e+03 9.761167911404716667e-20 3.067349017531397590e-20
6.085324547684616846e+03 1.017684189446073415e-19 3.030112308116200903e-20
6.090330475617672164e+03 1.153133756938354440e-19 3.015473858926699105e-20
6.095336403550727482e+03 4.053420098073854234e-20 3.020935817450316284e-20
6.100342331483783710e+03 6.424404387150844369e-20 3.013656913684524718e-20
6.105348259416839028e+03 7.756285930025274903e-20 3.011674036451898566e-20
6.110354187349894346e+03 6.791460558750203878e-20 3.013696889513426683e-20
6.115360115282950574e+03 9.688966710949251288e-20 3.016685662876385281e-20
6.120366043216006801e+03 1.121910933004108254e-19 3.027261475272032332e-20
6.125371971149062119e+03 5.384764536390285734e-20 3.053862467657041842e-20
6.130377899082117438e+03 1.015493100460886025e-19 3.103848002381755762e-20
6.135383827015173665e+03 1.625121246314023395e-19 3.200128559979810761e-20
6.140389754948228983e+03 1.539803934900689727e-19 3.275526599341268298e-20
6.145395682881284301e+03 1.143380149625676979e-19 3.255717783637256176e-20
6.150401610814340529e+03 1.487780449341786297e-19 3.159448580053887490e-20
6.155407538747396757e+03 1.201218293208608426e-19 3.069293397222995212e-20
6.160413466680452075e+03 8.786899784601104557e-20 2.988410353504569153e-20
6.165419394613507393e+03 9.925856232955664984e-20 2.983276447321407313e-20
6.170425322546563621e+03 8.906901259590081853e-20 2.987041890753163837e-20
6.175431250479618939e+03 6.361312473036586073e-20 2.917869249367550155e-20
6.180437178412674257e+03 9.591391597849283404e-20 2.852531754242938999e-20
6.185443106345730484e+03 1.148583809807384215e-19 2.834212659103055903e-20
6.190449034278785803e+03 8.915629594614812799e-20 2.828912555571975019e-20
6.195454962211842030e+03 9.768904735711762986e-20 2.817998546952238853e-20
6.200460890144897348e+03 1.102738430161804998e-19 2.814901670566116386e-20
6.205466818077953576e+03 1.169238642833238093e-19 2.796100305691100410e-20
6.210472746011008894e+03 1.213103359025181589e-19 2.750617823825877223e-20
6.215478673944064212e+03 1.414434150139624064e-19 2.785228162478174563e-20
6.220484601877120440e+03 9.284665634559872905e-20 2.787825431012006009e-20
6.225490529810175758e+03 6.446000065778673757e-20 2.815030904894126278e-20
6.230496457743231986e+03 1.672255205803804595e-19 3.046016332900191010e-20
6.235502385676287304e+03 8.304558236825374433e-20 3.220730154513104864e-20
6.240508313609343531e+03 1.551538466018248819e-19 3.157958613166480712e-20
6.245514241542398850e+03 7.244980884851555285e-20 2.952336459908876543e-20
6.250520169475454168e+03 1.656409649747151958e-19 3.025584888784644651e-20
6.255526097408510395e+03 9.019285290525645161e-20 3.281396167753060951e-20
6.260532025341565713e+03 1.762465025573157196e-19 3.411047217537120030e-20
6.265537953274621032e+03 7.016996300454783774e-20 3.265464077013506937e-20
6.270543881207677259e+03 1.061954465572832630e-19 3.243413995681780741e-20
6.275549809140733487e+03 6.020958239778276644e-20 3.200838985295267328e-20
6.280555737073788805e+03 1.040863849985092981e-19 3.276842435347748420e-20
6.285561665006844123e+03 9.293275456377292282e-20 3.336411336953045277e-20
6.290567592939900351e+03 1.672985428791048222e-19 3.532527545108364843e-20
6.295573520872955669e+03 1.172372767163381032e-19 4.531295419256841563e-20
6.300579448806010987e+03 2.015893118501999932e-19 4.767818393304843135e-20
6.305585376739067215e+03 1.825393992137813860e-19 4.033111791886450704e-20
6.310591304672123442e+03 1.097333483241064428e-19 3.094044921912981399e-20
6.315597232605178760e+03 1.277537848904923872e-19 2.888750274224107097e-20
6.320603160538234079e+03 1.065371377085544678e-19 2.920795847278051481e-20
6.325609088471290306e+03 1.346898617011171312e-19 3.043569964634419564e-20
6.330615016404345624e+03 1.472926407780783373e-19 2.969233057429351120e-20
6.335620944337400942e+03 8.654138498488844516e-20 2.796800683638840416e-20
6.340626872270457170e+03 7.939481371047385328e-20 2.695393691991567713e-20
6.345632800203512488e+03 1.110086799022147206e-19 2.747227813935940224e-20
6.350638728136568716e+03 1.340221089792357310e-19 2.835297475616728345e-20
6.355644656069624034e+03 1.064841534350571136e-19 3.017550286306461431e-20
6.360650584002680262e+03 9.819836485259845940e-20 3.348163060239243960e-20
6.365656511935735580e+03 1.989724473551635119e-19 3.271777884211344801e-20
6.370662439868790898e+03 1.316548486702201089e-19 2.887716787690790440e-20
6.375668367801847126e+03 1.235634352247124034e-19 2.773892307135616639e-20
6.380674295734902444e+03 1.806179380079708188e-19 2.877781250499111116e-20
6.385680223667958671e+03 1.105093026562390015e-19 2.926386142275262768e-20
6.390686151601013989e+03 9.099313518281339227e-20 2.923605101671473561e-20
6.395692079534070217e+03 2.958658109928735805e-20 2.900715567406799244e-20
6.400698007467125535e+03 6.009995762907290656e-20 2.913356621839367252e-20
6.405703935400180853e+03 6.099608517971180750e-20 2.876621783264092856e-20
6.410709863333237081e+03 1.047008690712018791e-19 2.844842208191256606e-20
6.415715791266292399e+03 1.132651825111401452e-19 2.823274556704267869e-20
6.420721719199348627e+03 1.348055647884047676e-19 2.757270259833117348e-20
6.425727647132403945e+03 1.094894181138162756e-19 2.680121478844542474e-20
6.430733575065460172e+03 1.090547524488872368e-19 2.620580060270879500e-20
6.435739502998515491e+03 5.943249739174947292e-20 2.583234699421924890e-20
6.440745430931570809e+03 9.618596965001758157e-20 2.560530468248236520e-20
6.445751358864627036e+03 1.168887872055978896e-19 2.568155004381628280e-20
6.450757286797682355e+03 1.091370539738122458e-19 2.575820086067560689e-20
6.455763214730737673e+03 1.304824803261571075e-19 2.603866519155403914e-20
6.460769142663793900e+03 1.321818312499386673e-19 2.746014148294796566e-20
6.465775070596850128e+03 8.148656658262543775e-20 2.866634793718191023e-20
6.470780998529905446e+03 9.730866055117820458e-20 2.813048199867921843e-20
6.475786926462960764e+03 1.064344135527528393e-19 2.680485581695430000e-20
6.480792854396016992e+03 8.314736604566938917e-20 2.590946193558452105e-20
6.485798782329072310e+03 6.522632186016945922e-20 2.557515737981111436e-20
6.490804710262127628e+03 7.185155673581122599e-20 2.698103418187456547e-20
6.495810638195183856e+03 9.496256260002327237e-20 2.985991687350498609e-20
6.500816566128239174e+03 1.702078302415898097e-19 3.109624550329816919e-20
6.505822494061295401e+03 1.129900845713170713e-19 2.918019604418857049e-20
6.510828421994350720e+03 8.295699851807360640e-20 2.832444523335380199e-20
6.515834349927406947e+03 1.028014930147601325e-19 2.872375622065365529e-20
6.520840277860462265e+03 6.066355767821905577e-20 2.959764468501741034e-20
6.525846205793517584e+03 1.499585450482607792e-19 3.148649656706558085e-20
6.530852133726573811e+03 1.161328283731545420e-19 3.239330345937084927e-20
6.535858061659629129e+03 5.984159235557837939e-20 3.229350934032385312e-20
6.540863989592685357e+03 1.097045644190376129e-19 3.342536693000055189e-20
6.545869917525740675e+03 1.367743362912922372e-19 3.851193506942460301e-20
6.550875845458796903e+03 1.162898253989899018e-19 3.526381967120588383e-20
6.555881773391852221e+03 1.563674180411531248e-19 2.865397257890058364e-20
6.560887701324907539e+03 7.220855606860686242e-20 2.435872411837057554e-20
6.565893629257963767e+03 7.641674339486257747e-20 2.535970697012581312e-20
6.570899557191019085e+03 1.300089529671711415e-19 2.703296223409773645e-20
6.575905485124075312e+03 7.932656169360052230e-20 2.834170444187334944e-20
6.580911413057130630e+03 9.630615409295161211e-20 2.783193320842100519e-20
6.585917340990186858e+03 1.155043004501829148e-19 2.584976014747567888e-20
6.590923268923242176e+03 9.238253839557068254e-20 2.592341937595563254e-20
6.595929196856297494e+03 1.139635731324092964e-19 2.629245365828473074e-20
6.600935124789353722e+03 1.241969079467455330e-19 2.708908001717844282e-20
6.605941052722409040e+03 1.176610365850338390e-19 2.668457994052664655e-20
6.610946980655464358e+03 9.860783392784603063e-20 2.561840411454720826e-20
6.615952908588520586e+03 8.485462980366962718e-20 2.559339080398131196e-20
6.620958836521576814e+03 7.501568950478794768e-20 2.593300207245036172e-20
6.625964764454632132e+03 6.955652212555038590e-20 2.640458998801722815e-20
6.630970692387687450e+03 6.469491291008091051e-20 2.703802897271658643e-20
6.635976620320743677e+03 7.899794859780733419e-20 2.702472471936078100e-20
6.640982548253798996e+03 1.124663247742106519e-19 2.685162901322245336e-20
6.645988476186854314e+03 9.577483621139193569e-20 2.695427526341149135e-20
6.650994404119910541e+03 1.398966160816712542e-19 2.728237572844456247e-20
6.656000332052965859e+03 1.408235253073555705e-19 2.752107237668585625e-20
6.661006259986022087e+03 9.893139875359133012e-20 2.726320949458513483e-20
6.666012187919077405e+03 9.005152632399172394e-20 2.658303438071289370e-20
6.671018115852133633e+03 1.349743548490648020e-19 2.568409289504482021e-20
6.676024043785188951e+03 1.488351228338137353e-19 2.490933599253319578e-20
6.681029971718244269e+03 9.923843944017831921e-20 2.437098281174526779e-20
6.686035899651300497e+03 1.135111666008849021e-19 2.388525660886974846e-20
6.691041827584355815e+03 9.152868689339338270e-20 2.347357563337066031e-20
6.696047755517412043e+03 8.993287141078543244e-20 2.328425275082493611e-20
6.701053683450467361e+03 1.002274046019607157e-19 2.307081628602296937e-20
6.706059611383523588e+03 7.196031559607792798e-20 2.263387216178232725e-20
6.711065539316578906e+03 1.389974203455755041e-19 2.242514078508669015e-20
6.716071467249634225e+03 9.849626091449904603e-20 2.228924302620067173e-20
6.721077395182690452e+03 1.128618444512911202e-19 2.208377536799497379e-20
6.726083323115745770e+03 9.542443503270613427e-20 2.207225246804809485e-20
6.731089251048801998e+03 1.055839818124545238e-19 2.210833117626135457e-20
6.736095178981857316e+03 1.351639849860608290e-19 2.229472740574581005e-20
6.741101106914913544e+03 6.359606626116748778e-20 2.245766260079721851e-20
6.746107034847968862e+03 1.123802703459736492e-19 2.275605200453089282e-20
6.751112962781024180e+03 6.808216271339869111e-20 2.282571397100812250e-20
6.756118890714080408e+03 8.150586100115691587e-20 2.314968422158646260e-20
6.761124818647135726e+03 7.495040979257725735e-20 2.356045566659789796e-20
6.766130746580191044e+03 7.118390756359832239e-20 2.404554658566151010e-20
6.771136674513247272e+03 5.948896113440229653e-20 2.456463757913249943e-20
6.776142602446303499e+03 8.996674762702302531e-20 2.515781432279895084e-20
6.781148530379358817e+03 7.099639847442091823e-20 2.574685466868785674e-20
6.786154458312414135e+03 1.292932477442519089e-19 2.597902972350510509e-20
6.791160386245470363e+03 7.030082415784025015e-20 2.547723945785148646e-20
6.796166314178525681e+03 9.040047662963750848e-20 2.499904419194682806e-20
6.801172242111580999e+03 7.043692515282944775e-20 2.473933895664517972e-20
6.806178170044637227e+03 8.427137547769933912e-20 2.454034791999548233e-20
6.811184097977693455e+03 1.126548389039408915e-19 2.420249767247122072e-20
6.816190025910748773e+03 9.838630661054560942e-20 2.392633933018409267e-20
6.821195953843804091e+03 1.399372775863142738e-19 2.614877124436297055e-20
6.826201881776860318e+03 4.359820411323779677e-20 3.051182025695990248e-20
6.831207809709915637e+03 1.296658135858027853e-19 3.253974257135684203e-20
6.836213737642970955e+03 1.321658929115915263e-19 2.940364104769969084e-20
6.841219665576027182e+03 3.196362366786705875e-20 2.529109060957775384e-20
6.846225593509082501e+03 9.580267708530602689e-20 2.377406587553127056e-20
6.851231521442138728e+03 9.157149547473000950e-20 2.299083910059744225e-20
6.856237449375194046e+03 1.825313246012947252e-19 2.632088929140327669e-20
6.861243377308250274e+03 2.195260182717744218e-19 3.067214897073370729e-20
6.866249305241305592e+03 1.163292256707175719e-19 3.040434383712718894e-20
6.871255233174360910e+03 4.869621253956457171e-20 2.465861448370188599e-20
6.876261161107417138e+03 9.559982476514150463e-20 2.372763019751278593e-20
6.881267089040473365e+03 1.033692868047903535e-19 2.433785152024559792e-20
6.886273016973527774e+03 1.489752163789716842e-19 2.502533990342381969e-20
6.891278944906584002e+03 1.107549933379465964e-19 2.488617630550059036e-20
6.896284872839640229e+03 9.214943164376626933e-20 2.524659463705447998e-20
6.901290800772695547e+03 7.835629130391772046e-20 2.543976883040780498e-20
6.906296728705750866e+03 1.034886392834606138e-19 2.625224961404993323e-20
6.911302656638807093e+03 8.551335401619402327e-20 2.667240253295658875e-20
6.916308584571862411e+03 1.582118676670870581e-19 2.798423544652871188e-20
6.921314512504917730e+03 1.494841520459355871e-19 2.804986875008079015e-20
6.926320440437973957e+03 7.230344692366497806e-20 2.673337925063237198e-20
6.931326368371030185e+03 7.365473986625408199e-20 2.356720242701258239e-20
6.936332296304085503e+03 6.969822368245516671e-20 2.444438294351601873e-20
6.941338224237140821e+03 1.317373940038950537e-19 2.612902462836475982e-20
6.946344152170197049e+03 1.683979520185232922e-19 2.748229591047640079e-20
6.951350080103252367e+03 5.531247965189614649e-20 2.683660954590024204e-20
6.956356008036307685e+03 8.833017330149198740e-20 2.326718694347830949e-20
6.961361935969363913e+03 9.500104288557224188e-20 2.260777623384411309e-20
6.966367863902420140e+03 1.275039408784251892e-19 2.366524514797845004e-20
6.971373791835475458e+03 1.153357447241690687e-19 2.512575211925998771e-20
6.976379719768530776e+03 1.500027457270259012e-19 2.609284486744095989e-20
6.981385647701587004e+03 9.472414496081280253e-20 2.562644069826071631e-20
6.986391575634642322e+03 6.444078434930379382e-20 2.326289172781342980e-20
6.991397503567697640e+03 1.078043413249841141e-19 2.296444046878499438e-20
6.996403431500753868e+03 1.279351309336670215e-19 2.349707755471645996e-20
7.001409359433810096e+03 8.506589213509222774e-20 2.422322451898659762e-20
7.006415287366865414e+03 1.484472244865387275e-19 2.544917636494458689e-20
7.011421215299920732e+03 1.061367877678180127e-19 2.508599621211663345e-20
7.016427143232976960e+03 1.223083930579420883e-19 2.444693759584077571e-20
7.021433071166032278e+03 9.006433017954521012e-20 2.375693198981981040e-20
7.026438999099087596e+03 1.045285038650142349e-19 2.408964333879202158e-20
7.031444927032143823e+03 8.733084457999141215e-20 2.443165438717782548e-20
7.036450854965200051e+03 1.356111923977122665e-19 2.491121124416983023e-20
7.041456782898254460e+03 6.324342158724175422e-20 2.575057302459724864e-20
7.046462710831310687e+03 2.218869872414233810e-20 2.584533721636573610e-20
7.051468638764366915e+03 8.004039712873267149e-20 2.488635111681860115e-20
7.056474566697422233e+03 1.016493669676665322e-19 2.318482049315885676e-20
7.061480494630477551e+03 5.161030126273172823e-20 2.271334110645198835e-20
7.066486422563533779e+03 6.775164513548159081e-20 2.245490082437972721e-20
7.071492350496589097e+03 9.686421758407267528e-20 2.218170013072641874e-20
7.076498278429644415e+03 6.436562669414262370e-20 2.183909653228467437e-20
7.081504206362700643e+03 8.484811871098198232e-20 2.184512552527228877e-20
7.086510134295756870e+03 7.958287587574463741e-20 2.188159259406459209e-20
7.091516062228812189e+03 8.158041648423027999e-20 2.160316151249743098e-20
7.096521990161867507e+03 9.408478068921183250e-20 2.113920619242854686e-20
7.101527918094923734e+03 6.520306381296078575e-20 2.111755575174036813e-20
7.106533846027979052e+03 9.507905522510506888e-20 2.138294622619471545e-20
7.111539773961034371e+03 6.818503195164964768e-20 2.160624715743123485e-20
7.116545701894090598e+03 7.019922960221858284e-20 2.174741640257218903e-20
7.121551629827146826e+03 9.164819901622720327e-20 2.227580231040097917e-20
7.126557557760202144e+03 1.311198351645451826e-19 2.287578527516180174e-20
7.131563485693257462e+03 6.773497086286408091e-20 2.332502243062098286e-20
7.136569413626313690e+03 9.064121653660954560e-20 2.373876472803319401e-20
7.141575341559369008e+03 1.188816887093287345e-19 2.454726557278724905e-20
7.146581269492424326e+03 7.401506907913733900e-20 2.510071621768941559e-20
7.151587197425480554e+03 1.188748716118326491e-19 2.466220893182058263e-20
7.156593125358536781e+03 7.661891149117786088e-20 2.471809080508643529e-20
7.161599053291592099e+03 8.841631380077793793e-20 2.528051291893609579e-20
7.166604981224647418e+03 5.128591746457874845e-20 2.516094763064667836e-20
7.171610909157703645e+03 2.410167379740444428e-20 2.465186329459247148e-20
7.176616837090758963e+03 9.246768032964713625e-20 2.386809214629572380e-20
7.181622765023814281e+03 9.498048080579331539e-20 2.292505968006692544e-20
7.186628692956870509e+03 7.558386853712878493e-20 2.184607269505113514e-20
7.191634620889926737e+03 4.157291023378645202e-20 2.115950321486668513e-20
7.196640548822981145e+03 6.647261366583670728e-20 2.080168465643468751e-20
7.201646476756037373e+03 9.275172849505960643e-20 2.045582305268478474e-20
7.206652404689093601e+03 7.661558134097351004e-20 2.028005913308205917e-20
7.211658332622148919e+03 9.496878751101309693e-20 2.019353730562760231e-20
7.216664260555204237e+03 1.015071254410503189e-19 2.041497125477073105e-20
7.221670188488260465e+03 8.968807145676324482e-20 2.078118470225860859e-20
7.226676116421315783e+03 7.543004751048666141e-20 2.129035411393860021e-20
7.231682044354371101e+03 1.277993175710930517e-19 2.442103470040679231e-20
7.236687972287427328e+03 1.977041392231567520e-19 3.385188813079539427e-20
7.241693900220483556e+03 2.564068194410938279e-19 3.963397561879278312e-20
7.246699828153538874e+03 1.121953735986586458e-19 3.612844369261964806e-20
7.251705756086594192e+03 5.561015485771827335e-20 2.888072479537138600e-20
7.256711684019650420e+03 9.411594954057208922e-20 2.563644366406245638e-20
7.261717611952705738e+03 7.266783748562940318e-20 2.398081395365142192e-20
7.266723539885761056e+03 1.552662850519887736e-19 2.570929683584176756e-20
7.271729467818817284e+03 4.105740085585359701e-19 3.827860192986946363e-20
7.276735395751873511e+03 5.115365474532384674e-20 4.120965966720517349e-20
7.281741323684928830e+03 1.542195392085483452e-19 3.758085613083632767e-20
7.286747251617984148e+03 8.972899347140783080e-20 3.147183055053161490e-20
7.291753179551040375e+03 1.411172686779272715e-19 2.776262473158067001e-20
7.296759107484095694e+03 1.159051628753168578e-19 2.819783311313130838e-20
7.301765035417151012e+03 1.021234615131514455e-19 2.791625101404911914e-20
7.306770963350207239e+03 2.002835051971487447e-19 2.798394178643809252e-20
7.311776891283263467e+03 1.558729156475752938e-19 3.306516883760728207e-20
7.316782819216318785e+03 9.430080865041511743e-20 3.258927773059026388e-20
7.321788747149374103e+03 1.004437592389912334e-19 2.864829676477553359e-20
7.326794675082430331e+03 9.299804744302776772e-20 2.601404863338775250e-20
7.331800603015485649e+03 1.912797354319255031e-19 2.763997667203704627e-20
7.336806530948540967e+03 2.634862789482133570e-19 3.339007715613932314e-20
7.341812458881597195e+03 5.521340344454171930e-20 3.350148136985324591e-20
7.346818386814653422e+03 9.064729279421661071e-20 2.802523357332590435e-20
7.351824314747707831e+03 1.155605011515607572e-19 2.433112382087633560e-20
7.356830242680764059e+03 7.683721623304947723e-20 2.662582336712961918e-20
7.361836170613820286e+03 1.401888910753977749e-19 2.977974174269919437e-20
7.366842098546875604e+03 2.315438122513018923e-19 3.287617886258301787e-20
7.371848026479930923e+03 2.630787674467543091e-20 3.213758961320791005e-20
7.376853954412987150e+03 6.682638840673448426e-20 2.458767753653792525e-20
7.381859882346043378e+03 7.716259077404295093e-20 2.257891775498376940e-20
7.386865810279097786e+03 8.331391960923304964e-20 2.547928589621658102e-20
7.391871738212154014e+03 1.014151940704469833e-19 2.659124110974991373e-20
7.396877666145210242e+03 1.294903618347832823e-19 3.064592199736637761e-20
7.401883594078265560e+03 1.010129642647066345e-19 2.987261912812514536e-20
7.406889522011320878e+03 5.683042670308674022e-20 2.680331497399305424e-20
7.411895449944377106e+03 7.031735928230561572e-20 2.294540118947921978e-20
7.416901377877432424e+03 1.135157725703041849e-19 2.296723803230485099e-20
7.421907305810487742e+03 1.166795879558284411e-19 2.344064576809025232e-20
7.426913233743543969e+03 1.345647107590540377e-19 2.436231075050104673e-20
7.431919161676600197e+03 1.351374638179370542e-19 2.589936746532564519e-20
7.436925089609655515e+03 3.111793044039261185e-20 2.580680639050688970e-20
7.441931017542710833e+03 4.072691748700092343e-20 2.459159667059894976e-20
7.446936945475767061e+03 1.030015392020330063e-19 2.147049322130297825e-20
7.451942873408822379e+03 8.430302580873361828e-20 2.122730689732571716e-20
7.456948801341877697e+03 1.350456310382537772e-19 2.206898960939730716e-20
7.461954729274933925e+03 9.463662980919634867e-20 2.364864159664943698e-20
7.466960657207990153e+03 1.095639913019120758e-19 2.595387832069973891e-20
7.471966585141045471e+03 1.566608224982249924e-19 2.717046241988733375e-20
7.476972513074100789e+03 1.257628198357457665e-19 2.856455111864187786e-20
7.481978441007157016e+03 7.579471253029999496e-20 2.738218621311374307e-20
7.486984368940212335e+03 9.048639028484690618e-20 2.521612946672909618e-20
7.491990296873267653e+03 5.541009985881630570e-20 2.270614938435201926e-20
7.496996224806323880e+03 6.047681833055614011e-20 2.212508419105341686e-20
7.502002152739380108e+03 7.548104197662888679e-20 2.118143433552929043e-20
7.507008080672435426e+03 8.658925131451771012e-20 2.084718901807717828e-20
7.512014008605490744e+03 1.879407566282032429e-20 2.142146215690857333e-20
7.517019936538546972e+03 1.742169664605708592e-19 2.638113806534943615e-20
7.522025864471602290e+03 1.630924444203898125e-19 3.018580309517900879e-20
7.527031792404657608e+03 1.228118211086850516e-19 3.042978067009137145e-20
7.532037720337713836e+03 1.440792004231826103e-19 2.519227091796413051e-20
7.537043648270770063e+03 7.561364970006020234e-20 2.330101766991080366e-20
7.542049576203824472e+03 6.024217506568268190e-20 2.291535421990969333e-20
7.547055504136880700e+03 1.212382706821117629e-19 2.329960947931781913e-20
7.552061432069936927e+03 6.441137198134275207e-20 2.478142371387651911e-20
7.557067360002992245e+03 5.200407278952507001e-20 2.533890502721336022e-20
7.562073287936047564e+03 1.236952519453178214e-19 2.543267582367994669e-20
7.567079215869103791e+03 1.697991636463298332e-19 2.954366428473454244e-20
7.572085143802159109e+03 1.756878025914833603e-19 3.031868336537974298e-20
7.577091071735214427e+03 1.328185388216814954e-19 2.717762811667565601e-20
7.582096999668270655e+03 8.009419784631828250e-20 2.469382584380756150e-20
7.587102927601326883e+03 8.808568608753263793e-20 2.429134351310214686e-20
7.592108855534382201e+03 1.020822348385234435e-19 2.373080122926119491e-20
7.597114783467437519e+03 1.045254335187727671e-19 2.297931651229900084e-20
7.602120711400493747e+03 1.292956446017726886e-19 2.181015016444808097e-20
7.607126639333549065e+03 4.408858667550629830e-20 1.963832019901590980e-20
7.612132567266604383e+03 4.097334517284571862e-20 2.074961848811917258e-20
7.617138495199660611e+03 5.676064401547516727e-20 2.149736617190648025e-20
7.622144423132716838e+03 1.318587539615026804e-19 2.237111993777118189e-20
7.627150351065772156e+03 1.056643799636652333e-19 2.201194504878882192e-20
7.632156278998827474e+03 1.294084277536172408e-19 2.139846042371176568e-20
7.637162206931883702e+03 8.178105263020674319e-20 1.985892752923930147e-20
7.642168134864939020e+03 9.198026692833599287e-20 2.008514350994818466e-20
7.647174062797994338e+03 9.396675038681091734e-20 2.128984093298950563e-20
7.652179990731050566e+03 7.561135226355079095e-20 2.246035870491037615e-20
7.657185918664106794e+03 1.603185676346876786e-19 2.468099174495250818e-20
7.662191846597162112e+03 1.229731160162223587e-19 2.522266516368091221e-20
7.667197774530217430e+03 7.273413678721416752e-20 2.518680878036422788e-20
7.672203702463273657e+03 9.338567065498973696e-20 2.422459634192391337e-20
7.677209630396328976e+03 9.682326161777333699e-20 2.494058959912350578e-20
7.682215558329384294e+03 1.226559755544786776e-19 2.534584224322330355e-20
7.687221486262440521e+03 1.185222154277557477e-19 2.534446690668266405e-20
7.692227414195496749e+03 1.369967629868507503e-19 2.501470472893871995e-20
7.697233342128551158e+03 1.400349646573199276e-19 2.422191230142705546e-20
7.702239270061607385e+03 1.461441467861163934e-19 2.391417715058384605e-20
7.707245197994663613e+03 2.924624317082397855e-19 3.324989711103823990e-20
7.712251125927718931e+03 3.122926732272016313e-19 4.089994741016911405e-20
7.717257053860774249e+03 2.066687718274666406e-19 3.916426424631177539e-20
7.722262981793830477e+03 1.919432910365618775e-19 3.089554650949745844e-20
7.727268909726885795e+03 7.591552337574200783e-20 2.473640728090408695e-20
7.732274837659941113e+03 7.994232546786968313e-20 2.259876937671791603e-20
7.737280765592997341e+03 8.730414683178677815e-20 2.172163776238196498e-20
7.742286693526053568e+03 2.987221255470852268e-19 2.620969248428097720e-20
7.747292621459108886e+03 2.270735522421390203e-19 3.798209454809638365e-20
7.752298549392164205e+03 1.415998701761077115e-19 4.037729837390775207e-20
7.757304477325220432e+03 1.785568751246170274e-19 3.487050169962832728e-20
7.762310405258275750e+03 9.026480045973549734e-20 2.969777671732458484e-20
7.767316333191331069e+03 1.221318270072427164e-19 2.772229645079078363e-20
7.772322261124387296e+03 1.090348575496684401e-19 2.940488829329372380e-20
7.777328189057443524e+03 2.004004804464544323e-19 3.138319271323559048e-20
7.782334116990498842e+03 1.177989016135620318e-19 2.868352363374484526e-20
7.787340044923554160e+03 2.454412867806711445e-19 3.399961241683190741e-20
7.792345972856610388e+03 1.087136619139214873e-19 3.766108684743308551e-20
7.797351900789665706e+03 2.613063812113480755e-20 3.521876003033164843e-20
7.802357828722721024e+03 2.459438390606963713e-19 2.913151379127466272e-20
7.807363756655777252e+03 1.070153843271933723e-19 2.990092927771322631e-20
7.812369684588833479e+03 2.344039700766306379e-19 3.106699578158759881e-20
7.817375612521888797e+03 2.776510352632618690e-19 3.772540915407971944e-20
7.822381540454944115e+03 1.043759598919526069e-19 3.805188484930643639e-20
7.827387468388000343e+03 9.938110189313192404e-20 3.125797440949407008e-20
7.832393396321055661e+03 1.427277438683615149e-19 2.388766219721591613e-20
7.837399324254110979e+03 1.102937338765912417e-19 2.814893655462312234e-20
7.842405252187167207e+03 1.172522611734706167e-19 2.953124564616946135e-20
7.847411180120223435e+03 2.612158346223728768e-19 3.830970036623223851e-20
7.852417108053277843e+03 1.971065661151970845e-19 4.218299847445442866e-20
7.857423035986334071e+03 1.427631148572253815e-19 4.114987598581109418e-20
7.862428963919390299e+03 1.938578368810776685e-19 3.377709995887378079e-20
7.867434891852445617e+03 1.709135829309289742e-19 3.281390924528090892e-20
7.872440819785500935e+03 8.593232110622697287e-20 3.258890804320389656e-20
7.877446747718557162e+03 1.262038361021316872e-19 2.970726008306535857e-20
7.882452675651613390e+03 1.576203480990619302e-19 3.084133316249640684e-20
7.887458603584667799e+03 1.061936351728306912e-19 3.122921049551357439e-20
7.892464531517724026e+03 1.255840005887854962e-19 2.940535890758016351e-20
7.897470459450780254e+03 3.513639289322231849e-20 2.356581589759685813e-20
7.902476387383835572e+03 1.022986323960878206e-19 2.231730202355551156e-20
7.907482315316890890e+03 3.394871821056436072e-19 3.534408169874174013e-20
7.912488243249947118e+03 2.720768289635495153e-19 4.368047297422682361e-20
7.917494171183002436e+03 3.169054915310576870e-19 4.772204085594727836e-20
7.922500099116057754e+03 1.471517038018700381e-19 3.754535316059530355e-20
7.927506027049113982e+03 1.231690839754963835e-19 3.650971442803365997e-20
7.932511954982170209e+03 7.819701858359618351e-20 3.406276663132349526e-20
7.937517882915225528e+03 1.098123897829621262e-19 2.919309770084209085e-20
7.942523810848280846e+03 1.794816807059225230e-19 2.882131853985220466e-20
7.947529738781337073e+03 1.237323060561111256e-19 3.005874808966935992e-20
7.952535666714392391e+03 3.754262269083569786e-20 2.773139357997068742e-20
7.957541594647447710e+03 2.919230565908539650e-19 3.129682759649044500e-20
7.962547522580503937e+03 2.559880187450738944e-19 3.653281743406127683e-20
7.967553450513560165e+03 7.137081632430515986e-20 3.416564743939209091e-20
7.972559378446615483e+03 2.461051987796686836e-19 2.766634295399804025e-20
7.977565306379670801e+03 6.196725947902979762e-20 2.766056734143226771e-20
7.982571234312727029e+03 6.046450146600135446e-20 2.723237228505634561e-20
7.987577162245782347e+03 2.863422680017478392e-19 3.265856511037323876e-20
7.992583090178837665e+03 1.573071426646819659e-19 3.632086503458501754e-20
7.997589018111893893e+03 6.471485792496160059e-20 3.461589880236024940e-20
8.002594946044950120e+03 6.892832198433155178e-20 2.375458990395903099e-20
8.007600873978005438e+03 1.144738587751547222e-19 2.542992574709845442e-20
8.012606801911060757e+03 1.547728223422501142e-19 2.843236599584460048e-20
8.017612729844116984e+03 1.929139763628284686e-19 3.138458108174360573e-20
8.022618657777172302e+03 2.307081559205419672e-19 3.661597030575999545e-20
8.027624585710227620e+03 9.832638924903116892e-20 3.634389346812540849e-20
8.032630513643283848e+03 1.653135748404068778e-19 2.804843977835729408e-20
8.037636441576340076e+03 8.373594002691196971e-20 2.303824599335093227e-20
8.042642369509394484e+03 7.742602346020436713e-20 2.304338631164822579e-20
8.047648297442450712e+03 1.573312016920696788e-19 2.559240932681180228e-20
8.052654225375506940e+03 1.343646832523665734e-19 2.673513492727473305e-20
8.057660153308562258e+03 2.261478218209792979e-19 3.009279668224715522e-20
8.062666081241617576e+03 3.532426065302412105e-20 2.988291322857459008e-20
8.067672009174673803e+03 7.158022839394858107e-20 2.694847359733939047e-20
8.072677937107729122e+03 1.046362906628611133e-19 2.327092860301552313e-20
8.077683865040784440e+03 8.673971264262363564e-20 2.360050139580714733e-20
8.082689792973840667e+03 8.154051090745304887e-20 2.400168016054297161e-20
8.087695720906896895e+03 1.501053189980113476e-19 2.476356057028862700e-20
8.092701648839952213e+03 5.321112012703549115e-20 2.493038326020568237e-20
8.097707576773007531e+03 6.502944902573777138e-20 2.683914736555669610e-20
8.102713504706063759e+03 1.008754381696138768e-19 2.591767528241350445e-20
8.107719432639119077e+03 5.809541336634934469e-20 2.388762968177970424e-20
8.112725360572174395e+03 7.747948086946418973e-20 2.146645916275128968e-20
8.117731288505230623e+03 6.645877966907685009e-20 2.068407473355326181e-20
8.122737216438286850e+03 2.979234056036961440e-20 2.029854352923813870e-20
8.127743144371342169e+03 5.777974190484357610e-20 2.023055776433054594e-20
8.132749072304397487e+03 9.160423364304878260e-20 2.082867270851682008e-20
8.137755000237453714e+03 1.054822557605276852e-19 2.176197810638486136e-20
8.142760928170509032e+03 7.034600400865253282e-20 2.293861853002312535e-20
8.147766856103564351e+03 1.083511012027856762e-19 2.324262810358217912e-20
8.152772784036620578e+03 7.060020765721232976e-20 2.307013711317982525e-20
8.157778711969676806e+03 5.555395545326760182e-20 2.303648980974329351e-20
8.162784639902732124e+03 1.372907712283792687e-19 2.363678147870078454e-20
8.167790567835787442e+03 6.913264897976484048e-20 2.348252243175784408e-20
8.172796495768843670e+03 8.889233307656952620e-20 2.384473317552883954e-20
8.177802423701898988e+03 6.743471598600784889e-20 2.416645449468762827e-20
8.182808351634954306e+03 9.843274169228408602e-20 2.473198798695791391e-20
8.187814279568010534e+03 8.397081639450625425e-20 2.489218631010741529e-20
8.192820207501066761e+03 5.034454019860314730e-20 2.432049554397204899e-20
8.197826135434121170e+03 4.844173716049738148e-20 2.297251461095230141e-20
8.202832063367177398e+03 9.139291995814097073e-20 2.198756006278757250e-20
8.207837991300233625e+03 1.079036277556667213e-19 2.268410842159489068e-20
8.212843919233288034e+03 7.801932407225133273e-20 2.318942011689212735e-20
8.217849847166344261e+03 5.869754471904080342e-20 2.147319632465484400e-20
8.222855775099400489e+03 8.629315609036446457e-20 2.112871163836482007e-20
8.227861703032456717e+03 6.932977799518781034e-20 2.125140808938732626e-20
8.232867630965511125e+03 7.852012561641828125e-20 2.157532541030011080e-20
8.237873558898567353e+03 1.135525673766140770e-19 2.232960684131969787e-20
8.242879486831623581e+03 4.674488309332984766e-20 2.290018385522700806e-20
8.247885414764677989e+03 2.847160319145224347e-20 2.281993541912012354e-20
8.252891342697734217e+03 8.877074222566934981e-20 2.233619967444766188e-20
8.257897270630790445e+03 6.054870020579462451e-20 2.175852283467695251e-20
8.262903198563846672e+03 4.291245794105962583e-20 2.118356359826762804e-20
8.267909126496901081e+03 6.239173830747144794e-20 2.112248989090709484e-20
8.272915054429957308e+03 2.165835557201625875e-19 2.610274732092613450e-20
8.277920982363013536e+03 2.004568814143340909e-19 3.283161441253452438e-20
8.282926910296067945e+03 2.363796812044390174e-19 3.948216172107507905e-20
8.287932838229124172e+03 2.481071628176269683e-19 3.862486613769652473e-20
8.292938766162180400e+03 2.613892401479338361e-19 4.251405019757141601e-20
8.297944694095236628e+03 1.373955749780268150e-19 4.136880760649468436e-20
8.302950622028291036e+03 1.427280076209848840e-19 3.955446874620599428e-20
8.307956549961347264e+03 1.430103657145403396e-19 3.226202821057381504e-20
8.312962477894403492e+03 6.580136913364095443e-20 3.219828761950627813e-20
8.317968405827457900e+03 8.879599958107281549e-20 2.771424832061296948e-20
8.322974333760514128e+03 9.836700542636541752e-20 2.540178861706357976e-20
8.327980261693570355e+03 8.382182343531081008e-20 2.399737714324771333e-20
8.332986189626626583e+03 4.085033790458820525e-20 2.479836350563745301e-20
8.337992117559680992e+03 4.231512732519659045e-19 4.577555543712775922e-20
8.342998045492737219e+03 3.132000483525474278e-20 5.143973196880417635e-20
8.348003973425793447e+03 3.507396649184973732e-19 5.022969105750296374e-20
8.353009901358847856e+03 1.692919052924151514e-19 3.480533953088807202e-20
8.358015829291904083e+03 9.104107624782877535e-20 3.015672769672168224e-20
8.363021757224960311e+03 9.215140687273038215e-20 2.645395741510003099e-20
8.368027685158016538e+03 5.557294214400413046e-20 2.563225059722229793e-20
8.373033613091070947e+03 8.124389972865990798e-20 2.367555870744364978e-20
8.378039541024127175e+03 1.569440394371318400e-19 3.047071386946269442e-20
8.383045468957181583e+03 4.018593876223177409e-20 3.165843176016046698e-20
8.388051396890237811e+03 5.873481416076368454e-20 2.818783640961304895e-20
8.393057324823294039e+03 3.487136534226214505e-19 4.103132462468567705e-20
8.398063252756350266e+03 1.273513274792759098e-20 4.557912939583474381e-20
8.403069180689406494e+03 -1.142114553355900512e-20 4.087093588102563675e-20
8.408075108622460903e+03 2.310470012124304720e-19 2.910748108246089421e-20
8.413081036555517130e+03 9.813221416605122544e-20 3.177257869920754314e-20
8.418086964488571539e+03 6.829671139128035229e-20 3.117175752683491197e-20
8.423092892421627766e+03 1.417919704825462209e-19 3.782007399875776435e-20
8.428098820354683994e+03 1.147169375381216334e-19 4.782112800246278109e-20
8.433104748287740222e+03 6.316194116777503908e-20 4.744342453017116828e-20
8.438110676220796449e+03 1.249224370446983223e-19 3.071597756583704638e-20
8.443116604153850858e+03 1.299235589197840393e-19 2.726048320456463906e-20
8.448122532086907086e+03 2.257547126213807848e-19 3.604326055402082972e-20
8.453128460019961494e+03 6.417255016995342982e-20 3.607337159220118144e-20
8.458134387953017722e+03 8.962418800706276145e-20 4.071499371301355353e-20
8.463140315886073950e+03 1.814718779254944134e-19 4.553956989425250011e-20
8.468146243819130177e+03 1.186955855299062422e-19 4.221935308407081783e-20
8.473152171752186405e+03 7.669375064184536812e-20 2.561985862331810000e-20
8.478158099685240813e+03 8.671086515297296126e-20 2.186577538292338616e-20
8.483164027618297041e+03 4.728313528028202912e-20 2.124682489358350137e-20
8.488169955551351450e+03 1.498627718252443424e-19 2.520322654373573545e-20
8.493175883484407677e+03 4.223935835864491641e-20 2.648233592608401103e-20
8.498181811417463905e+03 2.409808430598545791e-19 3.048394878624673018e-20
8.503187739350520133e+03 1.003328648352406495e-19 3.239720183685216624e-20
8.508193667283574541e+03 6.383618552496781315e-20 3.161614379217429204e-20
8.513199595216630769e+03 8.686591281323345753e-20 2.340223361056343338e-20
8.518205523149686996e+03 8.530991467635804485e-20 2.235990476422927267e-20
8.523211451082741405e+03 7.201103771142562001e-20 2.272911842272722685e-20
8.528217379015797633e+03 3.756965413749046275e-20 2.267291330141299233e-20
8.533223306948853860e+03 8.156630568652641714e-20 2.496509608789365575e-20
8.538229234881910088e+03 5.959879308012490160e-20 2.592167292209446392e-20
8.543235162814964497e+03 1.030260483288604370e-19 2.877004645934213105e-20
8.548241090748020724e+03 8.452932164692183579e-20 2.809935438587348345e-20
8.553247018681076952e+03 4.441447659177319414e-20 2.588661158242856574e-20
8.558252946614131361e+03 6.700313574844160216e-20 2.212041925499103847e-20
8.563258874547187588e+03 3.536104571798882850e-20 2.223368423607947283e-20
8.568264802480243816e+03 7.595428236594865139e-20 2.363746594384664445e-20
8.573270730413300043e+03 7.704005329054559923e-20 2.466969527657610055e-20
8.578276658346354452e+03 6.905653857305910469e-20 2.496437402826315178e-20
8.583282586279410680e+03 1.406789780852163087e-19 2.606645017736590291e-20
8.588288514212466907e+03 4.879220328594607516e-20 2.689891291190336711e-20
8.593294442145521316e+03 6.708759839371180197e-20 2.779723261092345478e-20
8.598300370078577544e+03 7.823208505421779555e-20 2.630772430679419569e-20
8.603306298011633771e+03 8.018951967601910549e-20 2.419958084184902597e-20
8.608312225944689999e+03 4.765707396313993988e-20 2.474543937654231233e-20
8.613318153877744408e+03 9.847260112081111287e-20 2.832364468647385786e-20
8.618324081810800635e+03 1.939160735501963091e-19 3.284676170469479118e-20
8.623330009743856863e+03 2.039233542529522261e-19 3.659475293164996390e-20
8.628335937676911271e+03 2.029544700805289968e-19 3.839121614297613787e-20
8.633341865609967499e+03 1.352005609349219204e-19 3.767145493488459146e-20
8.638347793543023727e+03 1.396676773644915830e-19 3.389221923401350809e-20
8.643353721476079954e+03 1.496197198617104983e-19 3.224495136399025500e-20
8.648359649409134363e+03 1.049175748108488989e-19 3.671532342068060632e-20
8.653365577342190591e+03 1.382059183934950068e-19 4.283935402839288458e-20
8.658371505275246818e+03 1.560631375418459842e-19 4.454302240993431581e-20
8.663377433208301227e+03 1.482742509573623138e-19 4.315600841432607051e-20
8.668383361141357454e+03 1.389628312907061185e-19 4.000069688169062230e-20
8.673389289074413682e+03 7.985694255025572361e-20 3.576257379257036501e-20
8.678395217007469910e+03 9.769981054438766009e-20 3.189018933590630267e-20
8.683401144940524318e+03 8.604625582009730694e-20 2.903706489175931843e-20
8.688407072873580546e+03 2.284497090828586086e-20 2.709871043238246878e-20
8.693413000806636774e+03 2.937476697117097894e-20 2.667263742771304445e-20
8.698418928739691182e+03 6.189845551579037256e-20 2.714855331749534930e-20
8.703424856672747410e+03 1.318009354341706907e-19 2.803776524036214346e-20
8.708430784605803638e+03 1.017714498256117075e-19 2.738162808639024902e-20
8.713436712538859865e+03 4.734927989151422487e-20 2.640998964421764524e-20
8.718442640471914274e+03 5.868206715051613853e-20 2.555382551590479611e-20
8.723448568404970501e+03 7.253384410311060477e-20 2.540335106194048413e-20
8.728454496338024910e+03 7.516360765505944922e-20 2.465916732592095922e-20
8.733460424271081138e+03 8.051539392987268320e-20 2.414512112849890975e-20
8.738466352204137365e+03 5.078982684652204811e-20 2.348548615549537921e-20
8.743472280137193593e+03 5.639776256604314820e-20 2.282548327820846406e-20
8.748478208070249821e+03 3.995635928152770765e-20 2.285036178011853891e-20
8.753484136003304229e+03 9.432984695682503274e-20 3.235055231820029339e-20
8.758490063936360457e+03 1.260898142710569735e-19 4.389051562674906619e-20
8.763495991869414866e+03 2.062956083467197503e-19 5.454522407609349503e-20
8.768501919802471093e+03 1.198751312797863565e-19 5.161288691727465596e-20
8.773507847735527321e+03 1.111114282506287391e-19 5.603982109469743368e-20
8.778513775668583548e+03 4.763157897837665209e-20 5.137744662482006380e-20
8.783519703601639776e+03 1.777935657905016183e-19 4.257720796437711022e-20
8.788525631534694185e+03 1.487606116690772305e-19 3.534188273383897490e-20
8.793531559467750412e+03 1.072211443946754054e-19 3.416593950097179812e-20
8.798537487400804821e+03 2.812854304112629533e-20 2.649624174165405182e-20
8.803543415333861049e+03 5.605783186350765804e-20 2.508174928908128576e-20
8.808549343266917276e+03 6.663595423042638958e-20 2.533178381626015091e-20
8.813555271199973504e+03 7.181739703625311707e-20 2.565977021446867365e-20
8.818561199133029731e+03 1.710236177728023489e-19 4.144170087279989855e-20
8.823567127066084140e+03 1.728909047828247829e-19 7.124642898119583090e-20
8.828573054999140368e+03 1.601080866925537401e-19 7.722969787854429313e-20
8.833578982932194776e+03 1.650573499665526576e-19 6.538624646548999691e-20
8.838584910865251004e+03 3.177327950018343737e-20 4.985126958244414888e-20
8.843590838798307232e+03 2.024447065977659193e-19 3.834076893846879435e-20
8.848596766731363459e+03 1.751783963012517444e-19 3.558893221800646939e-20
8.853602694664417868e+03 5.680026967791616422e-20 3.251087926747185220e-20
8.858608622597474096e+03 1.474443779109480036e-19 3.101810129185583994e-20
8.863614550530530323e+03 1.550370403821079123e-19 3.858357777023483272e-20
8.868620478463584732e+03 -5.143331239130777464e-20 3.669115832415640286e-20
8.873626406396640959e+03 8.694778999174834827e-20 2.947763492126186257e-20
8.878632334329697187e+03 1.553883848101408234e-19 4.094304593839882928e-20
8.883638262262753415e+03 1.574403283220563672e-19 5.427937717880363427e-20
8.888644190195807823e+03 9.073653414152697115e-20 5.393376281656215154e-20
8.893650118128864051e+03 2.107244746646430532e-19 3.564521400056885330e-20
8.898656046061920279e+03 2.474791451631797890e-19 4.162943181558366004e-20
8.903661973994974687e+03 5.469733913710945450e-20 4.398066343800531764e-20
8.908667901928030915e+03 2.499321025490408134e-19 3.844366878494581974e-20
8.913673829861087142e+03 2.950050848216088515e-19 5.640557710606782037e-20
8.918679757794143370e+03 1.396813682225477631e-19 6.218822465014008629e-20
8.923685685727199598e+03 -4.849872541475707680e-20 5.379631820398855197e-20
8.928691613660254006e+03 3.038084734687656551e-20 3.052699295323963943e-20
8.933697541593308415e+03 1.619980428746408495e-19 2.895647339945942412e-20
8.938703469526364643e+03 2.950060312967698724e-19 3.916201473683228062e-20
8.943709397459420870e+03 9.472270519081954573e-20 4.227556036255357504e-20
8.948715325392477098e+03 2.240341521149207077e-19 4.267459008970702642e-20
8.953721253325533326e+03 1.302848037277610645e-19 6.154464299407703704e-20
8.958727181258589553e+03 2.772195982970180650e-19 6.452273775490406142e-20
8.963733109191643962e+03 2.503065003649882764e-20 4.939465575122445617e-20
8.968739037124698370e+03 1.173718544996597129e-19 3.112440319076509512e-20
8.973744965057754598e+03 8.636629186500144893e-20 3.025691544808638100e-20
8.978750892990810826e+03 6.429827907599653297e-20 3.100521221481956283e-20
8.983756820923867053e+03 8.938338089833283534e-20 3.639745081721160042e-20
8.988762748856923281e+03 1.068755537133423326e-19 3.558898485254821983e-20
8.993768676789977690e+03 2.222678353139029095e-19 3.855216419315499174e-20
8.998774604723033917e+03 3.217928064002676128e-19 4.323183024309822050e-20
9.003780532656088326e+03 2.503085427269839616e-19 4.260761119910632161e-20
9.008786460589144554e+03 8.090601127826344609e-20 3.086203519241790473e-20
9.013792388522200781e+03 5.948362635238708277e-20 2.675919832797443337e-20
9.018798316455257009e+03 6.332071619500943536e-20 2.763191968908466725e-20
9.023804244388313236e+03 3.506607349139485609e-20 2.849163240865840587e-20
9.028810172321367645e+03 9.729418406781720737e-20 2.930136845074248591e-20
9.033816100254423873e+03 2.133298639001794088e-19 3.302704832160891220e-20
9.038822028187478281e+03 2.298532492976336209e-20 3.346642185724262772e-20
9.043827956120534509e+03 1.840037020546879210e-19 3.688767150818982948e-20
9.048833884053590737e+03 6.409760178419049844e-20 3.708424483682720781e-20
9.053839811986646964e+03 9.621479261001941362e-20 3.469522647522600668e-20
9.058845739919703192e+03 5.537978379560518409e-20 2.910817618759222904e-20
9.063851667852757600e+03 7.569755361085134280e-20 3.017158425596819047e-20
9.068857595785813828e+03 1.132219326538967665e-19 3.186886008470687519e-20
9.073863523718868237e+03 6.516552589559359104e-20 3.236514921215865654e-20
9.078869451651924464e+03 5.814019799029738291e-20 3.281794884258407380e-20
9.083875379584980692e+03 6.121851132390894517e-20 3.391004309702337628e-20
9.088881307518036920e+03 8.917080022578369447e-20 3.574943603576562665e-20
9.093887235451093147e+03 1.239640114012262522e-19 3.557759103167085499e-20
9.098893163384147556e+03 1.187792950056415912e-19 3.563249427148613256e-20
9.103899091317203784e+03 7.708461907356541564e-20 3.326767655366842061e-20
9.108905019250258192e+03 5.114562508012785801e-20 2.929113283963264474e-20
9.113910947183314420e+03 4.494970371120399407e-20 2.721803852143837035e-20
9.118916875116370647e+03 5.357432757333678930e-20 2.757895902879898441e-20
9.123922803049426875e+03 7.195290558270467837e-20 2.815553128785870071e-20
9.128928730982483103e+03 5.179550414423257362e-20 2.892791633770564041e-20
9.133934658915537511e+03 4.301693459509616575e-20 2.950014505404092689e-20
9.138940586848593739e+03 7.827488354773310462e-20 2.975071186679451934e-20
9.143946514781648148e+03 1.048523514144249219e-19 3.026311333635071234e-20
9.148952442714704375e+03 8.902511034470298363e-20 3.152012883350400287e-20
9.153958370647760603e+03 1.403091609852636307e-19 3.245264438861075620e-20
9.158964298580816831e+03 8.441668946761782917e-20 3.145465359741438722e-20
9.163970226513873058e+03 1.141827741036358659e-19 3.005566863873508217e-20
9.168976154446927467e+03 2.420547613097859075e-20 2.815623294385800672e-20
9.173982082379983694e+03 5.237149767011736477e-20 2.863688545019660834e-20
9.178988010313038103e+03 6.750473131204602480e-20 3.006355712641240062e-20
9.183993938246094331e+03 2.555765737704746209e-20 3.131297212231388728e-20
9.188999866179150558e+03 -5.591776231292400728e-21 3.230286510383687220e-20
9.194005794112206786e+03 6.072252374994534724e-20 3.331563203087759192e-20
9.199011722045263014e+03 8.310178589075075054e-21 3.376207811313318675e-20
9.204017649978317422e+03 4.369345676313597070e-20 3.391743563440435845e-20
9.209023577911373650e+03 1.403691463837957678e-20 3.435785109535562055e-20
9.214029505844428058e+03 4.682640135028615487e-20 3.452116471806549174e-20
9.219035433777484286e+03 9.053776026046444115e-20 3.496681395409414673e-20
9.224041361710540514e+03 2.173570106052014593e-20 3.414248404727596061e-20
9.229047289643596741e+03 5.090779121664040082e-20 3.325451980080162513e-20
9.234053217576652969e+03 3.309038011933626436e-20 3.170709119771558892e-20
9.239059145509707378e+03 7.048469575635505292e-20 3.218890712791670316e-20
9.244065073442761786e+03 4.286948909490314605e-20 3.342640791850049009e-20
9.249071001375818014e+03 2.069420176099542093e-20 3.406774945179608461e-20
9.254076929308874242e+03 8.248259753608870084e-20 3.341426194588174576e-20
9.259082857241930469e+03 6.003566171413876081e-20 3.262960245804070287e-20
9.264088785174986697e+03 3.730037725188581349e-20 3.150185034650872640e-20
9.269094713108042924e+03 2.832566935794595908e-20 2.981383317883824220e-20
9.274100641041097333e+03 4.088492588153631591e-20 2.865959604051292356e-20
9.279106568974151742e+03 5.632315226157250456e-20 2.935855473460883615e-20
9.284112496907207969e+03 6.051637477111747475e-20 3.151159417937874048e-20
9.289118424840264197e+03 8.290919090292767724e-20 3.435582032971681679e-20
9.294124352773320425e+03 1.169017592058781531e-19 3.553864744177781143e-20
9.299130280706376652e+03 1.432321955617405186e-19 4.669446719953356649e-20
9.304136208639432880e+03 1.179559878362763680e-19 7.030726073338425818e-20
9.309142136572487289e+03 1.097318270638413895e-19 8.998652477917616259e-20
9.314148064505541697e+03 1.361358370039925533e-19 8.224923757284601269e-20
9.319153992438597925e+03 8.143909442097138656e-20 7.759641980576695454e-20
9.324159920371654152e+03 7.664702622688290018e-20 6.723866328221771910e-20
9.329165848304710380e+03 2.167307407973420251e-19 5.568870730824173598e-20
9.334171776237766608e+03 7.537243414942830485e-20 4.771230823769718447e-20
9.339177704170821016e+03 5.903327363921636821e-20 4.734063277506349082e-20
9.344183632103877244e+03 3.172771250441073929e-19 4.412027075610446737e-20
9.349189560036931653e+03 1.172184127069868275e-19 4.117446112555517152e-20
9.354195487969987880e+03 1.505041340047667024e-19 4.021000047328974017e-20
9.359201415903044108e+03 1.725346692532410706e-19 3.869101447185608561e-20
9.364207343836100335e+03 6.142303964103416376e-20 4.240149631018929639e-20
9.369213271769156563e+03 1.366522696358545898e-19 8.179859318853588983e-20
9.374219199702210972e+03 1.647548685248825086e-19 9.131654516163977892e-20
9.379225127635267199e+03 2.600498180421353660e-19 8.040767865580051729e-20
9.384231055568321608e+03 1.177316763088398319e-19 4.661946560155803630e-20
9.389236983501377836e+03 9.231568062577879498e-20 3.804688148221046669e-20
9.394242911434434063e+03 1.572637342054516560e-19 3.971150635190478389e-20
9.399248839367490291e+03 2.031282361601365093e-19 4.694178189351753631e-20
9.404254767300546519e+03 4.849677238479113553e-20 4.716275238968181906e-20
9.409260695233600927e+03 1.293600266215197415e-19 4.094128996592867249e-20
9.414266623166657155e+03 2.970681803111189198e-19 5.245700823126297577e-20
9.419272551099711563e+03 3.173372466932923528e-19 5.604216295713555201e-20
9.424278479032767791e+03 1.129126275864521905e-19 4.902657257908269152e-20
9.429284406965824019e+03 2.284501405224666958e-19 4.141598078300403182e-20
9.434290334898880246e+03 1.395632557267360964e-19 6.828756899338620624e-20
9.439296262831936474e+03 1.528258564064711859e-19 7.682333551141863857e-20
9.444302190764990883e+03 1.076628671475263615e-19 7.167772566549194248e-20
9.449308118698047110e+03 3.726823971871595669e-19 4.975859054404963873e-20
9.454314046631101519e+03 1.689480731673024564e-19 6.711319360638729630e-20
9.459319974564157746e+03 1.697918947674630391e-19 7.057192827054028253e-20
9.464325902497213974e+03 6.363539336356237492e-20 5.834545154103952872e-20
9.469331830430270202e+03 1.447532897659826351e-19 6.847762048731881301e-20
9.474337758363326429e+03 2.711201636097921456e-19 8.453536811719366153e-20
9.479343686296380838e+03 1.298869666302477493e-19 7.710167704296338557e-20
9.484349614229437066e+03 1.590335854244472051e-19 4.894467315362055788e-20
9.489355542162491474e+03 1.045156192370225843e-19 3.933891083144484063e-20
9.494361470095547702e+03 1.093069285270661974e-19 4.412518455496586968e-20
9.499367398028603930e+03 1.495588450669124709e-19 5.787864613687409732e-20
9.504373325961660157e+03 2.075840183210483835e-19 5.958778372638175042e-20
9.509379253894716385e+03 1.739437328605652088e-19 5.122862474430611077e-20
9.514385181827770793e+03 2.210954440716044086e-19 6.436242448664492309e-20
9.519391109760827021e+03 2.299413520076330374e-19 6.532845521853131490e-20
9.524397037693881430e+03 2.336420815608890615e-19 5.462951354023947389e-20
9.529402965626937657e+03 -3.851443205764112946e-20 4.074916593962874883e-20
9.534408893559993885e+03 1.678620631513658499e-19 3.979330745146128324e-20
9.539414821493050113e+03 1.773370295251564384e-19 3.882409733327549256e-20
9.544420749426106340e+03 2.793787872512316891e-19 4.213490268139638308e-20
9.549426677359160749e+03 7.712694710558973067e-20 5.279274846799110769e-20
9.554432605292216977e+03 8.550240093401588968e-21 5.627269644491891352e-20
9.559438533225271385e+03 1.161008981523801161e-19 5.807346101364482521e-20
9.564444461158327613e+03 7.821438690096480418e-20 7.300344228524592229e-20
9.569450389091383840e+03 -1.817465954387241719e-19 7.209795952235967703e-20
9.574456317024440068e+03 1.615910290430800717e-19 5.290381046191846376e-20
9.579462244957496296e+03 7.964001594981672302e-20 4.365364569148935551e-20
9.584468172890550704e+03 6.302552355557656921e-20 4.264099523300801230e-20
9.589474100823605113e+03 8.717213915201088155e-21 4.368033649061875089e-20
9.594480028756661341e+03 6.008374647517017552e-20 4.486241576426816813e-20
9.599485956689717568e+03 1.913476493216725794e-19 4.804116892529955176e-20
9.604491884622773796e+03 1.774417887627183563e-19 5.560957888200693731e-20
9.609497812555830023e+03 1.766994463728851632e-19 5.675540988825459240e-20
9.614503740488886251e+03 2.777582895831751946e-19 5.721353154665336020e-20
9.619509668421940660e+03 5.659529924091529482e-20 5.804405401231482540e-20
9.624515596354995068e+03 5.735736985546416661e-20 5.407798220925935087e-20
9.629521524288051296e+03 7.255562117667363850e-21 4.528761830670726849e-20
9.634527452221107524e+03 8.831248883100726278e-20 4.216156065661378567e-20
9.639533380154163751e+03 -3.763432087483220979e-20 4.091556484876113048e-20
9.644539308087219979e+03 1.195883866649246919e-19 4.164254906425767707e-20
9.649545236020274388e+03 1.175492100841436876e-19 4.446414003960458470e-20
9.654551163953330615e+03 1.156457510338413045e-19 4.763206644226252171e-20
9.659557091886385024e+03 1.023362890358608903e-19 4.992839830849841803e-20
9.664563019819441251e+03 2.642076132244269341e-19 5.577256537838032230e-20
9.669568947752497479e+03 7.875984290050304362e-20 5.714277344985855651e-20
9.674574875685553707e+03 3.141422378841999180e-19 5.997341205656494838e-20
9.679580803618609934e+03 1.425212046546543674e-19 6.127410041794745226e-20
9.684586731551664343e+03 1.259042281936071056e-19 6.026811386778908820e-20
9.689592659484720571e+03 1.136657543212923448e-19 5.501614309716280992e-20
9.694598587417774979e+03 3.946454773050705155e-19 6.448483687059984016e-20
9.699604515350831207e+03 2.248764398513113418e-19 6.849500680458900352e-20
9.704610443283887435e+03 3.433062172045603214e-19 6.810609653388332962e-20
9.709616371216943662e+03 1.117966224021321072e-19 6.569969478979152159e-20
9.714622299149999890e+03 1.806134402007708632e-19 8.172518166403415217e-20
9.719628227083054298e+03 3.248737135134701715e-19 8.147812405127091168e-20
9.724634155016110526e+03 -1.867938139593899077e-19 7.079520721540932497e-20
9.729640082949164935e+03 7.092867475799580142e-20 5.870532750320234462e-20
9.734646010882221162e+03 2.711491567948910096e-19 6.152494190407769174e-20
9.739651938815277390e+03 6.226513614963443221e-21 6.211510366591848164e-20
9.744657866748333618e+03 9.038645800377455518e-20 5.872103892294996426e-20
9.749663794681389845e+03 7.215221437984544831e-20 5.579015447873809654e-20
9.754669722614444254e+03 6.984312658503929067e-20 5.302444298586811591e-20
9.759675650547500481e+03 7.253945772083162620e-20 5.245685466060652306e-20
9.764681578480554890e+03 -6.276594852511260472e-20 5.146601645169652537e-20
9.769687506413611118e+03 9.965574615894976167e-20 4.998890620322113367e-20
9.774693434346667345e+03 6.949032711724298827e-20 4.878997962561319253e-20
9.779699362279723573e+03 1.517976437191250730e-19 5.051661825306142494e-20
9.784705290212779801e+03 2.218833713594660756e-19 7.205440559661714418e-20
9.789711218145834209e+03 1.626589341258896167e-19 8.710991831784835259e-20
9.794717146078890437e+03 2.167912034673458283e-19 9.125787670419627300e-20
9.799723074011944846e+03 2.335262399521126272e-19 7.360797699331590927e-20
9.804729001945001073e+03 2.866751117138194990e-19 6.861075787692928864e-20
9.809734929878057301e+03 2.492443411065380943e-19 6.504337289228869137e-20
9.814740857811113528e+03 1.654194489955353557e-19 6.338097958003844712e-20
9.819746785744169756e+03 1.843075090173080493e-19 5.817778565430792976e-20
9.824752713677224165e+03 7.079482079651975840e-20 5.565938502065801678e-20
9.829758641610280392e+03 1.436014303538835216e-19 5.548789294494279747e-20
9.834764569543334801e+03 -1.061292860818679784e-20 5.591271975503882971e-20
9.839770497476391029e+03 1.963449959154686869e-19 5.969526912389685844e-20
9.844776425409447256e+03 1.707304132075708417e-19 7.234991733539412362e-20
9.849782353342503484e+03 2.145979527926004151e-19 7.670248677181721307e-20
9.854788281275559712e+03 2.076431662427336696e-19 7.102980066006938863e-20
9.859794209208614120e+03 1.095418934829154791e-19 6.401212569957229834e-20
9.864800137141670348e+03 2.335896289337032091e-19 8.057840385341685781e-20
9.869806065074724756e+03 1.520112737397757037e-19 9.535671084210172994e-20
9.874811993007780984e+03 1.472713001335532682e-19 9.082196629695254428e-20
9.879817920940837212e+03 1.722602966862886866e-19 7.008210755925931982e-20
9.884823848873893439e+03 1.134129991463342907e-19 6.340172854832550897e-20
9.889829776806949667e+03 2.633006057071838960e-19 7.497668757349782407e-20
9.894835704740004076e+03 2.365253306270624383e-19 7.981351487951651312e-20
9.899841632673058484e+03 1.315031014652779235e-19 7.531638357926679617e-20
9.904847560606114712e+03 2.129965512799547756e-19 6.838294338960526505e-20
9.909853488539170939e+03 7.329061803130210252e-19 9.236403884571259863e-20
9.914859416472227167e+03 -3.405746368692858305e-20 9.449751111348657653e-20
9.919865344405283395e+03 3.794407528448716928e-19 8.317038302917001549e-20
9.924871272338339622e+03 1.160455428736796018e-19 6.396278244193432955e-20
9.929877200271394031e+03 1.704279811175316485e-19 6.402481104735860273e-20
9.934883128204448440e+03 5.562564188791864524e-19 7.545379709683958995e-20
9.939889056137504667e+03 9.301359317499588167e-19 1.076542804417508093e-19
9.944894984070560895e+03 4.498043866078921496e-19 1.282953762361937335e-19
9.949900912003617123e+03 6.952737156458043577e-19 1.256684393559412260e-19
9.954906839936673350e+03 4.118262753224786088e-20 1.196534582531541381e-19
9.959912767869729578e+03 3.650361426699440237e-19 1.198163949820657108e-19
9.964918695802783986e+03 2.601747078128384906e-20 1.032166974411860291e-19
9.969924623735838395e+03 3.552258241946145801e-19 9.069870870783031310e-20
9.974930551668894623e+03 1.263803915086591723e-19 8.964946959622520764e-20
9.979936479601950850e+03 1.444847610311077158e-19 8.551888835087731289e-20
9.984942407535007078e+03 1.900893016066844679e-19 8.090970142801486443e-20
9.989948335468063306e+03 2.593707659627581714e-19 7.910515874366522748e-20
9.994954263401117714e+03 2.930399036648023473e-19 8.153233989000772758e-20
9.999960191334173942e+03 1.833449753017460354e-19 8.180413819708098569e-20
1.000496611926722835e+04 1.046164891717228759e-18 9.400709998195605492e-20
1.000997204720028458e+04 1.589807097355621426e-18 1.188073315146128018e-19
1.001497797513334081e+04 9.145861073494652414e-19 1.196306138010281677e-19
1.001998390306639703e+04 8.332114913046874513e-19 1.059043965627267474e-19
1.002498983099945326e+04 4.129087454660645088e-19 9.492548556429191941e-20
1.002999575893250767e+04 -6.868090410400069568e-20 9.150352584219372098e-20
1.003500168686556390e+04 -3.434515359936112073e-20 7.947305867678950802e-20
1.004000761479861831e+04 2.241018485339483916e-19 8.159885309764464673e-20
1.004501354273167453e+04 2.461266504596485972e-19 8.010682733493194574e-20
1.005001947066473076e+04 3.051354042344793271e-19 7.612195055795026400e-20
1.005502539859778699e+04 3.942023782771723945e-19 7.957429959840659327e-20
1.006003132653084322e+04 5.531215640501730064e-20 8.654345178625803995e-20
1.006503725446389763e+04 8.676024000977098777e-21 9.080655306447115202e-20
1.007004318239695385e+04 7.245051692968438215e-20 8.850425230630588362e-20
1.007504911033000826e+04 8.314616613110885679e-19 9.706425022961771829e-20
1.008005503826306449e+04 7.891869662493316954e-19 1.207486177476199644e-19
1.008506096619612072e+04 -7.213077224400415968e-20 1.228662172475060607e-19
1.009006689412917694e+04 8.295473386298103228e-19 1.042703935934904779e-19
1.009507282206223317e+04 3.980953360725421885e-19 9.659007840337062589e-20
1.010007874999528758e+04 3.706847687923259615e-19 1.077231657494525469e-19
1.010508467792834381e+04 2.958757634973894759e-19 1.117549996411324145e-19
1.011009060586139822e+04 1.140145752656670387e-19 1.066944213837228421e-19
1.011509653379445444e+04 2.741469213532905541e-19 1.040499167036627097e-19
1.012010246172751067e+04 5.946419659897199097e-19 1.303458521802715295e-19
1.012510838966056690e+04 4.343766317367695035e-19 1.335169816520888682e-19
1.013011431759362313e+04 2.198014959191520165e-19 1.172552957031743837e-19
1.013512024552667754e+04 4.809436963391139612e-19 9.659767576837708643e-20
1.014012617345973376e+04 1.466986820256536201e-19 9.533525466123743908e-20
1.014513210139278817e+04 1.730635566591914424e-19 9.815776094056021999e-20
1.015013802932584440e+04 -2.745101146355284105e-15 9.641790669313409894e-20
1.015514395725890063e+04 -5.079458938274278517e-15 3.593075252740757842e-20
1.016014988519195686e+04 -2.211256345886470541e-16 3.234253722127944211e-21
1.016515581312501308e+04 0.000000000000000000e+00 0.000000000000000000e+00
1.017016174105806749e+04 0.000000000000000000e+00 0.000000000000000000e+00
1.017516766899112372e+04 0.000000000000000000e+00 0.000000000000000000e+00
1.018017359692417813e+04 0.000000000000000000e+00 0.000000000000000000e+00
1.018517952485723436e+04 0.000000000000000000e+00 0.000000000000000000e+00
1.019018545279029058e+04 0.000000000000000000e+00 0.000000000000000000e+00
1.019519138072334681e+04 0.000000000000000000e+00 0.000000000000000000e+00
1.020019730865640304e+04 0.000000000000000000e+00 0.000000000000000000e+00
1.020520323658945745e+04 0.000000000000000000e+00 0.000000000000000000e+00
1.021020916452251367e+04 0.000000000000000000e+00 0.000000000000000000e+00
1.021521509245556808e+04 0.000000000000000000e+00 0.000000000000000000e+00
1.022022102038862431e+04 0.000000000000000000e+00 0.000000000000000000e+00
1.022522694832168054e+04 0.000000000000000000e+00 0.000000000000000000e+00
1.023023287625473677e+04 0.000000000000000000e+00 0.000000000000000000e+00
1.023523880418779299e+04 0.000000000000000000e+00 0.000000000000000000e+00
1.024024473212084740e+04 0.000000000000000000e+00 0.000000000000000000e+00
1.024525066005390181e+04 0.000000000000000000e+00 0.000000000000000000e+00
1.025025658798695804e+04 0.000000000000000000e+00 0.000000000000000000e+00
1.025526251592001427e+04 0.000000000000000000e+00 0.000000000000000000e+00
1.026026844385307049e+04 0.000000000000000000e+00 0.000000000000000000e+00
1.026527437178612672e+04 0.000000000000000000e+00 0.000000000000000000e+00
1.027028029971918295e+04 0.000000000000000000e+00 0.000000000000000000e+00
1.027528622765223736e+04 0.000000000000000000e+00 0.000000000000000000e+00
1.028029215558529177e+04 0.000000000000000000e+00 0.000000000000000000e+00
1.028529808351834799e+04 0.000000000000000000e+00 0.000000000000000000e+00
1.029030401145140422e+04 0.000000000000000000e+00 0.000000000000000000e+00
1.029530993938446045e+04 0.000000000000000000e+00 0.000000000000000000e+00
