#  wl flam flam_err
4.803806996822357178e+03 -5.621351209684945139e-21 1.762016982211308042e-18
4.808812924755412496e+03 -2.638289726027183799e-19 1.619809417531078916e-18
4.813818852688468723e+03 -1.408970500630636063e-18 1.457129110672130621e-18
4.818824780621524042e+03 -5.939526318250578581e-19 1.309145848353641962e-18
4.823830708554580269e+03 1.087362038381693004e-19 1.191142713665527667e-18
4.828836636487635587e+03 2.301271628394587710e-19 1.093404399196881227e-18
4.833842564420691815e+03 -1.343952938826091641e-18 1.015241968719847710e-18
4.838848492353747133e+03 1.097916187487116292e-19 9.435762794599068619e-19
4.843854420286802451e+03 -3.289055415706242598e-19 8.651246349795758236e-19
4.848860348219858679e+03 -8.835445547342492245e-21 7.783697084261827610e-19
4.853866276152913997e+03 -1.443592245400348743e-19 7.013442689670264242e-19
4.858872204085970225e+03 -6.088927687268140639e-19 6.436382701299532420e-19
4.863878132019025543e+03 -4.544630398784195651e-19 6.087699089997686209e-19
4.868884059952080861e+03 -1.215266881648906330e-19 5.859373146165954511e-19
4.873889987885137089e+03 2.626333707520544980e-19 5.561997125579153523e-19
4.878895915818192407e+03 -1.339248851737913569e-19 5.171663946337038620e-19
4.883901843751248634e+03 -1.173489190598349223e-19 4.744277901209633438e-19
4.888907771684303952e+03 1.511003849541357857e-19 4.311412092086959254e-19
4.893913699617360180e+03 -8.006055814440375003e-20 3.943479115350372445e-19
4.898919627550415498e+03 -2.702307110061360343e-19 3.741938290478642741e-19
4.903925555483470816e+03 -2.029359823582229069e-19 3.637246344033455428e-19
4.908931483416527044e+03 -1.929410144574981203e-19 3.565295060648072579e-19
4.913937411349582362e+03 -4.266869561350643652e-20 3.461911480063250766e-19
4.918943339282638590e+03 3.891187596360708767e-19 3.274131182902721022e-19
4.923949267215693908e+03 6.592438547474483926e-19 3.057423171481263199e-19
4.928955195148750136e+03 2.010597355575218969e-19 2.856015498967446365e-19
4.933961123081805454e+03 8.241727801656884776e-20 2.761134719372255962e-19
4.938967051014860772e+03 3.795900845670253563e-20 2.755489210246434978e-19
4.943972978947916999e+03 2.601826434671202989e-21 2.797082125246706801e-19
4.948978906880972318e+03 -4.559159585780612448e-19 2.842840678281663988e-19
4.953984834814028545e+03 3.535097046508928618e-19 2.841174736902741483e-19
4.958990762747083863e+03 1.569576629793984673e-19 2.791810396334179544e-19
4.963996690680139181e+03 3.545054553523746038e-19 2.688097711341718528e-19
4.969002618613195409e+03 2.905553420006055200e-19 2.597082862748618259e-19
4.974008546546250727e+03 -2.161992195025228677e-19 2.543990822640148038e-19
4.979014474479306955e+03 5.001368767779605987e-20 2.535078616852296009e-19
4.984020402412362273e+03 -3.519288350141559329e-19 2.513713241999864814e-19
4.989026330345418501e+03 -7.603176484616333478e-20 2.474979921842156517e-19
4.994032258278473819e+03 8.734141743808238638e-20 2.377726723546174901e-19
4.999038186211529137e+03 3.198210510069154574e-19 2.185645744721683297e-19
5.004044114144585365e+03 1.283937726461265224e-19 1.972993307191086534e-19
5.009050042077640683e+03 -6.004757316929178481e-20 1.833202910163516634e-19
5.014055970010696910e+03 1.214317296697288684e-19 1.755675974160229916e-19
5.019061897943752228e+03 1.588082039406022170e-19 1.763598405302357492e-19
5.024067825876807547e+03 9.982735089640702890e-20 1.796287838800379918e-19
5.029073753809863774e+03 6.973727559125311490e-20 1.818620538123096657e-19
5.034079681742919092e+03 2.692122369702140994e-19 1.813237338800148842e-19
5.039085609675975320e+03 1.055344264103000942e-19 1.758406973741290587e-19
5.044091537609030638e+03 -3.272534704993595900e-20 1.702692743479177174e-19
5.049097465542086866e+03 -9.885903877268413632e-20 1.658756869111270294e-19
5.054103393475142184e+03 -2.848462422490914684e-20 1.649862055801940858e-19
5.059109321408197502e+03 1.794725644415987608e-20 1.666102708757361748e-19
5.064115249341253730e+03 2.196022386189219895e-19 1.677001070854848886e-19
5.069121177274309048e+03 1.209216452898450136e-19 1.660929032506398783e-19
5.074127105207365275e+03 -1.745628936147487730e-19 1.620351821573744432e-19
5.079133033140420594e+03 -7.107328433044682225e-20 1.548854242262028464e-19
5.084138961073476821e+03 -9.137064650312470228e-20 1.463859121301393039e-19
5.089144889006532139e+03 -9.078595643973706464e-22 1.382227128586291674e-19
5.094150816939587457e+03 2.453968252198404057e-20 1.339903534503073875e-19
5.099156744872643685e+03 -2.063071653751856522e-19 1.345179693159347811e-19
5.104162672805699003e+03 -1.041352135976898936e-19 1.386762842244138195e-19
5.109168600738755231e+03 2.323725331192229594e-20 1.435294877282694387e-19
5.114174528671810549e+03 9.185023800291756740e-20 1.486182408224165876e-19
5.119180456604865867e+03 2.617228510808230908e-19 1.489095611450844607e-19
5.124186384537922095e+03 -6.745178754246564699e-20 1.461201928668199057e-19
5.129192312470977413e+03 -4.101490812405998084e-20 1.382055334419997760e-19
5.134198240404033641e+03 1.502866115968064403e-19 1.327703227703345160e-19
5.139204168337088959e+03 4.577777873960634334e-20 1.294968888026627610e-19
5.144210096270145186e+03 5.775844928950364784e-20 1.294255952839494295e-19
5.149216024203200504e+03 -1.293149099661225617e-19 1.304043588969280088e-19
5.154221952136255823e+03 2.332978845771447563e-20 1.303574273247232008e-19
5.159227880069312050e+03 -1.479830246465966729e-19 1.261538185162973982e-19
5.164233808002367368e+03 4.027397367817172312e-20 1.197378161698322397e-19
5.169239735935423596e+03 1.033738842372605592e-19 1.111359678691160389e-19
5.174245663868478914e+03 9.860005378100959777e-20 1.032594999606557485e-19
5.179251591801534232e+03 2.156510436722171931e-19 9.812219072642849582e-20
5.184257519734590460e+03 1.439566379818938480e-19 9.572063240983568079e-20
5.189263447667645778e+03 -1.095284910658951122e-19 9.671100875302343760e-20
5.194269375600702006e+03 8.786102597721788586e-20 1.003015458760569338e-19
5.199275303533757324e+03 -9.715731333707548237e-20 1.046573532291432774e-19
5.204281231466813551e+03 1.673470927644955978e-19 1.075342932972068816e-19
5.209287159399868870e+03 1.502587245743873804e-19 1.075342874692164566e-19
5.214293087332924188e+03 4.482059326910374086e-20 1.068762393858759913e-19
5.219299015265980415e+03 1.509654314691648821e-19 1.060064358112038423e-19
5.224304943199035733e+03 1.067153581435767079e-19 1.041664742632237692e-19
5.229310871132091961e+03 -3.452223448693694281e-20 1.037682995152238383e-19
5.234316799065147279e+03 -1.033673336815233560e-20 1.053057910009428391e-19
5.239322726998203507e+03 -1.138050458136522118e-20 1.090250966455896523e-19
5.244328654931258825e+03 2.773851787601431388e-20 1.116179566011252766e-19
5.249334582864314143e+03 1.834850337564390438e-19 1.134318231246973470e-19
5.254340510797370371e+03 1.092502545929026397e-19 1.108381161454656688e-19
5.259346438730425689e+03 1.362103463680583714e-19 1.056637361918854803e-19
5.264352366663481916e+03 5.386796841548488192e-20 9.906110678976494841e-20
5.269358294596537235e+03 1.321120202752263537e-19 9.317452414283065491e-20
5.274364222529593462e+03 1.082307421879673942e-19 8.949045188218082019e-20
5.279370150462648780e+03 1.750448507759151718e-20 8.775089401584587182e-20
5.284376078395704099e+03 9.745510834416996955e-20 8.803463321602734302e-20
5.289382006328760326e+03 2.346773784044958402e-19 9.068515819707174607e-20
5.294387934261815644e+03 1.156735174406185179e-19 9.409275843292429933e-20
5.299393862194871872e+03 6.436009471777790090e-21 9.705192181232785281e-20
5.304399790127927190e+03 -2.551080932122454194e-20 9.927140775719221617e-20
5.309405718060982508e+03 -1.044823055717974131e-19 9.875747560315414048e-20
5.314411645994038736e+03 2.970704749040020248e-20 9.665729261210852304e-20
5.319417573927094054e+03 -1.005572998732825058e-19 9.311852979202498056e-20
5.324423501860150282e+03 9.897350330134010325e-21 8.972610601783460269e-20
5.329429429793205600e+03 1.194581064524741401e-19 8.649712998946597548e-20
5.334435357726260918e+03 -1.523210648295643656e-19 8.579573159422909720e-20
5.339441285659317145e+03 -6.987798247713644820e-20 8.593220727717011897e-20
5.344447213592372464e+03 -1.794329940129798762e-21 8.849020625235919780e-20
5.349453141525428691e+03 3.361373534063251924e-20 9.091110970648747657e-20
5.354459069458484009e+03 -5.163043446066152140e-20 9.289416160817311860e-20
5.359464997391540237e+03 6.486212546620912853e-20 9.345155745673257597e-20
5.364470925324595555e+03 3.412923920634140603e-20 9.319477576187885001e-20
5.369476853257650873e+03 1.527678190264096943e-19 9.257839597368982250e-20
5.374482781190707101e+03 1.284496931187117625e-19 9.143386109720143767e-20
5.379488709123762419e+03 1.008630981229579605e-19 8.963025917028516006e-20
5.384494637056818647e+03 -1.115288851728189548e-20 8.743101797695861364e-20
5.389500564989873965e+03 5.417995490761168734e-20 8.638741787622446252e-20
5.394506492922930192e+03 -6.854611272171617187e-20 8.630917565638461147e-20
5.399512420855985511e+03 -2.671934543789585898e-20 8.766662224321206286e-20
5.404518348789040829e+03 1.920728718586539446e-19 8.982272763809975830e-20
5.409524276722097056e+03 2.356624700907312222e-19 9.168985594892288789e-20
5.414530204655152374e+03 6.428242700913440714e-20 9.143585114425376294e-20
5.419536132588208602e+03 7.818611321319216625e-20 9.028717156255850744e-20
5.424542060521263920e+03 -6.328229805358117799e-20 8.691101690358038788e-20
5.429547988454320148e+03 2.905683535397942075e-20 8.306545004036858987e-20
5.434553916387375466e+03 -1.479908003417198505e-20 7.884129987407884250e-20
5.439559844320430784e+03 -2.611614197228916897e-20 7.550570116325051419e-20
5.444565772253487012e+03 -5.425935733787909062e-20 7.290092150982994423e-20
5.449571700186542330e+03 2.425585495649523198e-21 7.236008811657699872e-20
5.454577628119598558e+03 4.135752645895241246e-20 7.248213213211384401e-20
5.459583556052653876e+03 1.252677417970977124e-19 7.415888394257454597e-20
5.464589483985709194e+03 1.502256069963860433e-19 7.561085661311333913e-20
5.469595411918765421e+03 2.359143019808300981e-20 7.658653043566566818e-20
5.474601339851820740e+03 -8.971463878308024651e-20 7.740820487632965878e-20
5.479607267784876967e+03 9.093050918659839391e-20 7.847393695389652794e-20
5.484613195717932285e+03 8.454831197410662413e-20 7.880984193843889070e-20
5.489619123650987603e+03 -2.379063194081192923e-20 7.879182514111943135e-20
5.494625051584043831e+03 -5.407977102119791069e-20 7.821527141020949680e-20
5.499630979517099149e+03 -1.139949451637514316e-19 7.780339962068430907e-20
5.504636907450155377e+03 3.903956719440072885e-20 7.873723405275681935e-20
5.509642835383210695e+03 1.111613089019175376e-19 7.873537392095043503e-20
5.514648763316266923e+03 1.555032881390558381e-19 7.860359402021035480e-20
5.519654691249322241e+03 -6.136911077609146717e-20 7.859676930582166095e-20
5.524660619182377559e+03 5.317979178355662703e-20 7.858405780821028650e-20
5.529666547115433787e+03 1.676870906168657491e-19 7.802456162433070265e-20
5.534672475048489105e+03 -1.782503840834205472e-23 7.727637326410877769e-20
5.539678402981545332e+03 1.879411332198730146e-20 7.630311437443784080e-20
5.544684330914600650e+03 -1.320569966370866867e-19 7.447125509430227867e-20
5.549690258847656878e+03 2.722103557679799928e-20 7.140119187952053865e-20
5.554696186780712196e+03 -3.844681193571791952e-20 6.807135506686616311e-20
5.559702114713767514e+03 4.517641202984191822e-20 6.573530443060995878e-20
5.564708042646823742e+03 4.431665068347815940e-20 6.441049068379870790e-20
5.569713970579879060e+03 4.144024768478394545e-20 8.842428631600003438e-20
5.574719898512935288e+03 3.995591437284702734e-20 1.312815958683417163e-19
5.579725826445990606e+03 3.249545327736866009e-20 1.335605014320718233e-19
5.584731754379046833e+03 2.256505758705212354e-20 9.050635086763711488e-20
5.589737682312102152e+03 2.252553937869038230e-20 6.357212148660803429e-20
5.594743610245157470e+03 2.339271789295225039e-20 6.467165876085288778e-20
5.599749538178213697e+03 2.518642805962776674e-20 6.733892845398378041e-20
5.604755466111269016e+03 1.544480696613993859e-19 6.941392045918675978e-20
5.609761394044325243e+03 5.792796681716632319e-20 7.038577402228618029e-20
5.614767321977380561e+03 -2.807018950460239043e-20 7.017795624126623079e-20
5.619773249910436789e+03 1.308944348781069424e-19 7.072831723554877817e-20
5.624779177843492107e+03 1.266471272852249817e-19 7.013359023463614592e-20
5.629785105776547425e+03 2.077228935756707379e-19 6.907626624712892703e-20
5.634791033709603653e+03 -8.238458893340861999e-21 6.620214314139555497e-20
5.639796961642658971e+03 2.253350080480420934e-20 6.054324937579100760e-20
5.644802889575714289e+03 2.111467844493872032e-22 5.852799509461775340e-20
5.649808817508770517e+03 -1.696264141501009953e-20 5.992772786048982302e-20
5.654814745441825835e+03 1.202884036232235710e-19 6.184858362024984660e-20
5.659820673374882062e+03 4.037446148946785936e-20 6.285637939390091622e-20
5.664826601307937381e+03 1.495828744290924655e-20 6.408028589931845248e-20
5.669832529240993608e+03 4.789119554286754278e-21 6.533528420778272456e-20
5.674838457174048926e+03 7.778865097371464037e-20 6.567500338934296323e-20
5.679844385107104245e+03 6.211198538913340655e-20 6.636194598408411586e-20
5.684850313040160472e+03 6.279715986305493397e-20 6.601360228142356853e-20
5.689856240973215790e+03 1.233620514567746699e-19 6.602061026745026316e-20
5.694862168906272018e+03 3.472775825016925205e-20 6.540253777541398680e-20
5.699868096839327336e+03 -1.387768839154260011e-19 6.471600315662281390e-20
5.704874024772383564e+03 1.831060375514253931e-20 6.366077577753168418e-20
5.709879952705438882e+03 5.957392292376701732e-20 6.304137760137210928e-20
5.714885880638494200e+03 8.773093994793977589e-20 6.311222432569097174e-20
5.719891808571550428e+03 -1.223340460899047837e-20 6.353475878707855182e-20
5.724897736504605746e+03 -1.141133939809446804e-20 6.433491131170181149e-20
5.729903664437661973e+03 -5.680863747259478892e-20 6.496789422320139187e-20
5.734909592370717291e+03 -7.922478127070684488e-20 6.622769595112219572e-20
5.739915520303773519e+03 3.664029820348088016e-20 6.765882454756504483e-20
5.744921448236828837e+03 1.103512662771842896e-19 6.952092372527841882e-20
5.749927376169884155e+03 1.533716447840282220e-20 7.135236092733213262e-20
5.754933304102940383e+03 1.676489346493573679e-19 7.236872070757882767e-20
5.759939232035995701e+03 3.162302757799536091e-20 7.267504813037251834e-20
5.764945159969051929e+03 2.792532465719974053e-20 7.208877968969791113e-20
5.769951087902107247e+03 1.340942476297853060e-19 6.885765225245029223e-20
5.774957015835163475e+03 8.429869165975351493e-20 6.624079828483710049e-20
5.779962943768218793e+03 3.777601643580763516e-20 6.364878871538440585e-20
5.784968871701274111e+03 -9.573366824461546510e-21 6.105705159146489316e-20
5.789974799634330338e+03 7.222275023849106410e-20 5.938712055156518309e-20
5.794980727567385657e+03 1.287499952421086505e-19 5.845830464728782723e-20
5.799986655500441884e+03 1.021531395967316226e-19 5.713894010240018978e-20
5.804992583433497202e+03 5.038281722795558112e-20 5.627785165929316508e-20
5.809998511366552520e+03 2.936324090756663768e-20 5.640974235422283732e-20
5.815004439299608748e+03 1.598862202747213971e-19 5.692109808083909233e-20
5.820010367232664066e+03 -8.114523350312412448e-20 5.800892472027506027e-20
5.825016295165720294e+03 9.827591968850793179e-20 5.941538301383465730e-20
5.830022223098775612e+03 4.069930619456783601e-20 6.086178568840219045e-20
5.835028151031830930e+03 -9.586340079375717263e-21 6.216979971044023143e-20
5.840034078964887158e+03 -3.588254056053358427e-20 6.260567370987571547e-20
5.845040006897942476e+03 1.203045328755452089e-20 6.332940465674807960e-20
5.850045934830998704e+03 1.652706260306897601e-19 6.393328051610865547e-20
5.855051862764054022e+03 9.918196998407551404e-21 6.407909317348237662e-20
5.860057790697110249e+03 5.657446202507590036e-20 6.532682077858634135e-20
5.865063718630165567e+03 1.917388190161439547e-19 6.778292001617900785e-20
5.870069646563220886e+03 7.911416110776697204e-20 6.698649847746752134e-20
5.875075574496277113e+03 1.476263246355664383e-19 6.324572934681300565e-20
5.880081502429332431e+03 1.658156982436947143e-19 6.253649071290686727e-20
5.885087430362388659e+03 9.106825152033335851e-20 7.052861366036548729e-20
5.890093358295443977e+03 1.987628417895156373e-19 7.512726689405071079e-20
5.895099286228500205e+03 -1.932861005548032199e-20 6.910834416040332322e-20
5.900105214161555523e+03 2.910493045746291411e-20 6.050857098141264335e-20
5.905111142094610841e+03 1.414014103507186008e-19 5.672672401898744985e-20
5.910117070027667069e+03 1.223793458408232915e-19 5.800604920905164900e-20
5.915122997960722387e+03 1.329961164000577171e-21 5.863036713088948010e-20
5.920128925893778614e+03 1.118954575326091588e-19 5.869378405286401243e-20
5.925134853826833933e+03 8.287714967039294243e-20 5.917272047357744106e-20
5.930140781759890160e+03 1.074429618718567252e-19 6.044408698229124245e-20
5.935146709692945478e+03 1.337597017506619930e-19 6.002533176511795354e-20
5.940152637626000796e+03 -1.836468205770560945e-20 5.880510074344422382e-20
5.945158565559057024e+03 2.938793047387385104e-20 5.903968656222742050e-20
5.950164493492112342e+03 5.546374887462244213e-20 6.011116186571568177e-20
5.955170421425167660e+03 9.967547391801389376e-20 5.971213308977249379e-20
5.960176349358223888e+03 6.957716904092891576e-20 5.783318759377685622e-20
5.965182277291280116e+03 -1.931552218687424804e-20 5.687366398642008618e-20
5.970188205224335434e+03 -4.811404433863020684e-20 5.689338513635544589e-20
5.975194133157390752e+03 3.175392239951919631e-20 5.687284625524433093e-20
5.980200061090446980e+03 1.832173988111793594e-19 5.536792317941682100e-20
5.985205989023502298e+03 1.200607038943878155e-20 5.352553108780810552e-20
5.990211916956557616e+03 1.221079637793648012e-19 5.236761642155906192e-20
5.995217844889613843e+03 1.934998502471100062e-19 5.210449151932780769e-20
6.000223772822669162e+03 1.317370758418863832e-19 5.200700454690449747e-20
6.005229700755725389e+03 1.415204043743780015e-19 5.160169995307512210e-20
6.010235628688780707e+03 1.637073319804936885e-19 5.163081144625322202e-20
6.015241556621836935e+03 4.727150203508724605e-20 5.183350841741962596e-20
6.020247484554892253e+03 -1.931560967520580649e-20 5.204641143585452813e-20
6.025253412487947571e+03 8.670988509784358766e-20 5.210820162738751634e-20
6.030259340421003799e+03 1.446061269765681602e-19 5.220042314312225067e-20
6.035265268354059117e+03 1.526281778419426086e-20 5.231948055065787661e-20
6.040271196287115345e+03 8.340453471538663826e-21 5.246252785823666703e-20
6.045277124220170663e+03 -2.624928931904806907e-20 5.233800766155739221e-20
6.050283052153226890e+03 4.037678396243960343e-20 5.248272625128191279e-20
6.055288980086282209e+03 1.069375227659245929e-20 5.291909205642384373e-20
6.060294908019337527e+03 -1.320890134125436748e-21 5.366854796582609805e-20
6.065300835952393754e+03 6.213679969847367503e-20 5.392494559174651619e-20
6.070306763885449072e+03 8.860696663716757894e-20 5.368660122435855147e-20
6.075312691818505300e+03 1.158852159437711862e-19 5.310173370677745193e-20
6.080318619751560618e+03 5.327555659231341572e-20 5.192189795242430035e-20
6.085324547684616846e+03 5.948881865785861212e-20 5.150923906125612759e-20
6.090330475617672164e+03 -7.574974932193464627e-21 5.051734231726011169e-20
6.095336403550727482e+03 3.261041678499014629e-20 4.984961126236793776e-20
6.100342331483783710e+03 -5.606014459317165275e-20 4.924303192655015561e-20
6.105348259416839028e+03 -2.468387874475537492e-20 4.862322373714899971e-20
6.110354187349894346e+03 8.805848163177706472e-20 4.796998388651962617e-20
6.115360115282950574e+03 1.083813950580451525e-19 4.727373175108306200e-20
6.120366043216006801e+03 1.644798457028964924e-19 4.685831642350932856e-20
6.125371971149062119e+03 1.116472392582748919e-19 4.647639330103541280e-20
6.130377899082117438e+03 -4.140500214070570234e-20 4.597339915842478872e-20
6.135383827015173665e+03 3.692609827115682990e-20 4.646693426743656097e-20
6.140389754948228983e+03 -4.082345107428331079e-20 4.727285628708377658e-20
6.145395682881284301e+03 1.242690974875878482e-19 4.623161493870784117e-20
6.150401610814340529e+03 1.156275586253438771e-19 4.457133947023696877e-20
6.155407538747396757e+03 1.446385360550710017e-20 4.289236901978786471e-20
6.160413466680452075e+03 7.501672344163165405e-20 4.182126093142517396e-20
6.165419394613507393e+03 3.670925918144802223e-20 4.194494291040956636e-20
6.170425322546563621e+03 -2.643755192288896824e-20 4.253241442532053262e-20
6.175431250479618939e+03 1.338016575831969708e-20 4.218142564804931713e-20
6.180437178412674257e+03 1.279396543448051758e-19 4.153016437061078508e-20
6.185443106345730484e+03 6.297443814755781450e-20 4.180204267464791786e-20
6.190449034278785803e+03 -1.596718433913095252e-21 4.206864337307067781e-20
6.195454962211842030e+03 4.572061398184817223e-20 4.287320918402004736e-20
6.200460890144897348e+03 9.229466662480614034e-20 4.341535261213984935e-20
6.205466818077953576e+03 6.520467564028057888e-20 4.372484566831848783e-20
6.210472746011008894e+03 1.156833207999327258e-19 4.325471997649997412e-20
6.215478673944064212e+03 -9.190913617638254764e-21 4.363656299881192396e-20
6.220484601877120440e+03 -8.902575505452936519e-20 4.399696414405877186e-20
6.225490529810175758e+03 2.520450289978120842e-20 4.417592011298134230e-20
6.230496457743231986e+03 1.046900249123595819e-19 4.715523725589732090e-20
6.235502385676287304e+03 1.633964968771006542e-19 4.949975399114417944e-20
6.240508313609343531e+03 1.166279171803915795e-19 4.878284007531851486e-20
6.245514241542398850e+03 1.186967446229511838e-19 4.550686526183357666e-20
6.250520169475454168e+03 3.584519581645365574e-20 4.592788322126647615e-20
6.255526097408510395e+03 4.488698617547441292e-20 4.941186401935295654e-20
6.260532025341565713e+03 -3.198416422310745104e-20 5.106248751883768972e-20
6.265537953274621032e+03 1.120256505281554266e-19 4.920184301142064680e-20
6.270543881207677259e+03 1.851766592148821097e-20 4.834314072430316328e-20
6.275549809140733487e+03 1.222518378540997972e-19 4.753434552007969836e-20
6.280555737073788805e+03 -4.297768820576121732e-20 4.747080187360209044e-20
6.285561665006844123e+03 1.048708216481191607e-19 4.802668912746249027e-20
6.290567592939900351e+03 1.303652832222132877e-19 4.917999505567101545e-20
6.295573520872955669e+03 4.152637043281489170e-20 6.185896084971040935e-20
6.300579448806010987e+03 6.448776440136203580e-20 6.559945843722265556e-20
6.305585376739067215e+03 1.673566657043155585e-19 5.718044010205224495e-20
6.310591304672123442e+03 -1.355216024877633149e-20 4.355811193208008424e-20
6.315597232605178760e+03 1.949051955100057747e-20 3.981264681556350577e-20
6.320603160538234079e+03 -1.114079114833329416e-20 3.975272276803413617e-20
6.325609088471290306e+03 -7.913531557793016442e-20 4.108880764705321654e-20
6.330615016404345624e+03 1.096415692414484364e-19 4.078352387321485263e-20
6.335620944337400942e+03 1.859900599797085448e-20 3.864544189160092076e-20
6.340626872270457170e+03 2.524932802108203992e-20 3.759285518156262670e-20
6.345632800203512488e+03 -8.309600307233480154e-21 3.840825196318180869e-20
6.350638728136568716e+03 1.051244138388638519e-19 3.983471595132902927e-20
6.355644656069624034e+03 3.170235730338321421e-20 4.271763584646196800e-20
6.360650584002680262e+03 7.318903459911238856e-20 4.759668494311738784e-20
6.365656511935735580e+03 -6.316658591698354358e-20 4.704008895059344843e-20
6.370662439868790898e+03 9.916498879516146382e-20 4.242296762530499919e-20
6.375668367801847126e+03 1.691390906383395597e-20 4.089567346333624636e-20
6.380674295734902444e+03 8.423340281375347433e-20 4.268651232796839711e-20
6.385680223667958671e+03 7.946473641724615276e-20 4.371437198509730722e-20
6.390686151601013989e+03 -1.365259132090729429e-20 4.347076987680592953e-20
6.395692079534070217e+03 -1.758228089596928226e-20 4.358898697236919408e-20
6.400698007467125535e+03 1.948617850320535356e-20 4.416452567747917375e-20
6.405703935400180853e+03 1.494871707792705546e-20 4.371402627917265834e-20
6.410709863333237081e+03 -1.383588931120413159e-20 4.336004485141993157e-20
6.415715791266292399e+03 8.354443439985181425e-20 4.309390724939369651e-20
6.420721719199348627e+03 2.024846856106551655e-20 4.220555455242706524e-20
6.425727647132403945e+03 3.096731852955139866e-22 4.129209499311200048e-20
6.430733575065460172e+03 6.114713070104220197e-20 4.057226464731079748e-20
6.435739502998515491e+03 -5.838607577449610694e-21 3.997602289676843670e-20
6.440745430931570809e+03 -2.532250279793416299e-20 3.976888917481322806e-20
6.445751358864627036e+03 4.975723092904590807e-20 3.980519312006366229e-20
6.450757286797682355e+03 6.412666964098978003e-20 3.978575460131642631e-20
6.455763214730737673e+03 4.035446756127100819e-20 4.007087933503291192e-20
6.460769142663793900e+03 -2.413328274789922650e-20 4.190712979145369613e-20
6.465775070596850128e+03 -5.343270294619087324e-20 4.357063635829554728e-20
6.470780998529905446e+03 -5.930959816198402817e-21 4.279634847406369498e-20
6.475786926462960764e+03 5.052477450637085515e-20 4.123445479225666017e-20
6.480792854396016992e+03 2.203236771651443653e-20 3.977152130399255219e-20
6.485798782329072310e+03 3.137113599298853874e-20 3.945863211347149917e-20
6.490804710262127628e+03 -1.250955304845622007e-20 4.100948530311392670e-20
6.495810638195183856e+03 -2.348188600614705752e-20 4.519109229459095943e-20
6.500816566128239174e+03 -2.530771687370996073e-20 4.676686358812748481e-20
6.505822494061295401e+03 8.072719693009645178e-21 4.419855335334783550e-20
6.510828421994350720e+03 6.365124842628198805e-22 4.262273824701646026e-20
6.515834349927406947e+03 6.256096198466884375e-20 4.297969614920774090e-20
6.520840277860462265e+03 3.420112987041268198e-19 4.451741497485084067e-20
6.525846205793517584e+03 3.676977860501214942e-19 4.644974391416144279e-20
6.530852133726573811e+03 2.287981915435050913e-19 4.786764052462363099e-20
6.535858061659629129e+03 1.616684926428947639e-19 4.643820309380239714e-20
6.540863989592685357e+03 -3.149400235157283732e-21 4.376240803242714076e-20
6.545869917525740675e+03 1.571767304741624024e-19 4.356786265829168084e-20
6.550875845458796903e+03 1.052382358010710106e-19 4.443087581331569858e-20
6.555881773391852221e+03 -1.700227921046578708e-20 4.426606899152151232e-20
6.560887701324907539e+03 1.227213336084804543e-19 4.245433471528206176e-20
6.565893629257963767e+03 1.073234163864350953e-19 4.153034357177631827e-20
6.570899557191019085e+03 1.285707428973108493e-19 4.005087932799897213e-20
6.575905485124075312e+03 1.038325403981271873e-19 4.014732185512009309e-20
6.580911413057130630e+03 4.537595523994545758e-20 3.892079734509842638e-20
6.585917340990186858e+03 2.295533033380900833e-20 3.627626924824188378e-20
6.590923268923242176e+03 1.304181425025069848e-19 3.597880370094178304e-20
6.595929196856297494e+03 2.715708133960256517e-20 3.627976398096683586e-20
6.600935124789353722e+03 1.407751098437986704e-19 3.721966411287401666e-20
6.605941052722409040e+03 1.319772929638594197e-19 3.673478738059990551e-20
6.610946980655464358e+03 9.678778762372878942e-20 3.582221621641710750e-20
6.615952908588520586e+03 1.117824678823786634e-19 3.538945545006159661e-20
6.620958836521576814e+03 8.427588143312295718e-20 3.582108555968337799e-20
6.625964764454632132e+03 6.894654065781877386e-20 3.648343224786059289e-20
6.630970692387687450e+03 4.686528277489795696e-20 3.732563389363530031e-20
6.635976620320743677e+03 4.711392484206471483e-20 3.764052074904179083e-20
6.640982548253798996e+03 1.344224481851914823e-19 3.745695610238532826e-20
6.645988476186854314e+03 6.322186117477667904e-20 3.782783248980376601e-20
6.650994404119910541e+03 1.506350914175743024e-19 3.859924468551446072e-20
6.656000332052965859e+03 1.415414387722605782e-19 3.884662168251723440e-20
6.661006259986022087e+03 8.417346544099268305e-20 3.846843425420660310e-20
6.666012187919077405e+03 1.720274137173908742e-19 3.779939335308057228e-20
6.671018115852133633e+03 9.150504546399806857e-20 3.679376622835339912e-20
6.676024043785188951e+03 8.673875499694426945e-20 3.584179573208425362e-20
6.681029971718244269e+03 2.002223494633391165e-20 3.531469565437717315e-20
6.686035899651300497e+03 1.495601008939942819e-19 3.467945006594148747e-20
6.691041827584355815e+03 9.941992354136535014e-20 3.420790489971053045e-20
6.696047755517412043e+03 1.181677434933354789e-19 3.415573396703821774e-20
6.701053683450467361e+03 4.660152345087544785e-20 3.391483285869750687e-20
6.706059611383523588e+03 7.168647850279616865e-20 3.344939472085004886e-20
6.711065539316578906e+03 1.642519616389689326e-20 3.313017416426424304e-20
6.716071467249634225e+03 1.245020154773439058e-19 3.295949174694502260e-20
6.721077395182690452e+03 7.755262446455059056e-20 3.294420449213461756e-20
6.726083323115745770e+03 1.513662626517060392e-19 3.283982961830375869e-20
6.731089251048801998e+03 1.688269352324185459e-19 3.286971213410530163e-20
6.736095178981857316e+03 1.778848931749058654e-19 3.289908106341599965e-20
6.741101106914913544e+03 1.488712722770828727e-19 3.340569631608553860e-20
6.746107034847968862e+03 7.352793447041176795e-20 3.342751143758257039e-20
6.751112962781024180e+03 6.766282331730339457e-20 3.371439100510487770e-20
6.756118890714080408e+03 1.788859521545488490e-20 3.393506276323138574e-20
6.761124818647135726e+03 1.388067668021049628e-19 3.436881288149148652e-20
6.766130746580191044e+03 2.026265022097987533e-19 3.483647615901881521e-20
6.771136674513247272e+03 1.867139335925177575e-19 3.544835819236997411e-20
6.776142602446303499e+03 1.311034711321984552e-19 3.600111987735201858e-20
6.781148530379358817e+03 1.460329595917384301e-19 3.677457897018298749e-20
6.786154458312414135e+03 9.970400559995996730e-20 3.663659537536630558e-20
6.791160386245470363e+03 9.740469358502906186e-20 3.595255706035237641e-20
6.796166314178525681e+03 1.201996579394242480e-19 3.507689077069929727e-20
6.801172242111580999e+03 1.714366646941451581e-19 3.451170397257971064e-20
6.806178170044637227e+03 1.871285317911926562e-19 3.411478919460080169e-20
6.811184097977693455e+03 1.594548800434702774e-19 3.338206507315686144e-20
6.816190025910748773e+03 1.589401408656082365e-19 3.344946508446709017e-20
6.821195953843804091e+03 1.544414809471918639e-19 3.546581290745862790e-20
6.826201881776860318e+03 1.146458366775516784e-19 4.060666374354731604e-20
6.831207809709915637e+03 1.212911651637553595e-19 4.363547583087638355e-20
6.836213737642970955e+03 7.493675195135371335e-21 4.021827896188057825e-20
6.841219665576027182e+03 3.561113003339794599e-20 3.533920647056483332e-20
6.846225593509082501e+03 1.531179666848741608e-19 3.340183442189980807e-20
6.851231521442138728e+03 2.000685239114801159e-19 3.232622809750553776e-20
6.856237449375194046e+03 2.105543174953717388e-19 3.574554715435861449e-20
6.861243377308250274e+03 2.137707186076274490e-19 4.491464021662025405e-20
6.866249305241305592e+03 1.880393591705953276e-19 4.835179400677784657e-20
6.871255233174360910e+03 1.219945777743078782e-19 4.577358903327751791e-20
6.876261161107417138e+03 1.159346264553422436e-19 4.352446208192611445e-20
6.881267089040473365e+03 1.718561132882357634e-19 4.236374034678836851e-20
6.886273016973527774e+03 9.124021951167038989e-20 4.300430074508702004e-20
6.891278944906584002e+03 9.155473894465742738e-20 4.342180006577327910e-20
6.896284872839640229e+03 1.376524353191504867e-19 4.444195431888488072e-20
6.901290800772695547e+03 1.889815267969404511e-19 4.453711319093168582e-20
6.906296728705750866e+03 1.280975126552781376e-19 4.517165284888590138e-20
6.911302656638807093e+03 6.276028901266994227e-20 4.465544967347698747e-20
6.916308584571862411e+03 4.594682688762194349e-20 4.604075154439884883e-20
6.921314512504917730e+03 2.772978740037213986e-20 4.569049175866048757e-20
6.926320440437973957e+03 2.641308078145908749e-19 4.263098148459893215e-20
6.931326368371030185e+03 1.463452081577727252e-19 3.744269696825165710e-20
6.936332296304085503e+03 8.941232092443016149e-20 3.848829217702730114e-20
6.941338224237140821e+03 1.149680580230751959e-19 3.939830670850062837e-20
6.946344152170197049e+03 1.689000405580841632e-19 4.152311845534680695e-20
6.951350080103252367e+03 1.015179380190544836e-19 4.001277567210272400e-20
6.956356008036307685e+03 8.543361166966221331e-20 3.523650219017333149e-20
6.961361935969363913e+03 8.855642817041431773e-20 3.397484187196669999e-20
6.966367863902420140e+03 1.566367402479901639e-19 3.500717845930723266e-20
6.971373791835475458e+03 6.217424126474430682e-20 3.666300135758801581e-20
6.976379719768530776e+03 -9.206322502562001289e-21 3.775864244225196461e-20
6.981385647701587004e+03 1.037809433168182786e-19 3.709658486606873918e-20
6.986391575634642322e+03 8.313600640251494926e-20 3.418014298640444090e-20
6.991397503567697640e+03 8.622723632673849119e-20 3.370361447435661181e-20
6.996403431500753868e+03 8.395205292280837126e-20 3.447578852852587893e-20
7.001409359433810096e+03 1.179747565370698448e-19 3.571616761236573047e-20
7.006415287366865414e+03 1.862893637152912428e-19 3.750408846627507094e-20
7.011421215299920732e+03 1.314704219487450165e-19 3.749889793045284740e-20
7.016427143232976960e+03 1.574614282196037390e-19 3.691859196514622547e-20
7.021433071166032278e+03 1.297877181696223844e-19 3.605010549823709662e-20
7.026438999099087596e+03 9.736225950213481104e-20 3.703670178515727160e-20
7.031444927032143823e+03 8.094281114700614076e-20 3.767485328836531587e-20
7.036450854965200051e+03 2.071557486804709832e-19 3.905586754561306816e-20
7.041456782898254460e+03 1.106293589616356855e-19 4.039158188614771557e-20
7.046462710831310687e+03 5.534211841021180179e-20 4.102322323172523080e-20
7.051468638764366915e+03 9.766373172319615098e-20 3.996605644649081884e-20
7.056474566697422233e+03 9.252828387788294911e-20 3.795439022678459060e-20
7.061480494630477551e+03 1.577729490139923001e-19 3.725285828022056384e-20
7.066486422563533779e+03 1.226552635004580330e-19 3.712375543015699959e-20
7.071492350496589097e+03 1.272746175202591129e-19 3.646756422138245892e-20
7.076498278429644415e+03 1.249859113209275662e-19 3.617647800995624696e-20
7.081504206362700643e+03 1.374082079624754130e-19 3.586007304536838578e-20
7.086510134295756870e+03 1.663067882254043033e-19 3.577352331531357622e-20
7.091516062228812189e+03 1.024420172925030116e-19 3.503326390679637400e-20
7.096521990161867507e+03 9.443063710289902377e-20 3.400071718585904850e-20
7.101527918094923734e+03 1.142009831454701100e-19 3.381584128650633891e-20
7.106533846027979052e+03 2.283908943260621424e-19 3.371611552159942415e-20
7.111539773961034371e+03 1.726227797385250528e-19 3.386670921299362671e-20
7.116545701894090598e+03 1.101052428435123526e-19 3.363018448943504713e-20
7.121551629827146826e+03 1.804793675461082233e-19 3.419160886384119188e-20
7.126557557760202144e+03 1.118313804753948764e-19 3.489044994043984458e-20
7.131563485693257462e+03 1.356138562403129913e-19 3.522782656700234767e-20
7.136569413626313690e+03 1.415591681000428598e-19 3.565118547628286044e-20
7.141575341559369008e+03 1.033281221932346232e-19 3.694699902830407812e-20
7.146581269492424326e+03 5.669803046309856266e-20 3.727647545296926637e-20
7.151587197425480554e+03 1.146955338272571538e-19 3.706225878319149063e-20
7.156593125358536781e+03 6.829200247282384635e-20 3.721091156383445029e-20
7.161599053291592099e+03 1.042215180040374129e-19 3.810520928757547601e-20
7.166604981224647418e+03 7.298130834799135919e-20 3.828145366671899457e-20
7.171610909157703645e+03 1.229982597608366092e-19 3.748040775114690918e-20
7.176616837090758963e+03 9.250947916526065749e-20 3.669284493350065170e-20
7.181622765023814281e+03 1.556313440430406642e-19 3.526200191068716017e-20
7.186628692956870509e+03 9.884744720727228867e-20 3.401284868145940546e-20
7.191634620889926737e+03 1.151731595908843185e-19 3.322476439455758758e-20
7.196640548822981145e+03 1.038238609986008394e-19 3.250044104108717929e-20
7.201646476756037373e+03 5.527850899322195276e-20 3.214304342355329871e-20
7.206652404689093601e+03 1.037142851071251621e-19 3.156306349022532171e-20
7.211658332622148919e+03 1.611523128498850009e-19 3.118391438255678524e-20
7.216664260555204237e+03 1.221080950607578333e-19 3.130180146883127238e-20
7.221670188488260465e+03 1.319755831342884694e-19 3.144889088305473611e-20
7.226676116421315783e+03 1.606636235946706160e-19 3.152117683131692992e-20
7.231682044354371101e+03 9.010673761837301613e-20 3.550273976008454444e-20
7.236687972287427328e+03 1.467100861670061205e-19 4.654134114234762155e-20
7.241693900220483556e+03 5.976874046286897148e-20 5.311728009950588779e-20
7.246699828153538874e+03 6.174249865168845829e-20 4.928063575764330691e-20
7.251705756086594192e+03 8.869737408553290603e-21 4.024948853497752699e-20
7.256711684019650420e+03 5.201002089308987587e-20 3.554205629529459606e-20
7.261717611952705738e+03 1.039847397898873949e-19 3.402152962539259292e-20
7.266723539885761056e+03 1.860661019957963337e-19 3.638544840267476010e-20
7.271729467818817284e+03 2.638647058215298242e-19 5.042823900128682045e-20
7.276735395751873511e+03 1.164934507743921368e-19 5.659706476806177220e-20
7.281741323684928830e+03 5.971318446570506190e-20 5.466849862010170173e-20
7.286747251617984148e+03 8.405988954431492727e-20 4.580142252900344042e-20
7.291753179551040375e+03 1.354233972056569528e-19 4.232830144369159207e-20
7.296759107484095694e+03 1.138298483937171735e-19 4.219049724540154078e-20
7.301765035417151012e+03 7.433679961140434004e-20 4.325315019728102240e-20
7.306770963350207239e+03 1.278357320378113469e-19 4.325588221977221556e-20
7.311776891283263467e+03 2.342878363751767103e-19 5.098103166668223763e-20
7.316782819216318785e+03 1.051905277564927822e-19 5.211533791308525973e-20
7.321788747149374103e+03 1.349259257604332199e-20 4.662608647027493025e-20
7.326794675082430331e+03 1.033005749706727017e-20 4.213535496111500050e-20
7.331800603015485649e+03 8.542586179184277948e-20 4.399124735542902832e-20
7.336806530948540967e+03 -1.969547304502624968e-20 5.227278994465819797e-20
7.341812458881597195e+03 9.583295389241889488e-21 5.295172421649958340e-20
7.346818386814653422e+03 1.790689778242230152e-19 4.413921384566726225e-20
7.351824314747707831e+03 1.461596352357384155e-19 3.805657691329293190e-20
7.356830242680764059e+03 2.321253139624245881e-19 4.091476307848127215e-20
7.361836170613820286e+03 2.089877357671565208e-20 4.487039007038099480e-20
7.366842098546875604e+03 9.602293580208172604e-20 4.897577630912322742e-20
7.371848026479930923e+03 5.152630753672177913e-20 4.818683647853884629e-20
7.376853954412987150e+03 1.514192855175444415e-19 3.792872529436589656e-20
7.381859882346043378e+03 1.071844166124860484e-19 3.461267098260857585e-20
7.386865810279097786e+03 2.079146090455711619e-19 3.837746891346653851e-20
7.391871738212154014e+03 8.342231892175924998e-20 4.059789908617635502e-20
7.396877666145210242e+03 1.025449833771005634e-19 4.588999531414899990e-20
7.401883594078265560e+03 2.016427806979732147e-19 4.541766158715573885e-20
7.406889522011320878e+03 6.017597539604917194e-21 4.190688366799395752e-20
7.411895449944377106e+03 1.023723011448095087e-19 3.657837550753166349e-20
7.416901377877432424e+03 1.582835707051862333e-19 3.683576327868329670e-20
7.421907305810487742e+03 1.030003953038050262e-19 3.740138950485669218e-20
7.426913233743543969e+03 5.658687240156084258e-20 3.862230210701489629e-20
7.431919161676600197e+03 6.359344438240602064e-20 4.064332470509068485e-20
7.436925089609655515e+03 1.734617499109048656e-19 3.988917787530061096e-20
7.441931017542710833e+03 1.464750063653830181e-19 3.739154221806264094e-20
7.446936945475767061e+03 1.932741028947772837e-19 3.305092715097340593e-20
7.451942873408822379e+03 9.424583809816603939e-20 3.217731098248166362e-20
7.456948801341877697e+03 1.335301241146426427e-19 3.281460733000002595e-20
7.461954729274933925e+03 1.168571210359802502e-19 3.450012521095525084e-20
7.466960657207990153e+03 1.174050198228860929e-19 3.668037226454468226e-20
7.471966585141045471e+03 1.300177514140573026e-19 3.809983888193669868e-20
7.476972513074100789e+03 8.914909804642992483e-20 3.973148688614650889e-20
7.481978441007157016e+03 2.148925810397594539e-19 3.886898399500892659e-20
7.486984368940212335e+03 1.680001348424873248e-19 3.627766433249718415e-20
7.491990296873267653e+03 9.093699660947241179e-20 3.342363417181439893e-20
7.496996224806323880e+03 1.475352824609144641e-19 3.304092445162525331e-20
7.502002152739380108e+03 1.605505759614811427e-19 3.241999988808172784e-20
7.507008080672435426e+03 7.501313650856071721e-20 3.256236487816802184e-20
7.512014008605490744e+03 1.088462441130474259e-19 3.379476757859250362e-20
7.517019936538546972e+03 -5.416159035263446887e-21 4.024891648826826475e-20
7.522025864471602290e+03 6.516635498304255140e-20 4.874518721227184568e-20
7.527031792404657608e+03 1.604296984076551406e-19 5.072876946101865364e-20
7.532037720337713836e+03 4.641084439570239382e-20 4.274417773995226185e-20
7.537043648270770063e+03 1.637094480573197495e-19 3.949168498462622103e-20
7.542049576203824472e+03 9.454815289088252918e-20 3.896751805901209337e-20
7.547055504136880700e+03 1.579990485804441930e-19 3.893657983820010987e-20
7.552061432069936927e+03 1.724431408878977406e-19 4.078905938746922934e-20
7.557067360002992245e+03 1.371460409590184170e-19 4.091965221633943352e-20
7.562073287936047564e+03 1.321306681890543099e-19 4.034596795908806099e-20
7.567079215869103791e+03 4.123545237510137071e-20 4.555191764336655940e-20
7.572085143802159109e+03 6.432587149315158565e-20 4.637066177538506894e-20
7.577091071735214427e+03 8.574358914098253241e-20 4.106756866827922436e-20
7.582096999668270655e+03 1.456804924676656792e-19 3.731367005551461328e-20
7.587102927601326883e+03 1.092389966172815203e-19 3.688208353576910875e-20
7.592108855534382201e+03 1.655495011815090885e-19 4.352327949270601323e-20
7.597114783467437519e+03 9.088429976152558427e-20 5.901159523253679758e-20
7.602120711400493747e+03 5.236733012395121829e-20 7.739876236879628079e-20
7.607126639333549065e+03 1.453733968427161462e-20 7.901145335900811216e-20
7.612132567266604383e+03 -2.723578157201564110e-20 7.010879387125231805e-20
7.617138495199660611e+03 3.401753066856221624e-20 5.643499137109329351e-20
7.622144423132716838e+03 9.283327251999086798e-20 5.427443629836337103e-20
7.627150351065772156e+03 6.443010902056891507e-20 5.861973556629027745e-20
7.632156278998827474e+03 2.074129667655777579e-19 5.877815550350253702e-20
7.637162206931883702e+03 5.968892849209375596e-20 5.285527113408065914e-20
7.642168134864939020e+03 1.727314674155991918e-19 4.954875046229683364e-20
7.647174062797994338e+03 1.829243427568457523e-19 4.712247315405966517e-20
7.652179990731050566e+03 1.259740542489569739e-19 4.565787217045105600e-20
7.657185918664106794e+03 5.223283049642105548e-20 4.580139789558250147e-20
7.662191846597162112e+03 5.203745955729014270e-20 4.503591475826499099e-20
7.667197774530217430e+03 1.302042916635306953e-19 4.367369851998246306e-20
7.672203702463273657e+03 6.171519978262667278e-20 3.993923544402424668e-20
7.677209630396328976e+03 7.894588436877061881e-20 3.995098785197687587e-20
7.682215558329384294e+03 8.507641876557362193e-20 4.008742500956099996e-20
7.687221486262440521e+03 2.022610397196657323e-19 3.986918959048108842e-20
7.692227414195496749e+03 7.869001685864864795e-20 3.957494834829327144e-20
7.697233342128551158e+03 9.644019814877010447e-20 4.000233290807186012e-20
7.702239270061607385e+03 1.627695204928895436e-19 3.995040228665568477e-20
7.707245197994663613e+03 1.009960473559378678e-19 5.182219967629819661e-20
7.712251125927718931e+03 2.919640491381173472e-19 6.579828584879008738e-20
7.717257053860774249e+03 8.303420113428953288e-20 6.483905023842371322e-20
7.722262981793830477e+03 -3.499567458960413750e-20 5.158225303778791902e-20
7.727268909726885795e+03 1.924417057700120516e-20 4.135883487956329570e-20
7.732274837659941113e+03 9.214018931686868578e-20 3.721377464619854443e-20
7.737280765592997341e+03 1.082541571441825988e-19 3.565919580007601269e-20
7.742286693526053568e+03 -5.078001100930634201e-20 4.186675520992281184e-20
7.747292621459108886e+03 -4.337727831735476330e-20 5.722313429529003382e-20
7.752298549392164205e+03 9.593523511237987670e-20 5.969298793543061532e-20
7.757304477325220432e+03 1.146116306395469980e-19 4.992159782955503692e-20
7.762310405258275750e+03 1.688769164857705030e-19 4.270059631333236265e-20
7.767316333191331069e+03 1.251811361882303022e-19 3.908537158176314173e-20
7.772322261124387296e+03 1.070111613581497288e-19 4.068255318717250629e-20
7.777328189057443524e+03 2.509589647129795255e-20 4.352722693659143755e-20
7.782334116990498842e+03 2.728840528054415642e-20 4.168609433359864413e-20
7.787340044923554160e+03 1.089872243540763085e-19 4.807846498504367845e-20
7.792345972856610388e+03 1.251614329154957924e-19 5.651649352212316831e-20
7.797351900789665706e+03 1.447932935885807111e-19 5.518270957292674786e-20
7.802357828722721024e+03 1.013755708866946165e-19 4.635800978252645235e-20
7.807363756655777252e+03 1.169823934868943281e-19 4.772702634382336753e-20
7.812369684588833479e+03 1.991459132856748805e-19 4.925232468317494064e-20
7.817375612521888797e+03 1.685741441412634155e-19 5.970399373698051224e-20
7.822381540454944115e+03 3.670057460574760799e-20 6.113838401490862968e-20
7.827387468388000343e+03 1.678078637822276201e-19 5.000803860563444176e-20
7.832393396321055661e+03 1.553053417847519259e-19 3.830635082263002835e-20
7.837399324254110979e+03 7.213416440641450482e-20 4.373904073023578823e-20
7.842405252187167207e+03 1.778247066172115922e-19 4.540811657379130097e-20
7.847411180120223435e+03 3.228227161262097598e-20 5.585538540230871786e-20
7.852417108053277843e+03 1.095869219811904891e-19 6.315590969877234041e-20
7.857423035986334071e+03 4.842294676748522474e-20 6.243251444385836940e-20
7.862428963919390299e+03 1.270173653068651701e-19 5.177068105026822783e-20
7.867434891852445617e+03 1.553162040325008037e-19 5.114153867050440698e-20
7.872440819785500935e+03 1.425495159196569873e-19 5.091749441591875773e-20
7.877446747718557162e+03 3.096166142994854129e-20 4.766661426650447718e-20
7.882452675651613390e+03 1.580377852280576455e-19 4.886323584241499111e-20
7.887458603584667799e+03 1.477424317803175701e-19 5.002898033921277081e-20
7.892464531517724026e+03 1.399742553192359338e-19 4.733465461729758276e-20
7.897470459450780254e+03 1.345977770181994793e-19 3.835510197076906408e-20
7.902476387383835572e+03 1.321403792405664003e-20 3.619402426032932285e-20
7.907482315316890890e+03 1.176978049641122497e-19 5.442336621796540781e-20
7.912488243249947118e+03 -2.437819721490367652e-20 6.661534738812969739e-20
7.917494171183002436e+03 1.817867168387643720e-19 6.926628409450841438e-20
7.922500099116057754e+03 1.022589436791374169e-20 5.543500444804651673e-20
7.927506027049113982e+03 -8.122209286543364600e-21 5.226607019555404104e-20
7.932511954982170209e+03 1.156271657548163528e-19 4.878068843385598372e-20
7.937517882915225528e+03 1.555631381733301815e-19 4.350114824959342377e-20
7.942523810848280846e+03 -2.734386935291885341e-20 4.204190050610974453e-20
7.947529738781337073e+03 3.226420764880397760e-20 4.556220871307535407e-20
7.952535666714392391e+03 1.751590881622164958e-19 4.368912756053579078e-20
7.957541594647447710e+03 7.229857820912184021e-20 4.732944287044795279e-20
7.962547522580503937e+03 -4.482535915922818650e-20 5.935760033701869582e-20
7.967553450513560165e+03 -1.209925249453738797e-20 5.844152628220965387e-20
7.972559378446615483e+03 8.187541381397190938e-20 4.716686617466515371e-20
7.977565306379670801e+03 7.649318524090260733e-20 4.782506359322979837e-20
7.982571234312727029e+03 1.973364457041272016e-19 4.693707151029108708e-20
7.987577162245782347e+03 1.511918901293658035e-19 5.438528341379725440e-20
7.992583090178837665e+03 9.633408846752935027e-20 6.034672688112835616e-20
7.997589018111893893e+03 1.160819934164060213e-21 5.453616499462284832e-20
8.002594946044950120e+03 1.303842181894647333e-20 3.753109500545245423e-20
8.007600873978005438e+03 1.212672454913744381e-20 3.934709247475642173e-20
8.012606801911060757e+03 2.910398567767196302e-19 4.271125816048587174e-20
8.017612729844116984e+03 1.454181781258701370e-19 4.638976032616181905e-20
8.022618657777172302e+03 2.009845339868927219e-19 5.297024316872466062e-20
8.027624585710227620e+03 -3.832386275155356461e-20 5.323342456174763916e-20
8.032630513643283848e+03 1.109623787990094593e-19 4.280397014889929429e-20
8.037636441576340076e+03 1.218391786813852643e-19 3.646471329787670003e-20
8.042642369509394484e+03 5.312563776410515614e-20 3.675626815185260201e-20
8.047648297442450712e+03 1.724438695130603758e-19 4.123678903224731265e-20
8.052654225375506940e+03 1.350283072949885217e-19 4.371385955016374281e-20
8.057660153308562258e+03 1.197154333140471903e-19 4.930468865938880806e-20
8.062666081241617576e+03 8.901797035149573877e-20 4.959260367508045615e-20
8.067672009174673803e+03 2.482403259935185730e-19 4.500127337666620407e-20
8.072677937107729122e+03 1.249112036834740646e-19 3.897463343081173639e-20
8.077683865040784440e+03 6.967376761359515745e-20 3.899145773278354848e-20
8.082689792973840667e+03 1.256360545721549617e-19 3.896755365723387477e-20
8.087695720906896895e+03 1.695821303040787718e-19 3.946026377182616336e-20
8.092701648839952213e+03 6.616637590192980046e-20 3.970263948248942505e-20
8.097707576773007531e+03 1.276801078670774164e-19 4.218148289397164896e-20
8.102713504706063759e+03 1.611575065878462506e-19 4.142374872326750996e-20
8.107719432639119077e+03 7.909000423958630836e-20 3.904771800296861664e-20
8.112725360572174395e+03 9.919556827731155928e-20 3.309394115017802367e-20
8.117731288505230623e+03 4.025133902830418576e-20 3.292944445310951216e-20
8.122737216438286850e+03 6.210883393806903262e-20 3.490071883115940529e-20
8.127743144371342169e+03 6.350482821911812979e-20 3.510986544760885307e-20
8.132749072304397487e+03 -5.347391480099858677e-21 3.566668354809713886e-20
8.137755000237453714e+03 1.624688037196619961e-20 3.619869445708705988e-20
8.142760928170509032e+03 1.877774639402847966e-19 3.706649188362582009e-20
8.147766856103564351e+03 1.117369955348773546e-19 3.611284165686125304e-20
8.152772784036620578e+03 8.663740309464715955e-20 3.545728797268095144e-20
8.157778711969676806e+03 1.155521444363760934e-19 3.487238277352991293e-20
8.162784639902732124e+03 1.059221870827507828e-19 3.533348912829083135e-20
8.167790567835787442e+03 1.406170258346151613e-19 3.535518469871754570e-20
8.172796495768843670e+03 1.063293822991008281e-19 3.539622616538181792e-20
8.177802423701898988e+03 -5.732923151528932868e-21 3.776900561847175660e-20
8.182808351634954306e+03 -1.154012974238552581e-20 3.962800819191150677e-20
8.187814279568010534e+03 1.012089954776745828e-19 4.113624654763896327e-20
8.192820207501066761e+03 8.802784097961378127e-20 4.151826717634616556e-20
8.197826135434121170e+03 1.155617788534026155e-19 4.063444993041457516e-20
8.202832063367177398e+03 1.030041034887929307e-19 3.995120542503755552e-20
8.207837991300233625e+03 8.952017718018889001e-20 3.982349564225277858e-20
8.212843919233288034e+03 8.946046910093911602e-20 3.863678133613356605e-20
8.217849847166344261e+03 1.227300742746880836e-19 3.791582723112632711e-20
8.222855775099400489e+03 1.183975508850557026e-19 3.709309054940442512e-20
8.227861703032456717e+03 1.374358805991087931e-19 3.623107300423460590e-20
8.232867630965511125e+03 7.419298965872890810e-20 3.547760510986982080e-20
8.237873558898567353e+03 1.405386787712005481e-19 3.558239007154156818e-20
8.242879486831623581e+03 1.150235340076566913e-19 3.573246290594798877e-20
8.247885414764677989e+03 7.994790980690507093e-20 3.536624317452798334e-20
8.252891342697734217e+03 1.775220812493042239e-19 3.495704633331363704e-20
8.257897270630790445e+03 2.521832492930991306e-20 3.447322173475377418e-20
8.262903198563846672e+03 6.843435090042856924e-20 3.430830384602676062e-20
8.267909126496901081e+03 9.581736654265092581e-20 3.503135122982072942e-20
8.272915054429957308e+03 4.449336110639806877e-20 4.168927774839911656e-20
8.277920982363013536e+03 2.789747276353112832e-20 5.347250874811180840e-20
8.282926910296067945e+03 4.768282443128899812e-20 6.462279134495425469e-20
8.287932838229124172e+03 1.378823112495473685e-19 6.510961875182945328e-20
8.292938766162180400e+03 -3.814354909540521893e-21 7.008683438967933805e-20
8.297944694095236628e+03 -5.150606356960682065e-20 6.933195685507733424e-20
8.302950622028291036e+03 1.534240156022613524e-19 6.506114007879139684e-20
8.307956549961347264e+03 7.933433094182378274e-20 5.274961848215840742e-20
8.312962477894403492e+03 7.781589382989130752e-20 5.185711059014734848e-20
8.317968405827457900e+03 8.229862974016938546e-20 4.532391983537007577e-20
8.322974333760514128e+03 2.247433181647657084e-19 4.181555016769609260e-20
8.327980261693570355e+03 1.955146094478288562e-19 4.015779279464975082e-20
8.332986189626626583e+03 8.520666852604876517e-20 4.082034207174416423e-20
8.337992117559680992e+03 2.236989016988038604e-19 7.071853262743332248e-20
8.342998045492737219e+03 -2.275319432445495298e-21 8.593685658794589953e-20
8.348003973425793447e+03 6.160303203586572245e-20 8.492747562383294247e-20
8.353009901358847856e+03 -2.168934944807829551e-20 5.936768054960044172e-20
8.358015829291904083e+03 1.201122888951642264e-19 5.063114404518241536e-20
8.363021757224960311e+03 6.383169874522848765e-20 4.425125065016112226e-20
8.368027685158016538e+03 1.413908277240927408e-19 4.182223886292843003e-20
8.373033613091070947e+03 1.792611463125569642e-19 3.863193722673057850e-20
8.378039541024127175e+03 2.484673729681996707e-19 4.708281773351430882e-20
8.383045468957181583e+03 7.532242292949722794e-20 4.955112778495954961e-20
8.388051396890237811e+03 6.968617891788275498e-20 4.493016532846484328e-20
8.393057324823294039e+03 1.653387556228825487e-19 5.966140909554444721e-20
8.398063252756350266e+03 8.701541262470063267e-20 7.437020110915034458e-20
8.403069180689406494e+03 1.186550573637713507e-19 7.039311354274878317e-20
8.408075108622460903e+03 1.027346104555972052e-19 4.899807060707833846e-20
8.413081036555517130e+03 1.485082046764764512e-19 5.562155445772698989e-20
8.418086964488571539e+03 1.953650517008207474e-19 5.630871795024552541e-20
8.423092892421627766e+03 4.504004545200708281e-21 6.496134280470666352e-20
8.428098820354683994e+03 2.975538135670965136e-19 8.417294902251868104e-20
8.433104748287740222e+03 1.306674186274354634e-19 8.148252211215684713e-20
8.438110676220796449e+03 2.475997916743028583e-19 4.978342197005833141e-20
8.443116604153850858e+03 9.599414147515110277e-20 4.445741460792867939e-20
8.448122532086907086e+03 1.162057370019014176e-20 5.450504256763348032e-20
8.453128460019961494e+03 1.997857671375356341e-19 5.439908372000361888e-20
8.458134387953017722e+03 4.504439601131836422e-20 5.922087949299879715e-20
8.463140315886073950e+03 -1.265122396201838579e-19 6.847731980595022056e-20
8.468146243819130177e+03 9.259857890120543964e-20 6.528070806974374629e-20
8.473152171752186405e+03 7.325846643685927099e-20 4.462221556760829034e-20
8.478158099685240813e+03 2.314916520452224510e-20 3.760084565430146798e-20
8.483164027618297041e+03 1.159229098790996649e-19 3.713553693436337203e-20
8.488169955551351450e+03 1.015721490001906076e-19 4.364532793872184532e-20
8.493175883484407677e+03 1.553905685002482635e-19 4.682704729061628536e-20
8.498181811417463905e+03 3.719219016122243167e-20 5.301951759538738504e-20
8.503187739350520133e+03 2.210355059509528152e-19 5.653521840340695630e-20
8.508193667283574541e+03 7.704134263824601685e-20 5.348157040370250890e-20
8.513199595216630769e+03 6.209190365898225852e-20 3.944291130841623362e-20
8.518205523149686996e+03 1.057776227956381981e-19 3.740616435929688635e-20
8.523211451082741405e+03 7.568779200126617456e-20 3.717725606458524040e-20
8.528217379015797633e+03 9.558494783954171627e-20 3.692778131019278021e-20
8.533223306948853860e+03 1.629106629817301514e-19 3.990528254577766572e-20
8.538229234881910088e+03 1.216928970848244837e-19 4.176079811508382706e-20
8.543235162814964497e+03 1.977020921497091112e-19 4.582523325625592398e-20
8.548241090748020724e+03 -1.699775086196582818e-20 4.632872266867089735e-20
8.553247018681076952e+03 1.356699557130210474e-19 4.405750307059599247e-20
8.558252946614131361e+03 5.928993249605982823e-20 3.900473656391942840e-20
8.563258874547187588e+03 6.492002038070631332e-20 3.915039893129208917e-20
8.568264802480243816e+03 1.027896307842711206e-19 4.095164615824367355e-20
8.573270730413300043e+03 1.291527413042992698e-19 4.200565700799732334e-20
8.578276658346354452e+03 1.562624368364424863e-19 4.171893757808102115e-20
8.583282586279410680e+03 3.239309260256239746e-20 4.262643321010565081e-20
8.588288514212466907e+03 1.451681164272828313e-19 4.345026847041427426e-20
8.593294442145521316e+03 6.210724468588347315e-20 4.491822973100279347e-20
8.598300370078577544e+03 1.377493537687356229e-20 4.334498421063327806e-20
8.603306298011633771e+03 1.091379422272853927e-20 4.118599966611711268e-20
8.608312225944689999e+03 1.071591651187663215e-19 4.183707277518080373e-20
8.613318153877744408e+03 9.666004889646783082e-20 4.675672889103600720e-20
8.618324081810800635e+03 1.956169115469604032e-19 5.442045562605885424e-20
8.623330009743856863e+03 4.607661867567161692e-20 6.002759657098665503e-20
8.628335937676911271e+03 -1.228617855239874408e-19 6.212610909628855872e-20
8.633341865609967499e+03 1.216422694454711450e-19 5.900157356816601834e-20
8.638347793543023727e+03 2.055106214993976162e-19 5.207851180033212997e-20
8.643353721476079954e+03 6.330024601938276822e-20 4.912077796147256264e-20
8.648359649409134363e+03 -1.021656263561756734e-19 5.398513909961328449e-20
8.653365577342190591e+03 2.195224338258793633e-19 6.141897205981850987e-20
8.658371505275246818e+03 1.131768321132566788e-19 6.420148728172016688e-20
8.663377433208301227e+03 4.594151338437898264e-22 6.454397136604390308e-20
8.668383361141357454e+03 1.429537020399908702e-19 6.205140846024412581e-20
8.673389289074413682e+03 1.711815200471987138e-19 5.851635856109344533e-20
8.678395217007469910e+03 5.169781670242636973e-20 5.467074643777982673e-20
8.683401144940524318e+03 9.376526894018379449e-20 5.142345605282109718e-20
8.688407072873580546e+03 1.266244465245860896e-19 4.910940919518323357e-20
8.693413000806636774e+03 9.647618694077801266e-20 4.805369149270196555e-20
8.698418928739691182e+03 2.253331544389249659e-19 4.816921473734306263e-20
8.703424856672747410e+03 1.482938436025965284e-19 4.744343876410354105e-20
8.708430784605803638e+03 1.443806244908584182e-21 4.503497205182613958e-20
8.713436712538859865e+03 1.623578319412181321e-21 4.231666146020172313e-20
8.718442640471914274e+03 1.329925271424874726e-19 4.042824072818513888e-20
8.723448568404970501e+03 5.953009543552207473e-20 3.990652433701855611e-20
8.728454496338024910e+03 1.340900010051893421e-19 3.925029437028341021e-20
8.733460424271081138e+03 7.035037864762906317e-20 3.902679470632688365e-20
8.738466352204137365e+03 1.139365889334258167e-19 3.947104546987080113e-20
8.743472280137193593e+03 9.112392203299761167e-20 3.971392780972064592e-20
8.748478208070249821e+03 3.839291721349334195e-20 4.034448692718585409e-20
8.753484136003304229e+03 3.175546257648088835e-20 5.308426967737767073e-20
8.758490063936360457e+03 2.460074946023226577e-19 7.308051922215018686e-20
8.763495991869414866e+03 2.561893984730749541e-19 8.986036245875003194e-20
8.768501919802471093e+03 9.958671466062320402e-20 8.469800359606741549e-20
8.773507847735527321e+03 2.339309407691574021e-20 8.745400888165774772e-20
8.778513775668583548e+03 3.629060534404899998e-19 8.098631537703423977e-20
8.783519703601639776e+03 1.336564186471824132e-19 6.665669058926017694e-20
8.788525631534694185e+03 1.912821066730568267e-19 5.652028222872744817e-20
8.793531559467750412e+03 1.133108758921755563e-19 5.531935229846810013e-20
8.798537487400804821e+03 1.959747326231501118e-19 4.483689571807798169e-20
8.803543415333861049e+03 6.793641878310044060e-20 4.261270021016386976e-20
8.808549343266917276e+03 4.376966061159837266e-20 4.377559414126078297e-20
8.813555271199973504e+03 1.540535481378686768e-19 4.450962629489881593e-20
8.818561199133029731e+03 -4.690260826572702924e-20 6.550887219227771862e-20
8.823567127066084140e+03 -1.022551394809102692e-20 1.105320073016481608e-19
8.828573054999140368e+03 1.108906356766495667e-19 1.212248201589723593e-19
8.833578982932194776e+03 1.824231349817130279e-19 1.027306600935242221e-19
8.838584910865251004e+03 1.671598624127131498e-19 7.876487050554120997e-20
8.843590838798307232e+03 1.504278764042974073e-19 6.140707764318718404e-20
8.848596766731363459e+03 2.286684107283377031e-20 5.709877256019046386e-20
8.853602694664417868e+03 6.593139574005082925e-20 5.420265440716874173e-20
8.858608622597474096e+03 7.234483249199749863e-20 5.076822448236605998e-20
8.863614550530530323e+03 2.760643824691719078e-20 6.488027522863705721e-20
8.868620478463584732e+03 -1.817775901051922911e-19 6.404537097114124183e-20
8.873626406396640959e+03 8.793136122086945276e-20 5.097564459462682881e-20
8.878632334329697187e+03 2.641667090067416260e-19 6.899550514017254117e-20
8.883638262262753415e+03 4.361733522151545751e-19 8.929497981148709780e-20
8.888644190195807823e+03 2.979320369522877278e-19 8.510037102436835149e-20
8.893650118128864051e+03 4.318922289921767515e-20 5.622208550230283758e-20
8.898656046061920279e+03 2.069547648233093136e-19 6.257887572723751965e-20
8.903661973994974687e+03 2.573274768939095500e-19 6.716753123152045153e-20
8.908667901928030915e+03 4.830147853281830617e-20 6.010335149643567761e-20
8.913673829861087142e+03 6.424929564481811867e-20 8.207115445083886016e-20
8.918679757794143370e+03 -7.924861991143589503e-20 1.027986818971306084e-19
8.923685685727199598e+03 3.209625542250364931e-19 9.683572821617859761e-20
8.928691613660254006e+03 4.019661598247566707e-20 5.648128041605885263e-20
8.933697541593308415e+03 1.169422631270849464e-19 5.179187479608689357e-20
8.938703469526364643e+03 -4.455335081248703896e-20 7.002305388524811617e-20
8.943709397459420870e+03 -2.950566946759658917e-20 7.515154562912790214e-20
8.948715325392477098e+03 9.184929372187390880e-20 7.115759607712451870e-20
8.953721253325533326e+03 1.216673353395671397e-19 9.730089462173422804e-20
8.958727181258589553e+03 1.026744411763883993e-19 9.950989339235082930e-20
8.963733109191643962e+03 7.245952581721586750e-20 7.660220133361588151e-20
8.968739037124698370e+03 -2.445913131346395063e-20 5.150420527126348085e-20
8.973744965057754598e+03 9.435510006986595875e-20 5.068423060344782980e-20
8.978750892990810826e+03 1.647802624871789376e-19 5.166179329320942147e-20
8.983756820923867053e+03 2.014087186397118606e-19 6.215456580311926302e-20
8.988762748856923281e+03 1.352875968934430348e-19 6.803481874961684572e-20
8.993768676789977690e+03 2.673469626128809463e-19 7.122104371370946961e-20
8.998774604723033917e+03 1.734024522607160277e-19 7.874046645437818216e-20
9.003780532656088326e+03 1.519343324078486647e-19 7.728336487653564669e-20
9.008786460589144554e+03 1.509911401436409631e-19 5.657916437228795186e-20
9.013792388522200781e+03 1.563641680724356897e-19 4.924723110140205151e-20
9.018798316455257009e+03 1.255919117847940322e-19 4.893545584933522255e-20
9.023804244388313236e+03 5.048128753996531056e-20 4.950451771299251207e-20
9.028810172321367645e+03 1.572039246926254508e-21 4.974135234784376551e-20
9.033816100254423873e+03 2.041787360409592496e-19 5.546756732502075385e-20
9.038822028187478281e+03 5.248966940997757523e-22 5.545237458231456448e-20
9.043827956120534509e+03 2.836631699902909518e-19 6.080661294044949777e-20
9.048833884053590737e+03 -2.923799773576340866e-20 6.264593371679843702e-20
9.053839811986646964e+03 1.548601573264404896e-19 6.115456708918407153e-20
9.058845739919703192e+03 7.011066048517486252e-20 5.245877128496732703e-20
9.063851667852757600e+03 1.698420499325135378e-19 5.356835092908324660e-20
9.068857595785813828e+03 1.057250949296980394e-19 5.720883956823817102e-20
9.073863523718868237e+03 8.506791753637602348e-20 5.871359043262499065e-20
9.078869451651924464e+03 7.613720626147254917e-20 6.066969089334082872e-20
9.083875379584980692e+03 1.078161055328310772e-19 6.124968655036827209e-20
9.088881307518036920e+03 4.020443005649385581e-20 6.502608365611915267e-20
9.093887235451093147e+03 3.812892650238415748e-20 6.500335458137580017e-20
9.098893163384147556e+03 9.503097807610351819e-20 6.770808477744632029e-20
9.103899091317203784e+03 1.465252852282284183e-19 6.520981046291323762e-20
9.108905019250258192e+03 1.303680493045624011e-19 5.726985823409876289e-20
9.113910947183314420e+03 5.450284931224184791e-20 5.146010080194793224e-20
9.118916875116370647e+03 5.946806367713365899e-20 5.028523973282924211e-20
9.123922803049426875e+03 1.258450839242482401e-19 5.006019635466887175e-20
9.128928730982483103e+03 1.755918785269596939e-19 5.235661010951279105e-20
9.133934658915537511e+03 7.206990677110239633e-20 5.415174832312612043e-20
9.138940586848593739e+03 1.122357025110249379e-19 5.375281046234597689e-20
9.143946514781648148e+03 4.884630569345865103e-20 5.347166593143793113e-20
9.148952442714704375e+03 4.181054991536255427e-20 5.770578298940728447e-20
9.153958370647760603e+03 1.050474602709307917e-19 6.287239448953520694e-20
9.158964298580816831e+03 4.717819930992941396e-20 6.500802336645570468e-20
9.163970226513873058e+03 1.533006418051215517e-19 6.161372688730540300e-20
9.168976154446927467e+03 8.877983878942100624e-20 5.718714743170888171e-20
9.173982082379983694e+03 7.282115185070193622e-20 5.775984847967280595e-20
9.178988010313038103e+03 7.366850263595904399e-20 5.765790678583615730e-20
9.183993938246094331e+03 6.839756704533426860e-20 5.745035277109596101e-20
9.188999866179150558e+03 7.888283705024848886e-20 5.640514557901635672e-20
9.194005794112206786e+03 7.975482278888924368e-20 5.715513126280051170e-20
9.199011722045263014e+03 9.184726332424623447e-20 5.672048446112755805e-20
9.204017649978317422e+03 8.529604854159974084e-20 5.786775907863803107e-20
9.209023577911373650e+03 -4.845835917716090587e-20 6.096703149687503328e-20
9.214029505844428058e+03 1.494905239191068970e-19 6.520967869202629616e-20
9.219035433777484286e+03 8.872940967592452035e-20 6.616175147425701269e-20
9.224041361710540514e+03 1.210432663556215418e-19 6.406866055614696813e-20
9.229047289643596741e+03 7.539286783417179935e-20 6.180134520211342914e-20
9.234053217576652969e+03 5.520169508188413480e-20 5.854815292108846191e-20
9.239059145509707378e+03 4.003778287015450100e-20 5.859894967423551011e-20
9.244065073442761786e+03 1.338797237917024639e-19 5.978736036390906125e-20
9.249071001375818014e+03 8.464653645243447792e-20 5.943109165433397061e-20
9.254076929308874242e+03 1.266989098017890412e-20 5.797042241666303702e-20
9.259082857241930469e+03 1.211995001818159062e-19 5.643731238345585528e-20
9.264088785174986697e+03 1.206803199566787136e-19 5.618431513974606534e-20
9.269094713108042924e+03 1.224522798090820634e-19 5.551606480352432205e-20
9.274100641041097333e+03 8.381480283733712279e-20 5.554286118684414755e-20
9.279106568974151742e+03 9.755471377619308468e-20 5.848175066820043737e-20
9.284112496907207969e+03 1.890202411006646459e-19 6.276346706914581833e-20
9.289118424840264197e+03 7.274349898384074961e-20 6.742944492076877028e-20
9.294124352773320425e+03 6.126360172948929997e-20 7.079584362114170685e-20
9.299130280706376652e+03 7.192564104664724179e-20 9.148738015826898315e-20
9.304136208639432880e+03 7.101435677544681277e-20 1.417914534047333284e-19
9.309142136572487289e+03 1.153230763001217702e-19 1.959349137548664585e-19
9.314148064505541697e+03 1.585144584294480718e-19 2.035068952522380780e-19
9.319153992438597925e+03 1.853809316811161716e-19 2.061616550276947399e-19
9.324159920371654152e+03 2.164469211353821599e-19 1.821342481500851760e-19
9.329165848304710380e+03 2.626590165737957217e-19 1.512509579036066227e-19
9.334171776237766608e+03 8.477052534533003505e-20 1.382794121807792880e-19
9.339177704170821016e+03 2.519683666503169831e-19 1.455755832395728665e-19
9.344183632103877244e+03 1.813308751467377317e-19 1.370887569902433139e-19
9.349189560036931653e+03 1.358012663153703549e-19 1.158877131868696931e-19
9.354195487969987880e+03 5.009129608640405637e-20 1.155717457988057724e-19
9.359201415903044108e+03 -9.473050040520042356e-21 1.102356431414740689e-19
9.364207343836100335e+03 1.092456950449160469e-19 1.154911378305340768e-19
9.369213271769156563e+03 3.880889912616075880e-19 2.077280929515611011e-19
9.374219199702210972e+03 2.421300125506211339e-19 2.748033174656309960e-19
9.379225127635267199e+03 2.688497988818446134e-19 2.548548033581343068e-19
9.384231055568321608e+03 1.740064628934238338e-19 1.360411862256329153e-19
9.389236983501377836e+03 9.962181804308948649e-20 9.972893898371363507e-20
9.394242911434434063e+03 2.991571373823253959e-19 8.963796431541546264e-20
9.399248839367490291e+03 6.599647966525142856e-20 9.973037678991543979e-20
9.404254767300546519e+03 2.040277768037853878e-20 9.941855890055428682e-20
9.409260695233600927e+03 -1.620376895072781592e-20 8.892591668880073842e-20
9.414266623166657155e+03 6.078889596930732614e-20 1.155014717652422882e-19
9.419272551099711563e+03 5.398057060641950481e-19 1.349497073744905656e-19
9.424278479032767791e+03 2.669151788152977920e-19 1.339805445851516360e-19
9.429284406965824019e+03 3.906866862893048913e-19 1.155706599584422525e-19
9.434290334898880246e+03 6.863523206741739209e-20 1.867292174751893645e-19
9.439296262831936474e+03 -1.594263312048526980e-19 2.210301343797632935e-19
9.444302190764990883e+03 8.744218252602224720e-20 2.034525728272618861e-19
9.449308118698047110e+03 1.549014081947837895e-19 1.305283224206794711e-19
9.454314046631101519e+03 6.328460862478140793e-20 1.685190387463042107e-19
9.459319974564157746e+03 -1.912593311044029246e-19 1.733357794548073172e-19
9.464325902497213974e+03 -1.441819167289152234e-19 1.418155347007111566e-19
9.469331830430270202e+03 1.132980830870520751e-19 1.506437480077577956e-19
9.474337758363326429e+03 -2.000587644588985806e-19 1.986030297424992900e-19
9.479343686296380838e+03 -1.347654335351224198e-19 2.042277664355860339e-19
9.484349614229437066e+03 1.214929499495364925e-19 1.382822492535211490e-19
9.489355542162491474e+03 1.675681797508569897e-20 1.047649139251918239e-19
9.494361470095547702e+03 -8.311531229848388507e-20 1.195537903525385653e-19
9.499367398028603930e+03 2.595178604702156608e-19 1.570135263462856986e-19
9.504373325961660157e+03 1.963030422541380933e-19 1.487014667406171583e-19
9.509379253894716385e+03 1.919565330128388805e-19 1.192909625954417112e-19
9.514385181827770793e+03 1.492562643283512645e-19 1.383872869132340460e-19
9.519391109760827021e+03 4.633549520671780068e-19 1.511418302868840032e-19
9.524397037693881430e+03 5.176466729308112939e-20 1.340148301141303969e-19
9.529402965626937657e+03 2.039804542796634611e-19 1.052960435375022869e-19
9.534408893559993885e+03 4.099407478662110062e-19 1.049011513455140893e-19
9.539414821493050113e+03 2.262800861190852790e-19 1.006241347026830438e-19
9.544420749426106340e+03 1.798720411060186946e-19 1.065941233101699432e-19
9.549426677359160749e+03 1.538794888193233958e-19 1.278006416915706201e-19
9.554432605292216977e+03 2.937244840669899118e-19 1.428286385117397881e-19
9.559438533225271385e+03 7.926448107430924658e-19 1.487992082465062704e-19
9.564444461158327613e+03 4.136488561981990809e-19 1.875824047803550098e-19
9.569450389091383840e+03 2.273566059649726224e-19 1.852754914127746263e-19
9.574456317024440068e+03 3.037509334366078070e-19 1.364470156625102706e-19
9.579462244957496296e+03 4.860604783652970049e-20 1.148892190693747015e-19
9.584468172890550704e+03 -1.660791914405566206e-19 1.121910442492019020e-19
9.589474100823605113e+03 1.620248045675017303e-19 1.181089419969919793e-19
9.594480028756661341e+03 1.409528043307294461e-19 1.189536697128995154e-19
9.599485956689717568e+03 2.677983042828602329e-20 1.205814485651112901e-19
9.604491884622773796e+03 -1.000522070387038415e-19 1.270768891491329662e-19
9.609497812555830023e+03 6.979853741900931004e-21 1.275637271037709116e-19
9.614503740488886251e+03 1.029712692825983102e-19 1.302252782817725834e-19
9.619509668421940660e+03 8.496062834951499365e-21 1.366048196480329868e-19
9.624515596354995068e+03 1.069614502275543572e-19 1.313519871122411234e-19
9.629521524288051296e+03 1.535864016180532246e-19 1.099906132417799023e-19
9.634527452221107524e+03 4.325169221617365368e-20 1.050301551801186342e-19
9.639533380154163751e+03 2.252156351912778974e-19 1.041887484087359246e-19
9.644539308087219979e+03 1.957140179289380079e-19 1.023238071845519832e-19
9.649545236020274388e+03 5.057079824198370856e-20 1.065745427132000043e-19
9.654551163953330615e+03 2.916915682731993153e-19 1.051003790244706697e-19
9.659557091886385024e+03 -6.093283121949545126e-21 1.067396250932387487e-19
9.664563019819441251e+03 -1.357017960407572685e-19 1.164199976571893732e-19
9.669568947752497479e+03 3.808678314479748778e-20 1.242879561661336048e-19
9.674574875685553707e+03 5.741920152914629917e-20 1.309409572437193186e-19
9.679580803618609934e+03 1.735352411684338944e-19 1.383424560457796936e-19
9.684586731551664343e+03 -1.019695240766672583e-19 1.383458313526498251e-19
9.689592659484720571e+03 3.194575288907213686e-19 1.266991766429673106e-19
9.694598587417774979e+03 3.662486740725183013e-19 1.393393019012689348e-19
9.699604515350831207e+03 -6.900220571719430982e-20 1.443153033141225616e-19
9.704610443283887435e+03 8.818335007923712651e-20 1.411354252540402901e-19
9.709616371216943662e+03 -1.143071731882767075e-19 1.296943428780256254e-19
9.714622299149999890e+03 -1.664697133938528218e-19 1.616835266589059415e-19
9.719628227083054298e+03 3.984167545053820788e-19 1.730877646858261318e-19
9.724634155016110526e+03 -1.503439740608763964e-19 1.604523647383549246e-19
9.729640082949164935e+03 -8.952280785475811704e-20 1.332584849710982050e-19
9.734646010882221162e+03 -2.789073837601815958e-19 1.462229265459770519e-19
9.739651938815277390e+03 -3.319948436008391303e-20 1.490080060315145701e-19
9.744657866748333618e+03 1.888078031994586259e-19 1.378541431848044570e-19
9.749663794681389845e+03 8.391914212503354122e-20 1.287033693829682382e-19
9.754669722614444254e+03 2.327766217106327247e-19 1.195921872615680036e-19
9.759675650547500481e+03 1.819819218280104768e-19 1.145402166874759614e-19
9.764681578480554890e+03 5.769847720473847333e-20 1.138639546272995060e-19
9.769687506413611118e+03 6.050858933238181143e-20 1.135409055110180801e-19
9.774693434346667345e+03 -2.715569356532586201e-20 1.114754908999348767e-19
9.779699362279723573e+03 -2.064721089202284552e-20 1.158732470598343312e-19
9.784705290212779801e+03 2.255740005801955040e-19 1.616114835043287674e-19
9.789711218145834209e+03 -2.094818681625145072e-19 1.999006902461099544e-19
9.794717146078890437e+03 7.171520434132379057e-20 2.156470150921537783e-19
9.799723074011944846e+03 -1.548362006248554707e-19 1.684634582022618367e-19
9.804729001945001073e+03 4.632850142879038706e-19 1.612624257801342518e-19
9.809734929878057301e+03 3.061606474062973735e-20 1.515855772051644837e-19
9.814740857811113528e+03 2.593201321101284149e-19 1.484319037483877269e-19
9.819746785744169756e+03 1.213240208289827979e-19 1.435915212901137850e-19
9.824752713677224165e+03 4.386953037348559340e-19 1.371367417055263169e-19
9.829758641610280392e+03 -1.310166185646115590e-19 1.377249888723212079e-19
9.834764569543334801e+03 -2.326952245485045060e-20 1.362857869181410392e-19
9.839770497476391029e+03 1.694732485555097906e-19 1.402666247146675389e-19
9.844776425409447256e+03 -7.312521840751315154e-20 1.683660630641703966e-19
9.849782353342503484e+03 3.515387909986148185e-20 1.807026408171999996e-19
9.854788281275559712e+03 5.464802687195558944e-19 1.617070052388659816e-19
9.859794209208614120e+03 1.732801124063175161e-19 1.495981544400612733e-19
9.864800137141670348e+03 3.960795522134820344e-19 1.795883570479766490e-19
9.869806065074724756e+03 -2.340936598618410009e-19 2.289381457862419573e-19
9.874811993007780984e+03 3.049701726242163706e-19 2.218309079985254382e-19
9.879817920940837212e+03 3.901676427414807616e-19 1.694431856663897679e-19
9.884823848873893439e+03 1.948465090335404516e-19 1.463755303409733458e-19
9.889829776806949667e+03 3.057915545282299377e-19 1.658911623764984467e-19
9.894835704740004076e+03 2.872122928636295179e-20 1.812874784974070762e-19
9.899841632673058484e+03 9.235586221146756527e-20 1.735015384563321242e-19
9.904847560606114712e+03 1.279327000297958614e-19 1.538094691318237744e-19
9.909853488539170939e+03 1.415669572036534366e-19 2.118204209410709480e-19
9.914859416472227167e+03 -4.663210109371929596e-19 2.392958961855696913e-19
9.919865344405283395e+03 -8.098699358078239876e-19 2.204938830929590369e-19
9.924871272338339622e+03 -2.907964060116171035e-19 1.593723734804865093e-19
9.929877200271394031e+03 1.195231659003667147e-19 1.541011780768305134e-19
9.934883128204448440e+03 -6.142575097832104947e-20 1.790566549628357033e-19
9.939889056137504667e+03 1.224105011058345206e-19 2.414562982586969415e-19
9.944894984070560895e+03 3.744685926821752996e-19 3.005679761842808800e-19
9.949900912003617123e+03 1.032690512350988269e-18 2.879228958253143720e-19
9.954906839936673350e+03 5.361423541828229491e-19 2.701713296207890197e-19
9.959912767869729578e+03 2.308218594859140163e-20 3.019837391417015843e-19
9.964918695802783986e+03 -5.177097871586366841e-19 2.714585079823141614e-19
9.969924623735838395e+03 -2.949345375311496415e-19 2.414460324937174925e-19
9.974930551668894623e+03 -5.046683995006261440e-19 2.370657491065487607e-19
9.979936479601950850e+03 1.108087408628506327e-19 2.181651283203052490e-19
9.984942407535007078e+03 3.630457592580094440e-19 2.006044208720698618e-19
9.989948335468063306e+03 2.489250063760530136e-19 1.857527044455867948e-19
9.994954263401117714e+03 9.389297700140530067e-20 1.960764607710795571e-19
9.999960191334173942e+03 1.294040449952608703e-19 1.972934232346222444e-19
1.000496611926722835e+04 -1.024598509642907759e-19 2.305613188735461813e-19
1.000997204720028458e+04 -4.819929501264636386e-19 2.926206808160818904e-19
1.001497797513334081e+04 4.673235625842256008e-19 3.095416750883589041e-19
1.001998390306639703e+04 8.011968492833707100e-19 2.661515571389106127e-19
1.002498983099945326e+04 5.606507989184318442e-19 2.494604894729345496e-19
1.002999575893250767e+04 4.381179825366170153e-19 2.363573217470555444e-19
1.003500168686556390e+04 1.181641019592144001e-19 2.128582735789053212e-19
1.004000761479861831e+04 1.254876214634191285e-21 2.165708115615509260e-19
1.004501354273167453e+04 5.712242655529749529e-19 2.087265223359333713e-19
1.005001947066473076e+04 5.582695278937203502e-19 2.113096908557214111e-19
1.005502539859778699e+04 2.525765458905448978e-19 2.156789070033825118e-19
1.006003132653084322e+04 -3.932803095175444560e-19 2.465608915554060706e-19
1.006503725446389763e+04 -4.354827613701706397e-19 2.532296332221315467e-19
1.007004318239695385e+04 1.542061853177067561e-19 2.533706846781210381e-19
1.007504911033000826e+04 -1.968956112066150017e-19 2.754834690038148199e-19
1.008005503826306449e+04 5.116199720212714201e-19 3.184807499947517342e-19
1.008506096619612072e+04 3.911482849800904701e-19 3.439113650562872344e-19
1.009006689412917694e+04 5.747232551407886248e-19 3.021746802796726058e-19
1.009507282206223317e+04 7.106769176527554002e-20 2.736836912030398687e-19
1.010007874999528758e+04 3.159673109953681124e-19 3.012374205569997968e-19
1.010508467792834381e+04 7.190058238990001562e-19 3.070219801216823864e-19
1.011009060586139822e+04 3.742791476486916363e-19 3.079928318582343321e-19
1.011509653379445444e+04 -6.138337765264170181e-19 2.874896724518003917e-19
1.012010246172751067e+04 4.299541734755365039e-19 3.445152928346536774e-19
1.012510838966056690e+04 6.811408646192940856e-19 3.925804553419551664e-19
1.013011431759362313e+04 2.642573896432032251e-19 3.632688757358103019e-19
1.013512024552667754e+04 2.298918914051412688e-19 3.032048235841731284e-19
1.014012617345973376e+04 6.638199047828009942e-19 3.056376788870554645e-19
1.014513210139278817e+04 5.826231655208849837e-19 3.251861386328775886e-19
1.015013802932584440e+04 -8.489293690748252705e-19 3.414882015697668196e-19
1.015514395725890063e+04 7.481649608166925244e-20 3.424342683767175783e-19
1.016014988519195686e+04 8.183087326223720279e-19 3.484307617422868471e-19
1.016515581312501308e+04 2.915125308229429906e-19 3.713766164535406606e-19
1.017016174105806749e+04 2.280139243171558959e-19 4.189924302920474548e-19
1.017516766899112372e+04 -6.799360971363605901e-19 4.254877795498334024e-19
1.018017359692417813e+04 -1.124521956613278271e-19 4.001827642749929325e-19
1.018517952485723436e+04 -3.307227515711101095e-19 3.848362695256771142e-19
1.019018545279029058e+04 -2.960965471974120197e-19 4.323797470104365064e-19
1.019519138072334681e+04 9.034352777472643212e-19 4.316087240141492849e-19
1.020019730865640304e+04 3.763594741989079961e-19 4.038092814130883403e-19
1.020520323658945745e+04 -6.391829379240742566e-19 4.559466303825840778e-19
1.021020916452251367e+04 -3.752401165857820775e-19 5.107358189197296803e-19
1.021521509245556808e+04 7.293379237198677379e-19 4.772788287451396324e-19
1.022022102038862431e+04 2.346700030058682941e-19 4.753906874894236692e-19
1.022522694832168054e+04 -2.285624575829976039e-19 5.056179908577819664e-19
1.023023287625473677e+04 9.953515972456888107e-19 5.387888307417312247e-19
1.023523880418779299e+04 7.375454808613823674e-19 5.204427002125316204e-19
1.024024473212084740e+04 -2.767362545276636618e-20 4.501245811515806899e-19
1.024525066005390181e+04 4.917610065100566140e-20 4.406427382739058309e-19
1.025025658798695804e+04 3.439708447598465274e-19 4.115174155219753648e-19
1.025526251592001427e+04 4.297473137821719983e-19 4.236826575386407845e-19
1.026026844385307049e+04 5.023928198060557258e-20 4.136895949443908172e-19
1.026527437178612672e+04 3.228220207547539772e-19 4.024113235519572071e-19
1.027028029971918295e+04 -1.521509318687312770e-19 4.492443040816824257e-19
1.027528622765223736e+04 -1.491319988090397020e-19 4.541535324117684805e-19
1.028029215558529177e+04 -8.730441517297988563e-19 5.015720353459241521e-19
1.028529808351834799e+04 1.268666725948391111e-19 5.613014163824793961e-19
1.029030401145140422e+04 -7.776206752129424335e-19 5.978445920445288983e-19
1.029530993938446045e+04 3.565807576416780173e-19 5.907141717678728954e-19
