#  wl flam flam_err
4.803806996822357178e+03 5.261990660043296972e-19 7.347646863830673614e-19
4.808812924755412496e+03 1.395203575372606244e-18 6.828770319302403215e-19
4.813818852688468723e+03 2.658419565218721508e-19 6.321238390742281027e-19
4.818824780621524042e+03 1.849664332988776200e-19 5.773996735279038050e-19
4.823830708554580269e+03 -4.631204590503058797e-19 5.290321038079509426e-19
4.828836636487635587e+03 5.296852359019605773e-19 4.908223715507736547e-19
4.833842564420691815e+03 4.465582316928559211e-19 4.627146663051000410e-19
4.838848492353747133e+03 2.518855557070432520e-20 4.271396081022215287e-19
4.843854420286802451e+03 5.859071030060848446e-19 3.934020299551484591e-19
4.848860348219858679e+03 4.762144510355254912e-19 3.548052480575174773e-19
4.853866276152913997e+03 3.979323853881582643e-19 3.235063797752683501e-19
4.858872204085970225e+03 3.755818184526001569e-19 3.046641717704505491e-19
4.863878132019025543e+03 5.676518659821511690e-19 2.968579343015880728e-19
4.868884059952080861e+03 6.718706491828499406e-19 2.810231249565786226e-19
4.873889987885137089e+03 -4.039427373677780340e-20 2.592505190818361063e-19
4.878895915818192407e+03 1.377270123872730215e-19 2.377051958680196370e-19
4.883901843751248634e+03 1.035779201330471154e-19 2.189865838841723781e-19
4.888907771684303952e+03 3.601822408732568727e-20 2.045409767617761050e-19
4.893913699617360180e+03 -1.812443634172442586e-19 1.967323585994972255e-19
4.898919627550415498e+03 8.938984926090521622e-20 1.916133115706811985e-19
4.903925555483470816e+03 -1.824622502356826479e-20 1.832045292704457319e-19
4.908931483416527044e+03 1.906074069054218534e-19 1.731065291291581032e-19
4.913937411349582362e+03 2.100916432395736703e-19 1.634848434161564100e-19
4.918943339282638590e+03 2.571970342371137537e-19 1.551889069988712565e-19
4.923949267215693908e+03 2.152630872971569471e-19 1.535841509750982833e-19
4.928955195148750136e+03 1.701723327934945057e-19 1.544331259229971877e-19
4.933961123081805454e+03 -3.725514860031326869e-21 1.523789402521980250e-19
4.938967051014860772e+03 2.941720282144024462e-19 1.484860232712894460e-19
4.943972978947916999e+03 1.335439226014237350e-19 1.434240802432033662e-19
4.948978906880972318e+03 1.287318255804070954e-19 1.389677140541174980e-19
4.953984834814028545e+03 -9.985698073016124732e-20 1.390767866891998574e-19
4.958990762747083863e+03 3.683837596785185823e-20 1.422136629618141729e-19
4.963996690680139181e+03 2.532670772635441965e-19 1.453930516039773162e-19
4.969002618613195409e+03 7.222556428206850712e-20 1.451633119086886192e-19
4.974008546546250727e+03 5.748260934869856056e-20 1.401299265374603161e-19
4.979014474479306955e+03 1.698203447436807768e-19 1.321007092879483271e-19
4.984020402412362273e+03 6.166883969310264554e-20 1.268446929510868654e-19
4.989026330345418501e+03 1.156831653484670516e-19 1.263373456846008634e-19
4.994032258278473819e+03 1.081699523131712972e-19 1.264292080097222056e-19
4.999038186211529137e+03 2.022486379158199492e-19 1.201774492108991344e-19
5.004044114144585365e+03 2.586694293953229499e-19 1.135991059190176525e-19
5.009050042077640683e+03 2.749455332103710551e-19 1.055233167626992702e-19
5.014055970010696910e+03 1.192888201921209217e-19 9.836494068856470986e-20
5.019061897943752228e+03 7.327838885546215828e-20 9.596242389296076952e-20
5.024067825876807547e+03 5.065760585662103293e-20 9.677124484217747602e-20
5.029073753809863774e+03 5.685944035849658037e-20 9.817658141606201944e-20
5.034079681742919092e+03 1.068881383748661926e-19 9.710923593836427084e-20
5.039085609675975320e+03 1.256456511767749806e-19 9.461242297854541307e-20
5.044091537609030638e+03 1.223429640573455493e-19 9.236136380418484604e-20
5.049097465542086866e+03 8.421627531928394929e-21 9.122921013380051245e-20
5.054103393475142184e+03 -9.655372768186856503e-20 9.130849271948201086e-20
5.059109321408197502e+03 2.417767842570501476e-19 9.247526196274152579e-20
5.064115249341253730e+03 2.105648626844513435e-20 9.258406562457963979e-20
5.069121177274309048e+03 2.061554403758377377e-19 8.993887961106441322e-20
5.074127105207365275e+03 1.848212623584947062e-19 8.766023554222419887e-20
5.079133033140420594e+03 1.134207836595128969e-19 8.249471131073709869e-20
5.084138961073476821e+03 7.810275985415321927e-20 8.079386119287716019e-20
5.089144889006532139e+03 2.794994993600398060e-19 8.127227448473443093e-20
5.094150816939587457e+03 2.232153831594603322e-19 8.124397268027478481e-20
5.099156744872643685e+03 1.447378841454914086e-19 8.224394193751545274e-20
5.104162672805699003e+03 1.750352304425500979e-19 8.229485526853828101e-20
5.109168600738755231e+03 5.194067503358384482e-20 8.169851802841365255e-20
5.114174528671810549e+03 1.160256254291196364e-19 8.050777357125709546e-20
5.119180456604865867e+03 -1.346198057904829319e-20 7.992189267045821876e-20
5.124186384537922095e+03 9.792499812196823512e-20 7.964992606758208757e-20
5.129192312470977413e+03 3.207552294856337336e-19 8.035905576109130744e-20
5.134198240404033641e+03 3.113665202493647720e-19 8.244887775046506687e-20
5.139204168337088959e+03 2.488355545324708148e-19 8.281386883478580953e-20
5.144210096270145186e+03 2.978966229348578986e-19 7.899960452472342373e-20
5.149216024203200504e+03 2.368841661550561143e-19 7.635323050599198479e-20
5.154221952136255823e+03 3.784308755492167610e-19 7.271520099442526452e-20
5.159227880069312050e+03 3.912578679928638495e-19 6.921138139654743591e-20
5.164233808002367368e+03 3.709805283316207907e-19 6.602230328361683218e-20
5.169239735935423596e+03 2.800192368419354396e-19 6.397899273104903954e-20
5.174245663868478914e+03 1.721600757713229895e-19 6.349798333469472330e-20
5.179251591801534232e+03 2.535672387361688643e-19 6.300035550608563053e-20
5.184257519734590460e+03 2.514517131332798262e-19 6.171913658750802794e-20
5.189263447667645778e+03 2.353613884605952603e-19 6.041769796095899249e-20
5.194269375600702006e+03 2.103044770268235269e-19 6.101105966626248407e-20
5.199275303533757324e+03 1.647659604585543493e-19 6.315624084311725325e-20
5.204281231466813551e+03 1.624718933009205062e-19 6.322622523568428171e-20
5.209287159399868870e+03 2.466633700406541480e-19 6.303625358923592336e-20
5.214293087332924188e+03 2.198235647361525114e-19 6.445256823573560993e-20
5.219299015265980415e+03 2.088759463918025848e-19 6.649850207581241185e-20
5.224304943199035733e+03 3.097146442125099026e-19 6.712560757111743282e-20
5.229310871132091961e+03 2.728447386731324281e-19 6.504882523781156487e-20
5.234316799065147279e+03 5.450859827532127173e-20 6.573223776055900118e-20
5.239322726998203507e+03 2.051200337650754201e-19 6.634761126519749141e-20
5.244328654931258825e+03 9.699797294126853189e-20 6.746444155756671448e-20
5.249334582864314143e+03 1.640350943077429924e-19 6.852890092652527523e-20
5.254340510797370371e+03 2.832742248314124836e-19 6.875418158028972264e-20
5.259346438730425689e+03 3.029564691671023695e-19 6.481547232453494855e-20
5.264352366663481916e+03 1.921817168968410960e-19 5.924204584974487982e-20
5.269358294596537235e+03 3.347080241178755907e-19 5.737811687355834641e-20
5.274364222529593462e+03 2.662980556985432655e-19 5.659023222758492419e-20
5.279370150462648780e+03 2.126177499878947894e-19 5.676693279620922022e-20
5.284376078395704099e+03 1.643921065023867198e-19 5.681491125360067544e-20
5.289382006328760326e+03 1.418565105333488656e-19 5.898941396429324575e-20
5.294387934261815644e+03 1.598404022289330335e-19 6.005919837267005340e-20
5.299393862194871872e+03 1.973262711277678903e-19 6.062220480080928569e-20
5.304399790127927190e+03 1.703075627115484178e-19 6.056566420712441947e-20
5.309405718060982508e+03 3.300098877107507331e-19 5.898287799104256064e-20
5.314411645994038736e+03 3.487080956287691855e-19 5.781682136991911548e-20
5.319417573927094054e+03 2.774753143665015552e-19 5.707067461973537626e-20
5.324423501860150282e+03 3.069592371806066080e-19 5.691470493756500870e-20
5.329429429793205600e+03 2.302960391963128036e-19 5.812027065824708351e-20
5.334435357726260918e+03 1.252222019383407540e-19 5.823281183256024763e-20
5.339441285659317145e+03 1.019543854855666296e-19 5.821305739635122208e-20
5.344447213592372464e+03 1.375806858586356029e-19 5.791279147739951920e-20
5.349453141525428691e+03 2.169067395001308269e-19 5.668388261942560787e-20
5.354459069458484009e+03 1.936818408116682743e-19 5.660026752144910070e-20
5.359464997391540237e+03 1.376979408180510106e-19 5.546924473779018576e-20
5.364470925324595555e+03 2.892597428987201886e-19 5.546601644449700240e-20
5.369476853257650873e+03 1.583037362696056704e-19 5.691552202082821115e-20
5.374482781190707101e+03 1.733263317143039039e-19 6.004680248790444081e-20
5.379488709123762419e+03 8.115595409565334911e-20 6.059220776749395377e-20
5.384494637056818647e+03 7.508128983050458838e-20 6.061208753746457951e-20
5.389500564989873965e+03 1.745288011449093605e-19 5.849538106133540989e-20
5.394506492922930192e+03 1.856796964876003616e-19 5.601186451983190323e-20
5.399512420855985511e+03 1.882519064350081511e-19 5.425930171772149354e-20
5.404518348789040829e+03 9.287301876153794174e-20 5.279937462539412494e-20
5.409524276722097056e+03 1.065347965529066631e-19 5.274607451822866616e-20
5.414530204655152374e+03 2.283810564822501528e-19 5.376171549263930162e-20
5.419536132588208602e+03 1.710529892231105001e-19 5.494163557428239552e-20
5.424542060521263920e+03 1.578678934126145911e-19 5.516913569517894310e-20
5.429547988454320148e+03 7.463863876084117210e-20 5.421988902271682630e-20
5.434553916387375466e+03 8.658312364725917763e-20 5.243547614716006524e-20
5.439559844320430784e+03 1.731755637914576838e-19 5.174792703359281767e-20
5.444565772253487012e+03 1.405967941916474251e-19 5.014472776972723873e-20
5.449571700186542330e+03 1.019285137760489040e-19 4.837789540361195748e-20
5.454577628119598558e+03 2.339601113970989115e-19 4.871662823115006785e-20
5.459583556052653876e+03 2.276275143476827411e-19 4.917643968623252470e-20
5.464589483985709194e+03 1.779656312939115785e-19 4.922370054187445256e-20
5.469595411918765421e+03 1.478446405391244343e-19 5.019010365532080069e-20
5.474601339851820740e+03 1.411950120235097952e-19 5.001231404477613102e-20
5.479607267784876967e+03 2.531736852898764804e-19 5.042483834172105290e-20
5.484613195717932285e+03 2.611215257801112695e-19 5.191829762757373772e-20
5.489619123650987603e+03 2.374372713738749483e-19 5.156366791298890345e-20
5.494625051584043831e+03 2.584203812805063023e-19 5.224871266613586790e-20
5.499630979517099149e+03 1.181194810765836394e-19 5.271667007395309101e-20
5.504636907450155377e+03 2.425470997154671660e-19 5.423469415971729041e-20
5.509642835383210695e+03 3.397036834376243082e-19 5.485467617212765517e-20
5.514648763316266923e+03 2.759266379766990223e-19 5.556580941329334717e-20
5.519654691249322241e+03 2.660813863088090260e-19 5.484750471661639278e-20
5.524660619182377559e+03 1.231564846189226705e-19 5.356013997285014147e-20
5.529666547115433787e+03 1.192118519229827966e-19 5.155974472934906999e-20
5.534672475048489105e+03 1.988923498890993351e-19 4.982517325529560987e-20
5.539678402981545332e+03 1.180188405164137600e-19 5.001677985240615970e-20
5.544684330914600650e+03 1.663077999723222140e-19 4.958036087025566729e-20
5.549690258847656878e+03 1.659937926442330560e-19 4.693084720094396229e-20
5.554696186780712196e+03 2.151866176278279304e-19 4.587951794677470220e-20
5.559702114713767514e+03 1.247627001760501924e-19 4.699551808753166073e-20
5.564708042646823742e+03 1.585656213860720191e-19 4.853360763438123721e-20
5.569713970579879060e+03 1.844411155807148711e-19 1.078545318924865662e-19
5.574719898512935288e+03 2.118450234890402579e-19 1.932274963559510760e-19
5.579725826445990606e+03 1.672263468332535879e-19 1.841490553844662559e-19
5.584731754379046833e+03 1.447647734040972614e-19 1.021489720802121162e-19
5.589737682312102152e+03 1.125220256554381192e-19 4.532484672878021379e-20
5.594743610245157470e+03 1.039171797217167911e-19 4.412429528384605852e-20
5.599749538178213697e+03 1.267839457381927474e-19 4.439979852925532567e-20
5.604755466111269016e+03 1.926144598290129130e-19 4.533999588548162466e-20
5.609761394044325243e+03 1.987134308754061307e-19 4.603936801485365742e-20
5.614767321977380561e+03 2.509399910432547652e-19 4.688429510114863070e-20
5.619773249910436789e+03 2.220649003209377086e-19 4.849958065796779830e-20
5.624779177843492107e+03 1.958654871772010114e-19 4.982570666563406224e-20
5.629785105776547425e+03 1.773557513581628828e-19 5.012932645301838980e-20
5.634791033709603653e+03 1.282008601666800179e-19 4.959744483805037697e-20
5.639796961642658971e+03 2.146408556351565868e-19 4.898941429562287177e-20
5.644802889575714289e+03 2.124670157350785942e-19 4.811006927673350047e-20
5.649808817508770517e+03 2.344816239075929389e-19 4.545831438511145071e-20
5.654814745441825835e+03 2.673904929583607076e-19 4.351270001500836513e-20
5.659820673374882062e+03 3.279886537323906811e-19 4.303341863928658728e-20
5.664826601307937381e+03 2.467422850602982432e-19 4.278044573593123360e-20
5.669832529240993608e+03 1.144131368295095356e-19 4.349473571336280165e-20
5.674838457174048926e+03 4.431529020482491516e-20 4.366683272779726993e-20
5.679844385107104245e+03 1.485035980601193407e-19 4.423361146298103979e-20
5.684850313040160472e+03 1.100066204449955912e-19 4.423129936915297593e-20
5.689856240973215790e+03 7.137502934609651412e-20 4.465521713237800056e-20
5.694862168906272018e+03 8.799269327424630592e-20 4.510497019273818180e-20
5.699868096839327336e+03 8.927175151898419746e-20 4.541656464856710870e-20
5.704874024772383564e+03 2.009919355479659691e-19 4.461257790032765558e-20
5.709879952705438882e+03 2.064393566504714431e-19 4.450683312731531826e-20
5.714885880638494200e+03 1.764547940660958644e-19 4.480521271576218145e-20
5.719891808571550428e+03 1.618954786611705368e-19 4.586524838811661541e-20
5.724897736504605746e+03 3.170338075861557010e-20 4.621070342188884563e-20
5.729903664437661973e+03 2.797485464386358230e-20 4.700912970188439337e-20
5.734909592370717291e+03 1.844880799383364490e-19 4.763245498228997654e-20
5.739915520303773519e+03 1.659488985616056660e-19 4.854582601918532313e-20
5.744921448236828837e+03 1.011483728561105400e-19 4.892635055814181738e-20
5.749927376169884155e+03 1.551965843095121101e-19 4.912823632734315643e-20
5.754933304102940383e+03 1.841215275113864590e-19 4.977184623836966950e-20
5.759939232035995701e+03 2.080431783326284029e-19 5.009201667933321326e-20
5.764945159969051929e+03 1.674551185463779729e-19 4.892343126877151744e-20
5.769951087902107247e+03 1.472149980505608019e-19 4.661001819501764021e-20
5.774957015835163475e+03 1.644893138339527303e-19 4.469800888283668698e-20
5.779962943768218793e+03 1.918545720833088631e-19 4.329474657189084721e-20
5.784968871701274111e+03 1.400900276828752600e-19 4.287267217259295769e-20
5.789974799634330338e+03 1.453582786590748413e-19 4.276724352239494303e-20
5.794980727567385657e+03 1.193906870979560934e-19 4.303961972872484928e-20
5.799986655500441884e+03 1.633792047254477370e-19 4.327581965076042673e-20
5.804992583433497202e+03 1.221987564009701800e-19 4.353538865088156258e-20
5.809998511366552520e+03 1.152113281595347198e-19 4.341060933949415027e-20
5.815004439299608748e+03 8.022856676334874552e-20 4.328123821226591991e-20
5.820010367232664066e+03 2.020053616859326539e-19 4.297203572013237283e-20
5.825016295165720294e+03 1.413726378009766824e-19 4.315006953482148524e-20
5.830022223098775612e+03 1.110545817095608012e-19 4.282360972361873630e-20
5.835028151031830930e+03 8.767610936030860687e-20 4.188951854755484892e-20
5.840034078964887158e+03 8.497583888695896692e-20 4.164012077365677831e-20
5.845040006897942476e+03 8.266693094294744653e-20 4.192187431281618127e-20
5.850045934830998704e+03 1.067677631836713039e-19 4.166876125123038496e-20
5.855051862764054022e+03 7.737612758487788039e-20 4.247980433133186854e-20
5.860057790697110249e+03 6.362635847468739875e-20 4.603000968676987485e-20
5.865063718630165567e+03 7.586028977546338725e-20 5.151847184082040772e-20
5.870069646563220886e+03 1.021540580963982438e-19 5.233088109074098518e-20
5.875075574496277113e+03 -1.190954715157915960e-20 4.848302934212482389e-20
5.880081502429332431e+03 5.747682299440366610e-20 5.092303300307232477e-20
5.885087430362388659e+03 8.375192883828809043e-20 8.213823737654623932e-20
5.890093358295443977e+03 1.713914796079111674e-19 9.513933063265146567e-20
5.895099286228500205e+03 4.907996859940360916e-20 8.600624279851821121e-20
5.900105214161555523e+03 1.033030316725205014e-19 6.095367655933494822e-20
5.905111142094610841e+03 1.254211691492064712e-19 4.669696202749324527e-20
5.910117070027667069e+03 1.422082498862125631e-19 4.733183975669571094e-20
5.915122997960722387e+03 2.046929766974348216e-19 4.745388586923692331e-20
5.920128925893778614e+03 1.028239948243555120e-19 4.649546531389955811e-20
5.925134853826833933e+03 1.365192857775845487e-19 4.575580165027062420e-20
5.930140781759890160e+03 4.036486091727771951e-20 4.749070554351648861e-20
5.935146709692945478e+03 2.205768324879559815e-19 4.618495497539522086e-20
5.940152637626000796e+03 1.204575079015321627e-19 4.322894751800268616e-20
5.945158565559057024e+03 4.375204223741958698e-20 4.377927885486145597e-20
5.950164493492112342e+03 2.801657595819855782e-20 4.617900282622866041e-20
5.955170421425167660e+03 9.308135996322562187e-20 4.527470606900272257e-20
5.960176349358223888e+03 5.273895197695390660e-20 4.205713025195368000e-20
5.965182277291280116e+03 1.219248698519904212e-20 4.179103515581636931e-20
5.970188205224335434e+03 7.237607675564601732e-20 4.257420416188253346e-20
5.975194133157390752e+03 2.048585428613656892e-20 4.312800502139682989e-20
5.980200061090446980e+03 4.083075122296520038e-20 4.176262538013504632e-20
5.985205989023502298e+03 1.679534708058977217e-19 3.989631283308179707e-20
5.990211916956557616e+03 5.826395312496580451e-19 3.999437185778140845e-20
5.995217844889613843e+03 1.586346869963628313e-18 4.218365205771766033e-20
6.000223772822669162e+03 1.483931498507778200e-18 4.348397757728871170e-20
6.005229700755725389e+03 7.758488120081748839e-19 4.229391047485785638e-20
6.010235628688780707e+03 3.767358271667308763e-19 4.103361100502528266e-20
6.015241556621836935e+03 2.248881284109481025e-19 4.079838071800680619e-20
6.020247484554892253e+03 1.387058811932973291e-19 4.088498462972334148e-20
6.025253412487947571e+03 2.409680022921251385e-19 4.121427207702262670e-20
6.030259340421003799e+03 2.066149959098565165e-19 4.129253881578106159e-20
6.035265268354059117e+03 2.410411862232666887e-19 4.047420730566042603e-20
6.040271196287115345e+03 2.340769945013959381e-19 3.877147311713311856e-20
6.045277124220170663e+03 2.010491532627855016e-19 3.806233831556193977e-20
6.050283052153226890e+03 1.622189245206113969e-19 3.721357124960704822e-20
6.055288980086282209e+03 2.233513697251135707e-19 3.687613337274515166e-20
6.060294908019337527e+03 2.162502319334220646e-19 3.684143908292584049e-20
6.065300835952393754e+03 2.707294881673984481e-19 3.612279981093436499e-20
6.070306763885449072e+03 2.382414539991158260e-19 3.538289447522364927e-20
6.075312691818505300e+03 1.940506347094237604e-19 3.474801003911455489e-20
6.080318619751560618e+03 2.103436887156807346e-19 3.419046433992797288e-20
6.085324547684616846e+03 2.737491516743177785e-19 3.406638796697128498e-20
6.090330475617672164e+03 2.404734672816619985e-19 3.414147224861525167e-20
6.095336403550727482e+03 2.565757025191149472e-19 3.456183512273291462e-20
6.100342331483783710e+03 2.569806473601896376e-19 3.486069705808011480e-20
6.105348259416839028e+03 2.161623163552672292e-19 3.515516456979810850e-20
6.110354187349894346e+03 2.135714202695938632e-19 3.551951101544581297e-20
6.115360115282950574e+03 2.112174460212422670e-19 3.565106146057088120e-20
6.120366043216006801e+03 1.977290309050379466e-19 3.553190151790324767e-20
6.125371971149062119e+03 2.681540472523646599e-19 3.535119161300678487e-20
6.130377899082117438e+03 2.866676145575184271e-19 3.579163248039206363e-20
6.135383827015173665e+03 3.237475540313310825e-19 3.754412859272544101e-20
6.140389754948228983e+03 3.527245659804059795e-19 3.875209307729173055e-20
6.145395682881284301e+03 3.307720251341083823e-19 3.736418723878830159e-20
6.150401610814340529e+03 2.541391559933139435e-19 3.517089649181476130e-20
6.155407538747396757e+03 2.542562720892038933e-19 3.313130833643055057e-20
6.160413466680452075e+03 2.918642165148369206e-19 3.183986663974399913e-20
6.165419394613507393e+03 2.156446545954909712e-19 3.249740584917893662e-20
6.170425322546563621e+03 2.461184420901680093e-19 3.335587952410886795e-20
6.175431250479618939e+03 2.679749154825020814e-19 3.242474077008586198e-20
6.180437178412674257e+03 2.546758914844415945e-19 3.090236939210431221e-20
6.185443106345730484e+03 2.670348717047527144e-19 3.071189721138536237e-20
6.190449034278785803e+03 3.170315257011834416e-19 3.101959986086082373e-20
6.195454962211842030e+03 2.257373411503794229e-19 3.156231149152202495e-20
6.200460890144897348e+03 2.410518952151452733e-19 3.246048487752940095e-20
6.205466818077953576e+03 1.522795146391126918e-19 3.252641132362689327e-20
6.210472746011008894e+03 1.197185586791336358e-19 3.134160698713942087e-20
6.215478673944064212e+03 1.528114036291522432e-19 3.232523205197616400e-20
6.220484601877120440e+03 2.947455353785340993e-19 3.318899503857450955e-20
6.225490529810175758e+03 3.112514167277750711e-19 3.312716021251291666e-20
6.230496457743231986e+03 2.606933483828473150e-19 3.819620420561168292e-20
6.235502385676287304e+03 3.219634370703369573e-19 4.205976964673032725e-20
6.240508313609343531e+03 2.558244978289134717e-19 4.012606518190236470e-20
6.245514241542398850e+03 3.070660600002698435e-19 3.480888692668409841e-20
6.250520169475454168e+03 2.556187453769776895e-19 3.475261706029348505e-20
6.255526097408510395e+03 2.878395784423300670e-19 3.999193269576494079e-20
6.260532025341565713e+03 2.784807579397650354e-19 4.232752127240823625e-20
6.265537953274621032e+03 2.656127367061004662e-19 3.850188684684797199e-20
6.270543881207677259e+03 3.232915051976583310e-19 3.700490059305212433e-20
6.275549809140733487e+03 2.949556992365245256e-19 3.579000299925432322e-20
6.280555737073788805e+03 2.437026296626149299e-19 3.773132915179810732e-20
6.285561665006844123e+03 3.357945946229390787e-19 3.975316419274627633e-20
6.290567592939900351e+03 2.255078238808454960e-19 4.417140971961586724e-20
6.295573520872955669e+03 6.573267726500210692e-20 6.906538793712077418e-20
6.300579448806010987e+03 2.485402026862788982e-19 7.425622902547464566e-20
6.305585376739067215e+03 3.465726292280835405e-19 5.840766813424857350e-20
6.310591304672123442e+03 2.795010587817021943e-19 3.720929341910631891e-20
6.315597232605178760e+03 2.896584411185592911e-19 3.245182840147093109e-20
6.320603160538234079e+03 3.110812954181988391e-19 3.408559295317498113e-20
6.325609088471290306e+03 3.318701840825405492e-19 3.772570567645433829e-20
6.330615016404345624e+03 2.939947989093137207e-19 3.635554579675382404e-20
6.335620944337400942e+03 3.341614006822967075e-19 3.277475099011581209e-20
6.340626872270457170e+03 2.899686778470426468e-19 3.084151313934324321e-20
6.345632800203512488e+03 3.358213454018979968e-19 3.229132041765523457e-20
6.350638728136568716e+03 3.063243759212436021e-19 3.456353149894187679e-20
6.355644656069624034e+03 2.842459240854270079e-19 3.892344302097299399e-20
6.360650584002680262e+03 2.765086656183492188e-19 4.761611962601699485e-20
6.365656511935735580e+03 1.901278389348678451e-19 4.623044977707110823e-20
6.370662439868790898e+03 2.795869183113606255e-19 3.542172362151364325e-20
6.375668367801847126e+03 2.589771001808970322e-19 3.158239424254800581e-20
6.380674295734902444e+03 2.308502538904507405e-19 3.345397372787369635e-20
6.385680223667958671e+03 2.389302212415287844e-19 3.382610864707880186e-20
6.390686151601013989e+03 2.639458879171260390e-19 3.286147217390874534e-20
6.395692079534070217e+03 2.210457106245671339e-19 3.147657385837116194e-20
6.400698007467125535e+03 1.495068197485043761e-19 3.129318566781038181e-20
6.405703935400180853e+03 2.312216739134573208e-19 3.089835127034177281e-20
6.410709863333237081e+03 2.019735063139562096e-19 3.073598118224302408e-20
6.415715791266292399e+03 1.425617919578048209e-19 3.104605354458847956e-20
6.420721719199348627e+03 1.242029396584603872e-19 3.015793029630935648e-20
6.425727647132403945e+03 1.578806466711880879e-19 2.884249217366788764e-20
6.430733575065460172e+03 1.589681936612669533e-19 2.775872086565506573e-20
6.435739502998515491e+03 2.415125955813345161e-19 2.765176347923861168e-20
6.440745430931570809e+03 2.603187013876470208e-19 2.734630461667214844e-20
6.445751358864627036e+03 2.877312353196954645e-19 2.777787384823052414e-20
6.450757286797682355e+03 2.899333869470433434e-19 2.842028867655507384e-20
6.455763214730737673e+03 3.176492194340298871e-19 2.917198397607541115e-20
6.460769142663793900e+03 2.843454737276499599e-19 3.263407973891724784e-20
6.465775070596850128e+03 2.260475416653020707e-19 3.536305484246244222e-20
6.470780998529905446e+03 2.682702336372033598e-19 3.372791251346262694e-20
6.475786926462960764e+03 2.567675838168272162e-19 3.038539365627874713e-20
6.480792854396016992e+03 3.058578818495497709e-19 2.818302890306147462e-20
6.485798782329072310e+03 2.789548375155552394e-19 2.726301787600270977e-20
6.490804710262127628e+03 2.775432207606520901e-19 2.984025113395206308e-20
6.495810638195183856e+03 2.348315131051134940e-19 3.634195421275748807e-20
6.500816566128239174e+03 3.326827239405250966e-19 3.830452526093333907e-20
6.505822494061295401e+03 2.626100523177135895e-19 3.331602360320066254e-20
6.510828421994350720e+03 2.860426917745292108e-19 3.050123238248441086e-20
6.515834349927406947e+03 2.850760287004374536e-19 3.067734453027955173e-20
6.520840277860462265e+03 2.536680700790734831e-19 3.209902132654711102e-20
6.525846205793517584e+03 2.591819869247528995e-19 3.506876965844284227e-20
6.530852133726573811e+03 2.989553522970413083e-19 3.733206453029965110e-20
6.535858061659629129e+03 2.983702675294208087e-19 3.639102039227380436e-20
6.540863989592685357e+03 2.998578476179963993e-19 3.275234936105184958e-20
6.545869917525740675e+03 3.422383559759713322e-19 3.415627315481106087e-20
6.550875845458796903e+03 2.656620571149361645e-19 3.594257983311771174e-20
6.555881773391852221e+03 2.949680556994529769e-19 3.582978336494285641e-20
6.560887701324907539e+03 2.836775729656314936e-19 3.298635515873879127e-20
6.565893629257963767e+03 2.198901645211329931e-19 3.225288390332022121e-20
6.570899557191019085e+03 1.575302996143822982e-19 3.182059608642876728e-20
6.575905485124075312e+03 1.307567668382521858e-19 3.207819716964318816e-20
6.580911413057130630e+03 1.980003103223167712e-19 3.035201454288580644e-20
6.585917340990186858e+03 2.297112686933174222e-19 2.651550832226499160e-20
6.590923268923242176e+03 2.832059461690158020e-19 2.669699361212286381e-20
6.595929196856297494e+03 2.573296283041070213e-19 2.786444868624356647e-20
6.600935124789353722e+03 2.970739773986210573e-19 2.945818387665745476e-20
6.605941052722409040e+03 3.042877842930355978e-19 2.875078184262780214e-20
6.610946980655464358e+03 2.606980762226017290e-19 2.643930681447590819e-20
6.615952908588520586e+03 3.078507932182085842e-19 2.613870223317499548e-20
6.620958836521576814e+03 2.790210977449355628e-19 2.685982367985446925e-20
6.625964764454632132e+03 2.888359282369973973e-19 2.800105112158132850e-20
6.630970692387687450e+03 3.032444407156164847e-19 2.907197026635164502e-20
6.635976620320743677e+03 2.911113581381847395e-19 2.915712215002358269e-20
6.640982548253798996e+03 2.650918772238585073e-19 2.837226868359833180e-20
6.645988476186854314e+03 2.604236602037023749e-19 2.828718837477579973e-20
6.650994404119910541e+03 2.776292610198136327e-19 2.885433747570498657e-20
6.656000332052965859e+03 2.448811026730581186e-19 2.931681695368828959e-20
6.661006259986022087e+03 2.780739418777208564e-19 2.951482855214693442e-20
6.666012187919077405e+03 2.906775102904901911e-19 2.888728429831341916e-20
6.671018115852133633e+03 2.366624956465141999e-19 2.804042256601884709e-20
6.676024043785188951e+03 2.913473260803280232e-19 2.701448354116862779e-20
6.681029971718244269e+03 2.305996765909294090e-19 2.661099145802767298e-20
6.686035899651300497e+03 2.654404441405388472e-19 2.605572598402291632e-20
6.691041827584355815e+03 2.462356848991836095e-19 2.580917260901406967e-20
6.696047755517412043e+03 2.656771459356492406e-19 2.575356741514724128e-20
6.701053683450467361e+03 2.882144825763418787e-19 2.586733537744349258e-20
6.706059611383523588e+03 2.592010614882385084e-19 2.532455080499076466e-20
6.711065539316578906e+03 3.063186499938548627e-19 2.524431232005667362e-20
6.716071467249634225e+03 2.861548203828487643e-19 2.503330100934927773e-20
6.721077395182690452e+03 2.640526716487706616e-19 2.464328232224043742e-20
6.726083323115745770e+03 2.812529547024808032e-19 2.445496533673792925e-20
6.731089251048801998e+03 2.307616072943226866e-19 2.451123859752877065e-20
6.736095178981857316e+03 2.530757173891134759e-19 2.473396208519599571e-20
6.741101106914913544e+03 2.499142561895109871e-19 2.500988110448252735e-20
6.746107034847968862e+03 2.354125574277717097e-19 2.484753761737169952e-20
6.751112962781024180e+03 2.462229059330372145e-19 2.465606164826490722e-20
6.756118890714080408e+03 2.716455752575602624e-19 2.472458798626642711e-20
6.761124818647135726e+03 2.675724860266289385e-19 2.522891400322769228e-20
6.766130746580191044e+03 2.868988268743370703e-19 2.533235107023813138e-20
6.771136674513247272e+03 2.555366646975638275e-19 2.590774042981656830e-20
6.776142602446303499e+03 2.370792935270461945e-19 2.624769427846791034e-20
6.781148530379358817e+03 2.946125392531137757e-19 2.714569771898755637e-20
6.786154458312414135e+03 2.503535681526264142e-19 2.711446789801515109e-20
6.791160386245470363e+03 2.450536997345082289e-19 2.629396419639715017e-20
6.796166314178525681e+03 2.765200557781027077e-19 2.576856040588246256e-20
6.801172242111580999e+03 2.858049056312062830e-19 2.547714870572889310e-20
6.806178170044637227e+03 3.030032910500478011e-19 2.508202193304715559e-20
6.811184097977693455e+03 2.586571730413518467e-19 2.484146843695782763e-20
6.816190025910748773e+03 2.230561174451008105e-19 2.451946144090032163e-20
6.821195953843804091e+03 2.741381161382676787e-19 3.015908825324343919e-20
6.826201881776860318e+03 2.757200181475530759e-19 3.963085420897559224e-20
6.831207809709915637e+03 2.666207279366544297e-19 4.310261968090643897e-20
6.836213737642970955e+03 2.452101956294348324e-19 3.705097793232171228e-20
6.841219665576027182e+03 2.518176776522337176e-19 2.903190924295487894e-20
6.846225593509082501e+03 2.154302418806139271e-19 2.601965736291260848e-20
6.851231521442138728e+03 1.954051369465650762e-19 2.438328047076972083e-20
6.856237449375194046e+03 2.679061638540403985e-19 3.194604774139244039e-20
6.861243377308250274e+03 3.140840235285888457e-19 4.684661139236182212e-20
6.866249305241305592e+03 1.516868496811489860e-19 4.395344117033313488e-20
6.871255233174360910e+03 1.757400099121437573e-19 3.921001793074646953e-20
6.876261161107417138e+03 2.403624219403607789e-19 3.356699825535095675e-20
6.881267089040473365e+03 2.628422412617687734e-19 3.199597124855588247e-20
6.886273016973527774e+03 1.985751745590952179e-19 3.354437913918602682e-20
6.891278944906584002e+03 2.278389702712272049e-19 3.593913617416994709e-20
6.896284872839640229e+03 2.484447251026154439e-19 3.590384033305052518e-20
6.901290800772695547e+03 2.507363357957305241e-19 3.275174494651024524e-20
6.906296728705750866e+03 2.030861773168161809e-19 3.351232705173344364e-20
6.911302656638807093e+03 1.619755537140406021e-19 3.407323307906933642e-20
6.916308584571862411e+03 1.525633998920663944e-19 4.008486445914073727e-20
6.921314512504917730e+03 2.357631621024498629e-19 3.933625372780368959e-20
6.926320440437973957e+03 2.899464061907189786e-19 3.600328227740554341e-20
6.931326368371030185e+03 2.030504635860292336e-19 2.831314011654780331e-20
6.936332296304085503e+03 2.786830097163188578e-19 3.144314761608615559e-20
6.941338224237140821e+03 2.831371085849135981e-19 3.464219367652682060e-20
6.946344152170197049e+03 2.046330439661108489e-19 4.124857240972509369e-20
6.951350080103252367e+03 2.355623912840985478e-19 3.575600034004627459e-20
6.956356008036307685e+03 1.909211663622403695e-19 2.687911636004182632e-20
6.961361935969363913e+03 2.291955187038599314e-19 2.579196691037173331e-20
6.966367863902420140e+03 2.820449868264902177e-19 2.800806761268994125e-20
6.971373791835475458e+03 3.123025750224573262e-19 3.118398089401020659e-20
6.976379719768530776e+03 2.528492717247596408e-19 3.246478941134465008e-20
6.981385647701587004e+03 2.566919443523421145e-19 3.083662380971870255e-20
6.986391575634642322e+03 2.430435751191133708e-19 2.545152624934305349e-20
6.991397503567697640e+03 2.717687204032561845e-19 2.453346918117852207e-20
6.996403431500753868e+03 2.650073725795012095e-19 2.558039211248008074e-20
7.001409359433810096e+03 2.357636253941231897e-19 2.705145948209416705e-20
7.006415287366865414e+03 2.333916564658595053e-19 2.955898819416672982e-20
7.011421215299920732e+03 2.775791782477395452e-19 2.902541103101243528e-20
7.016427143232976960e+03 2.753895577891384125e-19 2.717945102672575104e-20
7.021433071166032278e+03 2.271494269896776597e-19 2.521886296984315784e-20
7.026438999099087596e+03 2.694337224692972574e-19 2.617602390314897585e-20
7.031444927032143823e+03 2.519535427067977041e-19 2.682562817567550452e-20
7.036450854965200051e+03 2.681117965823820880e-19 2.801418405199436555e-20
7.041456782898254460e+03 2.932739038570149899e-19 3.041777647845496395e-20
7.046462710831310687e+03 2.906870737292989964e-19 3.177112255598358324e-20
7.051468638764366915e+03 2.024862385398910420e-19 3.018036658734243347e-20
7.056474566697422233e+03 2.656164510412490428e-19 2.738612449894896788e-20
7.061480494630477551e+03 1.981138202251908890e-19 2.666310750756781924e-20
7.066486422563533779e+03 2.310847360583645868e-19 2.687303694272352634e-20
7.071492350496589097e+03 2.183219486217143095e-19 2.623486712943234721e-20
7.076498278429644415e+03 2.085040534439780911e-19 2.599252507065810218e-20
7.081504206362700643e+03 2.718133905937090373e-19 2.628541428442091238e-20
7.086510134295756870e+03 2.604772557962055406e-19 2.619943328904107602e-20
7.091516062228812189e+03 2.547297035865376973e-19 2.523870023163769401e-20
7.096521990161867507e+03 2.572181690922875035e-19 2.370112660419455695e-20
7.101527918094923734e+03 2.131285566889886373e-19 2.341807390610004876e-20
7.106533846027979052e+03 2.405909726716553233e-19 2.346166890014429441e-20
7.111539773961034371e+03 2.330258424455092743e-19 2.332419342779637315e-20
7.116545701894090598e+03 2.613808315723859581e-19 2.327489550289878230e-20
7.121551629827146826e+03 2.255290029798962832e-19 2.382167918327199683e-20
7.126557557760202144e+03 2.159274715583557448e-19 2.480872219596728563e-20
7.131563485693257462e+03 2.437272541472897293e-19 2.520291156584061463e-20
7.136569413626313690e+03 2.027887530972332499e-19 2.566724865725372051e-20
7.141575341559369008e+03 2.654655847144099134e-19 2.758398648853632906e-20
7.146581269492424326e+03 3.312671593733499936e-19 2.808270485582627772e-20
7.151587197425480554e+03 2.027672582420657733e-19 2.709901788473664424e-20
7.156593125358536781e+03 2.503651411178050089e-19 2.727439306805466428e-20
7.161599053291592099e+03 2.708673431369543454e-19 2.833136773411284929e-20
7.166604981224647418e+03 2.464805075939061735e-19 2.862616137155339973e-20
7.171610909157703645e+03 2.623647823868664321e-19 2.807446270424756484e-20
7.176616837090758963e+03 2.124029611959172680e-19 2.761150584124052457e-20
7.181622765023814281e+03 2.067175740803859784e-19 2.611158914883966705e-20
7.186628692956870509e+03 2.271164716877391770e-19 2.465594945319225684e-20
7.191634620889926737e+03 2.520494294985061506e-19 2.385409864806642094e-20
7.196640548822981145e+03 2.044195073888922810e-19 2.355147037772535408e-20
7.201646476756037373e+03 2.182684193850889734e-19 2.328491537997834624e-20
7.206652404689093601e+03 1.950575928079043319e-19 2.306731531988344713e-20
7.211658332622148919e+03 2.218534818763383633e-19 2.283717010248232298e-20
7.216664260555204237e+03 1.692786468102502996e-19 2.322132455279379650e-20
7.221670188488260465e+03 2.205464593372558207e-19 2.385849374092369275e-20
7.226676116421315783e+03 2.448880478772456881e-19 2.438374912771728395e-20
7.231682044354371101e+03 2.115496332176370262e-19 3.178930913986470069e-20
7.236687972287427328e+03 3.052901946421137424e-19 5.030938151638164970e-20
7.241693900220483556e+03 3.362100117156874425e-19 5.971930251743657230e-20
7.246699828153538874e+03 1.608869101006551088e-19 5.171663667234355456e-20
7.251705756086594192e+03 2.121689285982493261e-19 3.760748628008290412e-20
7.256711684019650420e+03 2.462207070650619594e-19 3.083058867624143710e-20
7.261717611952705738e+03 2.726916798487014984e-19 2.705460789828805917e-20
7.266723539885761056e+03 2.803109573900750294e-19 3.080362071262669514e-20
7.271729467818817284e+03 3.653883073296453629e-19 5.463172872199296778e-20
7.276735395751873511e+03 2.178780092116658348e-19 6.009697463204576179e-20
7.281741323684928830e+03 4.061212790288658356e-19 5.469671604570658729e-20
7.286747251617984148e+03 1.619586560814870711e-19 4.249894557395552223e-20
7.291753179551040375e+03 2.149836981239580069e-19 3.559404082095581833e-20
7.296759107484095694e+03 1.358991137447191101e-19 3.665953596517445326e-20
7.301765035417151012e+03 2.504564226864608779e-19 3.807631664716926661e-20
7.306770963350207239e+03 2.058677150769846513e-19 3.827331550758517025e-20
7.311776891283263467e+03 2.740490791913365561e-19 5.106353376315885810e-20
7.316782819216318785e+03 2.688475851982392825e-19 5.036454643553346172e-20
7.321788747149374103e+03 2.323727605470843396e-19 4.154162789265925210e-20
7.326794675082430331e+03 2.164267517134950316e-19 3.719809107132097972e-20
7.331800603015485649e+03 2.589461315601585649e-19 4.049676189908928361e-20
7.336806530948540967e+03 4.197726184862092983e-19 5.207464848285307279e-20
7.341812458881597195e+03 2.298704715161944465e-19 5.128965829739635380e-20
7.346818386814653422e+03 2.551934483649429455e-19 3.749025263956639555e-20
7.351824314747707831e+03 2.453967733300890894e-19 3.169454778068686581e-20
7.356830242680764059e+03 1.989844016314760213e-19 3.581888683820648780e-20
7.361836170613820286e+03 2.389293295123117060e-19 4.206956075894906351e-20
7.366842098546875604e+03 3.282027861707145640e-19 4.710292923413139759e-20
7.371848026479930923e+03 1.823240151476262780e-19 4.516209082111963649e-20
7.376853954412987150e+03 2.066556538972066361e-19 2.987281695397414181e-20
7.381859882346043378e+03 2.520136356566702864e-19 2.494720595002464274e-20
7.386865810279097786e+03 2.558598665986979137e-19 3.155910947273289865e-20
7.391871738212154014e+03 3.206956374845025979e-19 3.463742191880303404e-20
7.396877666145210242e+03 3.019005945537728095e-19 4.325954594323906617e-20
7.401883594078265560e+03 1.522488430867308738e-19 4.217476471128515898e-20
7.406889522011320878e+03 1.624716101969278658e-19 3.612002949082117664e-20
7.411895449944377106e+03 1.921589682293639141e-19 2.716791078208037560e-20
7.416901377877432424e+03 2.244546602503793026e-19 2.733150146297916233e-20
7.421907305810487742e+03 2.025116038838900107e-19 2.877383228755891672e-20
7.426913233743543969e+03 1.899128832610131684e-19 3.197683940449114539e-20
7.431919161676600197e+03 2.300080795974241510e-19 3.642894313829839575e-20
7.436925089609655515e+03 2.269553670171975651e-19 3.625308137350392548e-20
7.441931017542710833e+03 2.847078622598069910e-19 3.301607479149791969e-20
7.446936945475767061e+03 2.699638202423432471e-19 2.506759254495340110e-20
7.451942873408822379e+03 2.611502801285407293e-19 2.421631931728852475e-20
7.456948801341877697e+03 2.164086396926203888e-19 2.605678687788885637e-20
7.461954729274933925e+03 2.709348686631064531e-19 2.957962660095464027e-20
7.466960657207990153e+03 2.673472494066452613e-19 3.425292866488746846e-20
7.471966585141045471e+03 1.975941223770510829e-19 3.621045910313613270e-20
7.476972513074100789e+03 2.191046837853717939e-19 3.848726199767092413e-20
7.481978441007157016e+03 2.392198974574052252e-19 3.631102520185565303e-20
7.486984368940212335e+03 2.495596477916160404e-19 3.183539764468179672e-20
7.491990296873267653e+03 2.173613146096156168e-19 2.658475557988156830e-20
7.496996224806323880e+03 2.338465240748026041e-19 2.565649208424143077e-20
7.502002152739380108e+03 2.301987166071314150e-19 2.361028494352441666e-20
7.507008080672435426e+03 2.101309971764405014e-19 2.322264930362987574e-20
7.512014008605490744e+03 2.310819534969992825e-19 2.508859914336162947e-20
7.517019936538546972e+03 2.370023040200479750e-19 3.699161002993040492e-20
7.522025864471602290e+03 1.311912307133496633e-19 4.634555280513745722e-20
7.527031792404657608e+03 1.032869852228985877e-19 4.704243030520410440e-20
7.532037720337713836e+03 1.293146113312348864e-19 3.490103733104177799e-20
7.537043648270770063e+03 2.336774256990338873e-19 2.992800200150160408e-20
7.542049576203824472e+03 2.024727777924988518e-19 2.814252236319406100e-20
7.547055504136880700e+03 2.239714856874186567e-19 2.748066334338466227e-20
7.552061432069936927e+03 2.118806587937545837e-19 3.078437670611488294e-20
7.557067360002992245e+03 2.028552542371408323e-19 3.160920774330795757e-20
7.562073287936047564e+03 2.733478696209937516e-19 3.150472349676817818e-20
7.567079215869103791e+03 2.461885718561236488e-19 4.018789613335988340e-20
7.572085143802159109e+03 2.389532040117475838e-19 4.094880210215353706e-20
7.577091071735214427e+03 2.247684856771199375e-19 3.360271871395903056e-20
7.582096999668270655e+03 2.172170630379365365e-19 2.935557261125833653e-20
7.587102927601326883e+03 1.800094899029223757e-19 2.903816923457153041e-20
7.592108855534382201e+03 1.909775722482126749e-19 3.520494064432576692e-20
7.597114783467437519e+03 2.385299349451982644e-19 4.575642549303492163e-20
7.602120711400493747e+03 1.849977793454863991e-19 5.628505134547147255e-20
7.607126639333549065e+03 1.718313917625549356e-19 5.116842808600285055e-20
7.612132567266604383e+03 1.984034664294690438e-19 5.385981595814369795e-20
7.617138495199660611e+03 1.977062927727411223e-19 4.477834561821060484e-20
7.622144423132716838e+03 1.685573396287360594e-19 4.802819943412323927e-20
7.627150351065772156e+03 6.829719112976155652e-20 5.166427342947436171e-20
7.632156278998827474e+03 1.550839285155438777e-19 5.408716347957753543e-20
7.637162206931883702e+03 1.763697900110494681e-19 4.104830252806485000e-20
7.642168134864939020e+03 2.065222253941127528e-19 3.797357036864933458e-20
7.647174062797994338e+03 2.055653817032921135e-19 3.644439505054445370e-20
7.652179990731050566e+03 2.537344645011132370e-19 3.719177272817642939e-20
7.657185918664106794e+03 2.663037749429234163e-19 3.404487172789765370e-20
7.662191846597162112e+03 2.126654656581119602e-19 3.448909927434177952e-20
7.667197774530217430e+03 1.633479447986922103e-19 3.220168853501144590e-20
7.672203702463273657e+03 2.420852236067132015e-19 2.768167608810162402e-20
7.677209630396328976e+03 2.675275627032559524e-19 2.922392859343144558e-20
7.682215558329384294e+03 1.906807842409385500e-19 3.292558900129073385e-20
7.687221486262440521e+03 2.290987304450414032e-19 3.233542817027036898e-20
7.692227414195496749e+03 1.972746961850210803e-19 3.215962493270139704e-20
7.697233342128551158e+03 2.386289439339397258e-19 3.102286118907840173e-20
7.702239270061607385e+03 2.086002975693796604e-19 3.023072187500587403e-20
7.707245197994663613e+03 3.537608787939046913e-19 5.064983445291358988e-20
7.712251125927718931e+03 2.023399938490150376e-19 6.917248236417315949e-20
7.717257053860774249e+03 1.210255508173584413e-19 6.569346770070113852e-20
7.722262981793830477e+03 2.659850842264005773e-19 4.925024742972267226e-20
7.727268909726885795e+03 2.089484764670813544e-19 3.611785291147743240e-20
7.732274837659941113e+03 1.961862397471746315e-19 3.049866314677791841e-20
7.737280765592997341e+03 1.911323321723586529e-19 2.811350547976052167e-20
7.742286693526053568e+03 3.632838072256909917e-19 3.823062518534763742e-20
7.747292621459108886e+03 2.786716645339244959e-19 5.989345696105305618e-20
7.752298549392164205e+03 2.495047920754224322e-19 6.235639086069089828e-20
7.757304477325220432e+03 2.537540674981865730e-19 4.995256631559069579e-20
7.762310405258275750e+03 2.646859916490771681e-19 4.050967079630298968e-20
7.767316333191331069e+03 2.944318222497631561e-19 3.434690309802977823e-20
7.772322261124387296e+03 1.780998323679288011e-19 3.742773706636102491e-20
7.777328189057443524e+03 1.957834745235439577e-19 4.228651254098275375e-20
7.782334116990498842e+03 1.935574914616707487e-19 3.903762111204267824e-20
7.787340044923554160e+03 3.078436985538503247e-19 4.997798899032617737e-20
7.792345972856610388e+03 6.893287550079503393e-20 5.963151000172141370e-20
7.797351900789665706e+03 2.234712757703727362e-19 5.552673587565014807e-20
7.802357828722721024e+03 2.441481010941227371e-19 4.257882006544157406e-20
7.807363756655777252e+03 2.022469352079546732e-19 4.556651475967178324e-20
7.812369684588833479e+03 2.693281522418670834e-19 4.769350801092402852e-20
7.817375612521888797e+03 4.285571294758286539e-19 6.309388097133743210e-20
7.822381540454944115e+03 2.700899214106592974e-19 6.165971526851324160e-20
7.827387468388000343e+03 2.047592169022522765e-19 4.310255490547222224e-20
7.832393396321055661e+03 2.197473816812700097e-19 3.021984976526799696e-20
7.837399324254110979e+03 1.839019102513666511e-19 3.844525926313936366e-20
7.842405252187167207e+03 1.779955311785171860e-19 4.076965334807178806e-20
7.847411180120223435e+03 4.160166013859282750e-19 5.709895488959113292e-20
7.852417108053277843e+03 4.164755004970278504e-19 6.399215920865067433e-20
7.857423035986334071e+03 2.687914248782393905e-19 6.142558929994749016e-20
7.862428963919390299e+03 2.352267144605456809e-19 4.901197625701683320e-20
7.867434891852445617e+03 2.390396712560858032e-19 4.845441217019697420e-20
7.872440819785500935e+03 1.844659486628547730e-19 4.851075129300629370e-20
7.877446747718557162e+03 1.560270616829685495e-19 4.445066219294208115e-20
7.882452675651613390e+03 2.292402576860467666e-19 4.710996576036428130e-20
7.887458603584667799e+03 1.886315237742590419e-19 4.936217134015804128e-20
7.892464531517724026e+03 2.237235163924866124e-19 4.589718117090770269e-20
7.897470459450780254e+03 1.913366614327171174e-19 3.205469610147569622e-20
7.902476387383835572e+03 2.269487044152838021e-19 2.883541788258814305e-20
7.907482315316890890e+03 3.393118159824723115e-19 5.746157380999098400e-20
7.912488243249947118e+03 3.029464133473160980e-19 7.193760938831234030e-20
7.917494171183002436e+03 1.753365652187689613e-19 7.547322650375752471e-20
7.922500099116057754e+03 1.640011362269486425e-19 5.568639655317249276e-20
7.927506027049113982e+03 1.906658811355687069e-19 5.212091806913303545e-20
7.932511954982170209e+03 8.181555190117833973e-20 4.685908164709053621e-20
7.937517882915225528e+03 1.087752373333605433e-19 3.677572922431366215e-20
7.942523810848280846e+03 2.108826631671448436e-19 3.716609887052540679e-20
7.947529738781337073e+03 1.447916428291700351e-19 4.146832425383892255e-20
7.952535666714392391e+03 2.296175897275968440e-19 3.778540261809992177e-20
7.957541594647447710e+03 2.670782893809328981e-19 4.623001554972313308e-20
7.962547522580503937e+03 1.929268219047952892e-19 6.000266086339868208e-20
7.967553450513560165e+03 1.967873226869902472e-19 5.710594917217783249e-20
7.972559378446615483e+03 2.671676706302824796e-19 4.277983315689522317e-20
7.977565306379670801e+03 2.397226926651661180e-19 4.465065445660131811e-20
7.982571234312727029e+03 1.872146292693192531e-19 4.248457102270933276e-20
7.987577162245782347e+03 2.533950486819153912e-19 5.540969517009337646e-20
7.992583090178837665e+03 4.633748574191088409e-19 6.050731172714242044e-20
7.997589018111893893e+03 3.629392729840828275e-19 5.284172540336441754e-20
8.002594946044950120e+03 1.667111902237553315e-19 2.919768135756007791e-20
8.007600873978005438e+03 1.900934840336737980e-19 3.383763432017694129e-20
8.012606801911060757e+03 2.298507943074936269e-19 3.911718006122712189e-20
8.017612729844116984e+03 3.157147314842700465e-19 4.503739953880524028e-20
8.022618657777172302e+03 2.083974545934873498e-19 5.493910984169413964e-20
8.027624585710227620e+03 2.407130567753640766e-19 5.506187587239182367e-20
8.032630513643283848e+03 2.180420927873931307e-19 3.818741157625325406e-20
8.037636441576340076e+03 1.159458839651342577e-19 2.754572802972044599e-20
8.042642369509394484e+03 1.701804367194499977e-19 2.815425277136569495e-20
8.047648297442450712e+03 2.183781407615375863e-19 3.568182270931958440e-20
8.052654225375506940e+03 2.300082207758296278e-19 3.857931890718949252e-20
8.057660153308562258e+03 2.282568409221508508e-19 4.658781233729265130e-20
8.062666081241617576e+03 1.405599414421794621e-19 4.575418796535163527e-20
8.067672009174673803e+03 1.853072863058720589e-19 3.651247326314021860e-20
8.072677937107729122e+03 2.126850182362081302e-19 2.794350316580732324e-20
8.077683865040784440e+03 2.259222818568659103e-19 2.831502156080638531e-20
8.082689792973840667e+03 2.250690322874728079e-19 2.795436305861665268e-20
8.087695720906896895e+03 2.340242732955909323e-19 2.948427474011664700e-20
8.092701648839952213e+03 2.327072263452770781e-19 3.023353120344493306e-20
8.097707576773007531e+03 2.461612682536261398e-19 3.455879167565234425e-20
8.102713504706063759e+03 2.360075094660657908e-19 3.337737164016836645e-20
8.107719432639119077e+03 2.151097876720665135e-19 2.968240434401474495e-20
8.112725360572174395e+03 1.878898846067650142e-19 2.497878925160390098e-20
8.117731288505230623e+03 1.653410537244753700e-19 2.453755764828974846e-20
8.122737216438286850e+03 1.790328751164999158e-19 2.485494898058576928e-20
8.127743144371342169e+03 1.858174216886216185e-19 2.551808660195089013e-20
8.132749072304397487e+03 2.305499422161033577e-19 2.738685703406595285e-20
8.137755000237453714e+03 1.841699186970228050e-19 2.857593502366011108e-20
8.142760928170509032e+03 2.248693213038093833e-19 3.038324045463921206e-20
8.147766856103564351e+03 1.780768854585931663e-19 2.897432229430897182e-20
8.152772784036620578e+03 1.476717637233524988e-19 2.655931056913093947e-20
8.157778711969676806e+03 1.901142531507529023e-19 2.531804365871887739e-20
8.162784639902732124e+03 1.175296482134345730e-19 2.540618714534271033e-20
8.167790567835787442e+03 1.366721468975848154e-19 2.579590203333498332e-20
8.172796495768843670e+03 1.860965725648499288e-19 2.620225501238787115e-20
8.177802423701898988e+03 2.224127087756671921e-19 2.676055205069550911e-20
8.182808351634954306e+03 1.916823013771563780e-19 2.824199132195073331e-20
8.187814279568010534e+03 2.101718729057405813e-19 2.962454396653901441e-20
8.192820207501066761e+03 1.515907821371857195e-19 2.973089588284043017e-20
8.197826135434121170e+03 1.269431702868975602e-19 2.823946724830481615e-20
8.202832063367177398e+03 1.957977779817009769e-19 2.715908829406923867e-20
8.207837991300233625e+03 2.653396929257634235e-19 2.700939715244830926e-20
8.212843919233288034e+03 1.960392054452614594e-19 2.620235012965534741e-20
8.217849847166344261e+03 1.866267440762916961e-19 2.538354143792967542e-20
8.222855775099400489e+03 1.489594732428573392e-19 2.450661001377639267e-20
8.227861703032456717e+03 1.248744743297309044e-19 2.373359842142166279e-20
8.232867630965511125e+03 1.541727857146650280e-19 2.368744760915689139e-20
8.237873558898567353e+03 1.619305504438514603e-19 2.476480292623935677e-20
8.242879486831623581e+03 1.619366789072004057e-19 2.589949871761633515e-20
8.247885414764677989e+03 1.784663399518572500e-19 2.572729655239353620e-20
8.252891342697734217e+03 1.957820878779390526e-19 2.511320326591367957e-20
8.257897270630790445e+03 2.017901543710097806e-19 2.442995444542319091e-20
8.262903198563846672e+03 1.905743124118717024e-19 2.428742247480830449e-20
8.267909126496901081e+03 2.081325025231364309e-19 2.525858171095614209e-20
8.272915054429957308e+03 2.350437594472473252e-19 3.823630248162475638e-20
8.277920982363013536e+03 5.901680611213833193e-20 5.627299402234806661e-20
8.282926910296067945e+03 3.432058998388918776e-19 7.231817339895310119e-20
8.287932838229124172e+03 2.170605893985809545e-19 6.785035535938374748e-20
8.292938766162180400e+03 3.282455224374768357e-19 7.574814844446871279e-20
8.297944694095236628e+03 1.256157529326172773e-19 7.051396555978737205e-20
8.302950622028291036e+03 3.132315377215830924e-19 6.192931730799404345e-20
8.307956549961347264e+03 2.338384530036430526e-19 4.627840793323465854e-20
8.312962477894403492e+03 2.642690814821489727e-19 4.490425469085386344e-20
8.317968405827457900e+03 2.039405762014760068e-19 3.361885836042839622e-20
8.322974333760514128e+03 1.843831804356827581e-19 2.900636957751075360e-20
8.327980261693570355e+03 1.871730515953440033e-19 2.712890183161721804e-20
8.332986189626626583e+03 1.959925565606091913e-19 2.994143001228230400e-20
8.337992117559680992e+03 5.206267083456109189e-19 7.875594156260379047e-20
8.342998045492737219e+03 1.685864113923409277e-19 9.404241193109138673e-20
8.348003973425793447e+03 -9.976773273408723458e-20 9.221263226641141067e-20
8.353009901358847856e+03 1.709071346915952648e-19 5.923110389320632266e-20
8.358015829291904083e+03 3.039629609278684197e-19 4.871067310879392327e-20
8.363021757224960311e+03 1.069596387914060099e-19 4.009682088662131799e-20
8.368027685158016538e+03 1.641721854830631593e-19 3.543746578044960497e-20
8.373033613091070947e+03 1.845409586796045958e-19 3.101449384332220259e-20
8.378039541024127175e+03 1.878251586740624761e-19 4.555844017679218467e-20
8.383045468957181583e+03 2.393337929885945526e-19 4.647085991806736543e-20
8.388051396890237811e+03 2.471039208771113267e-19 3.744527241861046969e-20
8.393057324823294039e+03 4.295817749950141714e-19 6.348264501437055595e-20
8.398063252756350266e+03 2.437561299569094258e-19 7.585276659721375752e-20
8.403069180689406494e+03 2.337866399254071589e-19 6.798742151146237459e-20
8.408075108622460903e+03 1.721504863201296500e-19 4.254125633501578836e-20
8.413081036555517130e+03 1.360088919492574950e-19 5.244370316562102873e-20
8.418086964488571539e+03 2.185633254084923788e-19 5.235846355343297060e-20
8.423092892421627766e+03 2.653138329149775823e-19 6.595776386648629395e-20
8.428098820354683994e+03 4.561743381038517002e-19 8.942084784640678378e-20
8.433104748287740222e+03 1.230735008564194735e-19 8.529146955682964210e-20
8.438110676220796449e+03 1.451453005654969204e-19 4.140660453586649208e-20
8.443116604153850858e+03 2.081700291787189389e-19 3.492314705922990099e-20
8.448122532086907086e+03 1.447504977807955938e-19 5.485384362642905324e-20
8.453128460019961494e+03 1.422231265079814111e-19 5.410999284450954987e-20
8.458134387953017722e+03 2.971596268875999561e-19 6.395940904936608758e-20
8.463140315886073950e+03 2.328613950683667829e-19 7.580130555815101087e-20
8.468146243819130177e+03 2.032057105036245737e-19 6.955072881855973924e-20
8.473152171752186405e+03 1.813338174675248006e-19 3.461100917278139445e-20
8.478158099685240813e+03 1.279478295999703299e-19 2.674930834610763618e-20
8.483164027618297041e+03 1.413722086677740108e-19 2.620197278728450769e-20
8.488169955551351450e+03 2.063691957274538313e-19 3.897716275513172763e-20
8.493175883484407677e+03 1.222225849969005874e-19 4.193304725026021861e-20
8.498181811417463905e+03 2.151391422280303090e-19 5.144628667470362824e-20
8.503187739350520133e+03 1.907067866767684562e-19 5.371388197411770690e-20
8.508193667283574541e+03 2.570253191034130599e-19 4.853779444400553022e-20
8.513199595216630769e+03 1.837807527290452065e-19 2.742964008311356707e-20
8.518205523149686996e+03 1.401033929352477586e-19 2.462209121319099346e-20
8.523211451082741405e+03 1.751719350103636177e-19 2.474680442982928027e-20
8.528217379015797633e+03 1.618825975953425474e-19 2.441037627513099451e-20
8.533223306948853860e+03 1.936550199070746091e-19 3.076736730270459662e-20
8.538229234881910088e+03 1.611377353861092233e-19 3.417064109950611852e-20
8.543235162814964497e+03 1.736826945877514475e-19 4.237417899452035112e-20
8.548241090748020724e+03 1.830876559638881279e-19 4.328855173905998318e-20
8.553247018681076952e+03 1.251419703957843779e-19 3.870620438926552536e-20
8.558252946614131361e+03 1.571367861398456766e-19 2.741246696902994400e-20
8.563258874547187588e+03 1.715101729880369055e-19 2.722312903657960492e-20
8.568264802480243816e+03 1.853058738922445146e-19 2.913752984114133282e-20
8.573270730413300043e+03 1.129774024861738392e-19 3.051903603778878595e-20
8.578276658346354452e+03 1.859231609837925328e-19 2.970559160987978562e-20
8.583282586279410680e+03 1.902541573405512363e-19 3.236240168772734073e-20
8.588288514212466907e+03 1.203488499489604365e-19 3.390433871020955919e-20
8.593294442145521316e+03 1.541036582844967906e-19 3.629062182986907892e-20
8.598300370078577544e+03 1.274486171238667039e-19 3.400405483453223058e-20
8.603306298011633771e+03 1.438375405882759784e-19 2.989854306601109990e-20
8.608312225944689999e+03 1.606471496127417376e-19 3.325970065621556295e-20
8.613318153877744408e+03 2.041257193657913493e-19 4.374281485967577917e-20
8.618324081810800635e+03 1.419659131782971012e-19 5.571570254593942757e-20
8.623330009743856863e+03 2.999489438713068700e-19 6.520341233157182692e-20
8.628335937676911271e+03 3.029702947624614351e-19 6.835801708884860746e-20
8.633341865609967499e+03 9.219871120040947386e-20 6.377286985153312709e-20
8.638347793543023727e+03 1.568083240085943100e-19 5.273704993912859352e-20
8.643353721476079954e+03 2.082004496841967057e-19 4.818684810382078212e-20
8.648359649409134363e+03 3.053665545508648727e-19 5.740809929539338030e-20
8.653365577342190591e+03 4.987526084117225420e-19 6.794084405093348420e-20
8.658371505275246818e+03 4.117024040931284479e-19 7.073930014645753867e-20
8.663377433208301227e+03 1.428427717374299276e-19 6.863398102449101884e-20
8.668383361141357454e+03 2.712818392655896616e-19 6.441318487308136237e-20
8.673389289074413682e+03 1.380869115032847434e-19 5.837150504193604436e-20
8.678395217007469910e+03 1.446742408144929719e-19 5.181610923309146930e-20
8.683401144940524318e+03 1.305150254210350579e-19 4.529034785510490778e-20
8.688407072873580546e+03 1.935706678097214514e-19 4.027665484715111669e-20
8.693413000806636774e+03 1.703881017137822488e-19 3.820574782922757062e-20
8.698418928739691182e+03 1.837322193976673450e-19 3.755215274020458413e-20
8.703424856672747410e+03 1.636620303264820138e-19 3.729206259671285071e-20
8.708430784605803638e+03 1.236563273830889138e-19 3.379049299503745834e-20
8.713436712538859865e+03 2.513239755622006068e-19 3.012999842107326515e-20
8.718442640471914274e+03 1.562875591341682433e-19 2.855250774846056673e-20
8.723448568404970501e+03 1.612809284259276222e-19 2.849295204228645641e-20
8.728454496338024910e+03 2.208710798266760606e-19 2.785946527178843498e-20
8.733460424271081138e+03 1.583503163707072083e-19 2.761592627224725667e-20
8.738466352204137365e+03 1.650435044003638561e-19 2.813831971991866618e-20
8.743472280137193593e+03 9.836008075291940218e-20 2.807488231261985965e-20
8.748478208070249821e+03 1.521011218810334905e-19 2.873983236656330684e-20
8.753484136003304229e+03 2.951143030457249941e-19 5.371464246964884946e-20
8.758490063936360457e+03 2.453640508262856485e-19 7.896482631353007459e-20
8.763495991869414866e+03 5.394313406152726978e-19 9.911517455376094922e-20
8.768501919802471093e+03 4.148079631438309976e-19 8.831434793248931121e-20
8.773507847735527321e+03 2.994809551079836508e-19 9.339262119914908443e-20
8.778513775668583548e+03 -7.012822120616942772e-20 8.390182428263630902e-20
8.783519703601639776e+03 1.442992712028550223e-19 6.489414312138056723e-20
8.788525631534694185e+03 2.145101293826899836e-19 5.337087581636375062e-20
8.793531559467750412e+03 2.111521447363527985e-19 5.229783464703334319e-20
8.798537487400804821e+03 1.998795333572830127e-19 3.441601171851259883e-20
8.803543415333861049e+03 2.145880391080906372e-19 3.172506592919598882e-20
8.808549343266917276e+03 1.548084308460475401e-19 3.384712106778353056e-20
8.813555271199973504e+03 1.261251819145359173e-19 3.425684387644162090e-20
8.818561199133029731e+03 3.095908454713876285e-19 7.554609789053346911e-20
8.823567127066084140e+03 6.436017409954247087e-19 1.346182539450572403e-19
8.828573054999140368e+03 7.213830600712670016e-19 1.403163517841431291e-19
8.833578982932194776e+03 1.180874486953762534e-19 1.051612269321473174e-19
8.838584910865251004e+03 4.073265376552506744e-20 7.885748023000946807e-20
8.843590838798307232e+03 2.212420582193784662e-19 5.352909306473812357e-20
8.848596766731363459e+03 1.817444886331863407e-19 5.018324881772250926e-20
8.853602694664417868e+03 2.119552322642062544e-19 4.437788188239836771e-20
8.858608622597474096e+03 2.597567020586339497e-19 4.180511045160392160e-20
8.863614550530530323e+03 2.232872594287811624e-19 6.308948216634022370e-20
8.868620478463584732e+03 1.440570400273605061e-19 6.117511425373790882e-20
8.873626406396640959e+03 1.880904624906656577e-19 4.272194217026356676e-20
8.878632334329697187e+03 3.615696774563725834e-19 7.195186389258221419e-20
8.883638262262753415e+03 3.476225400988620846e-19 9.956168237616564431e-20
8.888644190195807823e+03 1.313424185965728196e-19 9.431759239620781583e-20
8.893650118128864051e+03 2.375148591097255193e-19 5.092054404090264795e-20
8.898656046061920279e+03 4.599461493139811329e-19 6.894699230609475942e-20
8.903661973994974687e+03 1.839304501268441658e-19 7.347639513585877130e-20
8.908667901928030915e+03 8.055959421300748619e-20 5.724743339837475274e-20
8.913673829861087142e+03 3.811389111750263933e-19 1.266582253426941015e-19
8.918679757794143370e+03 1.060925838228077998e-19 1.174955865750325979e-19
8.923685685727199598e+03 2.265571604182695059e-19 9.864837879517733874e-20
8.928691613660254006e+03 1.591693148066600014e-19 4.313095408969277804e-20
8.933697541593308415e+03 1.762587359618563017e-19 4.067007406202305069e-20
8.938703469526364643e+03 3.465450190924111449e-19 7.916026251771469006e-20
8.943709397459420870e+03 1.927566984136694351e-19 8.131907210640125702e-20
8.948715325392477098e+03 2.816224715053930323e-19 6.980675033458974781e-20
8.953721253325533326e+03 5.307559826855062924e-20 1.056496667771753179e-19
8.958727181258589553e+03 3.744333467854631475e-19 1.076417486118141131e-19
8.963733109191643962e+03 2.274657087558806243e-19 7.193509306329164669e-20
8.968739037124698370e+03 1.761483025529243336e-19 3.995455253602479650e-20
8.973744965057754598e+03 1.464751993747218385e-19 3.853761828562818654e-20
8.978750892990810826e+03 1.837623769874255481e-19 4.156268913860507849e-20
8.983756820923867053e+03 2.437167956185780112e-19 6.128909951495398421e-20
8.988762748856923281e+03 2.428615236554120087e-19 6.283503556623064895e-20
8.993768676789977690e+03 2.641218407969186827e-19 6.733871010290735381e-20
8.998774604723033917e+03 3.147707548816542749e-19 7.871343162021267699e-20
9.003780532656088326e+03 1.513543802500469669e-19 8.200473840588451583e-20
9.008786460589144554e+03 1.653002501756652950e-19 4.227332421529083791e-20
9.013792388522200781e+03 1.896490962174063255e-19 3.092200464726025856e-20
9.018798316455257009e+03 1.894911339053328268e-19 3.215239117045561008e-20
9.023804244388313236e+03 1.583504507723301101e-19 3.476698055003075760e-20
9.028810172321367645e+03 1.326022982146534759e-19 3.590254616458931384e-20
9.033816100254423873e+03 1.359704514481480406e-19 4.881070192439329213e-20
9.038822028187478281e+03 5.552107108007613549e-20 5.234851695377306744e-20
9.043827956120534509e+03 2.383379000146168176e-19 6.071880881026903980e-20
9.048833884053590737e+03 3.059210175414400368e-19 6.060244308276161193e-20
9.053839811986646964e+03 2.470751640996493802e-19 5.431923266256570535e-20
9.058845739919703192e+03 1.529776632514001512e-19 3.697110966344414766e-20
9.063851667852757600e+03 1.748355777257235843e-19 3.842824540240688221e-20
9.068857595785813828e+03 1.322023195428011768e-19 3.873480604357311321e-20
9.073863523718868237e+03 1.955145451666048443e-19 3.642619143835742050e-20
9.078869451651924464e+03 1.191602676665485055e-19 3.579906798614326755e-20
9.083875379584980692e+03 1.475111650434547349e-19 4.062898812651031347e-20
9.088881307518036920e+03 1.627048067300260183e-19 4.864425609316406796e-20
9.093887235451093147e+03 1.424045438693354011e-19 5.368920070666802211e-20
9.098893163384147556e+03 2.678727469900512869e-19 5.826941257532604191e-20
9.103899091317203784e+03 1.145507227256599749e-19 5.401087622940695433e-20
9.108905019250258192e+03 2.006218657245062380e-19 4.377104846829055333e-20
9.113910947183314420e+03 1.216155112994821741e-19 3.574841601250859966e-20
9.118916875116370647e+03 1.158152873332552935e-19 3.562451411236381717e-20
9.123922803049426875e+03 1.655946732960356951e-19 3.213799024444000018e-20
9.128928730982483103e+03 1.192371704073573776e-19 3.348589257711911447e-20
9.133934658915537511e+03 2.392995350588791388e-19 3.498390909538514080e-20
9.138940586848593739e+03 1.701668628987557611e-19 3.218616651739909752e-20
9.143946514781648148e+03 1.121414557988625987e-19 3.278922578022285502e-20
9.148952442714704375e+03 1.305368477431903533e-19 3.991733416483663723e-20
9.153958370647760603e+03 2.385659602710521539e-20 4.820145871989897561e-20
9.158964298580816831e+03 1.232801482473567906e-19 4.430539118255853106e-20
9.163970226513873058e+03 2.173984131259327011e-19 3.991540923294975421e-20
9.168976154446927467e+03 1.375849454791881422e-19 3.353327432193187348e-20
9.173982082379983694e+03 1.050310277310130766e-19 3.239597308021211102e-20
9.178988010313038103e+03 1.297772046058302076e-19 3.313423366157186455e-20
9.183993938246094331e+03 1.962747367297007642e-19 3.336952811962833186e-20
9.188999866179150558e+03 1.478808973490584724e-19 3.392528983248106621e-20
9.194005794112206786e+03 1.647590795738393512e-19 3.564328447955856079e-20
9.199011722045263014e+03 1.711314870653670362e-19 3.739303983867652554e-20
9.204017649978317422e+03 1.400627456459901958e-19 3.854391815632202874e-20
9.209023577911373650e+03 1.962373395631064040e-19 4.141695085491137724e-20
9.214029505844428058e+03 1.756197004440839373e-19 4.628829380520473876e-20
9.219035433777484286e+03 1.018741693978471251e-19 5.083994376071754730e-20
9.224041361710540514e+03 1.741306129415929356e-19 4.741184887938415054e-20
9.229047289643596741e+03 1.725501945330934724e-19 4.221930635710307643e-20
9.234053217576652969e+03 1.482377565907966239e-19 3.496334158561641054e-20
9.239059145509707378e+03 1.539818020241919743e-19 3.345400816515870175e-20
9.244065073442761786e+03 1.587676690508711837e-19 3.489561913504407244e-20
9.249071001375818014e+03 1.131489999669886775e-19 3.653281069158407622e-20
9.254076929308874242e+03 1.373616832958927580e-19 3.474753456147340064e-20
9.259082857241930469e+03 1.480085787367250907e-19 3.431613661054385458e-20
9.264088785174986697e+03 1.358656021486734970e-19 3.442332650339135284e-20
9.269094713108042924e+03 1.679541416198331576e-19 3.355604601948335496e-20
9.274100641041097333e+03 1.705806484973760106e-19 3.413774950612653215e-20
9.279106568974151742e+03 1.843944480022139760e-19 3.777367510154305081e-20
9.284112496907207969e+03 2.413524166323551448e-19 4.769934905726892383e-20
9.289118424840264197e+03 2.602539941400421897e-19 5.373002388614758855e-20
9.294124352773320425e+03 2.166255364448020507e-19 5.290888667764816903e-20
9.299130280706376652e+03 2.111354938422532754e-19 9.060919476910413762e-20
9.304136208639432880e+03 2.391915184681951726e-19 1.557462676883238246e-19
9.309142136572487289e+03 2.276094557790161359e-19 2.480851436281835585e-19
9.314148064505541697e+03 2.212493785063097252e-19 2.177917921683402202e-19
9.319153992438597925e+03 1.604020490820056417e-19 1.547366108283646569e-19
9.324159920371654152e+03 2.982834486744779300e-19 1.589753941571731957e-19
9.329165848304710380e+03 1.830534682899885773e-19 1.189429176344752324e-19
9.334171776237766608e+03 1.517849188297665428e-19 1.051476843627301496e-19
9.339177704170821016e+03 3.065117090003976559e-19 1.119133667701866285e-19
9.344183632103877244e+03 1.723400764229853844e-19 8.635214695252974806e-20
9.349189560036931653e+03 2.164784895383208457e-19 6.911018609000752949e-20
9.354195487969987880e+03 2.259047848826876300e-19 6.853544726818785334e-20
9.359201415903044108e+03 1.682100542276109333e-19 5.631822239855373292e-20
9.364207343836100335e+03 1.683327793889384413e-19 6.862311405749789714e-20
9.369213271769156563e+03 2.420040161427736334e-19 1.970310148474031778e-19
9.374219199702210972e+03 1.625829953391187629e-19 2.457621270216561016e-19
9.379225127635267199e+03 2.733657220708131186e-19 2.399221269120338820e-19
9.384231055568321608e+03 1.967774596623686251e-19 9.244636506345513485e-20
9.389236983501377836e+03 2.492564329280636776e-19 6.738789496973410615e-20
9.394242911434434063e+03 2.117359710515418113e-19 6.963842207362760303e-20
9.399248839367490291e+03 2.031846800537769771e-19 8.164042788736133133e-20
9.404254767300546519e+03 1.380423594116036301e-19 7.503195475157510487e-20
9.409260695233600927e+03 1.911941853078780944e-19 5.857674558150132748e-20
9.414266623166657155e+03 4.139302917589304066e-19 1.106181113789161268e-19
9.419272551099711563e+03 5.512767739414483290e-21 1.127397651828998206e-19
9.424278479032767791e+03 1.661960539705433207e-19 1.101159224091810319e-19
9.429284406965824019e+03 1.418590599657300749e-19 7.090881216028052419e-20
9.434290334898880246e+03 2.013430472658291238e-19 2.309163150269568668e-19
9.439296262831936474e+03 2.180560156857003453e-19 2.477560747118172969e-19
9.444302190764990883e+03 2.166525349467485105e-19 2.192370400664030126e-19
9.449308118698047110e+03 1.935661650699205298e-19 7.609336813969523078e-20
9.454314046631101519e+03 5.038372263220824172e-19 1.711570416487219721e-19
9.459319974564157746e+03 4.013400152362190924e-19 1.702270375528208103e-19
9.464325902497213974e+03 6.529658999676865733e-19 1.107959523742160022e-19
9.469331830430270202e+03 3.779196273787952576e-19 1.265974950054796707e-19
9.474337758363326429e+03 4.797278654011324218e-19 3.248306754373397732e-19
9.479343686296380838e+03 1.699142756992442700e-19 3.282533006947569668e-19
9.484349614229437066e+03 1.876024383424382364e-19 9.140744674842028447e-20
9.489355542162491474e+03 6.845339424514297888e-20 6.068635782077285731e-20
9.494361470095547702e+03 1.006037871764214796e-19 1.002515947812050618e-19
9.499367398028603930e+03 -1.055858858905127966e-19 1.430120911767387593e-19
9.504373325961660157e+03 2.487167247090243167e-19 1.226645828581170545e-19
9.509379253894716385e+03 2.971014324824478180e-19 8.516847006767495893e-20
9.514385181827770793e+03 4.362410391420390239e-19 1.515652303317818317e-19
9.519391109760827021e+03 -8.065541944692309391e-20 2.233832383957499589e-19
9.524397037693881430e+03 1.399003569085584819e-19 1.153601984493294314e-19
9.529402965626937657e+03 9.645711920884638010e-20 6.942112439289893345e-20
9.534408893559993885e+03 2.046364015965674634e-19 6.674141886532912584e-20
9.539414821493050113e+03 2.876769725217128864e-19 6.568893153912929058e-20
9.544420749426106340e+03 5.484388331023519668e-20 7.097854268075681871e-20
9.549426677359160749e+03 1.787678472581776576e-19 1.036391179331131641e-19
9.554432605292216977e+03 1.124552476495046398e-19 1.143484711516519677e-19
9.559438533225271385e+03 2.122739998101623372e-19 9.467634615996332000e-20
9.564444461158327613e+03 4.883414266180147544e-20 1.460259462100354191e-19
9.569450389091383840e+03 9.096505122243297879e-22 1.341022827767204329e-19
9.574456317024440068e+03 9.190931538538671200e-20 8.678039335058698324e-20
9.579462244957496296e+03 2.837753869355473652e-19 6.085431754889820856e-20
9.584468172890550704e+03 2.275465284140157746e-19 6.344976087220157258e-20
9.589474100823605113e+03 1.506892517705721767e-19 7.429926160825218116e-20
9.594480028756661341e+03 1.355748942203980782e-19 6.519685610855544521e-20
9.599485956689717568e+03 3.931743779469317526e-20 7.113304266301137129e-20
9.604491884622773796e+03 1.072987909613251291e-19 1.048027747335013589e-19
9.609497812555830023e+03 -4.456142071892888290e-20 1.078813347328416236e-19
9.614503740488886251e+03 1.544421006417915354e-19 1.158770865571154777e-19
9.619509668421940660e+03 1.613621467401410499e-19 1.084119311642435596e-19
9.624515596354995068e+03 1.329858202077843590e-19 8.633909507631278697e-20
9.629521524288051296e+03 1.504209102273464651e-19 7.577361633531998383e-20
9.634527452221107524e+03 1.768583209912139058e-19 6.165469428885908156e-20
9.639533380154163751e+03 1.484093327964228733e-19 6.310626101569431213e-20
9.644539308087219979e+03 1.898376749850546472e-19 6.008370266200815916e-20
9.649545236020274388e+03 1.408142098175417766e-19 6.249909438302990660e-20
9.654551163953330615e+03 5.477776895523196956e-20 6.429907361482238155e-20
9.659557091886385024e+03 9.058214960784449696e-20 7.560197929055340911e-20
9.664563019819441251e+03 -1.243294340678223330e-20 9.690942297846913439e-20
9.669568947752497479e+03 1.200712113087604782e-19 1.001911674972500668e-19
9.674574875685553707e+03 1.404561667755492595e-19 1.092216619227221316e-19
9.679580803618609934e+03 2.517500162571677226e-19 1.253618006788225889e-19
9.684586731551664343e+03 2.885432817740857934e-19 1.077057620699945774e-19
9.689592659484720571e+03 2.104485669812134790e-19 9.104210264890591665e-20
9.694598587417774979e+03 3.609771527527374949e-19 1.133028256921378711e-19
9.699604515350831207e+03 2.497388593116676069e-19 1.422912167081209431e-19
9.704610443283887435e+03 2.080244364624382545e-19 1.131523547712965470e-19
9.709616371216943662e+03 2.303341574198052004e-19 1.103202449665184735e-19
9.714622299149999890e+03 2.044646182403243378e-19 1.590222748303202599e-19
9.719628227083054298e+03 1.513570607554345292e-19 1.942708667309033023e-19
9.724634155016110526e+03 3.464632314426424868e-19 1.724549820031864039e-19
9.729640082949164935e+03 7.195979542037063278e-20 1.026992326495094246e-19
9.734646010882221162e+03 2.201119038387666706e-19 1.188967710904009279e-19
9.739651938815277390e+03 2.207158068290103895e-19 1.098912492109602237e-19
9.744657866748333618e+03 1.419004060947834422e-19 1.064868106280502677e-19
9.749663794681389845e+03 1.568724486142275246e-19 8.414680560650774785e-20
9.754669722614444254e+03 2.738069377507547036e-19 7.800094248681721915e-20
9.759675650547500481e+03 3.331603085231213608e-19 7.228285737990799231e-20
9.764681578480554890e+03 1.642774667651853607e-19 7.171857365513624256e-20
9.769687506413611118e+03 1.884652355992553806e-19 6.992795782914369024e-20
9.774693434346667345e+03 6.001410708555814817e-20 7.001127006151139846e-20
9.779699362279723573e+03 1.113193725429473892e-19 8.739168154518982276e-20
9.784705290212779801e+03 5.059644519552436830e-19 1.652995265699165310e-19
9.789711218145834209e+03 4.559892037165431414e-19 2.302824340477505383e-19
9.794717146078890437e+03 2.578009380057664041e-19 1.929030794053836874e-19
9.799723074011944846e+03 1.279021516316131237e-19 1.672666009289352877e-19
9.804729001945001073e+03 8.673441540304304276e-21 1.268443609558139465e-19
9.809734929878057301e+03 1.564079658651343474e-19 1.216681300819989437e-19
9.814740857811113528e+03 1.249514734445364891e-19 1.204448877341053593e-19
9.819746785744169756e+03 1.915870105467293610e-19 1.092281923833608109e-19
9.824752713677224165e+03 1.864142587261906182e-19 9.589072513441561075e-20
9.829758641610280392e+03 5.938916690608698489e-20 1.022714511422459129e-19
9.834764569543334801e+03 2.547124931961395419e-19 9.451309601621721693e-20
9.839770497476391029e+03 1.821898112293198800e-19 1.003405104920956323e-19
9.844776425409447256e+03 3.577550706965495219e-19 1.505586588002543950e-19
9.849782353342503484e+03 3.873953511683540789e-19 1.503922365572464928e-19
9.854788281275559712e+03 3.122576752144094605e-19 1.205152841465544912e-19
9.859794209208614120e+03 -9.844425300763424202e-21 8.616954180191914998e-20
9.864800137141670348e+03 5.132798051397768866e-19 1.483965265639086775e-19
9.869806065074724756e+03 2.318391251530187872e-20 2.037492681207423873e-19
9.874811993007780984e+03 4.033097542136708279e-19 1.999515055944060413e-19
9.879817920940837212e+03 2.860991567589141234e-19 1.417045049989431413e-19
9.884823848873893439e+03 3.707144225939171417e-19 1.204818246490760672e-19
9.889829776806949667e+03 2.056892937475432877e-19 1.312367080529903531e-19
9.894835704740004076e+03 -2.823243596285362142e-19 1.840294590978541920e-19
9.899841632673058484e+03 1.925851459917058623e-19 1.831986171593541990e-19
9.904847560606114712e+03 1.026606404786618068e-19 1.278849416398456334e-19
9.909853488539170939e+03 5.455850299268964780e-19 2.729756313683652909e-19
9.914859416472227167e+03 2.082496982388760615e-19 2.811741930751369172e-19
9.919865344405283395e+03 6.243469101135517207e-19 2.141494196823150368e-19
9.924871272338339622e+03 3.395748898123998532e-19 1.188075462449707487e-19
9.929877200271394031e+03 4.687028961349600173e-19 1.236377402179887787e-19
9.934883128204448440e+03 -1.099250909661024430e-19 1.735595944573770668e-19
9.939889056137504667e+03 3.523261471441558306e-19 2.115339585926935930e-19
9.944894984070560895e+03 8.092200208935988720e-19 3.719540004858134161e-19
9.949900912003617123e+03 6.094661707271994257e-19 2.444440167505346795e-19
9.954906839936673350e+03 2.117088719768948245e-19 3.122497824709777388e-19
9.959912767869729578e+03 7.043564423063168424e-19 2.644370940114732142e-19
9.964918695802783986e+03 8.981807059923791713e-19 3.024014409412518136e-19
9.969924623735838395e+03 3.752802695553890254e-19 2.042686439310417526e-19
9.974930551668894623e+03 3.411025035052179613e-19 2.744205660394761561e-19
9.979936479601950850e+03 1.007924662933330601e-19 2.016599449327152550e-19
9.984942407535007078e+03 3.039885154170084998e-19 1.749559063720706755e-19
9.989948335468063306e+03 3.910936961333646529e-19 1.411115353959089885e-19
9.994954263401117714e+03 1.262314526369991697e-20 1.484406664990962522e-19
9.999960191334173942e+03 4.225802348435707767e-19 1.836273554128554493e-19
1.000496611926722835e+04 9.676773473595051466e-20 2.207808519825957629e-19
1.000997204720028458e+04 3.837547939233432854e-19 2.845610667561971819e-19
1.001497797513334081e+04 -1.481886405194935064e-19 3.951535613199517314e-19
1.001998390306639703e+04 -8.997112944494138825e-20 2.678498275618554323e-19
1.002498983099945326e+04 2.792554631339608901e-19 2.175501923268553796e-19
1.002999575893250767e+04 5.378505264035004985e-19 2.089535103913031391e-19
1.003500168686556390e+04 2.520226439797538107e-19 1.709166814959602290e-19
1.004000761479861831e+04 3.279257233569471237e-19 1.830822598133038601e-19
1.004501354273167453e+04 5.217158924650763730e-19 1.892831428834973105e-19
1.005001947066473076e+04 2.124646687501431905e-19 1.908226717575814283e-19
1.005502539859778699e+04 7.658777329148685066e-19 2.399622914195749816e-19
1.006003132653084322e+04 6.434338447415401615e-19 3.006969530809660058e-19
1.006503725446389763e+04 3.416528763054079029e-19 3.479927206905791341e-19
1.007004318239695385e+04 7.815046676824282245e-19 3.131016809169122087e-19
1.007504911033000826e+04 9.257163209737568775e-19 2.825667623470610390e-19
1.008005503826306449e+04 6.353297770115470894e-19 3.428768845093755364e-19
1.008506096619612072e+04 1.217702246766362409e-18 3.123636300715751662e-19
1.009006689412917694e+04 5.844471628678084357e-19 2.713380964842673368e-19
1.009507282206223317e+04 5.366410029179336196e-19 2.280860271550339661e-19
1.010007874999528758e+04 4.139198041798701415e-19 2.881742646873345317e-19
1.010508467792834381e+04 4.090692848851018438e-19 3.312171956134585367e-19
1.011009060586139822e+04 5.636577604776311418e-19 3.124878305485692676e-19
1.011509653379445444e+04 -7.579496597656337212e-21 2.819721431208450866e-19
1.012010246172751067e+04 9.851209779828952306e-19 6.557325594695943924e-19
1.012510838966056690e+04 1.766814713172785368e-18 5.430109056721362184e-19
1.013011431759362313e+04 5.986122653256620910e-19 3.971029772438961745e-19
1.013512024552667754e+04 8.163846010351790945e-19 3.362849460654745599e-19
1.014012617345973376e+04 -1.151178408219293301e-19 3.919879430395872828e-19
1.014513210139278817e+04 5.795198725913410132e-19 3.602406817573347865e-19
1.015013802932584440e+04 -1.850095425910486646e-19 3.209669444623680760e-19
1.015514395725890063e+04 5.056027364713072589e-19 3.649229256580495743e-19
1.016014988519195686e+04 7.651351860036506435e-20 2.927805417221929046e-19
1.016515581312501308e+04 1.425614348112887368e-19 3.202599757283150733e-19
1.017016174105806749e+04 -2.063712077812742571e-19 4.450833947419130987e-19
1.017516766899112372e+04 -3.248379522222114011e-20 6.802218468509708354e-19
1.018017359692417813e+04 7.896488097442993888e-19 4.443533396960259195e-19
1.018517952485723436e+04 4.868595080605144825e-20 3.821255586194864754e-19
1.019018545279029058e+04 -7.130379168648501276e-21 3.449292895297226159e-19
1.019519138072334681e+04 -6.922635429330444074e-20 4.461921853263358024e-19
1.020019730865640304e+04 -5.540995466168355495e-19 3.897579904075505593e-19
1.020520323658945745e+04 -6.446547532598963744e-20 3.878221505561997181e-19
1.021020916452251367e+04 -1.010703166882757327e-19 3.967244695037438560e-19
1.021521509245556808e+04 -2.069767101459618166e-19 4.743096676686806233e-19
1.022022102038862431e+04 -1.154462232332760760e-18 6.450191571612663433e-19
1.022522694832168054e+04 1.411419475995616287e-18 6.200993679764685992e-19
1.023023287625473677e+04 8.059976666041530053e-19 4.593864508368905809e-19
1.023523880418779299e+04 8.119190406004672942e-19 4.158548083852405592e-19
1.024024473212084740e+04 6.121995940929381744e-19 4.554442692581275794e-19
1.024525066005390181e+04 9.659361619393393037e-19 4.337290910152265217e-19
1.025025658798695804e+04 6.726512209260259793e-19 3.720595179237839892e-19
1.025526251592001427e+04 8.650895855754735987e-19 3.882039152620551247e-19
1.026026844385307049e+04 -3.326646870228563662e-20 4.481474004666510323e-19
1.026527437178612672e+04 1.123309542662069279e-19 4.750590955113344505e-19
1.027028029971918295e+04 6.331309468414499457e-19 3.781014403834712147e-19
1.027528622765223736e+04 4.745675336920923352e-19 4.434106417400089720e-19
1.028029215558529177e+04 -7.117373824941434394e-19 7.050054236523553602e-19
1.028529808351834799e+04 -2.744413654065304937e-19 8.091818791892466897e-19
1.029030401145140422e+04 1.452987524270539142e-18 8.601438346353000090e-19
1.029530993938446045e+04 2.233998601536556411e-18 2.089362301505019865e-18
