#  wl flam flam_err
4.803806996822357178e+03 -1.386662948730741050e-19 8.456497366193779471e-19
4.808812924755412496e+03 7.844023300460312321e-19 7.831805547322381931e-19
4.813818852688468723e+03 -2.201710869950741017e-19 7.050313127224451301e-19
4.818824780621524042e+03 -1.471311595679798554e-19 6.334707503602026987e-19
4.823830708554580269e+03 1.447325726653794486e-19 5.939751012854252343e-19
4.828836636487635587e+03 -1.283967530743163971e-19 5.578457267330433696e-19
4.833842564420691815e+03 1.442550385117148624e-20 5.098389896254119418e-19
4.838848492353747133e+03 -2.550479016841148772e-19 4.467719520291718106e-19
4.843854420286802451e+03 8.636110336211509536e-20 3.998587159336438042e-19
4.848860348219858679e+03 -1.101673455575022536e-19 3.753835545358685179e-19
4.853866276152913997e+03 4.151926395591322728e-19 3.560437030695690321e-19
4.858872204085970225e+03 1.097279708983269751e-20 3.294406834765067029e-19
4.863878132019025543e+03 1.067155187908271398e-19 3.001371919376821747e-19
4.868884059952080861e+03 1.776098351085429714e-20 2.806993472538418534e-19
4.873889987885137089e+03 -6.579216787875440670e-20 2.674072601029478175e-19
4.878895915818192407e+03 1.655333620285393377e-19 2.509422288043412488e-19
4.883901843751248634e+03 1.708390123997445325e-19 2.288568619163935382e-19
4.888907771684303952e+03 3.353025552229609114e-19 2.087347242085015052e-19
4.893913699617360180e+03 1.700656068787314683e-19 1.993916588073864289e-19
4.898919627550415498e+03 -1.087794416957952752e-19 1.932387896132131033e-19
4.903925555483470816e+03 1.392816356266716286e-19 1.833613735788239905e-19
4.908931483416527044e+03 1.779812918993612581e-19 1.696145182207696193e-19
4.913937411349582362e+03 2.409452208759468925e-20 1.586848967697519324e-19
4.918943339282638590e+03 1.444835564208405189e-19 1.552919799472432357e-19
4.923949267215693908e+03 3.239703999772358170e-20 1.526634875492067299e-19
4.928955195148750136e+03 2.045362542361062381e-19 1.479430131916946849e-19
4.933961123081805454e+03 -7.062102084291960747e-20 1.382661312652720400e-19
4.938967051014860772e+03 1.849970332829638697e-19 1.343837896165476401e-19
4.943972978947916999e+03 1.236529921890124889e-19 1.357730292283751504e-19
4.948978906880972318e+03 1.873797357121488787e-20 1.381075863920878880e-19
4.953984834814028545e+03 -3.480732302660084410e-20 1.361427882230906433e-19
4.958990762747083863e+03 2.059099446259346893e-19 1.315659462621270059e-19
4.963996690680139181e+03 2.760867415403299674e-20 1.308919277127319548e-19
4.969002618613195409e+03 1.131893649881063292e-19 1.329165350784480204e-19
4.974008546546250727e+03 8.845326646364532154e-20 1.333308312117535880e-19
4.979014474479306955e+03 -5.045640727721408323e-20 1.276988462653818095e-19
4.984020402412362273e+03 2.487230066062497910e-20 1.191877549514441872e-19
4.989026330345418501e+03 4.730954978258139337e-20 1.138401063007508547e-19
4.994032258278473819e+03 1.017245491404701890e-19 1.125450435398255548e-19
4.999038186211529137e+03 1.936437116020497124e-19 1.083060981588584315e-19
5.004044114144585365e+03 2.600884409965900231e-19 1.001470901128784963e-19
5.009050042077640683e+03 1.933769503320330070e-19 9.169717187533053296e-20
5.014055970010696910e+03 1.006483053752604086e-19 8.761550350352508833e-20
5.019061897943752228e+03 1.015716557648594838e-19 8.760017771022681331e-20
5.024067825876807547e+03 8.038083618914524426e-20 8.835414010464930736e-20
5.029073753809863774e+03 -1.759687325605699334e-20 8.696660426319946406e-20
5.034079681742919092e+03 6.160485011406253394e-20 8.378600464309663221e-20
5.039085609675975320e+03 6.387172635265576404e-20 8.320801294219550491e-20
5.044091537609030638e+03 5.657361703485872640e-20 8.520737008472174913e-20
5.049097465542086866e+03 7.731415759773738026e-20 8.738302765461242529e-20
5.054103393475142184e+03 1.680170265964561549e-19 8.564584335752777017e-20
5.059109321408197502e+03 1.699989430438954870e-19 8.195118249726144239e-20
5.064115249341253730e+03 4.555109992206140576e-20 7.898420018662606001e-20
5.069121177274309048e+03 1.044624320051983520e-19 7.836525404724428499e-20
5.074127105207365275e+03 1.756260870877930438e-19 7.753144449909710679e-20
5.079133033140420594e+03 -9.786140641926563453e-21 7.520059420590644117e-20
5.084138961073476821e+03 1.153302913406733656e-19 7.141173298591685264e-20
5.089144889006532139e+03 6.383485396679451209e-20 6.873958008447177528e-20
5.094150816939587457e+03 2.077662489788389367e-19 6.864274966117370123e-20
5.099156744872643685e+03 1.476801225785065350e-19 6.923303943350903651e-20
5.104162672805699003e+03 -1.540928845313270197e-20 6.957159780346485148e-20
5.109168600738755231e+03 1.050899510963248388e-19 6.861517478525004748e-20
5.114174528671810549e+03 1.578813045994688202e-20 6.836290023079663056e-20
5.119180456604865867e+03 1.405005492511702274e-19 7.030337209041615417e-20
5.124186384537922095e+03 -3.053203706099762628e-20 7.253656332597580303e-20
5.129192312470977413e+03 1.769093156065358841e-19 7.278194001638994070e-20
5.134198240404033641e+03 7.591492632102679220e-20 7.057176581701065123e-20
5.139204168337088959e+03 1.677516874995468793e-19 6.739945296113060239e-20
5.144210096270145186e+03 6.904746432673670348e-20 6.619864276184803837e-20
5.149216024203200504e+03 1.338455583506574226e-19 6.595869656715614097e-20
5.154221952136255823e+03 -2.561496046548316261e-20 6.478544249806780653e-20
5.159227880069312050e+03 8.449251764513468418e-20 6.215375406325594570e-20
5.164233808002367368e+03 1.622693986494104296e-19 5.835766470670020358e-20
5.169239735935423596e+03 1.360609579350440888e-19 5.535695140043986974e-20
5.174245663868478914e+03 -2.137669521215151101e-20 5.360310072960921305e-20
5.179251591801534232e+03 6.636673912211949541e-20 5.248687921300645747e-20
5.184257519734590460e+03 3.233846660654449446e-20 5.127484082136805399e-20
5.189263447667645778e+03 1.069613065199501736e-19 4.993198009619829912e-20
5.194269375600702006e+03 1.312413409543914370e-19 4.930063820835963850e-20
5.199275303533757324e+03 1.171580455239921714e-19 5.007168831574864405e-20
5.204281231466813551e+03 2.042599123059595691e-19 5.169863747786527686e-20
5.209287159399868870e+03 9.950998690007291320e-20 5.314783316009633557e-20
5.214293087332924188e+03 1.115926430218486597e-19 5.438929030398320397e-20
5.219299015265980415e+03 1.618509023599027417e-19 5.575764142565522645e-20
5.224304943199035733e+03 3.740820165386080719e-20 5.867638611030102866e-20
5.229310871132091961e+03 1.907047272243407968e-20 6.672501746798086860e-20
5.234316799065147279e+03 8.357650047985982583e-20 7.580168275371396162e-20
5.239322726998203507e+03 9.764199710741218222e-20 8.777400717683403030e-20
5.244328654931258825e+03 1.134988987177876229e-19 1.015793668086529810e-19
5.249334582864314143e+03 8.668691045843953054e-21 1.111781884434026197e-19
5.254340510797370371e+03 5.392743047423265249e-20 1.255846798585855178e-19
5.259346438730425689e+03 6.934802923609633357e-21 1.416523975864619919e-19
5.264352366663481916e+03 1.205702798965422283e-20 1.643919774429183607e-19
5.269358294596537235e+03 5.185698670912830121e-20 1.758485032855504420e-19
5.274364222529593462e+03 7.158246399143500118e-20 1.831039946613216013e-19
5.279370150462648780e+03 4.675320736566947902e-20 1.846092673473115466e-19
5.284376078395704099e+03 7.162579839120631065e-20 1.799742082606928386e-19
5.289382006328760326e+03 8.241225943061007939e-20 1.695022262300098157e-19
5.294387934261815644e+03 3.594514573303105052e-20 1.357812410274804998e-19
5.299393862194871872e+03 1.066961683492426323e-19 9.949720838133536740e-20
5.304399790127927190e+03 1.648736709285551804e-19 6.543225966352894094e-20
5.309405718060982508e+03 1.469083191956634410e-19 5.194995887864902565e-20
5.314411645994038736e+03 1.783469177069166508e-19 4.983535108230892316e-20
5.319417573927094054e+03 5.977646106986039734e-20 4.884048108042843557e-20
5.324423501860150282e+03 2.598095602858829107e-19 4.782420052035796756e-20
5.329429429793205600e+03 1.502332294350400358e-19 4.644462953293204532e-20
5.334435357726260918e+03 8.298135867311333179e-20 4.491121265353431886e-20
5.339441285659317145e+03 1.310475249394627666e-19 4.387939139713788619e-20
5.344447213592372464e+03 1.632116272918288597e-19 4.372164376183350233e-20
5.349453141525428691e+03 1.486683979449394298e-19 4.400746227179144262e-20
5.354459069458484009e+03 1.024356729939686760e-19 4.416313485766062763e-20
5.359464997391540237e+03 8.158780670220643937e-20 4.350174354638647751e-20
5.364470925324595555e+03 1.307291249697803203e-19 4.303033127491708747e-20
5.369476853257650873e+03 1.480552098794357846e-19 4.353682831122209430e-20
5.374482781190707101e+03 1.196635852932346407e-19 4.484569139239302359e-20
5.379488709123762419e+03 1.260624088605183118e-19 4.573519306092461964e-20
5.384494637056818647e+03 8.545665297098068164e-20 4.537207708954403154e-20
5.389500564989873965e+03 1.991601600456006504e-19 4.418376608413338501e-20
5.394506492922930192e+03 9.583922972637556234e-20 4.295148399503870098e-20
5.399512420855985511e+03 1.950540126154592113e-19 4.249899649035296693e-20
5.404518348789040829e+03 2.529739743052829760e-19 4.242370634102048047e-20
5.409524276722097056e+03 1.427651361070698985e-19 4.255322503409340715e-20
5.414530204655152374e+03 1.670290858636236135e-19 4.230497167016515946e-20
5.419536132588208602e+03 5.575500908642193349e-20 4.154411339964048076e-20
5.424542060521263920e+03 1.632092554272446427e-19 4.039943454883216973e-20
5.429547988454320148e+03 2.056548578527710212e-19 3.938726021967583542e-20
5.434553916387375466e+03 1.976318393641514722e-19 3.880157791496369560e-20
5.439559844320430784e+03 1.729418201753372161e-19 3.828805904180818785e-20
5.444565772253487012e+03 2.100523978852973306e-19 3.763293483342740468e-20
5.449571700186542330e+03 1.682615173867162617e-19 3.652427814919844683e-20
5.454577628119598558e+03 1.169172976054821997e-19 3.558148461565764114e-20
5.459583556052653876e+03 1.587808557364915039e-19 3.506649736229097523e-20
5.464589483985709194e+03 1.179746786012415110e-19 3.516707872836496624e-20
5.469595411918765421e+03 1.097009758527826814e-19 3.542616343872568679e-20
5.474601339851820740e+03 4.897885318978642238e-20 3.583914884279365422e-20
5.479607267784876967e+03 9.405678218440225577e-20 3.625382139357281904e-20
5.484613195717932285e+03 1.580879942750437302e-19 3.636573378667098440e-20
5.489619123650987603e+03 1.341087510743237458e-19 3.676632062550681033e-20
5.494625051584043831e+03 1.327622554432540118e-19 3.786907628497318320e-20
5.499630979517099149e+03 1.786491068459890813e-19 3.934823521294554258e-20
5.504636907450155377e+03 1.878434437654834943e-19 4.066726708049171396e-20
5.509642835383210695e+03 1.837273184079054305e-19 4.039456795561114136e-20
5.514648763316266923e+03 1.761600493137915871e-19 3.901439962701288913e-20
5.519654691249322241e+03 1.539165809543525304e-19 3.749700280795528032e-20
5.524660619182377559e+03 1.085917278939769103e-19 3.648552324069215957e-20
5.529666547115433787e+03 1.163268694226318351e-19 3.599676606064845252e-20
5.534672475048489105e+03 1.347214738322892340e-19 3.563484764632197387e-20
5.539678402981545332e+03 1.318382596259348219e-19 3.525350401238446767e-20
5.544684330914600650e+03 1.401184636342959071e-19 3.425228198998800065e-20
5.549690258847656878e+03 1.237317262914739349e-19 3.265725708422151051e-20
5.554696186780712196e+03 1.449933128494230723e-19 3.159898271667585883e-20
5.559702114713767514e+03 1.368721939233565378e-19 3.158425454226760344e-20
5.564708042646823742e+03 1.178777167787912359e-19 3.194100154832343031e-20
5.569713970579879060e+03 9.690718403320387264e-20 4.574894044503491704e-20
5.574719898512935288e+03 1.462644785563501415e-19 7.424512225711937180e-20
5.579725826445990606e+03 1.764974958411003449e-19 7.184618540201522363e-20
5.584731754379046833e+03 1.767587528977119032e-19 4.191869246837858310e-20
5.589737682312102152e+03 1.810843295325969684e-19 2.944345879302958996e-20
5.594743610245157470e+03 1.592470292920181229e-19 2.975828717661140747e-20
5.599749538178213697e+03 1.099406489780881868e-19 3.109562535075146539e-20
5.604755466111269016e+03 8.922168685469281422e-20 3.210403307607432302e-20
5.609761394044325243e+03 1.162113587264723626e-19 3.233708087820188886e-20
5.614767321977380561e+03 2.079778713805132246e-19 3.213897078326874367e-20
5.619773249910436789e+03 1.668432661886701657e-19 3.205866767840276406e-20
5.624779177843492107e+03 1.056563435545734943e-19 3.231372015440190013e-20
5.629785105776547425e+03 6.401603179310521859e-20 3.296604901178390308e-20
5.634791033709603653e+03 1.247937410702844457e-19 3.369812690160567774e-20
5.639796961642658971e+03 1.750749450790044191e-19 3.377055195943732567e-20
5.644802889575714289e+03 1.298931551115612132e-19 3.293782686174589701e-20
5.649808817508770517e+03 1.410362575123915253e-19 3.128932775478974921e-20
5.654814745441825835e+03 6.494055152500099000e-20 2.980006390678612274e-20
5.659820673374882062e+03 1.150251364869660487e-20 2.914256167315871553e-20
5.664826601307937381e+03 6.065825078058398863e-20 2.942751570086922509e-20
5.669832529240993608e+03 9.957250199110426852e-20 3.018940954700437622e-20
5.674838457174048926e+03 8.848452577515439043e-20 3.058169711155943305e-20
5.679844385107104245e+03 1.103749701532017628e-19 3.054970426595062814e-20
5.684850313040160472e+03 1.394999206874253246e-19 2.997938117216517687e-20
5.689856240973215790e+03 1.532081953266163098e-19 2.944867409446663984e-20
5.694862168906272018e+03 1.741346740809127318e-19 2.924615754075827956e-20
5.699868096839327336e+03 1.661587084108663663e-19 2.975027084832870089e-20
5.704874024772383564e+03 1.607251942446888021e-19 3.058744334746126243e-20
5.709879952705438882e+03 1.112644434558076218e-19 3.178456372724866618e-20
5.714885880638494200e+03 1.189289504451035784e-19 3.255038372669399514e-20
5.719891808571550428e+03 1.436640976237712007e-19 3.261058755606016875e-20
5.724897736504605746e+03 1.712959378620416217e-19 3.194272323093745969e-20
5.729903664437661973e+03 1.545086192738377800e-19 3.127036611857744185e-20
5.734909592370717291e+03 1.272665183045093673e-19 3.125322703358434609e-20
5.739915520303773519e+03 1.323423054152270031e-19 3.199551818956276038e-20
5.744921448236828837e+03 1.041339874929343392e-19 3.273375994574006564e-20
5.749927376169884155e+03 1.270383750378281274e-19 3.359527360771308499e-20
5.754933304102940383e+03 1.503892496369854705e-19 3.361743489874822697e-20
5.759939232035995701e+03 1.007006916549237414e-19 3.312967566377323531e-20
5.764945159969051929e+03 1.650998738074617759e-19 3.164033910178860747e-20
5.769951087902107247e+03 1.525906215099050476e-19 3.024913925965933516e-20
5.774957015835163475e+03 1.376376140538801848e-19 2.937873695797408407e-20
5.779962943768218793e+03 1.757964093654486595e-19 2.943983353337315722e-20
5.784968871701274111e+03 1.122789990394756796e-19 2.971346696481155901e-20
5.789974799634330338e+03 1.520386831064917199e-19 2.988509969792881385e-20
5.794980727567385657e+03 7.530117125280530631e-20 2.941787412398248478e-20
5.799986655500441884e+03 8.888640379525712500e-20 2.852212785054127085e-20
5.804992583433497202e+03 1.835560894325333434e-19 2.768430225658295417e-20
5.809998511366552520e+03 1.634240771783885576e-19 2.729749218606773407e-20
5.815004439299608748e+03 1.754853513004927723e-19 2.758244230033111154e-20
5.820010367232664066e+03 1.530882345348889155e-19 2.844928911978701848e-20
5.825016295165720294e+03 1.761112636532820434e-19 2.929458141083034447e-20
5.830022223098775612e+03 9.675612357070206816e-20 2.966048588575001073e-20
5.835028151031830930e+03 1.171928286684428314e-19 2.951942052946258799e-20
5.840034078964887158e+03 4.949710904021870639e-20 2.868106022324862980e-20
5.845040006897942476e+03 9.998484590460832372e-20 2.791076565161504969e-20
5.850045934830998704e+03 1.447624968410337599e-19 2.765070189969357453e-20
5.855051862764054022e+03 1.377490137264228569e-19 2.799486354715443925e-20
5.860057790697110249e+03 2.005310141453220235e-19 2.974458282827682154e-20
5.865063718630165567e+03 1.825745880767746573e-19 3.172507388664303142e-20
5.870069646563220886e+03 1.371368187455118038e-19 3.220817892093945037e-20
5.875075574496277113e+03 1.488674696858938124e-19 3.058070930233001289e-20
5.880081502429332431e+03 1.480887917411363554e-19 2.991357549725374222e-20
5.885087430362388659e+03 2.209802597369403723e-19 3.380122226285238908e-20
5.890093358295443977e+03 1.984120690207942736e-19 3.543095519569932085e-20
5.895099286228500205e+03 2.078298056654383228e-19 3.330027061054453418e-20
5.900105214161555523e+03 1.471030272532075364e-19 2.998763589697007893e-20
5.905111142094610841e+03 1.504241804585678058e-19 2.886412913928774039e-20
5.910117070027667069e+03 1.399653565141869360e-19 2.999467744426087984e-20
5.915122997960722387e+03 2.388348655379061370e-19 2.996177192962776986e-20
5.920128925893778614e+03 8.990569184195494424e-20 2.920009378214355687e-20
5.925134853826833933e+03 1.254978014666829279e-19 2.802768521515821444e-20
5.930140781759890160e+03 1.156518280857690576e-19 2.789938364868815972e-20
5.935146709692945478e+03 1.090138359778232731e-19 2.705491417127690907e-20
5.940152637626000796e+03 1.287033390371997531e-19 2.623771617001343408e-20
5.945158565559057024e+03 1.217737549796154262e-19 2.681184765043069620e-20
5.950164493492112342e+03 1.246434661538651967e-19 2.791165854075167005e-20
5.955170421425167660e+03 1.581987569672539771e-19 2.776200202383928571e-20
5.960176349358223888e+03 1.597252905188283250e-19 2.660557265864824019e-20
5.965182277291280116e+03 1.404730777123693814e-19 2.612590582873752807e-20
5.970188205224335434e+03 1.211486482083083414e-19 2.597822633299634485e-20
5.975194133157390752e+03 7.016677708711745791e-20 2.575700162721737183e-20
5.980200061090446980e+03 7.972011753847313030e-20 2.543115877581692357e-20
5.985205989023502298e+03 9.087024751559061495e-20 2.518520657991070944e-20
5.990211916956557616e+03 1.174156820269128619e-19 2.554828012739553037e-20
5.995217844889613843e+03 1.584509316845561296e-19 2.619038497295753624e-20
6.000223772822669162e+03 1.438500196376426606e-19 2.670458317246341835e-20
6.005229700755725389e+03 1.601474218104770646e-19 2.662815319644710905e-20
6.010235628688780707e+03 8.280286241654700552e-20 2.617788067585148170e-20
6.015241556621836935e+03 1.253114764327282537e-19 2.594353833962052910e-20
6.020247484554892253e+03 1.533113375375377056e-19 2.575977171928046422e-20
6.025253412487947571e+03 9.933260414918868625e-20 2.548303330569679934e-20
6.030259340421003799e+03 9.096096752267762219e-20 2.560267400527299215e-20
6.035265268354059117e+03 1.358715910250258305e-19 2.569553561783707259e-20
6.040271196287115345e+03 1.286020058119078212e-19 2.555931498171262934e-20
6.045277124220170663e+03 8.464651749756758684e-20 2.531517603329521246e-20
6.050283052153226890e+03 7.196329609016614387e-20 2.494394083506209400e-20
6.055288980086282209e+03 1.179199648922825552e-19 2.467032328202320149e-20
6.060294908019337527e+03 8.907936244892006391e-20 2.445195484450441214e-20
6.065300835952393754e+03 1.293058578483388651e-19 2.415570303559037911e-20
6.070306763885449072e+03 1.453999857919707651e-19 2.394253446765471762e-20
6.075312691818505300e+03 1.408386932075512796e-19 2.374059609658942918e-20
6.080318619751560618e+03 1.120956419977103712e-19 2.365986088036563482e-20
6.085324547684616846e+03 1.218584527471985227e-19 2.358442055499251650e-20
6.090330475617672164e+03 9.314911191971378206e-20 2.337914726923423563e-20
6.095336403550727482e+03 8.932854201578484319e-20 2.323847943989164073e-20
6.100342331483783710e+03 9.990670102674526694e-20 2.306713458903936485e-20
6.105348259416839028e+03 1.248598773593983449e-19 2.290077610250658115e-20
6.110354187349894346e+03 1.248833787693159846e-19 2.267498936593865293e-20
6.115360115282950574e+03 1.370319224538212867e-19 2.267320436492310110e-20
6.120366043216006801e+03 1.165002511601840884e-19 2.270890949310017239e-20
6.125371971149062119e+03 1.144618999688813128e-19 2.282295903362404671e-20
6.130377899082117438e+03 1.452470597163214497e-19 2.319455218787989176e-20
6.135383827015173665e+03 1.231768022001890840e-19 2.363007011512003168e-20
6.140389754948228983e+03 1.591199912042887731e-19 2.410372419370309477e-20
6.145395682881284301e+03 1.152296713586401541e-19 2.362460265169634077e-20
6.150401610814340529e+03 9.902541747812166565e-20 2.272597864192453954e-20
6.155407538747396757e+03 1.143671113537425722e-19 2.187836292820351084e-20
6.160413466680452075e+03 1.148172716389122191e-19 2.123056390327969086e-20
6.165419394613507393e+03 1.127936312218608129e-19 2.127942970896877767e-20
6.170425322546563621e+03 1.055737077455378639e-19 2.134887976963675776e-20
6.175431250479618939e+03 1.022527610845755929e-19 2.091886536458345247e-20
6.180437178412674257e+03 1.116715890033011088e-19 2.033297835609510658e-20
6.185443106345730484e+03 8.431831748210972508e-20 2.011242230025783989e-20
6.190449034278785803e+03 8.967088568035732538e-20 1.997759686586373703e-20
6.195454962211842030e+03 1.104923172830885031e-19 2.009520000086718799e-20
6.200460890144897348e+03 1.341880808699186970e-19 2.029665787974032481e-20
6.205466818077953576e+03 9.524698837042578462e-20 2.027659962574772818e-20
6.210472746011008894e+03 1.131266648431032820e-19 2.000006911785542426e-20
6.215478673944064212e+03 1.311991994181486750e-19 2.038076029757642724e-20
6.220484601877120440e+03 9.525745169944811022e-20 2.050744479647253673e-20
6.225490529810175758e+03 1.135455322411781656e-19 2.047248371171736161e-20
6.230496457743231986e+03 1.468806608476034075e-19 2.195307673021263265e-20
6.235502385676287304e+03 9.474792486284154875e-20 2.310200313121649160e-20
6.240508313609343531e+03 1.042973271199715625e-19 2.247352055171640062e-20
6.245514241542398850e+03 1.131029297577775220e-19 2.070151826802103556e-20
6.250520169475454168e+03 1.282234339916142252e-19 2.108035731193246569e-20
6.255526097408510395e+03 1.192495528004030378e-19 2.321345325786889410e-20
6.260532025341565713e+03 1.075220295850270264e-19 2.443044534769007755e-20
6.265537953274621032e+03 1.378554137111042787e-19 2.343191156108256408e-20
6.270543881207677259e+03 1.209114926131279459e-19 2.360882232945242220e-20
6.275549809140733487e+03 9.207647184252392738e-20 2.322102604571401618e-20
6.280555737073788805e+03 1.137932924057595270e-19 2.359902984807050418e-20
6.285561665006844123e+03 1.628039012960954390e-19 2.387727680427220496e-20
6.290567592939900351e+03 1.246193851379936326e-19 2.399015472986554030e-20
6.295573520872955669e+03 1.803927973369969100e-19 3.088933583845487244e-20
6.300579448806010987e+03 1.262926184523407537e-19 3.254914176369384545e-20
6.305585376739067215e+03 2.211432589312324090e-19 2.719661925879141739e-20
6.310591304672123442e+03 1.641606130502697403e-19 2.149181149786658234e-20
6.315597232605178760e+03 1.013066592414314800e-19 2.027822677915616570e-20
6.320603160538234079e+03 1.134540791881158269e-19 2.089346001328324987e-20
6.325609088471290306e+03 1.119812431509534681e-19 2.228709907632868218e-20
6.330615016404345624e+03 1.299702776039857648e-19 2.183167860518092453e-20
6.335620944337400942e+03 1.368984370235873913e-19 2.028599198131866527e-20
6.340626872270457170e+03 1.080723206667982343e-19 1.944716007237312465e-20
6.345632800203512488e+03 8.875179113185061558e-20 1.957735822930042997e-20
6.350638728136568716e+03 1.061995890168739343e-19 2.003100543121398063e-20
6.355644656069624034e+03 1.610331205220362543e-19 2.094089800661081981e-20
6.360650584002680262e+03 1.544464642678126492e-19 2.356040621179872998e-20
6.365656511935735580e+03 1.629993233626102284e-19 2.339566677863394969e-20
6.370662439868790898e+03 1.037707243793616003e-19 2.076925411525032978e-20
6.375668367801847126e+03 1.064256632261371591e-19 2.072119180236262452e-20
6.380674295734902444e+03 1.405227420082072627e-19 2.187791076735472200e-20
6.385680223667958671e+03 9.967072341827977459e-20 2.219537868520003219e-20
6.390686151601013989e+03 1.059630566841707204e-19 2.207272884281795522e-20
6.395692079534070217e+03 1.532180801162466465e-19 2.162960686369714794e-20
6.400698007467125535e+03 1.022711097723442265e-19 2.122756498643299436e-20
6.405703935400180853e+03 1.304713766881018974e-19 2.052049264787908383e-20
6.410709863333237081e+03 1.469532799024998853e-19 1.985094257992409803e-20
6.415715791266292399e+03 1.836235881160870457e-19 1.964642000399059989e-20
6.420721719199348627e+03 1.494077344141797749e-19 1.933805921825651164e-20
6.425727647132403945e+03 1.216007989680958854e-19 1.903052997827149657e-20
6.430733575065460172e+03 1.273293612461316324e-19 1.909066879020746102e-20
6.435739502998515491e+03 1.073706417890411938e-19 1.910550003752091737e-20
6.440745430931570809e+03 1.141717510159609634e-19 1.917877721513357785e-20
6.445751358864627036e+03 1.192063186362668418e-19 1.927147502308329984e-20
6.450757286797682355e+03 9.934593754105416710e-20 1.918112799229558521e-20
6.455763214730737673e+03 8.186129285335586380e-20 1.907206691279539892e-20
6.460769142663793900e+03 8.827529726812677158e-20 1.969023209277299060e-20
6.465775070596850128e+03 1.398130847628128285e-19 2.016864130715595206e-20
6.470780998529905446e+03 1.116152522932162114e-19 1.935229671609525432e-20
6.475786926462960764e+03 1.371531308338218460e-19 1.822389641375631307e-20
6.480792854396016992e+03 1.100744253665321308e-19 1.767164571736111289e-20
6.485798782329072310e+03 8.764226674118271914e-20 1.774074656150056065e-20
6.490804710262127628e+03 1.118544036998195837e-19 1.921988799626348288e-20
6.495810638195183856e+03 8.995029721455141632e-20 2.168856403835581406e-20
6.500816566128239174e+03 7.427962139107594265e-20 2.288934726491829268e-20
6.505822494061295401e+03 1.697401567883252900e-19 2.135400908445364132e-20
6.510828421994350720e+03 1.329154847386450706e-19 2.082008952448163060e-20
6.515834349927406947e+03 8.644861658679016661e-20 2.095594922107838605e-20
6.520840277860462265e+03 1.452002560769841612e-19 2.117936277860028217e-20
6.525846205793517584e+03 1.289247424212890575e-19 2.187514995301267303e-20
6.530852133726573811e+03 7.568817766735753708e-20 2.216588624733204784e-20
6.535858061659629129e+03 8.965069398791007202e-20 2.124112440768853675e-20
6.540863989592685357e+03 7.013123554483998363e-20 1.980011103731467419e-20
6.545869917525740675e+03 7.896946223416049526e-20 2.030536895183678824e-20
6.550875845458796903e+03 1.368119792906807157e-19 2.091407982265874770e-20
6.555881773391852221e+03 1.623935127712160487e-19 2.156216145469168607e-20
6.560887701324907539e+03 1.231446904915963238e-19 2.085650869997858213e-20
6.565893629257963767e+03 1.099848731205988716e-19 2.094452222531097387e-20
6.570899557191019085e+03 1.490993028718763981e-19 2.058818174076398185e-20
6.575905485124075312e+03 1.335951517655431300e-19 2.054409167060504496e-20
6.580911413057130630e+03 1.140441869186740590e-19 1.981891924634785299e-20
6.585917340990186858e+03 1.265919591972150676e-19 1.819194093139329405e-20
6.590923268923242176e+03 6.077340761024112174e-20 1.782742684524282059e-20
6.595929196856297494e+03 9.788542651416362247e-20 1.770571108272765375e-20
6.600935124789353722e+03 8.943441596400851257e-20 1.785268471156407475e-20
6.605941052722409040e+03 1.121933190351300140e-19 1.746992509570348501e-20
6.610946980655464358e+03 9.542464663895107941e-20 1.681591699309489779e-20
6.615952908588520586e+03 1.366340855528315242e-19 1.695473226157502162e-20
6.620958836521576814e+03 1.000993668930895260e-19 1.751517797612219173e-20
6.625964764454632132e+03 9.917523268837796157e-20 1.826038690580816760e-20
6.630970692387687450e+03 6.296864582082082796e-20 1.909109085682308380e-20
6.635976620320743677e+03 8.844221655419628774e-20 1.947061556298293641e-20
6.640982548253798996e+03 1.122221797305844599e-19 1.954190486697808429e-20
6.645988476186854314e+03 1.086759759187637795e-19 1.978045005993358933e-20
6.650994404119910541e+03 1.020748545102109819e-19 2.004081924528327051e-20
6.656000332052965859e+03 1.002106578240211139e-19 1.997604371201791474e-20
6.661006259986022087e+03 1.021852521963069290e-19 1.955640325515103876e-20
6.666012187919077405e+03 1.367441059529316253e-19 1.891087215563266878e-20
6.671018115852133633e+03 1.255429726915376320e-19 1.811290404147468329e-20
6.676024043785188951e+03 7.959172120658186008e-20 1.745709403120277632e-20
6.681029971718244269e+03 1.248459399565027609e-19 1.712965186947796744e-20
6.686035899651300497e+03 1.185907410015889870e-19 1.700494786935420097e-20
6.691041827584355815e+03 1.223356630425853980e-19 1.698788207894225829e-20
6.696047755517412043e+03 1.012416550044616311e-19 1.710018329857092327e-20
6.701053683450467361e+03 9.707446975518943673e-20 1.732262975133966912e-20
6.706059611383523588e+03 9.916747856350060698e-20 1.732456042044072773e-20
6.711065539316578906e+03 8.142225710422267325e-20 1.740714854676468412e-20
6.716071467249634225e+03 9.915156381252005435e-20 1.740838720338386235e-20
6.721077395182690452e+03 7.738380865856139020e-20 1.727277430737233403e-20
6.726083323115745770e+03 7.808993489132079451e-20 1.707259661895116189e-20
6.731089251048801998e+03 7.707757607499186255e-20 1.695757862238559561e-20
6.736095178981857316e+03 6.674093380116784381e-20 1.684561652432143080e-20
6.741101106914913544e+03 1.157757745158444612e-19 1.678191107907219154e-20
6.746107034847968862e+03 1.083481965149062609e-19 1.667960998717699846e-20
6.751112962781024180e+03 1.051264353520274573e-19 1.661668136447781258e-20
6.756118890714080408e+03 9.759808357095004687e-20 1.673166179241351073e-20
6.761124818647135726e+03 9.980315343688390546e-20 1.696001193950960792e-20
6.766130746580191044e+03 1.084659453737957466e-19 1.731158138218974013e-20
6.771136674513247272e+03 1.392564057276137498e-19 1.778682881602730594e-20
6.776142602446303499e+03 7.345444959157330762e-20 1.825634772184419641e-20
6.781148530379358817e+03 6.471950385412913466e-20 1.881391026800008918e-20
6.786154458312414135e+03 8.603590250355297286e-20 1.897185097892267686e-20
6.791160386245470363e+03 1.191449213299500362e-19 1.872282254730265397e-20
6.796166314178525681e+03 1.071389056943408932e-19 1.825936134497715981e-20
6.801172242111580999e+03 1.312387599773908209e-19 1.790617054383726436e-20
6.806178170044637227e+03 7.076021937130237213e-20 1.755973669706739207e-20
6.811184097977693455e+03 6.143782361711822737e-20 1.712584496495124183e-20
6.816190025910748773e+03 9.509191995444319441e-20 1.679647843661615438e-20
6.821195953843804091e+03 9.791751266533659041e-20 1.799211170034778416e-20
6.826201881776860318e+03 1.203367102173975128e-19 2.103820368144814464e-20
6.831207809709915637e+03 1.168670776186558723e-19 2.239901467726764651e-20
6.836213737642970955e+03 1.265230065003359637e-19 2.006539055652580388e-20
6.841219665576027182e+03 9.298729433632305397e-20 1.731200557129000284e-20
6.846225593509082501e+03 1.146874265092393472e-19 1.641094030269735665e-20
6.851231521442138728e+03 1.326206395577281856e-19 1.599477053727578670e-20
6.856237449375194046e+03 1.365416549684198546e-19 1.827010845405232823e-20
6.861243377308250274e+03 6.554752262727756126e-20 2.386056665658742652e-20
6.866249305241305592e+03 1.229941844839471112e-19 2.661544825521037285e-20
6.871255233174360910e+03 1.193450582475874814e-19 2.368550440289477325e-20
6.876261161107417138e+03 1.253466343486775428e-19 2.194436266241053509e-20
6.881267089040473365e+03 1.150019453132591205e-19 2.148575535410488671e-20
6.886273016973527774e+03 1.467288784119592353e-19 2.232907612465960569e-20
6.891278944906584002e+03 1.127878845955140443e-19 2.235447620131415965e-20
6.896284872839640229e+03 1.051259477871782974e-19 2.256646493209300447e-20
6.901290800772695547e+03 8.866714717140593234e-20 2.235761145510227377e-20
6.906296728705750866e+03 1.357516825070374519e-19 2.240400486107854881e-20
6.911302656638807093e+03 1.333894557096829389e-19 2.228651868990651354e-20
6.916308584571862411e+03 1.511999378374982486e-19 2.311869020366312786e-20
6.921314512504917730e+03 1.028315261930529283e-19 2.275705809291084927e-20
6.926320440437973957e+03 1.504019273271050509e-19 2.095348341246223773e-20
6.931326368371030185e+03 1.020895534384901132e-19 1.798187921429986552e-20
6.936332296304085503e+03 6.736969344063738461e-20 1.862877891950385813e-20
6.941338224237140821e+03 1.194157924921903868e-19 1.938860922647222523e-20
6.946344152170197049e+03 1.345988835813171448e-19 2.019674555893441428e-20
6.951350080103252367e+03 1.138808712066201288e-19 1.956915039575840353e-20
6.956356008036307685e+03 1.094148544522352285e-19 1.665788788964128264e-20
6.961361935969363913e+03 8.362708385081157614e-20 1.628488065447456867e-20
6.966367863902420140e+03 1.260867223758343686e-19 1.700638059772225752e-20
6.971373791835475458e+03 1.366786473643391661e-19 1.791532161797831808e-20
6.976379719768530776e+03 5.647755500723439293e-20 1.830480082946445262e-20
6.981385647701587004e+03 1.124484550643367143e-19 1.786529333635740924e-20
6.986391575634642322e+03 7.963901927742147928e-20 1.613835436616618769e-20
6.991397503567697640e+03 9.592286550267156861e-20 1.602274556492071526e-20
6.996403431500753868e+03 9.103524243086957947e-20 1.637989110760307111e-20
7.001409359433810096e+03 1.056623597652388601e-19 1.702017022047943719e-20
7.006415287366865414e+03 7.589016304994566897e-20 1.791388388909716590e-20
7.011421215299920732e+03 9.825458930014071309e-20 1.785737126121876319e-20
7.016427143232976960e+03 8.848781348032084341e-20 1.744734444499705139e-20
7.021433071166032278e+03 9.566835644167961155e-20 1.703614885723023336e-20
7.026438999099087596e+03 1.065799545825508723e-19 1.742073512513780338e-20
7.031444927032143823e+03 8.506295783124466484e-20 1.766376240278017054e-20
7.036450854965200051e+03 1.247125457101783230e-19 1.823421910881871849e-20
7.041456782898254460e+03 1.413789189383098679e-19 1.879457333426783346e-20
7.046462710831310687e+03 6.800113140429101524e-20 1.899251388069792375e-20
7.051468638764366915e+03 7.848889593399137801e-20 1.831070556739231222e-20
7.056474566697422233e+03 1.209030258171395795e-19 1.711915052455504070e-20
7.061480494630477551e+03 1.017730234745370876e-19 1.678428020141811718e-20
7.066486422563533779e+03 1.059117691867186857e-19 1.664306554037185899e-20
7.071492350496589097e+03 9.316643737864537564e-20 1.637365710490004887e-20
7.076498278429644415e+03 1.127188902289504261e-19 1.622919177807188282e-20
7.081504206362700643e+03 1.012142782789055375e-19 1.625630928656465801e-20
7.086510134295756870e+03 9.614269891235565616e-20 1.622573091786137280e-20
7.091516062228812189e+03 1.022060984479587785e-19 1.593393401803725197e-20
7.096521990161867507e+03 9.332308808121697953e-20 1.565231939534705185e-20
7.101527918094923734e+03 9.986015628072116422e-20 1.555233138041088898e-20
7.106533846027979052e+03 1.138377960948720426e-19 1.569171693040637344e-20
7.111539773961034371e+03 1.161662210115215104e-19 1.582162113273647268e-20
7.116545701894090598e+03 8.932264028389893325e-20 1.587007935191601108e-20
7.121551629827146826e+03 5.032892138322356560e-20 1.611964563316640820e-20
7.126557557760202144e+03 1.009653591574136286e-19 1.646494961125075590e-20
7.131563485693257462e+03 1.224598699607761242e-19 1.664674104483752219e-20
7.136569413626313690e+03 1.211543596231605670e-19 1.679822385282157668e-20
7.141575341559369008e+03 7.870108995429048670e-20 1.730803681149508078e-20
7.146581269492424326e+03 9.378950388835987891e-20 1.751705662072280701e-20
7.151587197425480554e+03 9.924683258995331780e-20 1.721484360881359560e-20
7.156593125358536781e+03 1.095488583466077738e-19 1.722595914400491937e-20
7.161599053291592099e+03 8.223027490760153001e-20 1.757474970782087688e-20
7.166604981224647418e+03 9.228046570410770028e-20 1.756769105943660812e-20
7.171610909157703645e+03 9.861714231243397161e-20 1.721189718032634176e-20
7.176616837090758963e+03 9.144842700793458844e-20 1.684696492332018468e-20
7.181622765023814281e+03 1.029194653413093530e-19 1.631990446589791538e-20
7.186628692956870509e+03 9.377698701574294963e-20 1.586216839450942519e-20
7.191634620889926737e+03 9.240196807786300391e-20 1.552338045635664804e-20
7.196640548822981145e+03 1.211919106917370888e-19 1.545910084199267137e-20
7.201646476756037373e+03 6.903337405047510224e-20 1.539796970607818801e-20
7.206652404689093601e+03 3.793328678900640901e-20 1.538054221036252271e-20
7.211658332622148919e+03 8.323619146999301058e-20 1.534495111207021208e-20
7.216664260555204237e+03 5.839491913133699315e-20 1.561237089532655101e-20
7.221670188488260465e+03 8.496295796396700604e-20 1.580061063936080424e-20
7.226676116421315783e+03 8.291934451183638991e-20 1.609823285270252641e-20
7.231682044354371101e+03 1.059961018990758836e-19 1.827461323064830425e-20
7.236687972287427328e+03 1.497341857493724400e-19 2.492124458770431746e-20
7.241693900220483556e+03 1.395161765926526536e-19 2.902929337208193757e-20
7.246699828153538874e+03 4.289909046015959584e-20 2.573003025836456509e-20
7.251705756086594192e+03 8.549208955587027484e-20 2.048191719371378579e-20
7.256711684019650420e+03 5.874373977611450639e-20 1.809567553333357611e-20
7.261717611952705738e+03 1.007319089766479781e-19 1.683673081169423214e-20
7.266723539885761056e+03 1.038515782856521373e-19 1.759816418803067234e-20
7.271729467818817284e+03 6.445681851917393301e-20 2.545133093975951233e-20
7.276735395751873511e+03 1.492030133992291627e-19 2.784418796471284890e-20
7.281741323684928830e+03 1.647790981222245702e-19 2.612778991606794060e-20
7.286747251617984148e+03 1.159792703648764408e-19 2.147084016807501316e-20
7.291753179551040375e+03 8.246702681308298631e-20 1.921500279460834806e-20
7.296759107484095694e+03 8.599054095070587457e-20 1.942972508219156818e-20
7.301765035417151012e+03 9.065390579827944596e-20 1.962774735386912277e-20
7.306770963350207239e+03 1.228238168645515509e-19 1.970608074198967532e-20
7.311776891283263467e+03 2.086252030517483757e-19 2.372887052713774425e-20
7.316782819216318785e+03 1.167116005994982465e-19 2.380854816792830536e-20
7.321788747149374103e+03 8.414067737830158382e-20 2.051863422485361235e-20
7.326794675082430331e+03 9.295851781760207649e-20 1.948043349381745345e-20
7.331800603015485649e+03 1.007866960687495259e-19 2.062038595532377706e-20
7.336806530948540967e+03 1.282132530544291753e-19 2.483897522437070104e-20
7.341812458881597195e+03 1.506382897001909980e-19 2.515687512392485941e-20
7.346818386814653422e+03 1.473703823570094156e-19 1.944173556556409208e-20
7.351824314747707831e+03 1.084296485711968711e-19 1.808033213157052739e-20
7.356830242680764059e+03 1.070487587574911542e-19 1.963232397723317081e-20
7.361836170613820286e+03 1.393817146138101130e-19 2.176244422228353090e-20
7.366842098546875604e+03 9.767477317236134810e-20 2.388115262952636221e-20
7.371848026479930923e+03 9.747586094053326158e-20 2.343499914589503751e-20
7.376853954412987150e+03 9.344398235547293828e-20 1.768633254204014628e-20
7.381859882346043378e+03 9.857386683577404437e-20 1.631241973990165534e-20
7.386865810279097786e+03 1.042231813418914357e-19 1.823909184007397866e-20
7.391871738212154014e+03 1.082181057936784750e-19 1.921328556690007961e-20
7.396877666145210242e+03 8.312761928397754228e-20 2.200333600221996251e-20
7.401883594078265560e+03 1.193468992070816718e-19 2.178515520681028832e-20
7.406889522011320878e+03 2.653650572896233911e-20 1.988855376112504647e-20
7.411895449944377106e+03 1.074928629219629832e-19 1.688691836200005533e-20
7.416901377877432424e+03 1.094344683564957002e-19 1.692733892983928238e-20
7.421907305810487742e+03 1.106050372143897787e-19 1.713747080480679700e-20
7.426913233743543969e+03 8.633259863989422896e-20 1.792672115419250707e-20
7.431919161676600197e+03 5.735516124066349321e-20 1.878737064738889928e-20
7.436925089609655515e+03 1.079746435379280591e-19 1.868255123367029370e-20
7.441931017542710833e+03 6.530179069824023978e-20 1.751217892726034618e-20
7.446936945475767061e+03 7.713736417778172545e-20 1.516919511955496391e-20
7.451942873408822379e+03 7.644997161813594499e-20 1.492796035165713988e-20
7.456948801341877697e+03 8.869989096187341108e-20 1.536356196478282294e-20
7.461954729274933925e+03 5.550237538051501585e-20 1.635128954026006449e-20
7.466960657207990153e+03 7.064548591102011868e-20 1.781986734720450066e-20
7.471966585141045471e+03 6.034720191417288599e-20 1.857228948711139294e-20
7.476972513074100789e+03 1.038292353392573628e-19 1.956282193238190003e-20
7.481978441007157016e+03 7.835880318260969789e-20 1.897595671929218912e-20
7.486984368940212335e+03 1.023995862804113717e-19 1.753121144751371706e-20
7.491990296873267653e+03 5.854183797315072208e-20 1.612415635730045976e-20
7.496996224806323880e+03 1.014634220672118823e-19 1.601456903483767099e-20
7.502002152739380108e+03 7.439059381549714210e-20 1.562601748304371128e-20
7.507008080672435426e+03 1.019913290801138227e-19 1.569342129216353176e-20
7.512014008605490744e+03 8.822003818944302908e-20 1.643244425485235862e-20
7.517019936538546972e+03 8.424418208557557523e-20 2.012634251445415750e-20
7.522025864471602290e+03 1.179562056646015899e-19 2.394296703703191049e-20
7.527031792404657608e+03 4.099559477793455512e-20 2.461061315014133079e-20
7.532037720337713836e+03 7.967821075698304989e-20 1.998954688400705807e-20
7.537043648270770063e+03 6.150210801667207679e-20 1.853831529388921580e-20
7.542049576203824472e+03 1.034438861405476702e-19 1.814500450765429293e-20
7.547055504136880700e+03 1.033424010408358312e-19 1.800781851645644388e-20
7.552061432069936927e+03 8.773375975149151398e-20 1.886630792196449598e-20
7.557067360002992245e+03 8.827161166758802945e-20 1.893588365112018300e-20
7.562073287936047564e+03 1.347008153667494973e-19 1.842107169538446896e-20
7.567079215869103791e+03 8.318920693785852368e-20 2.102534412768904229e-20
7.572085143802159109e+03 9.705855050095568527e-20 2.136437103357031994e-20
7.577091071735214427e+03 6.910800115626998433e-20 1.867597050006435526e-20
7.582096999668270655e+03 1.014229220294749289e-19 1.696202261955056943e-20
7.587102927601326883e+03 8.427081053579009460e-20 1.674570295476699462e-20
7.592108855534382201e+03 7.959708352720761475e-20 2.180086549687988676e-20
7.597114783467437519e+03 5.883922397966364164e-20 3.158240618653282884e-20
7.602120711400493747e+03 1.612023651863636658e-19 4.164095717968553299e-20
7.607126639333549065e+03 1.547347591036807734e-19 3.580237986903637532e-20
7.612132567266604383e+03 1.089765744214293568e-19 2.919143438684361730e-20
7.617138495199660611e+03 7.378850363150383111e-20 2.452128764570662846e-20
7.622144423132716838e+03 7.430654403480250363e-20 2.620278438801370462e-20
7.627150351065772156e+03 7.966381525332555978e-20 2.870409773677515276e-20
7.632156278998827474e+03 8.899365171258714438e-20 2.760430292773250873e-20
7.637162206931883702e+03 2.689675602250729700e-20 2.411114127258139978e-20
7.642168134864939020e+03 1.156336000313654603e-19 2.265517207027043682e-20
7.647174062797994338e+03 8.851691280438553065e-20 2.185643763294913389e-20
7.652179990731050566e+03 1.118728791102802145e-19 2.139400675210042391e-20
7.657185918664106794e+03 1.243266890619718977e-19 2.196485552761795410e-20
7.662191846597162112e+03 9.683421207891257052e-20 2.206023613061030550e-20
7.667197774530217430e+03 9.621546638682138892e-20 2.039383594381628297e-20
7.672203702463273657e+03 1.162610669506981450e-19 1.858977008731715915e-20
7.677209630396328976e+03 5.196453073576805535e-20 1.875835303107234885e-20
7.682215558329384294e+03 9.746981102805775182e-20 1.896450960033061852e-20
7.687221486262440521e+03 8.076201855562787309e-20 1.892609580331159892e-20
7.692227414195496749e+03 8.449368957154423602e-20 1.911152706087832212e-20
7.697233342128551158e+03 6.865441199157748275e-20 1.931096231552990964e-20
7.702239270061607385e+03 9.269753728448231156e-20 1.867602002518734451e-20
7.707245197994663613e+03 1.255440522834138718e-19 2.543124151572005589e-20
7.712251125927718931e+03 1.974184619357832135e-19 3.204725140707859654e-20
7.717257053860774249e+03 1.443305642427114193e-19 3.104597019151627273e-20
7.722262981793830477e+03 4.679307510862455211e-20 2.430730395798209719e-20
7.727268909726885795e+03 5.793156882475095936e-20 1.967965247604590543e-20
7.732274837659941113e+03 9.990332819823952319e-20 1.763778596230793487e-20
7.737280765592997341e+03 1.065475905138940690e-19 1.687952385176295794e-20
7.742286693526053568e+03 9.963598992313683402e-20 1.969209852330419154e-20
7.747292621459108886e+03 1.221310364103226361e-19 2.814037156246774331e-20
7.752298549392164205e+03 1.298843806890467635e-20 2.933670152829904949e-20
7.757304477325220432e+03 1.115985170744377593e-19 2.459355845363136939e-20
7.762310405258275750e+03 8.477472255224198964e-20 2.122365651103542032e-20
7.767316333191331069e+03 8.176935205055434426e-20 1.968263850520687884e-20
7.772322261124387296e+03 1.012371510220370834e-19 2.112946555345770242e-20
7.777328189057443524e+03 5.150746387505475164e-20 2.260912306953650975e-20
7.782334116990498842e+03 1.219438010932829375e-19 2.083086967478648668e-20
7.787340044923554160e+03 1.145924931736611801e-19 2.393679925094337960e-20
7.792345972856610388e+03 3.510686071289986319e-20 2.839043226663155185e-20
7.797351900789665706e+03 5.199765174719477210e-20 2.715367356865404163e-20
7.802357828722721024e+03 1.416737030809168759e-19 2.217392086618678953e-20
7.807363756655777252e+03 9.819522708512199190e-20 2.343227394206676805e-20
7.812369684588833479e+03 1.174944265171311079e-19 2.371395984265646505e-20
7.817375612521888797e+03 5.390232303561467125e-20 2.923099847947328051e-20
7.822381540454944115e+03 1.048599493164815697e-19 2.931851392213419719e-20
7.827387468388000343e+03 1.128806606605802293e-19 2.238388140658750434e-20
7.832393396321055661e+03 1.231031418035488532e-19 1.779365641245387150e-20
7.837399324254110979e+03 9.642765433672286410e-20 2.040842224162885573e-20
7.842405252187167207e+03 4.176182686186666360e-20 2.115645605896467884e-20
7.847411180120223435e+03 8.994327829835044454e-20 2.644417966392940711e-20
7.852417108053277843e+03 1.105763393495287647e-19 2.992736692704609992e-20
7.857423035986334071e+03 9.738277541984094145e-20 2.905566440196397745e-20
7.862428963919390299e+03 6.302628210102644337e-20 2.408897382952026833e-20
7.867434891852445617e+03 2.243063622743934278e-20 2.406918425518133571e-20
7.872440819785500935e+03 1.266229418522874212e-19 2.409538306177165594e-20
7.877446747718557162e+03 7.779484177990743105e-20 2.259954608757542272e-20
7.882452675651613390e+03 8.724325547317727082e-20 2.350784326725940547e-20
7.887458603584667799e+03 1.171717291812201306e-19 2.453729601852214591e-20
7.892464531517724026e+03 1.278193136434507188e-19 2.345415381159730569e-20
7.897470459450780254e+03 8.990716756873665837e-20 1.871764530863540765e-20
7.902476387383835572e+03 7.422663616973387555e-20 1.781601823675478073e-20
7.907482315316890890e+03 1.121690323729314308e-19 2.714542403887245077e-20
7.912488243249947118e+03 1.114758824152524973e-19 3.374749752028560723e-20
7.917494171183002436e+03 1.243868135227626647e-19 3.497843451379880360e-20
7.922500099116057754e+03 1.474074152913349406e-19 2.760562412556072854e-20
7.927506027049113982e+03 1.052124635797814139e-19 2.613657143728653279e-20
7.932511954982170209e+03 1.152541652270174887e-19 2.458687804423096969e-20
7.937517882915225528e+03 1.192800832660502018e-19 2.107103431078161028e-20
7.942523810848280846e+03 7.622711204354832883e-20 2.087852647677651204e-20
7.947529738781337073e+03 5.926047370133219738e-20 2.224954255030599539e-20
7.952535666714392391e+03 6.477959526562026361e-20 2.079968246466712062e-20
7.957541594647447710e+03 1.581163873340848451e-19 2.297884377422329627e-20
7.962547522580503937e+03 5.719022710154970139e-20 2.845406639544679740e-20
7.967553450513560165e+03 1.044860263909849141e-19 2.732690397860658909e-20
7.972559378446615483e+03 1.180045899372974824e-19 2.191189256907030138e-20
7.977565306379670801e+03 5.054190937857684609e-20 2.253012842831505409e-20
7.982571234312727029e+03 1.078004100403622473e-19 2.172380705396043590e-20
7.987577162245782347e+03 6.586416271707759001e-20 2.553383644506503076e-20
7.992583090178837665e+03 9.182247641488385653e-20 2.843230734988886738e-20
7.997589018111893893e+03 1.248009447677392903e-19 2.548405791135652273e-20
8.002594946044950120e+03 1.036781537875761603e-19 1.759032949666209458e-20
8.007600873978005438e+03 9.126996313759542599e-20 1.874336785222983290e-20
8.012606801911060757e+03 2.521591146778935757e-20 2.065001078157607624e-20
8.017612729844116984e+03 1.293432573458432195e-20 2.247513077414916251e-20
8.022618657777172302e+03 1.024029701821882523e-19 2.631574381205273590e-20
8.027624585710227620e+03 8.321350081875855945e-20 2.669108539786764528e-20
8.032630513643283848e+03 2.596702091130230906e-20 2.097751157008523146e-20
8.037636441576340076e+03 5.032821753275381414e-20 1.775314032694790660e-20
8.042642369509394484e+03 4.135815461626536083e-20 1.810337123684160185e-20
8.047648297442450712e+03 4.733786366568421200e-20 2.043335523705711535e-20
8.052654225375506940e+03 1.016337837399347144e-19 2.161350436395419836e-20
8.057660153308562258e+03 6.054363838091417961e-20 2.442444209374687727e-20
8.062666081241617576e+03 6.289370273963468127e-20 2.434870552364436964e-20
8.067672009174673803e+03 7.211993216580499156e-20 2.110840430976748606e-20
8.072677937107729122e+03 2.604559468798348872e-20 1.838117225706666081e-20
8.077683865040784440e+03 6.994973799698141653e-20 1.830440326467323864e-20
8.082689792973840667e+03 4.303616214501832639e-20 1.811508975496699986e-20
8.087695720906896895e+03 7.427545008183333384e-20 1.840095651441232334e-20
8.092701648839952213e+03 6.504085878714930733e-20 1.862035308656633981e-20
8.097707576773007531e+03 9.968999104890024202e-20 1.975790708864972191e-20
8.102713504706063759e+03 5.299070555160735243e-20 1.937359299179274910e-20
8.107719432639119077e+03 8.016863942445297235e-20 1.798452656709386235e-20
8.112725360572174395e+03 8.067000852234881033e-20 1.674072765749725361e-20
8.117731288505230623e+03 1.036694757813161638e-19 1.656449449295407094e-20
8.122737216438286850e+03 1.166839383367815968e-19 1.674386753896252734e-20
8.127743144371342169e+03 1.286573926478526465e-19 1.685603864049379408e-20
8.132749072304397487e+03 1.127468734356095212e-19 1.738516724131088307e-20
8.137755000237453714e+03 1.008291984777144283e-19 1.785390310882004261e-20
8.142760928170509032e+03 5.704541346671319053e-20 1.840650254986389749e-20
8.147766856103564351e+03 4.421526482278731785e-20 1.812609323882977480e-20
8.152772784036620578e+03 8.294210991699795895e-20 1.762648942228426108e-20
8.157778711969676806e+03 9.131386772518518300e-20 1.750902647699887121e-20
8.162784639902732124e+03 7.193007559305842481e-20 1.774150084795704169e-20
8.167790567835787442e+03 5.490946247899393311e-20 1.794570441719878444e-20
8.172796495768843670e+03 7.793276689791240083e-20 1.835152678627852352e-20
8.177802423701898988e+03 8.501740510182519987e-20 1.876998074746925878e-20
8.182808351634954306e+03 6.622513758985646275e-20 1.950073673334044864e-20
8.187814279568010534e+03 6.748598806803674697e-20 2.005901486577047065e-20
8.192820207501066761e+03 3.918203274374148324e-20 2.010036698880077597e-20
8.197826135434121170e+03 6.022108107602198792e-20 1.949229424771333743e-20
8.202832063367177398e+03 5.181902838217198255e-20 1.909567115688836557e-20
8.207837991300233625e+03 4.005238154924389023e-20 1.891837286812589953e-20
8.212843919233288034e+03 7.733513348064353565e-20 1.855822851858994127e-20
8.217849847166344261e+03 8.706006213154417902e-20 1.829768319455617095e-20
8.222855775099400489e+03 5.952525752497075306e-20 1.789235673498784322e-20
8.227861703032456717e+03 4.373404277281620723e-20 1.767007804344530019e-20
8.232867630965511125e+03 2.880124737635548503e-20 1.756717495306929158e-20
8.237873558898567353e+03 8.162611848095874926e-20 1.791487547278520408e-20
8.242879486831623581e+03 7.392115615565252911e-20 1.812134706081824515e-20
8.247885414764677989e+03 1.078965963786712398e-19 1.814280485562023428e-20
8.252891342697734217e+03 7.029644189458131819e-20 1.793202647791601454e-20
8.257897270630790445e+03 8.264811954876912677e-20 1.781531374443207801e-20
8.262903198563846672e+03 6.668700644373346209e-20 1.778004161911350890e-20
8.267909126496901081e+03 7.714132819949261679e-20 1.814474099624419721e-20
8.272915054429957308e+03 1.147488283657694579e-19 2.238921811883865365e-20
8.277920982363013536e+03 1.457644276518090902e-19 2.888033868149743547e-20
8.282926910296067945e+03 1.144329213610098421e-19 3.492674929220286253e-20
8.287932838229124172e+03 1.371748973147740766e-19 3.379858651602635932e-20
8.292938766162180400e+03 1.590938125887126875e-19 3.630255599753199267e-20
8.297944694095236628e+03 6.553953963317271168e-20 3.531768611565174534e-20
8.302950622028291036e+03 1.192658518652206658e-19 3.173324897487804504e-20
8.307956549961347264e+03 8.901415255834617803e-20 2.615910676548799431e-20
8.312962477894403492e+03 1.341291203405071020e-19 2.581164171617490249e-20
8.317968405827457900e+03 4.979082311550249934e-20 2.215668426584812851e-20
8.322974333760514128e+03 1.161424170050415868e-19 2.065429976242385436e-20
8.327980261693570355e+03 7.842636877344577015e-20 1.993250448082589236e-20
8.332986189626626583e+03 4.558473177114887087e-20 2.063501790712982908e-20
8.337992117559680992e+03 1.035118408623660270e-19 3.708005594125010550e-20
8.342998045492737219e+03 2.131497165727650779e-19 4.557449380785052786e-20
8.348003973425793447e+03 2.596949348500302715e-20 4.469680412750858514e-20
8.353009901358847856e+03 9.050352593146359812e-21 3.105826772878862266e-20
8.358015829291904083e+03 4.600544944628623511e-20 2.669342756809080071e-20
8.363021757224960311e+03 2.591516640464981671e-20 2.367078526617037502e-20
8.368027685158016538e+03 8.317362310363077105e-20 2.206629157320654045e-20
8.373033613091070947e+03 1.078727569661677016e-19 2.023073020367591847e-20
8.378039541024127175e+03 1.170936460432583250e-19 2.540870274050410585e-20
8.383045468957181583e+03 3.052520441386216405e-20 2.610979835441631429e-20
8.388051396890237811e+03 1.014766348373073399e-19 2.254551270021980331e-20
8.393057324823294039e+03 8.118076750548503984e-20 3.217507806822394717e-20
8.398063252756350266e+03 7.383338236995476929e-20 3.794501693590670569e-20
8.403069180689406494e+03 1.278875058317268940e-19 3.421975195627890874e-20
8.408075108622460903e+03 1.337980261160250372e-19 2.470765994343251063e-20
8.413081036555517130e+03 5.726128695622136439e-21 2.856178402248384963e-20
8.418086964488571539e+03 9.234871219791630551e-20 2.831181016273629327e-20
8.423092892421627766e+03 1.019456415713353493e-19 3.341554626033347676e-20
8.428098820354683994e+03 1.357206151572254472e-19 4.350328744865845167e-20
8.433104748287740222e+03 2.870433915328661474e-20 4.174350115645583838e-20
8.438110676220796449e+03 5.799876362240799316e-20 2.508426554269450653e-20
8.443116604153850858e+03 6.942544076497348038e-20 2.361161344121305978e-20
8.448122532086907086e+03 1.035751793522001391e-19 2.989331874604301847e-20
8.453128460019961494e+03 5.027418070499149664e-20 2.958315442324981165e-20
8.458134387953017722e+03 6.528766602749955671e-20 3.224546813293333040e-20
8.463140315886073950e+03 9.786203873549707207e-20 3.735861997613227984e-20
8.468146243819130177e+03 5.694430517603043938e-20 3.478761326415543796e-20
8.473152171752186405e+03 4.018526919377645545e-20 2.209176144307151294e-20
8.478158099685240813e+03 6.178830445354093605e-21 1.943903422895735918e-20
8.483164027618297041e+03 6.223903365341940648e-20 1.926499790279567002e-20
8.488169955551351450e+03 8.572751918232637994e-20 2.318409408489669115e-20
8.493175883484407677e+03 1.117801161117482337e-19 2.432670694061973137e-20
8.498181811417463905e+03 2.626426126296588302e-20 2.743140908365967690e-20
8.503187739350520133e+03 3.735434455604307524e-20 2.873033257331792649e-20
8.508193667283574541e+03 7.000807448242579566e-20 2.657075002914808497e-20
8.513199595216630769e+03 8.021722121532064015e-20 1.945386721885998709e-20
8.518205523149686996e+03 3.867163027369378236e-20 1.863464009575947819e-20
8.523211451082741405e+03 6.385816758465015526e-20 1.873952984895117979e-20
8.528217379015797633e+03 5.396103036424604550e-20 1.865289512538480845e-20
8.533223306948853860e+03 4.969948122347328707e-20 2.067128177243407127e-20
8.538229234881910088e+03 6.270160119767418378e-20 2.185756436425380793e-20
8.543235162814964497e+03 8.759743618925301217e-20 2.460725452606981192e-20
8.548241090748020724e+03 7.515152059112469913e-20 2.496604054179058010e-20
8.553247018681076952e+03 8.726831662084956395e-20 2.323378342827314482e-20
8.558252946614131361e+03 8.507507991987443763e-20 2.022695051738632805e-20
8.563258874547187588e+03 8.729413734113889016e-20 2.042489838461640966e-20
8.568264802480243816e+03 8.854423142117701433e-20 2.115163638841380922e-20
8.573270730413300043e+03 6.090491934730459395e-20 2.153772328008100607e-20
8.578276658346354452e+03 8.479072518156272952e-20 2.106255214421053816e-20
8.583282586279410680e+03 7.779378870805197902e-20 2.150972018214785433e-20
8.588288514212466907e+03 8.911798451552420651e-20 2.191791654066442334e-20
8.593294442145521316e+03 5.204614446103379510e-20 2.221301531029603668e-20
8.598300370078577544e+03 3.659022896318564258e-20 2.140409465646633959e-20
8.603306298011633771e+03 1.061398084470509001e-19 2.006699111503099824e-20
8.608312225944689999e+03 6.741812486400782108e-20 2.070147642449023996e-20
8.613318153877744408e+03 8.234794488710063540e-20 2.381972968625937801e-20
8.618324081810800635e+03 4.133244751815298464e-20 2.778518083930070893e-20
8.623330009743856863e+03 2.181683205414755218e-20 3.127639946295996092e-20
8.628335937676911271e+03 5.024608370812589404e-20 3.253074166804874773e-20
8.633341865609967499e+03 4.219277552219246840e-20 3.098235303557532681e-20
8.638347793543023727e+03 5.859187161357874798e-20 2.701907047528537097e-20
8.643353721476079954e+03 6.212659368620631142e-20 2.565171675998709638e-20
8.648359649409134363e+03 9.057248688635260454e-20 2.863276150104099110e-20
8.653365577342190591e+03 7.305880216818614516e-20 3.227218426784504363e-20
8.658371505275246818e+03 6.487989254120691801e-20 3.304417754230754412e-20
8.663377433208301227e+03 1.242291953466026998e-19 3.238943142718768059e-20
8.668383361141357454e+03 5.799313255934823863e-20 3.075096487381607364e-20
8.673389289074413682e+03 6.695679989636859925e-20 2.857020906301883103e-20
8.678395217007469910e+03 8.689785759418287624e-20 2.643736738262262578e-20
8.683401144940524318e+03 9.028813469230352912e-20 2.469201110481002512e-20
8.688407072873580546e+03 1.479386917536680354e-19 2.334649427250852181e-20
8.693413000806636774e+03 5.336918552661707908e-20 2.293668321142950444e-20
8.698418928739691182e+03 2.308266773454919877e-20 2.292551914720327277e-20
8.703424856672747410e+03 1.169625927558181562e-19 2.297902041551185516e-20
8.708430784605803638e+03 5.368964911256093594e-20 2.178321455819557361e-20
8.713436712538859865e+03 8.995006996444661724e-20 2.061865088570015985e-20
8.718442640471914274e+03 4.146718868195551163e-20 2.002567618671232462e-20
8.723448568404970501e+03 7.985654927519358402e-20 1.980978920975854561e-20
8.728454496338024910e+03 7.439245405412526689e-20 1.964583001672004973e-20
8.733460424271081138e+03 8.440305992177019304e-20 1.944576755197051081e-20
8.738466352204137365e+03 8.260649904868051451e-20 1.949135289574197670e-20
8.743472280137193593e+03 7.171456165530015205e-20 1.942251083699051565e-20
8.748478208070249821e+03 7.832639707005655691e-20 1.960942747247257091e-20
8.753484136003304229e+03 1.103763205710608119e-19 2.697046451259792366e-20
8.758490063936360457e+03 1.239034526284295670e-20 3.647046431537449651e-20
8.763495991869414866e+03 8.036083941227977943e-20 4.378590676330296427e-20
8.768501919802471093e+03 8.773103889200157496e-21 4.063192537056464029e-20
8.773507847735527321e+03 3.959496042711008285e-20 4.142015223636469457e-20
8.778513775668583548e+03 7.889921564991162955e-20 3.922924425787700890e-20
8.783519703601639776e+03 1.255796730702507430e-19 3.182243671230758897e-20
8.788525631534694185e+03 2.658926103899254316e-20 2.728013269586960124e-20
8.793531559467750412e+03 3.800177782758552372e-20 2.685465878667101956e-20
8.798537487400804821e+03 3.134962731997394917e-20 2.189820212612960620e-20
8.803543415333861049e+03 6.669894767628293991e-20 2.111039769848657285e-20
8.808549343266917276e+03 8.661122929441668234e-20 2.194823169280784262e-20
8.813555271199973504e+03 5.139672039580540007e-20 2.241469098816247641e-20
8.818561199133029731e+03 5.934115789446285869e-20 3.351374693887049533e-20
8.823567127066084140e+03 5.346404756450039441e-20 5.713407549956848844e-20
8.828573054999140368e+03 5.621982272515932737e-20 6.201744136076725188e-20
8.833578982932194776e+03 8.975746486660078891e-20 4.990910071967940056e-20
8.838584910865251004e+03 6.471600967168462983e-20 3.894380519259562326e-20
8.843590838798307232e+03 5.291833880975151437e-20 2.970394846934327121e-20
8.848596766731363459e+03 8.275283309201496902e-20 2.802429777329656366e-20
8.853602694664417868e+03 1.113053115289276993e-19 2.624288289077986856e-20
8.858608622597474096e+03 5.944787501238015627e-20 2.482951098864151948e-20
8.863614550530530323e+03 -1.424062248452356540e-20 3.195901991380712230e-20
8.868620478463584732e+03 5.293892076025456927e-20 3.211700510326818757e-20
8.873626406396640959e+03 5.364606116662221147e-20 2.559568537245017043e-20
8.878632334329697187e+03 1.196437849699735327e-19 3.418678283718380721e-20
8.883638262262753415e+03 1.344140373874936214e-19 4.626448262058572220e-20
8.888644190195807823e+03 6.216012785126507134e-20 4.455851213487599511e-20
8.893650118128864051e+03 8.276679453370795822e-20 2.857881986382792567e-20
8.898656046061920279e+03 1.311997871672098123e-19 3.318405516698138785e-20
8.903661973994974687e+03 1.147582770333674945e-19 3.519967109769598513e-20
8.908667901928030915e+03 5.010559448307834622e-20 3.026795600377540415e-20
8.913673829861087142e+03 1.247060261399470906e-19 4.335441709256147728e-20
8.918679757794143370e+03 1.195224319379208877e-19 5.244963846866396930e-20
8.923685685727199598e+03 1.145110736834313218e-19 4.727401544848537658e-20
8.928691613660254006e+03 1.167949695357589565e-19 2.746625992195866791e-20
8.933697541593308415e+03 1.006932678372017344e-19 2.572872725746699729e-20
8.938703469526364643e+03 5.440898587944096630e-20 3.510816975972591691e-20
8.943709397459420870e+03 6.541793014282077640e-20 3.751913267567164445e-20
8.948715325392477098e+03 7.938815945218897795e-20 3.555434291268571717e-20
8.953721253325533326e+03 -4.185418123841526585e-20 4.966376991319401055e-20
8.958727181258589553e+03 3.681328999029108799e-20 5.183064487173167620e-20
8.963733109191643962e+03 5.818873913917730195e-20 3.830229010875894810e-20
8.968739037124698370e+03 2.608307332811603756e-20 2.579588949344863360e-20
8.973744965057754598e+03 8.448585216151475474e-20 2.523812101965879090e-20
8.978750892990810826e+03 6.064692056883091858e-20 2.592350454208631214e-20
8.983756820923867053e+03 9.351879409861751979e-20 3.172184493106294259e-20
8.988762748856923281e+03 9.471981036051172047e-20 3.297252194775023840e-20
8.993768676789977690e+03 -1.532741444997460583e-20 3.384402128372384941e-20
8.998774604723033917e+03 3.344669242999656219e-20 3.827988447287700637e-20
9.003780532656088326e+03 9.907030176926629326e-20 3.744128698437396629e-20
9.008786460589144554e+03 1.166634848476139016e-19 2.666955780088101798e-20
9.013792388522200781e+03 6.686035308432112250e-20 2.334512759383449097e-20
9.018798316455257009e+03 6.323327165356966273e-20 2.312756766059850029e-20
9.023804244388313236e+03 7.364121152075528787e-20 2.355990910124943116e-20
9.028810172321367645e+03 5.972070080882031528e-20 2.399290449665156535e-20
9.033816100254423873e+03 8.120006500705519981e-20 2.699743943269084493e-20
9.038822028187478281e+03 8.108221896864226616e-20 2.777343294958765568e-20
9.043827956120534509e+03 2.590923833891472288e-20 3.083988810849606753e-20
9.048833884053590737e+03 7.870839435659305982e-20 3.232978776230898479e-20
9.053839811986646964e+03 9.606680168685439889e-20 3.069139441324586108e-20
9.058845739919703192e+03 1.147512695851574470e-19 2.598770702073557235e-20
9.063851667852757600e+03 8.465559126515943917e-20 2.646787905905749269e-20
9.068857595785813828e+03 4.208314119927512548e-20 2.754988825344145676e-20
9.073863523718868237e+03 5.692050168687146461e-20 2.793330659575982243e-20
9.078869451651924464e+03 1.850403820884908363e-20 2.839726122329113518e-20
9.083875379584980692e+03 3.096426467246790207e-20 2.917709932089360758e-20
9.088881307518036920e+03 5.930944611431617217e-20 3.073543611293471466e-20
9.093887235451093147e+03 7.391341015100708224e-20 3.077524978953293408e-20
9.098893163384147556e+03 2.204622546748233940e-20 3.256983895300702904e-20
9.103899091317203784e+03 7.585047550179577869e-20 3.168861714084909671e-20
9.108905019250258192e+03 3.053071588939368711e-20 2.730736819522654521e-20
9.113910947183314420e+03 4.846419787256680659e-20 2.524741673039614085e-20
9.118916875116370647e+03 5.161900945409327174e-20 2.487538977841079229e-20
9.123922803049426875e+03 8.619270619372860920e-20 2.506133783387421519e-20
9.128928730982483103e+03 5.921364379497422118e-20 2.615882407574332481e-20
9.133934658915537511e+03 -1.849617778029926421e-21 2.623111820316231826e-20
9.138940586848593739e+03 2.149202695417606135e-20 2.494175471946109352e-20
9.143946514781648148e+03 4.869537504700682082e-20 2.503007863223909754e-20
9.148952442714704375e+03 6.268237808420888584e-20 2.767236780845111170e-20
9.153958370647760603e+03 4.088463667058404357e-20 2.987757717094595456e-20
9.158964298580816831e+03 5.834347814439323626e-20 2.925557887390969656e-20
9.163970226513873058e+03 9.934746977458297818e-20 2.770764980261274882e-20
9.168976154446927467e+03 5.122002262491086281e-20 2.625040870840021808e-20
9.173982082379983694e+03 7.636188154060508716e-20 2.627520576100915926e-20
9.178988010313038103e+03 3.677920972558243365e-20 2.647082964532178518e-20
9.183993938246094331e+03 3.950522164000205282e-20 2.648483185480507058e-20
9.188999866179150558e+03 2.298148214773136935e-20 2.659553669717206422e-20
9.194005794112206786e+03 3.347261022430888008e-20 2.664342920603870182e-20
9.199011722045263014e+03 3.475665308884428010e-20 2.663010140352800101e-20
9.204017649978317422e+03 4.226792500765038638e-20 2.764860055572869165e-20
9.209023577911373650e+03 4.811183814620026459e-20 2.959056927753786324e-20
9.214029505844428058e+03 6.769711891311426736e-21 3.083999846945706533e-20
9.219035433777484286e+03 9.128387073881415273e-20 3.089715782068369874e-20
9.224041361710540514e+03 4.636942263411187947e-20 2.932103037190785758e-20
9.229047289643596741e+03 3.460423183440454485e-20 2.836278220805564815e-20
9.234053217576652969e+03 2.696810356361416797e-20 2.707438088561805283e-20
9.239059145509707378e+03 6.814487280555383102e-20 2.703904174672194362e-20
9.244065073442761786e+03 4.879876865779087048e-20 2.771363316776453044e-20
9.249071001375818014e+03 1.083232370196031779e-19 2.780122834407016126e-20
9.254076929308874242e+03 7.907075041348122744e-20 2.734029939380686384e-20
9.259082857241930469e+03 4.305997222121075197e-20 2.753868453796021757e-20
9.264088785174986697e+03 3.720529911668864164e-20 2.780251896961582844e-20
9.269094713108042924e+03 6.288964309899241393e-20 2.771885044045672715e-20
9.274100641041097333e+03 6.383137819702290130e-20 2.782981972123084931e-20
9.279106568974151742e+03 6.636932752137417129e-20 2.852944519085768550e-20
9.284112496907207969e+03 4.977580409804461670e-20 3.046083197723514804e-20
9.289118424840264197e+03 7.891768233810483241e-21 3.255157573858312209e-20
9.294124352773320425e+03 3.519114421248854928e-20 3.441594590262096442e-20
9.299130280706376652e+03 6.089985012539312714e-20 4.546686633000188574e-20
9.304136208639432880e+03 1.147773651432349679e-19 6.998281345928098278e-20
9.309142136572487289e+03 3.390582993240396197e-20 9.498421602383039575e-20
9.314148064505541697e+03 2.310923135776216743e-20 9.534917603872647766e-20
9.319153992438597925e+03 3.539814824500031356e-20 9.465065873550802816e-20
9.324159920371654152e+03 3.595732522537626262e-20 8.822653179100087400e-20
9.329165848304710380e+03 4.602891831800339068e-20 7.359580314633610913e-20
9.334171776237766608e+03 1.842714858299973029e-19 6.866192514057608085e-20
9.339177704170821016e+03 3.091943345740126087e-21 7.024437368321082051e-20
9.344183632103877244e+03 2.084003935362954669e-20 5.758588029728051620e-20
9.349189560036931653e+03 5.888289067839497953e-20 5.202322725781547143e-20
9.354195487969987880e+03 1.998730767742079714e-20 5.086214438787895642e-20
9.359201415903044108e+03 1.217274841693755009e-19 4.740457112669844399e-20
9.364207343836100335e+03 1.003115852897017719e-19 5.228452415428587711e-20
9.369213271769156563e+03 -6.514274548966656173e-20 1.010054479047738358e-19
9.374219199702210972e+03 -1.045564218906516823e-19 1.208480917329237431e-19
9.379225127635267199e+03 1.297903012307731214e-19 1.042716512271749120e-19
9.384231055568321608e+03 -8.932351134617098259e-20 5.424379162157044018e-20
9.389236983501377836e+03 3.529131023102183341e-20 4.021558478384014261e-20
9.394242911434434063e+03 6.751747501165718238e-20 4.016600785739535894e-20
9.399248839367490291e+03 1.346366353690143457e-19 4.603006936527683644e-20
9.404254767300546519e+03 -4.116246419060154123e-20 4.553156810333421655e-20
9.409260695233600927e+03 6.364200075758890665e-20 4.032659543347816350e-20
9.414266623166657155e+03 1.411348269533349590e-19 5.178869356790420020e-20
9.419272551099711563e+03 5.313860082001903726e-20 6.079585507909294398e-20
9.424278479032767791e+03 1.452447093090301293e-19 6.096272781018954336e-20
9.429284406965824019e+03 1.208213970180445437e-19 4.984603139948590291e-20
9.434290334898880246e+03 -8.995058531785727384e-20 8.416136215634652726e-20
9.439296262831936474e+03 2.138135871952547144e-19 1.027293185825131702e-19
9.444302190764990883e+03 -1.999445473211993486e-20 8.441493252068996001e-20
9.449308118698047110e+03 1.323297277886915226e-19 5.717578729325461206e-20
9.454314046631101519e+03 1.119944505684532548e-19 7.810110758230593012e-20
9.459319974564157746e+03 2.221535505643690689e-19 8.129695839527884675e-20
9.464325902497213974e+03 1.075616479195303280e-19 6.357650130824022178e-20
9.469331830430270202e+03 2.902603706313839018e-20 6.956872392998681940e-20
9.474337758363326429e+03 1.193308877045102801e-20 9.937593292976002124e-20
9.479343686296380838e+03 2.591943552570844646e-19 9.974726350452006362e-20
9.484349614229437066e+03 1.265881800076581627e-19 5.989531736805560636e-20
9.489355542162491474e+03 4.892966622728399000e-20 4.967903378024091784e-20
9.494361470095547702e+03 5.712620430446638538e-22 5.864089908310776701e-20
9.499367398028603930e+03 1.895245111873742946e-20 7.382007035106316659e-20
9.504373325961660157e+03 -5.080412653275426890e-20 6.559697153352933394e-20
9.509379253894716385e+03 6.000243453834001496e-20 5.339998479921460902e-20
9.514385181827770793e+03 1.336774469889129186e-19 7.159303866889877802e-20
9.519391109760827021e+03 2.474861347007413492e-19 7.726854345826151349e-20
9.524397037693881430e+03 1.870956010615371586e-19 6.312337691475222015e-20
9.529402965626937657e+03 9.906030450340728087e-20 4.827983221221135457e-20
9.534408893559993885e+03 6.821318229267141374e-20 4.752698103438292254e-20
9.539414821493050113e+03 6.323630441857597268e-20 4.759824159098067796e-20
9.544420749426106340e+03 4.935277031013542805e-20 5.044282123831131990e-20
9.549426677359160749e+03 1.045846026760163363e-19 6.041578390161541869e-20
9.554432605292216977e+03 3.406896583156856544e-20 6.428735667046030980e-20
9.559438533225271385e+03 7.061481444834046192e-20 6.737179498669511601e-20
9.564444461158327613e+03 -8.187362178711867913e-20 8.123851511745384207e-20
9.569450389091383840e+03 2.726741117641225496e-19 7.613846601864586029e-20
9.574456317024440068e+03 1.483822415510961724e-19 5.676142542179900463e-20
9.579462244957496296e+03 1.467387096512406223e-19 4.937447696723876276e-20
9.584468172890550704e+03 -1.510388049282247660e-20 5.201668357665780234e-20
9.589474100823605113e+03 -2.316101346874173899e-20 5.506417003443413251e-20
9.594480028756661341e+03 6.148646224303589379e-20 5.341163228015283716e-20
9.599485956689717568e+03 8.563997021324337968e-20 5.334912786690731016e-20
9.604491884622773796e+03 -1.093580761738378691e-19 5.819815631594648090e-20
9.609497812555830023e+03 3.042106593418525652e-20 5.872688707350527189e-20
9.614503740488886251e+03 3.825475511949564340e-20 6.142070984228522656e-20
9.619509668421940660e+03 1.562578364601210253e-19 6.500955384829828031e-20
9.624515596354995068e+03 -2.563914584568660056e-20 6.164268684566185400e-20
9.629521524288051296e+03 1.283316958173708755e-19 5.224304064276339903e-20
9.634527452221107524e+03 -2.540444102158324690e-20 5.211597652650055628e-20
9.639533380154163751e+03 5.588177927390486569e-20 5.168191985161025198e-20
9.644539308087219979e+03 8.955459648655557524e-20 5.133048179260043502e-20
9.649545236020274388e+03 7.010499178007152880e-20 5.164501657553650812e-20
9.654551163953330615e+03 9.075610922401810030e-20 5.261661682701772338e-20
9.659557091886385024e+03 -1.927753473723557936e-20 5.363736844095515618e-20
9.664563019819441251e+03 6.294797070731770333e-20 5.906600920035183568e-20
9.669568947752497479e+03 -1.869344273399976358e-20 6.129441269752541027e-20
9.674574875685553707e+03 8.559712420739777944e-20 6.589545834626529423e-20
9.679580803618609934e+03 1.475985737114210393e-20 6.833142557432082030e-20
9.684586731551664343e+03 9.549129168823140339e-20 6.633310615410229009e-20
9.689592659484720571e+03 8.366523085287320652e-20 5.843816211998113309e-20
9.694598587417774979e+03 5.243391020576415079e-20 6.727252326386495695e-20
9.699604515350831207e+03 1.230651446701266373e-19 7.123414721326831155e-20
9.704610443283887435e+03 -1.270845742215833278e-19 6.776225932555105347e-20
9.709616371216943662e+03 9.308940721912455859e-20 6.438971235443326088e-20
9.714622299149999890e+03 -5.218622609301014819e-21 7.854522140218879229e-20
9.719628227083054298e+03 1.973434051848336740e-20 8.379369099383464151e-20
9.724634155016110526e+03 1.886455988928444703e-19 7.690830892706213246e-20
9.729640082949164935e+03 1.095154662221817110e-19 6.576797769352246480e-20
9.734646010882221162e+03 2.653795463695039057e-19 7.041989979704210404e-20
9.739651938815277390e+03 -5.317603240538313226e-20 7.165173257088989446e-20
9.744657866748333618e+03 -9.540608603863242641e-20 6.559972287661997990e-20
9.749663794681389845e+03 6.974719095715493618e-20 6.224705175707256228e-20
9.754669722614444254e+03 2.800818892741596820e-20 5.866964831837138502e-20
9.759675650547500481e+03 4.314104002795616181e-20 5.735395708911490441e-20
9.764681578480554890e+03 5.507786007864832653e-20 5.727803133034395957e-20
9.769687506413611118e+03 9.784604273360668721e-20 5.783376598844913666e-20
9.774693434346667345e+03 -1.533500091416094977e-20 5.885362962011172202e-20
9.779699362279723573e+03 -4.736309700857772964e-20 6.187019069780315999e-20
9.784705290212779801e+03 -3.971008549657691763e-20 8.520660209598565485e-20
9.789711218145834209e+03 -2.744303403226479818e-20 1.040987096337923326e-19
9.794717146078890437e+03 2.900065531607649816e-19 1.091742752677029154e-19
9.799723074011944846e+03 -1.061824848968803265e-19 8.702290564382840286e-20
9.804729001945001073e+03 7.060537532500703929e-21 7.825268839599046722e-20
9.809734929878057301e+03 -1.948721376608105263e-20 7.438366438794156840e-20
9.814740857811113528e+03 -7.982481285360305501e-21 7.504780121762732329e-20
9.819746785744169756e+03 1.054454684399366612e-19 7.259539596543349766e-20
9.824752713677224165e+03 1.114054483347926413e-19 6.937875219873638319e-20
9.829758641610280392e+03 1.133847239125122537e-19 6.964729494808363910e-20
9.834764569543334801e+03 7.594106893092959992e-20 6.888941509479752766e-20
9.839770497476391029e+03 1.130982220104727439e-19 7.227747143846871011e-20
9.844776425409447256e+03 4.830752739594429545e-20 8.480373811427748019e-20
9.849782353342503484e+03 1.236132508309357277e-19 8.943857422469485940e-20
9.854788281275559712e+03 4.551975395435014637e-20 8.093950482551609660e-20
9.859794209208614120e+03 1.391951765957653280e-19 7.385074703892621553e-20
9.864800137141670348e+03 1.328410556387623501e-19 8.834261562329737627e-20
9.869806065074724756e+03 9.186921856648328575e-20 1.128274074895052756e-19
9.874811993007780984e+03 3.708282027404764444e-19 1.122595527400223791e-19
9.879817920940837212e+03 1.655740912883610788e-19 8.844822636772298735e-20
9.884823848873893439e+03 8.265362615881193269e-21 8.037047595794168457e-20
9.889829776806949667e+03 1.704007353494444029e-21 9.067544625802435266e-20
9.894835704740004076e+03 3.482278275722930217e-20 9.478212787244657706e-20
9.899841632673058484e+03 2.052829892377811944e-19 8.959210917589605192e-20
9.904847560606114712e+03 1.720520842497961654e-19 8.259805806085594605e-20
9.909853488539170939e+03 -2.616128302203348772e-19 1.098388270374283963e-19
9.914859416472227167e+03 -1.817193588213340442e-19 1.207631993975760524e-19
9.919865344405283395e+03 1.567993749350709046e-19 1.101230403020440430e-19
9.924871272338339622e+03 8.301298368273886938e-20 8.701736037450897400e-20
9.929877200271394031e+03 -2.670594184237769860e-20 8.427801123615996911e-20
9.934883128204448440e+03 5.246951404040791180e-20 9.674926563585350135e-20
9.939889056137504667e+03 -6.331700645510093745e-20 1.349694285878419715e-19
9.944894984070560895e+03 -1.683338997005540875e-20 1.598954893176688868e-19
9.949900912003617123e+03 -1.114539466101916731e-19 1.558953755764615695e-19
9.954906839936673350e+03 -7.423097660195706020e-20 1.495019494573570810e-19
9.959912767869729578e+03 1.873684182257466361e-19 1.565020688888794115e-19
9.964918695802783986e+03 -1.831273351511818436e-19 1.448638213470188064e-19
9.969924623735838395e+03 1.252211679183673149e-19 1.293562861216982703e-19
9.974930551668894623e+03 -2.604979403127356792e-19 1.241090295380486240e-19
9.979936479601950850e+03 5.815302149970506028e-20 1.126660743337915283e-19
9.984942407535007078e+03 1.872795608720651569e-20 1.064662328371043644e-19
9.989948335468063306e+03 1.864648350222276678e-19 1.037717353921493338e-19
9.994954263401117714e+03 7.972757539006197697e-20 1.084950070912921352e-19
9.999960191334173942e+03 1.072592398097112604e-19 1.123094566383936902e-19
1.000496611926722835e+04 -4.428813951807334806e-19 1.310524142697496165e-19
1.000997204720028458e+04 -8.743705933170949823e-20 1.677356821682897166e-19
1.001497797513334081e+04 3.143455391291134015e-19 1.696650368503007548e-19
1.001998390306639703e+04 3.400980725054740248e-20 1.443052824288516052e-19
1.002498983099945326e+04 3.656095506308205888e-19 1.304516332497994450e-19
1.002999575893250767e+04 4.318986002445120735e-20 1.283282307861540448e-19
1.003500168686556390e+04 -6.959129602763857462e-20 1.180947035968804318e-19
1.004000761479861831e+04 2.873439888251175075e-19 1.176408202361992270e-19
1.004501354273167453e+04 2.959812149188765757e-19 1.238268438916441154e-19
1.005001947066473076e+04 4.187453506422224034e-20 1.194144152283753383e-19
1.005502539859778699e+04 -5.397750762552441538e-20 1.306198177369001679e-19
1.006003132653084322e+04 2.509290071435160582e-19 1.446457784757966435e-19
1.006503725446389763e+04 2.269849930668122259e-19 1.505284308155575292e-19
1.007004318239695385e+04 2.504256550892247860e-20 1.466959520359351345e-19
1.007504911033000826e+04 4.701553319358948600e-19 1.493424618979036859e-19
1.008005503826306449e+04 1.250307273669498584e-19 1.700032565687302978e-19
1.008506096619612072e+04 -2.614451480389321784e-19 1.813690591653474065e-19
1.009006689412917694e+04 4.291903860809572713e-19 1.664666002535621371e-19
1.009507282206223317e+04 8.212032481591581101e-20 1.606335076349245760e-19
1.010007874999528758e+04 -8.231299390838365884e-20 1.845855183432007876e-19
1.010508467792834381e+04 1.361264065704371437e-19 1.862191912089407844e-19
1.011009060586139822e+04 -6.851157069343199071e-20 1.762610050362189817e-19
1.011509653379445444e+04 -1.817294916686371636e-19 1.716113441296743047e-19
1.012010246172751067e+04 2.167036604190590744e-19 2.075403809058396041e-19
1.012510838966056690e+04 8.885125137104461486e-20 2.129157496891387820e-19
1.013011431759362313e+04 -1.111281240249692420e-19 2.007973458065339167e-19
1.013512024552667754e+04 9.492200581449152743e-20 1.781543790395722624e-19
1.014012617345973376e+04 3.802916344080229546e-19 1.827139126977115387e-19
1.014513210139278817e+04 2.198402623561826988e-19 1.946342766275138185e-19
1.015013802932584440e+04 2.604850729371282100e-19 2.104640692583787745e-19
1.015514395725890063e+04 -5.671048066908634524e-19 2.245824201547841984e-19
1.016014988519195686e+04 -8.452943766317345329e-20 2.213401485847598418e-19
1.016515581312501308e+04 -1.990779846605049105e-19 2.370206477899585762e-19
1.017016174105806749e+04 -1.834293402106265986e-19 2.609952115389452565e-19
1.017516766899112372e+04 7.377643552437597819e-19 2.765626114472608654e-19
1.018017359692417813e+04 4.920526533155575301e-19 2.485855031174174547e-19
1.018517952485723436e+04 3.420634137776456724e-19 2.471413131838283172e-19
1.019018545279029058e+04 1.930562773862409658e-19 2.540673205371154219e-19
1.019519138072334681e+04 6.458691988500556776e-20 2.579435325185068939e-19
1.020019730865640304e+04 4.919469559636194584e-19 2.516511205172842369e-19
1.020520323658945745e+04 3.647014697278232118e-19 2.594192598458236423e-19
1.021020916452251367e+04 1.739622223149375442e-19 2.863249109239909385e-19
1.021521509245556808e+04 -1.100353058173894193e-19 2.866625376690279473e-19
1.022022102038862431e+04 -5.023903391231846756e-19 2.971241338936141012e-19
1.022522694832168054e+04 2.435896838872302314e-19 3.131651301246829416e-19
1.023023287625473677e+04 4.459397882632542041e-19 3.198085915689121370e-19
1.023523880418779299e+04 1.231244563537410208e-19 2.747456111408515322e-19
1.024024473212084740e+04 2.146115387131147481e-19 2.466016522423849679e-19
1.024525066005390181e+04 -1.603232322413278380e-19 2.360193260960731636e-19
1.025025658798695804e+04 1.113241253630937971e-19 2.437301011567755123e-19
1.025526251592001427e+04 2.235338094672315330e-19 2.474497578727889893e-19
1.026026844385307049e+04 -5.204806175159194279e-20 2.621952961479095889e-19
1.026527437178612672e+04 -5.745023370167676529e-19 2.884094780544007357e-19
1.027028029971918295e+04 -8.369746788059059811e-19 2.959801539877041900e-19
1.027528622765223736e+04 -6.055599804712473870e-20 3.141573641703161287e-19
1.028029215558529177e+04 1.499342858960661531e-19 3.447421852393232530e-19
1.028529808351834799e+04 -2.218229190102025122e-20 3.729219016355685828e-19
1.029030401145140422e+04 8.116053355700304112e-19 3.920138122149880904e-19
1.029530993938446045e+04 7.722409491155362413e-19 3.983638461186405858e-19
