#  wl flam flam_err
4.803806996822357178e+03 2.469103492284981703e-19 2.408670944929727231e-19
4.808812924755412496e+03 2.457611006719590999e-19 2.318681753994229626e-19
4.813818852688468723e+03 2.446469589600461452e-19 2.324716263430800842e-19
4.818824780621524042e+03 2.435672040145399522e-19 2.304163016164738025e-19
4.823830708554580269e+03 2.425211242828995338e-19 2.254881624222485279e-19
4.828836636487635587e+03 2.415080166975916846e-19 2.211989416839432844e-19
4.833842564420691815e+03 2.405271866284994226e-19 2.146585978576667363e-19
4.838848492353747133e+03 2.395779478339399570e-19 2.124167315294642555e-19
4.843854420286802451e+03 2.386596224206465123e-19 2.128350635162244806e-19
4.848860348219858679e+03 2.377715407953555052e-19 2.101971872777568782e-19
4.853866276152913997e+03 2.369130416184362180e-19 2.059949624330745609e-19
4.858872204085970225e+03 2.360834717616977663e-19 1.849883193488039317e-19
4.863878132019025543e+03 2.352821862560185376e-19 1.703736952304513375e-19
4.868884059952080861e+03 2.345028868275738188e-19 1.686423912188040414e-19
4.873889987885137089e+03 2.337548003381242199e-19 1.693279752972255753e-19
4.878895915818192407e+03 2.330351103167386803e-19 1.675806774614711559e-19
4.883901843751248634e+03 2.323411862963822117e-19 1.622219540762657059e-19
4.888907771684303952e+03 2.316724237858364736e-19 1.549748953338685714e-19
4.893913699617360180e+03 2.310282261822578889e-19 1.510549372884308459e-19
4.898919627550415498e+03 2.304080047258467889e-19 1.516234387425027926e-19
4.903925555483470816e+03 2.298111784486611556e-19 1.486258606033998034e-19
4.908931483416527044e+03 2.292371741377461369e-19 1.420613766497379936e-19
4.913937411349582362e+03 2.286854262819956173e-19 1.337804372075857486e-19
4.918943339282638590e+03 2.281553770327671432e-19 1.284194940124233035e-19
4.923949267215693908e+03 2.276464761514080837e-19 1.289122359178380108e-19
4.928955195148750136e+03 2.271581809710463840e-19 1.289974893854871594e-19
4.933961123081805454e+03 2.266899563450694845e-19 1.282341308782581781e-19
4.938967051014860772e+03 2.262412746058301672e-19 1.269610224001605490e-19
4.943972978947916999e+03 2.258116155145537442e-19 1.230204068952145971e-19
4.948978906880972318e+03 2.254004662203174831e-19 1.231325001848683710e-19
4.953984834814028545e+03 2.250073212105130407e-19 1.241854480116771891e-19
4.958990762747083863e+03 2.246316822705091123e-19 1.233416050598541301e-19
4.963996690680139181e+03 2.242730584297451338e-19 1.243224675534744164e-19
4.969002618613195409e+03 2.239309659259118737e-19 1.239401849734677891e-19
4.974008546546250727e+03 2.236049281508734389e-19 1.214457517252589897e-19
4.979014474479306955e+03 2.232944756126323729e-19 1.181911348458089962e-19
4.984020402412362273e+03 2.210287439973436359e-19 1.181542893546078277e-19
4.989026330345418501e+03 -4.243065150996105836e-20 1.223523647791725413e-19
4.994032258278473819e+03 -8.154105748901283537e-20 1.227394524572061120e-19
4.999038186211529137e+03 1.019391180859174608e-19 1.170645310403619895e-19
5.004044114144585365e+03 5.340969211701932360e-20 1.108176514606283675e-19
5.009050042077640683e+03 2.039272766593431999e-19 1.076649383315315571e-19
5.014055970010696910e+03 1.513707592109281872e-19 1.046033459030604945e-19
5.019061897943752228e+03 1.729661852072377514e-19 1.022005328577705223e-19
5.024067825876807547e+03 1.477767917432087507e-19 9.894249275515796139e-20
5.029073753809863774e+03 1.102536245379890393e-19 9.507417163018080249e-20
5.034079681742919092e+03 2.484682874200305007e-19 9.312179958482838709e-20
5.039085609675975320e+03 8.459357883910251320e-20 9.183543681158529613e-20
5.044091537609030638e+03 3.861711452720906457e-20 9.153084388498883201e-20
5.049097465542086866e+03 7.528221670181980870e-20 9.119276163366917494e-20
5.054103393475142184e+03 1.115196160432746492e-19 9.012914884075109512e-20
5.059109321408197502e+03 1.038255824632284820e-19 8.845439199480340744e-20
5.064115249341253730e+03 1.686042912116463087e-19 8.788903510086706329e-20
5.069121177274309048e+03 -1.506818355504334759e-21 8.617368677893251370e-20
5.074127105207365275e+03 -5.042269057547145463e-20 8.598681288152597607e-20
5.079133033140420594e+03 -3.935789345129142025e-20 8.489160078653409573e-20
5.084138961073476821e+03 -2.643432693762450075e-20 8.523209792999172385e-20
5.089144889006532139e+03 2.506117396856872154e-20 8.454260521144936556e-20
5.094150816939587457e+03 1.532667309315596036e-19 8.509828799458618308e-20
5.099156744872643685e+03 2.572893826524600030e-19 8.562222345444345967e-20
5.104162672805699003e+03 8.005507697632571407e-20 8.702823956661605624e-20
5.109168600738755231e+03 5.160881365051692203e-20 8.856134331644294620e-20
5.114174528671810549e+03 8.578157281105837821e-20 8.851786388012497104e-20
5.119180456604865867e+03 2.419516919825375574e-19 8.836535271698252792e-20
5.124186384537922095e+03 7.382471254334857077e-21 8.623209949492962970e-20
5.129192312470977413e+03 1.488143474550810439e-19 8.672530516048984313e-20
5.134198240404033641e+03 2.040171265653208869e-20 2.445890738667477505e-19
5.139204168337088959e+03 2.680764823630144397e-19 8.452367701636128742e-20
5.144210096270145186e+03 5.075304951285511696e-20 8.133440331107477753e-20
5.149216024203200504e+03 1.642477263843327769e-19 7.834827540558656607e-20
5.154221952136255823e+03 1.464096580185963233e-19 7.538877019004350239e-20
5.159227880069312050e+03 6.518102815777285249e-20 7.431127461778600068e-20
5.164233808002367368e+03 1.971910475074591314e-19 7.190909189909265217e-20
5.169239735935423596e+03 1.604556554987080310e-19 6.808595718424081753e-20
5.174245663868478914e+03 1.565292264813593349e-19 6.665908821892887050e-20
5.179251591801534232e+03 2.193754609159059839e-19 6.577440315726201578e-20
5.184257519734590460e+03 9.166757372244224088e-20 6.531882045856960229e-20
5.189263447667645778e+03 1.435232611867939677e-19 6.641992532878220815e-20
5.194269375600702006e+03 1.440311793521958565e-19 6.924357600313090765e-20
5.199275303533757324e+03 8.403779519081677529e-20 7.159376659629727118e-20
5.204281231466813551e+03 1.915238998418993568e-19 7.091936063200350226e-20
5.209287159399868870e+03 1.340784914309690204e-19 6.808011348060141804e-20
5.214293087332924188e+03 1.445705549865502649e-19 6.809730169918548773e-20
5.219299015265980415e+03 1.109575092071060584e-19 6.896165496671394315e-20
5.224304943199035733e+03 1.648682507950865036e-19 6.945542857270871402e-20
5.229310871132091961e+03 -4.469421069468820855e-21 6.991324559710969961e-20
5.234316799065147279e+03 1.670141126538391121e-19 7.241442941982067186e-20
5.239322726998203507e+03 9.812386922918854830e-20 7.381442839045051222e-20
5.244328654931258825e+03 9.120404019136822136e-20 7.348377050470352013e-20
5.249334582864314143e+03 1.916744115423842845e-19 7.330910648228182005e-20
5.254340510797370371e+03 2.495370205843173802e-19 7.334608164954492122e-20
5.259346438730425689e+03 6.210560818854351795e-20 6.950970485768803367e-20
5.264352366663481916e+03 1.157953570143667658e-19 6.537649048983155888e-20
5.269358294596537235e+03 4.356766449722497200e-20 6.447110225689387207e-20
5.274364222529593462e+03 1.289136932520662988e-19 6.529806787928205052e-20
5.279370150462648780e+03 1.528709922406099637e-19 6.400596307114503680e-20
5.284376078395704099e+03 1.233161251659983342e-19 6.142097898329172842e-20
5.289382006328760326e+03 1.266574375452527050e-19 6.128008440721125277e-20
5.294387934261815644e+03 4.455418821878877330e-20 6.134897864213596621e-20
5.299393862194871872e+03 7.921623538260186542e-20 6.193153299367260823e-20
5.304399790127927190e+03 5.054209114072088018e-20 6.140244279560754212e-20
5.309405718060982508e+03 1.498586633946367616e-19 6.131556070428383894e-20
5.314411645994038736e+03 5.859749907070272686e-20 6.037652581178046174e-20
5.319417573927094054e+03 6.151885880250416426e-20 5.931534673781638705e-20
5.324423501860150282e+03 1.678621799458582532e-19 5.880979480941458999e-20
5.329429429793205600e+03 2.499804003591437809e-19 5.923146542856749463e-20
5.334435357726260918e+03 5.217910734302407648e-20 5.943289587517240385e-20
5.339441285659317145e+03 2.169045292357165560e-19 5.954038386510662652e-20
5.344447213592372464e+03 -1.942009412679686442e-20 5.954346371241800260e-20
5.349453141525428691e+03 1.929980880080484141e-20 6.068877421421686639e-20
5.354459069458484009e+03 1.910353176816420112e-19 6.075414077568706530e-20
5.359464997391540237e+03 2.059865943840347212e-19 6.085257409437333487e-20
5.364470925324595555e+03 7.084274345742939772e-20 6.096344194491019786e-20
5.369476853257650873e+03 1.414121378837485291e-19 6.187453325422545642e-20
5.374482781190707101e+03 1.780545356500033997e-19 6.347630650778907758e-20
5.379488709123762419e+03 1.961231472364076448e-19 6.385723933767250459e-20
5.384494637056818647e+03 2.476290837990250796e-19 6.237894167687744685e-20
5.389500564989873965e+03 2.150184214105659399e-19 6.018055932823080494e-20
5.394506492922930192e+03 4.241524453787043306e-20 5.730436248844100541e-20
5.399512420855985511e+03 1.375905846128566305e-19 5.540669456164854094e-20
5.404518348789040829e+03 2.110551018666803662e-19 5.454700100901134654e-20
5.409524276722097056e+03 1.451414632868658124e-19 5.452656908968453559e-20
5.414530204655152374e+03 4.922261390289890565e-20 5.417182149271558597e-20
5.419536132588208602e+03 5.381546514403776096e-20 5.390957549082998248e-20
5.424542060521263920e+03 1.579572917530817536e-19 5.347757397510797637e-20
5.429547988454320148e+03 1.221189964882892895e-19 5.261981451259213387e-20
5.434553916387375466e+03 1.068414399484679962e-19 5.226811025673278166e-20
5.439559844320430784e+03 1.459664024158888452e-19 5.245900467432376532e-20
5.444565772253487012e+03 6.459112187278474766e-20 5.236314094846849168e-20
5.449571700186542330e+03 7.028136192929248940e-20 5.247995439262425916e-20
5.454577628119598558e+03 8.016849058211456586e-20 5.288646756184200601e-20
5.459583556052653876e+03 1.405019482365978777e-19 5.373614823667961966e-20
5.464589483985709194e+03 1.107300348619420207e-19 5.350419778352647914e-20
5.469595411918765421e+03 1.851513773303701635e-19 5.210444633895831920e-20
5.474601339851820740e+03 1.063070502076520626e-19 5.155150742727613674e-20
5.479607267784876967e+03 1.465410543911623110e-19 5.245211015378299053e-20
5.484613195717932285e+03 2.423011468838750479e-19 5.352579564001513329e-20
5.489619123650987603e+03 1.136013899228509236e-19 5.435161566107169008e-20
5.494625051584043831e+03 1.249312140486766223e-19 5.558166860838168404e-20
5.499630979517099149e+03 1.232394003561918048e-19 5.709867283345039191e-20
5.504636907450155377e+03 -1.079786923269057168e-20 5.721767024302405730e-20
5.509642835383210695e+03 4.973218573177988026e-20 5.663246120551719668e-20
5.514648763316266923e+03 8.980408800063148375e-20 5.543877681658377659e-20
5.519654691249322241e+03 9.034072918711611674e-20 5.437284448810507283e-20
5.524660619182377559e+03 1.398850527398911740e-19 5.333755544998383073e-20
5.529666547115433787e+03 1.325425268913454707e-19 5.227013381688218076e-20
5.534672475048489105e+03 5.384985023760410177e-20 5.187358380621954978e-20
5.539678402981545332e+03 2.320003507237898960e-19 5.323022365186067010e-20
5.544684330914600650e+03 1.442019138669238251e-19 5.291048056872260801e-20
5.549690258847656878e+03 7.403477391138299251e-20 5.101775306461538362e-20
5.554696186780712196e+03 1.209689858395326641e-19 4.893456798076448041e-20
5.559702114713767514e+03 3.552756756901970628e-20 4.966017323674786866e-20
5.564708042646823742e+03 6.641981924548472785e-20 5.111054327500007500e-20
5.569713970579879060e+03 1.746215870958571502e-19 1.041722199752155198e-19
5.574719898512935288e+03 1.609908257726010845e-19 2.062659082133450060e-19
5.579725826445990606e+03 2.367106519325120805e-19 2.055921063742336516e-19
5.584731754379046833e+03 1.882861284087761612e-19 1.133200779644156021e-19
5.589737682312102152e+03 1.240441018954938693e-19 4.938285628561963913e-20
5.594743610245157470e+03 1.022245883060552979e-19 4.827269947796333010e-20
5.599749538178213697e+03 1.840811580640007940e-20 4.854548032495911579e-20
5.604755466111269016e+03 1.281080803719011156e-19 5.018259342163335484e-20
5.609761394044325243e+03 1.049019905173799492e-19 5.030297645500022991e-20
5.614767321977380561e+03 -7.181664602296464167e-21 4.907129213218713461e-20
5.619773249910436789e+03 1.269375549906272883e-19 5.128445823461558278e-20
5.624779177843492107e+03 2.011674553002572348e-19 5.227398923811044478e-20
5.629785105776547425e+03 9.204406682396490975e-20 5.181992655516888742e-20
5.634791033709603653e+03 4.660132994069689033e-20 5.141034063138618714e-20
5.639796961642658971e+03 1.338738828669235968e-20 5.086135605255532879e-20
5.644802889575714289e+03 5.545451878608482361e-20 5.006299505756445683e-20
5.649808817508770517e+03 6.708823469214499331e-20 4.903190573431366747e-20
5.654814745441825835e+03 7.816247208477935420e-20 4.696791269084873872e-20
5.659820673374882062e+03 3.832938905200914771e-20 4.597060851644795195e-20
5.664826601307937381e+03 1.216988961194882423e-19 4.614929377279638080e-20
5.669832529240993608e+03 2.036086060301527830e-20 4.585738307970802265e-20
5.674838457174048926e+03 7.747156092861784643e-20 4.513587019039458242e-20
5.679844385107104245e+03 6.933903377660507051e-20 4.431026448860761624e-20
5.684850313040160472e+03 7.045679922862942405e-20 4.411078568596620036e-20
5.689856240973215790e+03 7.311809474697879414e-20 4.434531437554562403e-20
5.694862168906272018e+03 9.714235956427084734e-20 4.496347312223481138e-20
5.699868096839327336e+03 1.553763624121584611e-19 4.518151769687622145e-20
5.704874024772383564e+03 2.751820463302997436e-19 4.515658107667289895e-20
5.709879952705438882e+03 8.589106073692656878e-19 4.648318720982705795e-20
5.714885880638494200e+03 9.942180422411406205e-19 4.696115735903690637e-20
5.719891808571550428e+03 4.355211711020038032e-19 4.634034232369030548e-20
5.724897736504605746e+03 2.428944477985832524e-19 4.600150449129750156e-20
5.729903664437661973e+03 1.476554095597450348e-19 4.582723827898793033e-20
5.734909592370717291e+03 2.287157202398219974e-19 4.591334838108006300e-20
5.739915520303773519e+03 9.246974066078177716e-20 4.627563838466518372e-20
5.744921448236828837e+03 1.003520631938262666e-19 4.688495091699668410e-20
5.749927376169884155e+03 2.173627766024147230e-19 4.786455439089915309e-20
5.754933304102940383e+03 1.687162108094637535e-19 4.861939135621433853e-20
5.759939232035995701e+03 1.146513741596158758e-19 4.937786354323410645e-20
5.764945159969051929e+03 1.072871686035977525e-19 4.937634287788248150e-20
5.769951087902107247e+03 1.377098988251222098e-19 4.835377293593977616e-20
5.774957015835163475e+03 5.875063741926133007e-21 4.645574481437645354e-20
5.779962943768218793e+03 7.644905055313084250e-20 4.466849794225222810e-20
5.784968871701274111e+03 2.364731109740537579e-19 4.417282799408960549e-20
5.789974799634330338e+03 8.384591844538325100e-20 4.378875673045948283e-20
5.794980727567385657e+03 1.314437933225953281e-19 4.334174739027267517e-20
5.799986655500441884e+03 1.618206735170769021e-19 4.308801533631847171e-20
5.804992583433497202e+03 1.722373293296064791e-19 4.273508563901342821e-20
5.809998511366552520e+03 6.584403841533850415e-20 4.245922209783873430e-20
5.815004439299608748e+03 2.363621040921129025e-19 4.227342724314868192e-20
5.820010367232664066e+03 2.142481761420651916e-19 4.207702946856558170e-20
5.825016295165720294e+03 1.124049920329928784e-19 4.152827549021888709e-20
5.830022223098775612e+03 1.582848683792577859e-19 4.141397847811995784e-20
5.835028151031830930e+03 2.269525293885244219e-19 4.171746158961529713e-20
5.840034078964887158e+03 2.549344535050139483e-19 4.188906221904489016e-20
5.845040006897942476e+03 2.033005943340973890e-19 4.170026345500977604e-20
5.850045934830998704e+03 2.020416058782342818e-19 4.208984354102291512e-20
5.855051862764054022e+03 2.523247047697523570e-19 4.247010811574295350e-20
5.860057790697110249e+03 1.337366894916299484e-19 4.549419681304655248e-20
5.865063718630165567e+03 1.264146822945965574e-19 5.119281829581061174e-20
5.870069646563220886e+03 1.938558867695171688e-19 5.247507589012804083e-20
5.875075574496277113e+03 2.145110464045418444e-19 4.859104249287138996e-20
5.880081502429332431e+03 9.462632308888408043e-20 4.946418578781254109e-20
5.885087430362388659e+03 2.164101259057099900e-19 8.541278057539711747e-20
5.890093358295443977e+03 1.926526810332726258e-19 1.053541075305790808e-19
5.895099286228500205e+03 1.742469756181456764e-19 9.643125917723289452e-20
5.900105214161555523e+03 3.483099072032161414e-19 6.845599235822007270e-20
5.905111142094610841e+03 1.648535635337858960e-19 4.871798530031681438e-20
5.910117070027667069e+03 7.359715271101755770e-20 4.954961594261862048e-20
5.915122997960722387e+03 3.376238065388472917e-20 4.916569546169780846e-20
5.920128925893778614e+03 2.372180808877131263e-19 4.840011148023716447e-20
5.925134853826833933e+03 1.968728571707883187e-19 4.586648818796578038e-20
5.930140781759890160e+03 2.273230163766192392e-19 4.805479414755378614e-20
5.935146709692945478e+03 2.653545252896516531e-19 4.593055077907284494e-20
5.940152637626000796e+03 1.383463549269753005e-19 4.270978553465474025e-20
5.945158565559057024e+03 1.268498058995764123e-19 4.282828351811171751e-20
5.950164493492112342e+03 1.439058787325475729e-19 4.587282704356786431e-20
5.955170421425167660e+03 1.953016460417895291e-19 4.496933126172453966e-20
5.960176349358223888e+03 2.135149849376836539e-19 4.232938477086871316e-20
5.965182277291280116e+03 1.608783656867630516e-19 4.160622315685628261e-20
5.970188205224335434e+03 1.513138957571441590e-19 4.341417642019590162e-20
5.975194133157390752e+03 2.893410277043900047e-19 4.480640707258739603e-20
5.980200061090446980e+03 1.854602186023229060e-19 4.361453012277603664e-20
5.985205989023502298e+03 1.243606600947828758e-19 4.130508325801495666e-20
5.990211916956557616e+03 1.307267194167926345e-19 4.098697663788586055e-20
5.995217844889613843e+03 9.552743805617670095e-20 4.160335184203326742e-20
6.000223772822669162e+03 2.086440789573424525e-19 4.351846802224307929e-20
6.005229700755725389e+03 2.187130387896553264e-19 4.352687397648586668e-20
6.010235628688780707e+03 2.369157953696668506e-19 4.269476649038082898e-20
6.015241556621836935e+03 1.357733534580983571e-19 4.215730008722251295e-20
6.020247484554892253e+03 1.587186515009189850e-19 4.203953143566915658e-20
6.025253412487947571e+03 1.722308207187201523e-19 4.153465046653869908e-20
6.030259340421003799e+03 1.015726147395550351e-19 4.139362418797075015e-20
6.035265268354059117e+03 1.618053182907842844e-19 4.031428455488111665e-20
6.040271196287115345e+03 2.266926231268237845e-19 3.872431230760641977e-20
6.045277124220170663e+03 1.530471762352026073e-19 3.720024132534313958e-20
6.050283052153226890e+03 2.198577649053017594e-19 3.664756762640512884e-20
6.055288980086282209e+03 1.599823527598747692e-19 3.605034350100376359e-20
6.060294908019337527e+03 2.153945539996279507e-19 3.605898687213117930e-20
6.065300835952393754e+03 1.570016150228105272e-19 3.627597765488895028e-20
6.070306763885449072e+03 1.749514132909917495e-19 3.564039763365323206e-20
6.075312691818505300e+03 1.221825892051210510e-19 3.502773709132223112e-20
6.080318619751560618e+03 1.774143204132171500e-19 3.482501917731628401e-20
6.085324547684616846e+03 1.594608326646011735e-19 3.446223674383856726e-20
6.090330475617672164e+03 1.359728605150239674e-19 3.457615408776777368e-20
6.095336403550727482e+03 1.765318372552140048e-19 3.483438671931596877e-20
6.100342331483783710e+03 1.701117716729378110e-19 3.516283308884096003e-20
6.105348259416839028e+03 1.255837780376130607e-19 3.529578939104361450e-20
6.110354187349894346e+03 3.156287716164869122e-20 3.521708916659767741e-20
6.115360115282950574e+03 9.201512960280429260e-20 3.525886452185393039e-20
6.120366043216006801e+03 7.387233369079649027e-20 3.501517226764456424e-20
6.125371971149062119e+03 1.881290906077876238e-19 3.537650692589512169e-20
6.130377899082117438e+03 2.695130582891451504e-19 3.644584597591097605e-20
6.135383827015173665e+03 2.390522341540061191e-19 3.869187142746694254e-20
6.140389754948228983e+03 1.527857393356374262e-19 4.119718638777926919e-20
6.145395682881284301e+03 2.784012594481913604e-19 4.061258459775493497e-20
6.150401610814340529e+03 1.188819698824054385e-19 3.838014855620655822e-20
6.155407538747396757e+03 2.024718008283331692e-19 3.659359374905759747e-20
6.160413466680452075e+03 2.542729059640339279e-19 3.544576811886928546e-20
6.165419394613507393e+03 1.915702548317618380e-19 3.665461881194254555e-20
6.170425322546563621e+03 1.160507422539529002e-19 3.721485095228919007e-20
6.175431250479618939e+03 1.737170234673936542e-19 3.591073870473298539e-20
6.180437178412674257e+03 1.227950782049408296e-19 3.349575497544166172e-20
6.185443106345730484e+03 1.579787141766935052e-19 3.289979396391710626e-20
6.190449034278785803e+03 2.531434145129455747e-19 3.302468585469660069e-20
6.195454962211842030e+03 1.258952556530176657e-19 3.328480406337474781e-20
6.200460890144897348e+03 1.228793635362847779e-19 3.422196271982905255e-20
6.205466818077953576e+03 1.928958048637475928e-19 3.428774374753255004e-20
6.210472746011008894e+03 1.219628972446652525e-19 3.312656025061603148e-20
6.215478673944064212e+03 1.752964915266698226e-19 3.422532619568574029e-20
6.220484601877120440e+03 1.579253403692087042e-19 3.491194453986478714e-20
6.225490529810175758e+03 2.019360742061946130e-19 3.524490210971319551e-20
6.230496457743231986e+03 9.705439483979024754e-20 4.099583739556225379e-20
6.235502385676287304e+03 1.477432888157197227e-19 4.618067495847570319e-20
6.240508313609343531e+03 1.943630928350612562e-19 4.520070213546714492e-20
6.245514241542398850e+03 2.123796832457139390e-19 3.848655879762144876e-20
6.250520169475454168e+03 2.006968522796503026e-19 3.812124317815183477e-20
6.255526097408510395e+03 9.907997591530322397e-20 4.425602600140018772e-20
6.260532025341565713e+03 -4.877082250120812215e-21 4.717801925082763235e-20
6.265537953274621032e+03 1.180576796191971005e-19 4.240614608906816383e-20
6.270543881207677259e+03 1.598121408197585863e-19 4.087316752802091415e-20
6.275549809140733487e+03 1.790974361331498225e-19 3.913882693749414260e-20
6.280555737073788805e+03 2.673529132784533918e-19 4.118670982436773137e-20
6.285561665006844123e+03 2.026610694546737934e-19 4.372070747285672292e-20
6.290567592939900351e+03 2.093904624195333220e-19 4.615203534803955351e-20
6.295573520872955669e+03 1.946213434358694276e-19 7.137903368700959647e-20
6.300579448806010987e+03 1.369724483791794162e-19 7.740832332156736011e-20
6.305585376739067215e+03 2.025961608502892249e-19 6.462989857720889090e-20
6.310591304672123442e+03 1.956488440584181142e-19 4.070622565117076500e-20
6.315597232605178760e+03 2.034520104980267615e-19 3.450709489583129754e-20
6.320603160538234079e+03 2.058363576650416843e-19 3.527977169822047511e-20
6.325609088471290306e+03 2.388841799823212536e-19 3.974789590535891594e-20
6.330615016404345624e+03 1.993144239410013216e-19 3.822517576399799253e-20
6.335620944337400942e+03 1.305835918751289812e-19 3.419444784811644831e-20
6.340626872270457170e+03 1.873668744777144768e-19 3.177671124938209487e-20
6.345632800203512488e+03 2.059922420660875921e-19 3.349863635187461170e-20
6.350638728136568716e+03 2.059464101936375976e-19 3.669038061539467492e-20
6.355644656069624034e+03 2.347089920553792990e-19 4.042261683213635778e-20
6.360650584002680262e+03 2.022461196231200611e-19 5.069098077864901768e-20
6.365656511935735580e+03 1.775259730605088180e-19 4.859345074269432400e-20
6.370662439868790898e+03 1.898764426566445813e-19 3.795356480648291232e-20
6.375668367801847126e+03 2.137248844504104578e-19 3.449260533062577769e-20
6.380674295734902444e+03 2.315025309652075849e-19 3.675369941478417173e-20
6.385680223667958671e+03 1.284461267996431720e-19 3.723262361274363224e-20
6.390686151601013989e+03 1.668922581052343376e-19 3.628336267008795637e-20
6.395692079534070217e+03 2.086181004914166208e-19 3.407242182208104884e-20
6.400698007467125535e+03 1.908600037153303874e-19 3.375494821235996415e-20
6.405703935400180853e+03 2.015502072004561378e-19 3.328552580550452103e-20
6.410709863333237081e+03 1.674003371122205489e-19 3.278604557792930957e-20
6.415715791266292399e+03 1.615825194490824034e-19 3.340952937575251873e-20
6.420721719199348627e+03 1.807378780987841854e-19 3.233035224695312059e-20
6.425727647132403945e+03 1.547333216342923742e-19 3.107397114231486135e-20
6.430733575065460172e+03 1.485068044303590852e-19 2.990308790271905134e-20
6.435739502998515491e+03 8.469026882669740921e-20 2.963745657320210887e-20
6.440745430931570809e+03 9.228792836123837743e-20 2.945032258357213906e-20
6.445751358864627036e+03 1.451542080095767936e-19 3.004899127919918191e-20
6.450757286797682355e+03 1.285705401275810583e-19 3.040615202087413803e-20
6.455763214730737673e+03 9.829753151758446018e-20 3.148350902631655003e-20
6.460769142663793900e+03 2.006204865631340210e-19 3.592425699175376190e-20
6.465775070596850128e+03 1.901524054741361949e-19 3.940973942684932240e-20
6.470780998529905446e+03 1.805054890937766327e-19 3.784828814598243086e-20
6.475786926462960764e+03 1.603783975624938791e-19 3.384013003281506781e-20
6.480792854396016992e+03 2.141426044723638601e-19 3.034737216839789015e-20
6.485798782329072310e+03 1.433800282666209027e-19 2.885650640203706369e-20
6.490804710262127628e+03 1.251348321009630406e-19 3.125346656613082394e-20
6.495810638195183856e+03 1.923525628450717638e-19 3.920120115216835693e-20
6.500816566128239174e+03 2.506581828649934307e-19 4.187443786627323407e-20
6.505822494061295401e+03 1.898982515803266151e-19 3.613824023750926313e-20
6.510828421994350720e+03 9.345142576080167238e-20 3.277756304073344956e-20
6.515834349927406947e+03 1.674016970985994850e-19 3.300506805770318597e-20
6.520840277860462265e+03 1.556377729647916433e-19 3.463877222596426421e-20
6.525846205793517584e+03 1.921069519973274021e-19 3.855425144242417801e-20
6.530852133726573811e+03 1.162672350619711178e-19 4.163170077369372983e-20
6.535858061659629129e+03 1.746250067663102058e-19 4.089200869587589246e-20
6.540863989592685357e+03 4.523357396667130668e-20 3.641352127453878457e-20
6.545869917525740675e+03 1.147403683402693904e-19 3.781810258467988029e-20
6.550875845458796903e+03 2.851223462934271413e-19 4.069910241004380028e-20
6.555881773391852221e+03 2.353608184522088205e-19 4.059632209330730986e-20
6.560887701324907539e+03 1.565812408521722616e-19 3.655154426022449876e-20
6.565893629257963767e+03 1.362655509162753544e-19 3.599204526777022656e-20
6.570899557191019085e+03 8.096693776840927682e-20 3.530669123748868502e-20
6.575905485124075312e+03 1.444061083765956836e-19 3.592938375415033024e-20
6.580911413057130630e+03 1.302367797690909966e-19 3.384684537377874427e-20
6.585917340990186858e+03 1.643703375242079528e-19 2.849603659255731562e-20
6.590923268923242176e+03 1.654125752175831025e-19 2.848202623313739455e-20
6.595929196856297494e+03 2.188473688487636122e-19 2.967570744339949159e-20
6.600935124789353722e+03 1.799497696625649368e-19 3.180628757482514204e-20
6.605941052722409040e+03 1.414439080454148390e-19 3.086580300230726129e-20
6.610946980655464358e+03 1.315569657043917326e-19 2.812198556458835277e-20
6.615952908588520586e+03 1.973481579398976128e-19 2.731830295711339904e-20
6.620958836521576814e+03 1.219169081645911344e-19 2.810923740972879930e-20
6.625964764454632132e+03 1.335457280740653061e-19 2.930931930450559165e-20
6.630970692387687450e+03 1.410200005217206723e-19 3.114571220076356887e-20
6.635976620320743677e+03 1.979934625594653598e-19 3.108289552103236731e-20
6.640982548253798996e+03 1.318976392406099402e-19 3.009019754311210571e-20
6.645988476186854314e+03 1.560528101035009756e-19 2.993670799504696462e-20
6.650994404119910541e+03 1.490409988844698161e-19 3.073115785516755266e-20
6.656000332052965859e+03 1.570931659284962506e-19 3.142260094589388313e-20
6.661006259986022087e+03 1.428130352410915193e-19 3.158484027838086988e-20
6.666012187919077405e+03 1.643326312371984411e-19 3.117509318642232066e-20
6.671018115852133633e+03 1.382128805542202895e-19 2.998397594693748633e-20
6.676024043785188951e+03 1.155659639756255784e-19 2.860058707116330426e-20
6.681029971718244269e+03 9.920693127948885318e-20 2.817165868785736636e-20
6.686035899651300497e+03 1.350724769193576523e-19 2.760840404856934226e-20
6.691041827584355815e+03 1.195618899269272092e-19 2.707963103181473978e-20
6.696047755517412043e+03 1.222614201687303815e-19 2.713412215838823107e-20
6.701053683450467361e+03 1.600728186515036134e-19 2.719790515188941122e-20
6.706059611383523588e+03 1.408888511010180285e-19 2.659802641929487114e-20
6.711065539316578906e+03 1.178546734850964225e-19 2.629663179779122565e-20
6.716071467249634225e+03 1.590589975134904408e-19 2.627558650609582375e-20
6.721077395182690452e+03 1.647167712429973789e-19 2.595103896345221468e-20
6.726083323115745770e+03 1.622292813233884245e-19 2.590741465045210924e-20
6.731089251048801998e+03 1.577883758234932746e-19 2.610944706124297703e-20
6.736095178981857316e+03 1.474889055371512492e-19 2.639712573110851537e-20
6.741101106914913544e+03 1.721477491979369899e-19 2.704431329572198878e-20
6.746107034847968862e+03 1.314684292967934061e-19 2.713739918332055340e-20
6.751112962781024180e+03 1.172863401362318208e-19 2.705999292917743433e-20
6.756118890714080408e+03 1.228722799083826738e-19 2.721520566205353288e-20
6.761124818647135726e+03 1.293812873525967394e-19 2.769020363526964661e-20
6.766130746580191044e+03 1.185173685512183666e-19 2.803964980822458362e-20
6.771136674513247272e+03 1.450729070015760694e-19 2.861142675680602182e-20
6.776142602446303499e+03 1.310433586059613526e-19 2.918886242252961771e-20
6.781148530379358817e+03 1.422128018117217961e-19 3.002270613075014374e-20
6.786154458312414135e+03 1.810340400000696077e-19 3.005923727271929714e-20
6.791160386245470363e+03 1.279496035445072230e-19 2.911300494709813895e-20
6.796166314178525681e+03 6.846620800966692443e-20 2.815764866623241306e-20
6.801172242111580999e+03 1.843282723600076368e-19 2.783776701745126787e-20
6.806178170044637227e+03 1.154475738110239176e-19 2.724880866955043146e-20
6.811184097977693455e+03 1.335744273937120018e-19 2.666095594838243870e-20
6.816190025910748773e+03 1.624674118519036560e-19 2.641416944004433125e-20
6.821195953843804091e+03 2.186724847628057004e-19 3.202076390439847315e-20
6.826201881776860318e+03 1.887864330671837619e-19 4.359912360661975663e-20
6.831207809709915637e+03 1.213895295953600311e-19 4.839801016948298745e-20
6.836213737642970955e+03 1.002495702952542954e-19 4.153985294005204131e-20
6.841219665576027182e+03 1.289165929157579080e-19 3.182019033547629391e-20
6.846225593509082501e+03 1.898367906041388677e-19 2.813339169225299856e-20
6.851231521442138728e+03 1.045575638557289372e-19 2.585822668419770337e-20
6.856237449375194046e+03 1.242924662116038012e-19 3.344871188118311570e-20
6.861243377308250274e+03 1.970117324843015664e-19 5.927120594252278718e-20
6.866249305241305592e+03 2.422078008779159880e-19 7.023423697483859312e-20
6.871255233174360910e+03 1.738717422157715040e-19 4.566783225396175438e-20
6.876261161107417138e+03 1.204735830194491355e-19 3.786782946135525801e-20
6.881267089040473365e+03 7.073271026150641748e-20 4.032557849547802020e-20
6.886273016973527774e+03 2.206477471797300575e-19 4.402758313269528389e-20
6.891278944906584002e+03 9.609068770931361401e-20 4.296602228092720776e-20
6.896284872839640229e+03 1.249418368541957898e-19 4.403193728878154835e-20
6.901290800772695547e+03 1.701836235776627896e-19 4.206344886076559900e-20
6.906296728705750866e+03 2.141373565544848804e-19 4.254808538073135935e-20
6.911302656638807093e+03 1.337078431664755899e-19 4.353291645998957077e-20
6.916308584571862411e+03 1.994119045829996492e-19 4.899699166743405484e-20
6.921314512504917730e+03 9.252333223127061202e-20 4.747989245860640090e-20
6.926320440437973957e+03 1.134777566425173731e-19 4.251199482437560042e-20
6.931326368371030185e+03 9.740028705190670369e-20 3.167485254883029263e-20
6.936332296304085503e+03 1.268061913692535249e-19 3.452313622021045863e-20
6.941338224237140821e+03 1.391881097676939879e-19 3.832291463339209615e-20
6.946344152170197049e+03 1.613125419586333956e-19 4.225150044183116580e-20
6.951350080103252367e+03 1.776225163210293322e-19 4.026812850033666855e-20
6.956356008036307685e+03 1.017170255129905868e-19 2.940652661899441148e-20
6.961361935969363913e+03 1.268795310068862296e-19 2.745963167781365546e-20
6.966367863902420140e+03 1.697096525475783889e-19 3.033784546121767135e-20
6.971373791835475458e+03 1.653742948026945965e-19 3.364325395154185265e-20
6.976379719768530776e+03 1.051651397277861429e-19 3.540977726689187265e-20
6.981385647701587004e+03 1.232992753826834964e-19 3.379757681847328944e-20
6.986391575634642322e+03 1.266835361513105670e-19 2.696517836364623323e-20
6.991397503567697640e+03 1.769544570902031460e-19 2.579813658487678564e-20
6.996403431500753868e+03 1.488841488887608723e-19 2.673772540651446250e-20
7.001409359433810096e+03 1.440586545791829997e-19 2.844369916081134677e-20
7.006415287366865414e+03 1.021328158236737195e-19 3.157797983813121119e-20
7.011421215299920732e+03 1.349434334036864979e-19 3.070736611696795697e-20
7.016427143232976960e+03 1.623948355577949951e-19 2.867225627002931949e-20
7.021433071166032278e+03 1.461997531525732552e-19 2.624936533253501669e-20
7.026438999099087596e+03 1.316008178312615792e-19 2.745336334140385551e-20
7.031444927032143823e+03 1.356568753882012162e-19 2.832736446944572965e-20
7.036450854965200051e+03 1.274709285508114722e-19 2.993067815462533621e-20
7.041456782898254460e+03 1.903820702080460254e-19 3.272559394369659049e-20
7.046462710831310687e+03 1.883103246448610384e-19 3.474476261098250216e-20
7.051468638764366915e+03 1.457556732558074618e-19 3.330319950881448452e-20
7.056474566697422233e+03 1.553460157335717252e-19 2.947698808025450605e-20
7.061480494630477551e+03 1.718094482814428453e-19 2.911035048176769091e-20
7.066486422563533779e+03 1.377273967732786520e-19 2.950129824294811571e-20
7.071492350496589097e+03 1.445205913532867278e-19 2.913238897540349613e-20
7.076498278429644415e+03 1.875164171537289325e-19 2.894842474110808803e-20
7.081504206362700643e+03 1.982442336739497834e-19 2.905809425005464814e-20
7.086510134295756870e+03 1.638965338438600799e-19 2.925510497554058793e-20
7.091516062228812189e+03 8.093558993008267689e-20 2.782534991081032806e-20
7.096521990161867507e+03 1.082215498894734396e-19 2.601024324305786474e-20
7.101527918094923734e+03 1.185019827112802216e-19 2.557222376060991077e-20
7.106533846027979052e+03 1.748901110982196728e-19 2.570281634683047393e-20
7.111539773961034371e+03 1.439780760734197166e-19 2.569597302568201996e-20
7.116545701894090598e+03 1.356286467309449004e-19 2.554735363683782226e-20
7.121551629827146826e+03 1.931341847723800978e-19 2.623839463131210051e-20
7.126557557760202144e+03 1.855824992956348851e-19 2.745090977457641132e-20
7.131563485693257462e+03 1.510864713200228306e-19 2.786334056021165107e-20
7.136569413626313690e+03 1.500735630756093053e-19 2.834975066943212756e-20
7.141575341559369008e+03 1.714848602728668194e-19 3.021214484366320013e-20
7.146581269492424326e+03 1.150283842904311351e-19 3.129308047218291428e-20
7.151587197425480554e+03 1.677266087182128379e-19 2.973538980508392660e-20
7.156593125358536781e+03 1.030454979685193412e-19 2.946827203284729911e-20
7.161599053291592099e+03 5.338960506092723659e-20 3.072778110911369187e-20
7.166604981224647418e+03 1.365111575486617355e-19 3.094195437181808142e-20
7.171610909157703645e+03 1.582592746447885092e-19 3.058742076277659495e-20
7.176616837090758963e+03 1.214479625593701271e-19 2.989484142592560462e-20
7.181622765023814281e+03 1.236637589275014455e-19 2.812964524920540132e-20
7.186628692956870509e+03 1.395714192341948573e-19 2.635835261967328836e-20
7.191634620889926737e+03 2.100585025930060005e-19 2.540962817962411296e-20
7.196640548822981145e+03 1.328984401196694333e-19 2.507694607627270669e-20
7.201646476756037373e+03 1.175903032895158971e-19 2.482946149523065496e-20
7.206652404689093601e+03 1.027695852614699176e-19 2.426688145875575812e-20
7.211658332622148919e+03 1.341489584798580300e-19 2.405219783127440687e-20
7.216664260555204237e+03 1.981953127961972973e-19 2.462189751901290780e-20
7.221670188488260465e+03 1.213107845699177887e-19 2.535534411744838698e-20
7.226676116421315783e+03 1.687985137231409990e-19 2.611740170934621704e-20
7.231682044354371101e+03 9.821476855657703869e-20 3.430183248367045957e-20
7.236687972287427328e+03 1.487259974410140857e-19 5.520977636343557916e-20
7.241693900220483556e+03 1.240224985945470072e-19 6.691699064201279622e-20
7.246699828153538874e+03 4.550638815866377056e-20 5.846858549657395621e-20
7.251705756086594192e+03 6.943494880895705973e-20 4.192469744305912208e-20
7.256711684019650420e+03 4.993703355686931474e-20 3.392715480116724270e-20
7.261717611952705738e+03 1.206578024187467641e-19 2.937512345074071912e-20
7.266723539885761056e+03 2.243121277211229564e-19 3.359458703295756225e-20
7.271729467818817284e+03 2.413940418386492506e-19 6.020106797444468372e-20
7.276735395751873511e+03 5.626074711417416285e-20 6.766100379088376043e-20
7.281741323684928830e+03 2.458520853263578968e-19 6.152193938779622923e-20
7.286747251617984148e+03 1.690104332285156635e-19 4.766709194966995178e-20
7.291753179551040375e+03 1.336336350737234109e-19 3.935272348552921856e-20
7.296759107484095694e+03 1.859599609157744251e-19 4.091207096464180782e-20
7.301765035417151012e+03 2.241967551037335896e-19 4.247555018102660594e-20
7.306770963350207239e+03 1.552947591397451831e-19 4.284560738210496889e-20
7.311776891283263467e+03 2.485115296033537511e-19 5.678036015994088211e-20
7.316782819216318785e+03 1.240736068480080068e-19 5.663429827254176086e-20
7.321788747149374103e+03 1.867193465293358685e-19 4.685991563372539142e-20
7.326794675082430331e+03 1.333792919274240328e-19 4.182268257127730492e-20
7.331800603015485649e+03 1.437545807411054383e-19 4.518670419741600961e-20
7.336806530948540967e+03 1.264414309765516501e-19 5.798788529760052518e-20
7.341812458881597195e+03 2.218412610942759033e-19 5.844314711790125227e-20
7.346818386814653422e+03 1.393179928673567306e-19 4.220564744947321802e-20
7.351824314747707831e+03 6.194036281936866824e-20 3.535728016251174245e-20
7.356830242680764059e+03 5.745252750996818361e-20 4.042737350177979124e-20
7.361836170613820286e+03 1.824560743632513481e-19 4.714434586505569243e-20
7.366842098546875604e+03 1.283313564385373341e-19 5.337996469717420480e-20
7.371848026479930923e+03 1.684064402924749354e-19 5.187888951578384726e-20
7.376853954412987150e+03 5.610354383453431096e-20 3.295525601722444046e-20
7.381859882346043378e+03 7.779940761433816932e-20 2.750951746697533487e-20
7.386865810279097786e+03 9.555620893292719347e-20 3.538488532516744793e-20
7.391871738212154014e+03 9.029261621949949702e-20 3.878385857033478880e-20
7.396877666145210242e+03 1.952691017754181370e-19 4.870344790661695526e-20
7.401883594078265560e+03 1.658805754711666295e-19 4.763984681168423334e-20
7.406889522011320878e+03 1.785431299612126446e-19 4.122604062162560934e-20
7.411895449944377106e+03 1.181307925985568261e-19 2.972634581488119751e-20
7.416901377877432424e+03 8.689051451650702252e-20 2.987844948735997901e-20
7.421907305810487742e+03 1.626182938611926180e-19 3.151185912863015316e-20
7.426913233743543969e+03 1.127279433151529915e-19 3.562548373958232224e-20
7.431919161676600197e+03 1.178573445348954778e-19 4.091609203542095869e-20
7.436925089609655515e+03 9.291549939250505606e-20 4.076831672561880183e-20
7.441931017542710833e+03 1.337171714671564600e-19 3.722464759415148433e-20
7.446936945475767061e+03 1.553178126038605375e-19 2.705168520535249402e-20
7.451942873408822379e+03 1.728059777533982898e-19 2.631663667855277315e-20
7.456948801341877697e+03 1.114884488520430860e-19 2.855109946354925879e-20
7.461954729274933925e+03 1.041408466619311764e-19 3.273911239812906815e-20
7.466960657207990153e+03 6.876402467381243618e-20 3.823820148351074467e-20
7.471966585141045471e+03 1.884056014385586973e-19 4.059321363598091709e-20
7.476972513074100789e+03 2.162892265386046560e-19 4.365700632647461715e-20
7.481978441007157016e+03 1.274884036531773169e-19 4.094528089783009355e-20
7.486984368940212335e+03 1.235816580921874633e-19 3.551610755058540837e-20
7.491990296873267653e+03 1.687512455480698214e-19 2.943778371690963994e-20
7.496996224806323880e+03 9.695086592795209857e-20 2.824285409231555609e-20
7.502002152739380108e+03 9.979886563273997119e-20 2.581793901712778917e-20
7.507008080672435426e+03 9.244437866995735959e-20 2.518054106749075626e-20
7.512014008605490744e+03 1.042545287317380083e-19 2.736026191854026979e-20
7.517019936538546972e+03 1.647172300995733388e-19 4.026640745018446715e-20
7.522025864471602290e+03 1.813397003958962381e-19 5.192811484504376122e-20
7.527031792404657608e+03 1.618989361023032586e-19 5.371439985131469561e-20
7.532037720337713836e+03 1.009939515163968995e-19 3.897350515614670392e-20
7.537043648270770063e+03 8.143080999444422376e-20 3.326084738975931133e-20
7.542049576203824472e+03 7.130936571131642692e-20 3.102639108024181898e-20
7.547055504136880700e+03 1.075273305757187362e-19 2.996588459961788687e-20
7.552061432069936927e+03 9.465577109564405676e-20 3.391768904489017740e-20
7.557067360002992245e+03 1.353311761748214306e-19 3.478051608742547802e-20
7.562073287936047564e+03 8.850851072841900011e-20 3.476138627113059273e-20
7.567079215869103791e+03 1.425067363859852445e-19 4.462653002732066611e-20
7.572085143802159109e+03 1.145977196663633005e-19 4.583063378822864476e-20
7.577091071735214427e+03 1.176334530836154436e-19 3.798354352859615914e-20
7.582096999668270655e+03 1.262904923107325166e-19 3.275116720552890929e-20
7.587102927601326883e+03 1.260112894379197022e-19 3.235177238896763706e-20
7.592108855534382201e+03 1.451944584910788227e-19 5.241505078587029508e-20
7.597114783467437519e+03 1.796474132118044338e-19 7.548998922040027995e-20
7.602120711400493747e+03 1.779209579118965998e-19 8.116357343715207481e-20
7.607126639333549065e+03 1.692748179486382278e-19 5.259213301424505132e-20
7.612132567266604383e+03 1.627326196239697644e-19 4.427898105858379618e-20
7.617138495199660611e+03 8.892319479448927265e-20 4.367866011829011950e-20
7.622144423132716838e+03 1.378192761155083245e-19 5.578810152737071836e-20
7.627150351065772156e+03 2.856195780201647917e-19 6.042079722545207243e-20
7.632156278998827474e+03 1.673114747929290970e-19 5.532219866628601374e-20
7.637162206931883702e+03 8.731508743286554233e-20 4.077310504970353010e-20
7.642168134864939020e+03 2.254687906188621489e-19 3.726557608020836322e-20
7.647174062797994338e+03 8.812825287218348081e-20 3.746481500272488621e-20
7.652179990731050566e+03 6.973505032259780242e-20 3.724087372732107338e-20
7.657185918664106794e+03 1.023306643291012399e-19 4.300757362653554465e-20
7.662191846597162112e+03 1.117160514139967764e-19 4.622425915083836109e-20
7.667197774530217430e+03 8.313326220779396008e-20 4.257933006671667036e-20
7.672203702463273657e+03 1.025657609255463885e-19 3.446345986155152211e-20
7.677209630396328976e+03 1.186388418556131252e-19 3.466724282814170103e-20
7.682215558329384294e+03 1.761984580620205742e-19 3.606347751239856490e-20
7.687221486262440521e+03 1.386591114599794375e-19 3.722606445483061852e-20
7.692227414195496749e+03 1.798860467748666417e-19 3.881978531833222661e-20
7.697233342128551158e+03 2.278482809602283615e-19 4.054988031809498813e-20
7.702239270061607385e+03 1.090222511313153501e-19 3.847187893379413482e-20
7.707245197994663613e+03 9.038776040414913782e-20 6.186102663744593363e-20
7.712251125927718931e+03 1.591172577316342925e-20 7.567612981549965964e-20
7.717257053860774249e+03 4.381700700107373205e-20 7.311735207103282065e-20
7.722262981793830477e+03 1.048935498664509031e-19 5.458523902713003232e-20
7.727268909726885795e+03 1.621933292457455302e-19 3.945779886793816388e-20
7.732274837659941113e+03 1.556004261391541845e-19 3.289353659328430636e-20
7.737280765592997341e+03 1.258302349790648302e-19 3.008888954637374531e-20
7.742286693526053568e+03 1.241623655665804454e-19 4.009709223792619553e-20
7.747292621459108886e+03 1.948664857240561099e-19 6.412305923819544666e-20
7.752298549392164205e+03 1.974636548116692314e-19 6.754663923921017530e-20
7.757304477325220432e+03 1.806876104961777926e-19 5.450711700245936716e-20
7.762310405258275750e+03 1.813921328013423459e-19 4.366679235257733611e-20
7.767316333191331069e+03 1.583999580659475703e-19 3.618932568384050611e-20
7.772322261124387296e+03 1.007184787831976074e-19 3.859193788191420644e-20
7.777328189057443524e+03 1.137010131915266605e-19 4.490190632602719822e-20
7.782334116990498842e+03 1.723857614628758639e-19 4.202317504880733939e-20
7.787340044923554160e+03 2.125070756852190065e-19 5.245502189991015100e-20
7.792345972856610388e+03 2.725035198663617778e-19 6.473007454912934559e-20
7.797351900789665706e+03 1.221340579338544305e-19 6.094000643242303489e-20
7.802357828722721024e+03 1.004815848217891267e-19 4.553478373195037130e-20
7.807363756655777252e+03 5.251234229553034730e-20 4.935065784266480584e-20
7.812369684588833479e+03 1.655822231381915582e-19 5.125901297992072089e-20
7.817375612521888797e+03 1.303991387482551827e-19 6.780787853869894444e-20
7.822381540454944115e+03 1.277075052998668509e-19 6.782769159851512174e-20
7.827387468388000343e+03 1.291848031750572673e-19 4.837956343280930728e-20
7.832393396321055661e+03 1.357074157140630305e-19 3.235927118846029902e-20
7.837399324254110979e+03 1.330591471876692902e-19 4.208034358730187170e-20
7.842405252187167207e+03 1.287058678973853551e-19 4.501598360398326695e-20
7.847411180120223435e+03 2.423213721898777528e-19 6.245361110282754865e-20
7.852417108053277843e+03 2.728176957848165485e-19 7.199539173283090103e-20
7.857423035986334071e+03 2.307056655504710621e-19 7.020172748687986352e-20
7.862428963919390299e+03 8.820157133318483459e-20 5.490001755731590411e-20
7.867434891852445617e+03 1.866653814862613055e-19 5.452055776935671055e-20
7.872440819785500935e+03 2.375426499934687243e-19 5.469635929264188526e-20
7.877446747718557162e+03 2.603292138962805608e-19 4.985592480080866583e-20
7.882452675651613390e+03 1.798569706142350582e-19 5.286985256729015365e-20
7.887458603584667799e+03 9.184121093407196239e-20 5.514017437506782115e-20
7.892464531517724026e+03 1.561090719758566682e-19 5.192855173989342850e-20
7.897470459450780254e+03 1.463855540740589405e-19 3.542102103429371600e-20
7.902476387383835572e+03 1.265666776485605494e-19 3.147982988114339696e-20
7.907482315316890890e+03 2.829131855657218399e-19 6.276637896693509293e-20
7.912488243249947118e+03 1.588013481131148139e-19 7.969693725128194048e-20
7.917494171183002436e+03 1.918286962740950844e-19 8.466821936876407925e-20
7.922500099116057754e+03 1.044639526287011322e-19 6.184078512545116398e-20
7.927506027049113982e+03 1.252888022181611533e-19 5.784425944961121181e-20
7.932511954982170209e+03 2.416018220069852794e-19 5.221420228554112858e-20
7.937517882915225528e+03 1.424906881331615628e-19 4.036058163083339727e-20
7.942523810848280846e+03 8.384617419282423027e-20 4.057599808832136961e-20
7.947529738781337073e+03 1.550737436457179742e-19 4.556761543011634762e-20
7.952535666714392391e+03 1.460591841425262579e-19 4.119801291278204363e-20
7.957541594647447710e+03 1.209363440247205627e-19 4.901783435041399633e-20
7.962547522580503937e+03 1.765187996863818989e-19 6.543835154864044161e-20
7.967553450513560165e+03 2.470091070801462070e-19 6.280033664828082329e-20
7.972559378446615483e+03 2.192158630700715128e-19 4.639114474010624651e-20
7.977565306379670801e+03 1.300351004482268925e-19 4.892694338107236865e-20
7.982571234312727029e+03 1.114344639777310080e-19 4.655607876677469075e-20
7.987577162245782347e+03 1.837041641698950387e-19 5.896338694752786159e-20
7.992583090178837665e+03 1.051146712539146379e-19 6.586934240379513193e-20
7.997589018111893893e+03 7.089966448972390170e-20 5.832976775271676958e-20
8.002594946044950120e+03 9.597540709761502395e-20 3.124068571805782491e-20
8.007600873978005438e+03 6.434436491029192825e-20 3.650329771324471556e-20
8.012606801911060757e+03 1.575217545855232838e-19 4.290330000683078814e-20
8.017612729844116984e+03 8.670583025853717259e-20 4.912624418307023030e-20
8.022618657777172302e+03 -3.308834295882939887e-21 6.029685614764692984e-20
8.027624585710227620e+03 4.505237604177303754e-20 6.085072553831590618e-20
8.032630513643283848e+03 1.163500110546089706e-19 4.215112211632927216e-20
8.037636441576340076e+03 7.903063942761346120e-20 2.954491753781113319e-20
8.042642369509394484e+03 8.385786562590251058e-20 3.011580552012225880e-20
8.047648297442450712e+03 5.844324874187898096e-20 3.893750395594201662e-20
8.052654225375506940e+03 1.232381955770496815e-19 4.234794501687762134e-20
8.057660153308562258e+03 1.375220718182416606e-19 5.189947797672741909e-20
8.062666081241617576e+03 1.413474512687895758e-19 5.050353498150093187e-20
8.067672009174673803e+03 7.838565605618762668e-20 4.003059070734285727e-20
8.072677937107729122e+03 7.470781801524702902e-20 2.969333569261994177e-20
8.077683865040784440e+03 9.557661776526958239e-20 3.020744182036645371e-20
8.082689792973840667e+03 9.344291709343823379e-20 2.981257413815818207e-20
8.087695720906896895e+03 9.820696876332924314e-20 3.210093309882930962e-20
8.092701648839952213e+03 1.087200887769466431e-19 3.258269134715112916e-20
8.097707576773007531e+03 9.334883913830538187e-20 3.770260288672351393e-20
8.102713504706063759e+03 1.331874407306203325e-19 3.616200114344102669e-20
8.107719432639119077e+03 1.154102172217511388e-19 3.165303325827887922e-20
8.112725360572174395e+03 6.372797325594287250e-20 2.598286019938531057e-20
8.117731288505230623e+03 1.376986146094161218e-19 2.542217324731729013e-20
8.122737216438286850e+03 9.435578588028225057e-20 2.560145210655644209e-20
8.127743144371342169e+03 1.223760853158702455e-19 2.641010929932111609e-20
8.132749072304397487e+03 1.652363989129568819e-19 2.865965105221553581e-20
8.137755000237453714e+03 8.404020583857008855e-20 3.001220807161757491e-20
8.142760928170509032e+03 1.248324713789049348e-19 3.212791281745157291e-20
8.147766856103564351e+03 9.108054123278627266e-20 3.022806667385573884e-20
8.152772784036620578e+03 1.170647698848609489e-19 2.756555392720687257e-20
8.157778711969676806e+03 1.656886253228224312e-19 2.584218903957908864e-20
8.162784639902732124e+03 1.300918010718459841e-19 2.606252588628421247e-20
8.167790567835787442e+03 1.131602298071857774e-19 2.622881532474948703e-20
8.172796495768843670e+03 7.454906122314800821e-20 2.665411526803756029e-20
8.177802423701898988e+03 8.661683994818640835e-20 2.723758960257888308e-20
8.182808351634954306e+03 8.555687164195231790e-20 2.894412674193701698e-20
8.187814279568010534e+03 5.767686244870211838e-20 3.057668354029402740e-20
8.192820207501066761e+03 9.301550998118252677e-20 3.083372000713365937e-20
8.197826135434121170e+03 1.199583394893451151e-19 2.915687351377592012e-20
8.202832063367177398e+03 1.155156893617349233e-19 2.792370707510034280e-20
8.207837991300233625e+03 7.002067704819358334e-20 2.772579695452635564e-20
8.212843919233288034e+03 8.638473521930241482e-20 2.699610019475711723e-20
8.217849847166344261e+03 6.757720120901493210e-20 2.629042711047022633e-20
8.222855775099400489e+03 4.882672563894355838e-20 2.544181805199323776e-20
8.227861703032456717e+03 8.852974287903376846e-20 2.481046610519640112e-20
8.232867630965511125e+03 9.398338520889947188e-20 2.465719218822750605e-20
8.237873558898567353e+03 1.182439715590419940e-19 2.584348318770498347e-20
8.242879486831623581e+03 1.481417730185365611e-19 2.716607953619689523e-20
8.247885414764677989e+03 1.045458300613111828e-19 2.696594636080478930e-20
8.252891342697734217e+03 7.595302641590905702e-20 2.624103395224264437e-20
8.257897270630790445e+03 7.601167929785206367e-20 2.543185631602563434e-20
8.262903198563846672e+03 6.085770844295766932e-20 2.522125228385787853e-20
8.267909126496901081e+03 9.579672524470174869e-21 2.625998137173117227e-20
8.272915054429957308e+03 9.924292625626222980e-20 4.117134407802531914e-20
8.277920982363013536e+03 1.865275718590639856e-19 6.112850242752996799e-20
8.282926910296067945e+03 2.089570139939149288e-19 7.741832103184485440e-20
8.287932838229124172e+03 1.465115647687025876e-19 7.409514252797569353e-20
8.292938766162180400e+03 1.615670936575533196e-19 8.091149908348707030e-20
8.297944694095236628e+03 9.549889768693263744e-20 7.629681039150950358e-20
8.302950622028291036e+03 4.251818337241522436e-20 6.764948211489753922e-20
8.307956549961347264e+03 6.411579593641875867e-20 4.972599967136621251e-20
8.312962477894403492e+03 1.829770658937518485e-19 4.818745035739691093e-20
8.317968405827457900e+03 9.656388556877247042e-20 3.554794895727527512e-20
8.322974333760514128e+03 1.664364343970381039e-19 3.014953311071729038e-20
8.327980261693570355e+03 1.387984865760861866e-19 2.803413910835659704e-20
8.332986189626626583e+03 9.909805782663706345e-20 3.171158774660110241e-20
8.337992117559680992e+03 1.572495494318272560e-19 8.056034948241123598e-20
8.342998045492737219e+03 1.528753780411131058e-19 1.015397796561401185e-19
8.348003973425793447e+03 9.739645474195489895e-20 1.027172486228019303e-19
8.353009901358847856e+03 5.854078190639118391e-21 6.519268884570368662e-20
8.358015829291904083e+03 6.977445402427734116e-20 5.395928868943940789e-20
8.363021757224960311e+03 7.394290195601514288e-20 4.399504678030275570e-20
8.368027685158016538e+03 1.254036835739563507e-19 3.964122677521383672e-20
8.373033613091070947e+03 1.381403833901868282e-19 3.337791597943364708e-20
8.378039541024127175e+03 1.664502963174537175e-19 4.951305082015069393e-20
8.383045468957181583e+03 6.379925672943796125e-20 5.106884901358006216e-20
8.388051396890237811e+03 1.274633489978677993e-20 4.070218738692171997e-20
8.393057324823294039e+03 1.489463526988832849e-19 6.834752837467214803e-20
8.398063252756350266e+03 1.665310928628026781e-19 8.165084502912784627e-20
8.403069180689406494e+03 7.364400413086644042e-20 7.291907993436832236e-20
8.408075108622460903e+03 1.059474840656088545e-19 4.571586573539069296e-20
8.413081036555517130e+03 7.378698491022797359e-20 5.583428931327683334e-20
8.418086964488571539e+03 7.403346680488364886e-20 5.558146959964198939e-20
8.423092892421627766e+03 1.499982425167537331e-19 6.851923527652549376e-20
8.428098820354683994e+03 4.608630763227589531e-20 9.283680674553458588e-20
8.433104748287740222e+03 1.257771210314285965e-19 8.891231379812736009e-20
8.438110676220796449e+03 8.810175160474270385e-20 4.269859314122007225e-20
8.443116604153850858e+03 1.218777794282088111e-19 3.527349977443817991e-20
8.448122532086907086e+03 1.496293910166090445e-19 5.535165690245576712e-20
8.453128460019961494e+03 1.782166079944650546e-19 5.606387382661315641e-20
8.458134387953017722e+03 1.646428424192313551e-19 6.483309948005600283e-20
8.463140315886073950e+03 1.520934414121976566e-19 7.777453049221700188e-20
8.468146243819130177e+03 8.820338558507824582e-20 7.274493042347985564e-20
8.473152171752186405e+03 4.623175974133021924e-20 3.624454561028424988e-20
8.478158099685240813e+03 3.526176287321467873e-20 2.664363628901990961e-20
8.483164027618297041e+03 1.062637946005095905e-19 2.631096042592432273e-20
8.488169955551351450e+03 9.015047980811518302e-20 4.068258902877952561e-20
8.493175883484407677e+03 1.261339082058320125e-19 4.460030245807146024e-20
8.498181811417463905e+03 2.264838933553848278e-20 5.392413233919558894e-20
8.503187739350520133e+03 9.063967012976731370e-20 5.709519959670280611e-20
8.508193667283574541e+03 1.506609942040798398e-19 5.245639099569503279e-20
8.513199595216630769e+03 4.703779633973557337e-20 2.901839722112797016e-20
8.518205523149686996e+03 9.583968493875462053e-20 2.525087907457579255e-20
8.523211451082741405e+03 6.707835253679288358e-20 2.509960475349620501e-20
8.528217379015797633e+03 6.305235036947976511e-20 2.482874281840798399e-20
8.533223306948853860e+03 8.486413295554736116e-20 3.265530586364622278e-20
8.538229234881910088e+03 7.262096259600961365e-20 3.664827720983366251e-20
8.543235162814964497e+03 8.332838871298460204e-20 4.564020866357664381e-20
8.548241090748020724e+03 9.919942809831146409e-20 4.573930202574574562e-20
8.553247018681076952e+03 2.925184158741275775e-20 4.081188077094062932e-20
8.558252946614131361e+03 9.235760926223657402e-20 2.753698976834760664e-20
8.563258874547187588e+03 5.189620826802301165e-20 2.700870112803859339e-20
8.568264802480243816e+03 1.471895069901709403e-19 2.913267319199314215e-20
8.573270730413300043e+03 8.297555484094941135e-20 3.049172508332765365e-20
8.578276658346354452e+03 5.148092102819934358e-20 2.973640194786925031e-20
8.583282586279410680e+03 5.384116521384344663e-20 3.305424285271461509e-20
8.588288514212466907e+03 8.326175061828615364e-20 3.510841591650259448e-20
8.593294442145521316e+03 8.460733899511777636e-20 3.783230016366718118e-20
8.598300370078577544e+03 1.185077741853440207e-19 3.520066243524555418e-20
8.603306298011633771e+03 1.176244494516353777e-19 3.100236183192431341e-20
8.608312225944689999e+03 5.467111991764714690e-20 3.459877941219480023e-20
8.613318153877744408e+03 1.267607790464303097e-19 4.616978950601062489e-20
8.618324081810800635e+03 5.882654391146828647e-20 5.987392256483129503e-20
8.623330009743856863e+03 1.867311553915636874e-19 7.043276526974057040e-20
8.628335937676911271e+03 3.185404316170108342e-20 7.398016322633894842e-20
8.633341865609967499e+03 3.586222699748464506e-20 6.891524748102668750e-20
8.638347793543023727e+03 2.450705827588665326e-20 5.658593658904821380e-20
8.643353721476079954e+03 8.458047004966359779e-20 5.176593713168799629e-20
8.648359649409134363e+03 2.142554835627355366e-19 6.074855510315422663e-20
8.653365577342190591e+03 5.291693499531178643e-22 7.117698982354460786e-20
8.658371505275246818e+03 1.318934798823357208e-19 7.390305202688943473e-20
8.663377433208301227e+03 2.359504213897691683e-19 7.210942968199900729e-20
8.668383361141357454e+03 1.692057116113699841e-19 6.713391478182371917e-20
8.673389289074413682e+03 9.653375921518243988e-20 6.038571012528239268e-20
8.678395217007469910e+03 3.909203351744048273e-20 5.298247296708200310e-20
8.683401144940524318e+03 -4.952500222620410853e-20 4.609902204908738615e-20
8.688407072873580546e+03 7.208715994904868365e-20 4.063815988582783291e-20
8.693413000806636774e+03 9.294490976069637250e-20 3.760571030945164608e-20
8.698418928739691182e+03 4.135338110960439918e-20 3.673844809587817396e-20
8.703424856672747410e+03 3.309575439307221110e-20 3.627319853719902936e-20
8.708430784605803638e+03 1.185839177510934929e-19 3.284202986560013992e-20
8.713436712538859865e+03 1.052802925888593456e-19 2.900508937815943378e-20
8.718442640471914274e+03 3.381430697692703179e-20 2.712712064226268453e-20
8.723448568404970501e+03 1.149612582764289038e-19 2.729891236039827944e-20
8.728454496338024910e+03 3.271100576418612396e-20 2.696478183988278905e-20
8.733460424271081138e+03 6.900004619348939947e-20 2.702281891850182143e-20
8.738466352204137365e+03 8.176941812743510100e-20 2.776423731834505745e-20
8.743472280137193593e+03 1.271568700364988102e-19 2.787771237278917306e-20
8.748478208070249821e+03 3.892184898121450634e-20 2.877993953242908087e-20
8.753484136003304229e+03 1.512122445942314155e-19 5.604971940562856229e-20
8.758490063936360457e+03 6.690740347761208640e-20 8.334401250832097444e-20
8.763495991869414866e+03 7.275595987773462162e-20 1.033127519828177596e-19
8.768501919802471093e+03 4.294820818036694276e-20 9.289518776102108548e-20
8.773507847735527321e+03 1.745398599199554396e-19 9.551558779668655642e-20
8.778513775668583548e+03 3.043524006996243332e-20 8.664017969623080932e-20
8.783519703601639776e+03 1.053300798630027262e-19 6.666734546986883039e-20
8.788525631534694185e+03 -5.847533730015631485e-20 5.342042283943821855e-20
8.793531559467750412e+03 7.382973952445512371e-20 5.211791279504626367e-20
8.798537487400804821e+03 1.056681810322716408e-19 3.374717849495171965e-20
8.803543415333861049e+03 1.522894527919419025e-19 3.042450311941301280e-20
8.808549343266917276e+03 1.601112006507115201e-19 3.251462794747581917e-20
8.813555271199973504e+03 1.114609615735904585e-19 3.290866916109930352e-20
8.818561199133029731e+03 1.092879130417605313e-19 7.487094424360322282e-20
8.823567127066084140e+03 1.080607226878455261e-19 1.332065612571428694e-19
8.828573054999140368e+03 1.304690730336609271e-19 1.428261140201166438e-19
8.833578982932194776e+03 1.079576483992276255e-19 1.092757821867584786e-19
8.838584910865251004e+03 -5.208762224879929535e-20 8.174591938859752523e-20
8.843590838798307232e+03 2.678124812699817178e-20 5.712324773431109096e-20
8.848596766731363459e+03 2.159437097913285542e-19 5.273990031098474954e-20
8.853602694664417868e+03 8.090908722429684696e-20 4.670720590655226811e-20
8.858608622597474096e+03 6.039022951014272483e-20 4.298811551470201603e-20
8.863614550530530323e+03 6.789498872273679555e-20 6.607152678522648320e-20
8.868620478463584732e+03 1.736787750802006278e-19 6.557169384562932312e-20
8.873626406396640959e+03 1.670914120307051301e-19 4.534035971428719719e-20
8.878632334329697187e+03 1.627337506488524657e-19 7.327802678415863009e-20
8.883638262262753415e+03 9.764296510866513221e-20 1.027479467571909766e-19
8.888644190195807823e+03 1.330461575478650607e-19 9.860800742007232385e-20
8.893650118128864051e+03 1.704957765455940632e-19 5.380275035059245141e-20
8.898656046061920279e+03 1.372189700712858883e-19 6.948982970863935322e-20
8.903661973994974687e+03 1.285732321641578526e-19 7.369940743862869159e-20
8.908667901928030915e+03 1.297749981536604817e-19 5.986906886170197578e-20
8.913673829861087142e+03 2.024219306985949461e-19 9.941046381017151916e-20
8.918679757794143370e+03 1.411651454097894445e-19 1.180852891601667645e-19
8.923685685727199598e+03 2.297035112422095293e-19 1.039222546322981505e-19
8.928691613660254006e+03 8.638255009970102630e-20 4.524119921100004265e-20
8.933697541593308415e+03 1.476788981777475434e-19 4.137236564069968562e-20
8.938703469526364643e+03 1.278652006020049062e-19 7.083227674466393229e-20
8.943709397459420870e+03 9.445112524356972228e-20 7.587760946402410666e-20
8.948715325392477098e+03 2.266902509746655823e-19 7.246833528647627780e-20
8.953721253325533326e+03 1.528968941869254573e-19 1.131362856070592447e-19
8.958727181258589553e+03 -2.297486819121182990e-20 1.185417964399997808e-19
8.963733109191643962e+03 1.614846460949443079e-19 7.984815219618160835e-20
8.968739037124698370e+03 7.174396275898335473e-20 3.812849948747717696e-20
8.973744965057754598e+03 1.554552756287456906e-19 3.783748883689723554e-20
8.978750892990810826e+03 9.796290788063733389e-20 4.225131922342007918e-20
8.983756820923867053e+03 -1.261833438951148922e-19 6.258337750959929911e-20
8.988762748856923281e+03 8.552964347075113268e-20 6.466639791399778172e-20
8.993768676789977690e+03 -5.415481148266734999e-21 7.047552127748710310e-20
8.998774604723033917e+03 -2.575851852536555548e-20 8.341696622043458176e-20
9.003780532656088326e+03 -1.297608369597820902e-19 7.922080598363226312e-20
9.008786460589144554e+03 1.866756115067769916e-20 4.219664995816396695e-20
9.013792388522200781e+03 6.691049292460744783e-20 2.928674359951905924e-20
9.018798316455257009e+03 6.450828205228651499e-20 3.048638672054950148e-20
9.023804244388313236e+03 1.541765779841955892e-19 3.276935734031878803e-20
9.028810172321367645e+03 1.481286534871425159e-19 3.542388336572790860e-20
9.033816100254423873e+03 1.157675223598676810e-19 4.930989801715567265e-20
9.038822028187478281e+03 1.156389963642150677e-19 5.255740307467755077e-20
9.043827956120534509e+03 1.398716797012163699e-19 6.432590122894788045e-20
9.048833884053590737e+03 1.473423601844391088e-19 6.723371458349433742e-20
9.053839811986646964e+03 -3.274216311468027158e-20 5.883559156248085664e-20
9.058845739919703192e+03 7.060690588224283061e-22 3.752988708445783518e-20
9.063851667852757600e+03 1.044999877402618901e-19 3.791622820278646828e-20
9.068857595785813828e+03 1.733335500735712576e-20 3.828691976021422040e-20
9.073863523718868237e+03 2.412017553591536218e-20 3.550121783716080296e-20
9.078869451651924464e+03 5.222226386171545249e-20 3.431693333315824297e-20
9.083875379584980692e+03 6.432994725000840454e-20 3.791446203777496045e-20
9.088881307518036920e+03 4.467712859431360728e-20 4.667348108850105572e-20
9.093887235451093147e+03 1.146001808935963156e-19 4.968035974992294460e-20
9.098893163384147556e+03 6.253838522968198301e-20 5.372598317528828079e-20
9.103899091317203784e+03 5.055362192071116868e-20 4.971002810166470042e-20
9.108905019250258192e+03 7.849421592485196792e-20 3.701450172877903167e-20
9.113910947183314420e+03 3.146938836257251832e-20 2.943270807883306449e-20
9.118916875116370647e+03 5.083953826705753624e-20 2.878841793995404513e-20
9.123922803049426875e+03 1.201424194841378886e-19 2.822246009241803781e-20
9.128928730982483103e+03 6.326291304785431891e-20 2.851497393665479664e-20
9.133934658915537511e+03 1.014961152493714490e-19 2.962841797773688361e-20
9.138940586848593739e+03 3.585590199056002081e-20 3.001681941727880173e-20
9.143946514781648148e+03 3.007201801477929580e-20 3.231240386706140756e-20
9.148952442714704375e+03 7.230607976305863035e-20 3.908946183296476008e-20
9.153958370647760603e+03 5.278275345178785450e-20 4.520629730577446925e-20
9.158964298580816831e+03 9.496156343872325495e-20 4.529148656779377061e-20
9.163970226513873058e+03 1.027115514851638803e-19 4.115549585133351788e-20
9.168976154446927467e+03 7.403951381035924570e-21 3.239214066297454308e-20
9.173982082379983694e+03 1.487781401918434890e-20 3.120440727058326922e-20
9.178988010313038103e+03 7.587871741264569912e-20 3.134349396725195069e-20
9.183993938246094331e+03 1.622163896269626949e-19 3.153314236015368909e-20
9.188999866179150558e+03 3.662310906290369274e-20 3.088021908947789343e-20
9.194005794112206786e+03 1.098412516823850509e-19 3.129670077124470644e-20
9.199011722045263014e+03 5.504566802247562160e-20 3.209771305354310382e-20
9.204017649978317422e+03 1.153344837835477254e-19 3.343851276091603274e-20
9.209023577911373650e+03 -2.355085992041802297e-20 3.796195287129524279e-20
9.214029505844428058e+03 6.949155992510938621e-20 4.258699549818322270e-20
9.219035433777484286e+03 1.786271451710352507e-20 4.660529478666669548e-20
9.224041361710540514e+03 5.139076569057699111e-20 4.305802711344753393e-20
9.229047289643596741e+03 6.377691727277386248e-20 3.836882242288412099e-20
9.234053217576652969e+03 5.241945397724266447e-20 3.169263622998565778e-20
9.239059145509707378e+03 1.376279818030275028e-19 3.124470173473448222e-20
9.244065073442761786e+03 7.684635770753232899e-20 3.461288238717978492e-20
9.249071001375818014e+03 9.491650829264843315e-20 3.655195259922536331e-20
9.254076929308874242e+03 1.024718348217133768e-19 3.518795120435517051e-20
9.259082857241930469e+03 1.259204211718374760e-19 3.278940380357491078e-20
9.264088785174986697e+03 8.798039521673670384e-20 3.186184269483911218e-20
9.269094713108042924e+03 8.485702196585507856e-20 3.131274674996141956e-20
9.274100641041097333e+03 1.136787134342552373e-19 3.159240215427968178e-20
9.279106568974151742e+03 9.198715130053352874e-20 3.449459778538458082e-20
9.284112496907207969e+03 9.817452232256953865e-20 3.966946648183724876e-20
9.289118424840264197e+03 1.473108681195949935e-19 4.566882710184325053e-20
9.294124352773320425e+03 3.348543974419143861e-20 4.654119677928196201e-20
9.299130280706376652e+03 -1.413028966455545300e-20 8.446014055213956207e-20
9.304136208639432880e+03 1.157828058634597490e-19 1.475486834598424481e-19
9.309142136572487289e+03 1.291169808947149178e-19 2.013614338286928590e-19
9.314148064505541697e+03 1.248181767399491040e-19 1.960210281738763526e-19
9.319153992438597925e+03 1.393019332489823143e-19 1.952106536601677723e-19
9.324159920371654152e+03 1.357537524431019382e-19 1.750748677160852344e-19
9.329165848304710380e+03 1.285300637689308799e-19 1.330598178950314907e-19
9.334171776237766608e+03 1.196608243929212637e-19 1.114800574865288760e-19
9.339177704170821016e+03 1.183911916848704608e-19 1.128401823462996187e-19
9.344183632103877244e+03 2.199156650933108159e-19 8.773643361070082836e-20
9.349189560036931653e+03 8.840428054847834661e-20 7.140345236443013740e-20
9.354195487969987880e+03 9.868892221364237102e-20 6.230646896054059675e-20
9.359201415903044108e+03 3.606667298627893847e-21 5.814515234555850217e-20
9.364207343836100335e+03 1.338620937921857219e-19 7.807033941803950600e-20
9.369213271769156563e+03 1.429555776136196906e-19 2.076507840332018914e-19
9.374219199702210972e+03 1.528919750437590008e-19 2.586080641655117425e-19
9.379225127635267199e+03 1.558386870595698257e-19 2.222561490285597459e-19
9.384231055568321608e+03 8.800193596986538010e-20 9.934634942145893145e-20
9.389236983501377836e+03 9.526122703566017418e-20 6.891918542423518353e-20
9.394242911434434063e+03 1.195887266032767767e-19 6.879585681780563461e-20
9.399248839367490291e+03 6.028962852577987240e-20 8.796005610425819220e-20
9.404254767300546519e+03 1.011414777052291264e-19 8.317035437480713359e-20
9.409260695233600927e+03 1.006102133491933914e-19 6.094393884612237876e-20
9.414266623166657155e+03 -7.265339213644777267e-21 9.930143142025742414e-20
9.419272551099711563e+03 1.663242217159337081e-19 1.175695831925632532e-19
9.424278479032767791e+03 6.530715385318994453e-20 1.056249311829024147e-19
9.429284406965824019e+03 1.102180069167123860e-19 7.765756262514040900e-20
9.434290334898880246e+03 1.021915514299993217e-19 1.887580066077985459e-19
9.439296262831936474e+03 1.197410173518557942e-19 2.144694297559086997e-19
9.444302190764990883e+03 8.321468878307084852e-20 1.663318764699240675e-19
9.449308118698047110e+03 3.693913615892736422e-20 9.664436410213134022e-20
9.454314046631101519e+03 3.676669691624484030e-20 1.480633249336779143e-19
9.459319974564157746e+03 9.385082822737952584e-20 1.535376375928075989e-19
9.464325902497213974e+03 1.053492625778169618e-19 1.098177767509462994e-19
9.469331830430270202e+03 2.805789913409632815e-19 1.410466385840223825e-19
9.474337758363326429e+03 9.205025406856092470e-20 2.072175186033091400e-19
9.479343686296380838e+03 8.660550635208548055e-20 1.964539553684636894e-19
9.484349614229437066e+03 1.850020488346952182e-19 9.851681654214697679e-20
9.489355542162491474e+03 1.236210030694712057e-19 6.381318540261368621e-20
9.494361470095547702e+03 1.399150766333366877e-19 9.139989530901492290e-20
9.499367398028603930e+03 2.459939261177408882e-19 1.374028101680578171e-19
9.504373325961660157e+03 2.248454799381172873e-19 1.322696565677941797e-19
9.509379253894716385e+03 1.114730439016546762e-19 9.197617326547947230e-20
9.514385181827770793e+03 1.303030810286517833e-19 1.442281940112045212e-19
9.519391109760827021e+03 1.587637167348727219e-19 1.602505871368231020e-19
9.524397037693881430e+03 1.763617543699272897e-19 1.253786260307760598e-19
9.529402965626937657e+03 7.022587998683921197e-20 7.212636640343227059e-20
9.534408893559993885e+03 7.866569544149282155e-20 6.805506447663509800e-20
9.539414821493050113e+03 6.575411013767048086e-20 6.317064205159006778e-20
9.544420749426106340e+03 1.104962486938835053e-19 7.818183470094276864e-20
9.549426677359160749e+03 2.354346816994870149e-19 1.145828158321030495e-19
9.554432605292216977e+03 1.400961857076692040e-19 1.177755546633072543e-19
9.559438533225271385e+03 5.514480818812698325e-20 1.191994724335580263e-19
9.564444461158327613e+03 6.529338138169931379e-20 1.597566634506286779e-19
9.569450389091383840e+03 1.144852990125844465e-19 1.537302240926971772e-19
9.574456317024440068e+03 6.970671935293042149e-20 9.265452100202997287e-20
9.579462244957496296e+03 1.452574549819500468e-19 6.082129866969712541e-20
9.584468172890550704e+03 2.141740537714427852e-19 6.011473141549336772e-20
9.589474100823605113e+03 1.303361384043773711e-19 6.258611391416438966e-20
9.594480028756661341e+03 1.116295865492238460e-19 6.119581733346841196e-20
9.599485956689717568e+03 1.962893176244782709e-19 7.301053648250726094e-20
9.604491884622773796e+03 2.330174907528145530e-19 9.906528106809503093e-20
9.609497812555830023e+03 1.509146370410285693e-19 1.028192241490553010e-19
9.614503740488886251e+03 7.628343437520777278e-20 1.084857865756801610e-19
9.619509668421940660e+03 2.795941582859253902e-19 1.160621134919089549e-19
9.624515596354995068e+03 3.046251190727142493e-19 1.040462337404985362e-19
9.629521524288051296e+03 1.237691276383393228e-19 6.896472088070270286e-20
9.634527452221107524e+03 1.039933017817296082e-19 6.279719653542078435e-20
9.639533380154163751e+03 2.360009914359724479e-19 5.825959558209108489e-20
9.644539308087219979e+03 1.186395774030032647e-19 5.781558558106654771e-20
9.649545236020274388e+03 1.478761481156798056e-19 6.245588235509614781e-20
9.654551163953330615e+03 9.798477814853755343e-20 6.860803464061687371e-20
9.659557091886385024e+03 1.604248686163179931e-19 7.652184928999537199e-20
9.664563019819441251e+03 6.752452695516699449e-20 9.961545979216996887e-20
9.669568947752497479e+03 2.975120288811589212e-20 1.044663775686080596e-19
9.674574875685553707e+03 3.416108998912629299e-19 1.170456996636189057e-19
9.679580803618609934e+03 7.373184835451720823e-20 1.274322865704381433e-19
9.684586731551664343e+03 1.237947001581870888e-19 1.262676240827662990e-19
9.689592659484720571e+03 1.388768777277227104e-19 1.011497918421373384e-19
9.694598587417774979e+03 -3.613678118507550908e-20 1.319841713164255233e-19
9.699604515350831207e+03 4.287646704898662057e-20 1.379182237797416635e-19
9.704610443283887435e+03 4.404223103453736226e-20 1.282462108034098766e-19
9.709616371216943662e+03 1.478631171422792223e-19 1.188769326674563581e-19
9.714622299149999890e+03 3.771627319554613571e-19 1.696131793731950727e-19
9.719628227083054298e+03 8.932036626980630117e-20 1.707846603103707828e-19
9.724634155016110526e+03 1.706476344568749675e-19 1.445233733976998869e-19
9.729640082949164935e+03 3.144202452741015094e-19 1.137769719817560905e-19
9.734646010882221162e+03 3.093652416587870430e-19 1.350560283482438418e-19
9.739651938815277390e+03 3.593025921114158390e-20 1.377166413687244604e-19
9.744657866748333618e+03 2.007662366456952888e-20 1.057003933164571692e-19
9.749663794681389845e+03 2.770522572577561201e-19 8.413257172607866495e-20
9.754669722614444254e+03 3.268875506072010505e-19 6.631749707787487269e-20
9.759675650547500481e+03 8.730608758818318602e-20 6.381220778232906329e-20
9.764681578480554890e+03 1.452839917655372830e-19 6.416369283684656900e-20
9.769687506413611118e+03 1.066470082620532578e-19 6.534135441518045199e-20
9.774693434346667345e+03 7.110687735876585062e-20 6.644567944687198340e-20
9.779699362279723573e+03 1.547466185059850555e-19 8.175725337680699247e-20
9.784705290212779801e+03 1.441282352337455881e-19 1.837503990877154428e-19
9.789711218145834209e+03 1.145847188380935262e-19 2.372575355282335852e-19
9.794717146078890437e+03 1.649710690312303913e-19 2.405720031985443822e-19
9.799723074011944846e+03 2.037148540486626521e-19 1.673636910140724853e-19
9.804729001945001073e+03 2.584864416348902560e-19 1.406516039276978511e-19
9.809734929878057301e+03 1.187509182190251954e-19 1.211419254895760481e-19
9.814740857811113528e+03 1.582949385799560429e-19 1.165350579881461790e-19
9.819746785744169756e+03 1.014452038256027622e-19 1.023537364652681120e-19
9.824752713677224165e+03 3.234881407350815235e-19 9.811679311824626721e-20
9.829758641610280392e+03 7.180706244533491705e-20 9.531223551956822084e-20
9.834764569543334801e+03 1.991229465740360837e-19 8.758964122402258937e-20
9.839770497476391029e+03 7.533524237059372232e-20 1.046859931026331644e-19
9.844776425409447256e+03 5.476282700089144289e-20 1.530890666632228142e-19
9.849782353342503484e+03 1.247757343858147266e-19 1.572363628868900756e-19
9.854788281275559712e+03 1.404539400041392004e-19 1.165087465971341383e-19
9.859794209208614120e+03 1.501599000759977275e-19 9.335768718493267475e-20
9.864800137141670348e+03 2.531909566639578933e-19 1.762460803018733818e-19
9.869806065074724756e+03 1.938379330380614272e-19 2.440602283592678296e-19
9.874811993007780984e+03 1.617442374781217369e-19 2.309099265271679487e-19
9.879817920940837212e+03 2.311545857274031251e-19 1.343508782883837645e-19
9.884823848873893439e+03 3.075572282040867562e-19 1.134895354793511810e-19
9.889829776806949667e+03 2.277331780468698703e-19 1.663694634379653548e-19
9.894835704740004076e+03 -2.605594584446203642e-20 1.793460334736657330e-19
9.899841632673058484e+03 1.451749239711982998e-19 1.531185746227012442e-19
9.904847560606114712e+03 1.750277472541642813e-19 1.330908416365505196e-19
9.909853488539170939e+03 1.744230611249531099e-19 2.411146537104266278e-19
9.914859416472227167e+03 1.744230611249531099e-19 2.581289112666546090e-19
9.919865344405283395e+03 1.744230611249531099e-19 2.052402532408043448e-19
9.924871272338339622e+03 1.744230611249531340e-19 1.175417676363191078e-19
9.929877200271394031e+03 1.744230611249531099e-19 1.163455890219315374e-19
9.934883128204448440e+03 1.744230611249530858e-19 1.841875716235047694e-19
9.939889056137504667e+03 1.744230611249531099e-19 2.966493831877489147e-19
9.944894984070560895e+03 1.744230611249531099e-19 3.485668300108241960e-19
9.949900912003617123e+03 1.744230611249531099e-19 3.246762759782420182e-19
9.954906839936673350e+03 1.744230611249531099e-19 3.282402967689888814e-19
9.959912767869729578e+03 1.744230611249530858e-19 3.439539129921950900e-19
9.964918695802783986e+03 1.744230611249531099e-19 2.951283048115395772e-19
9.969924623735838395e+03 1.744230611249530858e-19 2.236712403647281873e-19
9.974930551668894623e+03 1.744230611249531099e-19 2.091437830460818341e-19
9.979936479601950850e+03 1.744230611249531099e-19 1.661147531424318682e-19
9.984942407535007078e+03 1.744230611249531099e-19 1.402583325383061560e-19
9.989948335468063306e+03 1.744230611249531340e-19 1.361101313017837647e-19
9.994954263401117714e+03 1.744230611249531099e-19 1.742503977432284647e-19
9.999960191334173942e+03 1.744230611249531099e-19 1.936873121350074682e-19
1.000496611926722835e+04 1.744230611249530858e-19 2.715330211655166093e-19
1.000997204720028458e+04 1.744230611249531099e-19 3.859746605591598741e-19
1.001497797513334081e+04 1.744230611249531099e-19 3.874219113986903054e-19
1.001998390306639703e+04 1.744230611249531099e-19 2.968482539243366971e-19
1.002498983099945326e+04 1.744230611249530858e-19 2.537203844096658309e-19
1.002999575893250767e+04 1.744230611249531099e-19 2.202075523378052332e-19
1.003500168686556390e+04 1.744230611249531099e-19 1.703398743628466724e-19
1.004000761479861831e+04 1.744230611249530858e-19 1.850248472988146992e-19
1.004501354273167453e+04 1.744230611249531099e-19 1.824391514384229909e-19
1.005001947066473076e+04 1.744230611249531099e-19 1.645197770859842472e-19
1.005502539859778699e+04 1.744230611249531099e-19 2.148449937810749661e-19
1.006003132653084322e+04 1.744230611249531340e-19 2.579865610133372231e-19
1.006503725446389763e+04 1.744230611249531099e-19 2.650499663036396358e-19
1.007004318239695385e+04 1.744230611249531099e-19 2.314088373820526481e-19
1.007504911033000826e+04 1.744230611249530858e-19 2.693431118360102943e-19
1.008005503826306449e+04 1.744230611249531099e-19 3.516056216764120730e-19
1.008506096619612072e+04 1.744230611249531099e-19 3.611188128223008723e-19
1.009006689412917694e+04 1.744230611249531099e-19 2.562549645843694970e-19
1.009507282206223317e+04 1.744230611249530858e-19 2.318753181065946525e-19
1.010007874999528758e+04 1.744230611249531099e-19 2.968122309979590286e-19
1.010508467792834381e+04 1.744230611249531099e-19 3.047380088729671961e-19
1.011009060586139822e+04 1.744230611249530858e-19 2.455379257223264551e-19
1.011509653379445444e+04 1.744230611249531099e-19 2.646144543788078572e-19
1.012010246172751067e+04 1.744230611249531099e-19 4.241634497413005326e-19
1.012510838966056690e+04 1.744230611249531099e-19 4.343336083159992133e-19
1.013011431759362313e+04 1.744230611249530858e-19 3.365448464959854416e-19
1.013512024552667754e+04 1.744230611249531099e-19 2.284314988655799855e-19
1.014012617345973376e+04 1.744230611249531099e-19 2.272550995167402453e-19
1.014513210139278817e+04 1.744230611249530858e-19 2.705479777035805734e-19
1.015013802932584440e+04 1.744230611249531099e-19 3.378878577525173905e-19
1.015514395725890063e+04 1.744230611249531099e-19 3.601629181333664649e-19
1.016014988519195686e+04 1.744230611249531099e-19 3.272617450931102709e-19
1.016515581312501308e+04 1.744230611249530858e-19 4.080843755529519555e-19
1.017016174105806749e+04 1.744230611249531099e-19 5.145783263983650478e-19
1.017516766899112372e+04 1.744230611249531099e-19 4.892370123426372339e-19
1.018017359692417813e+04 1.744230611249530858e-19 3.674887546664821029e-19
1.018517952485723436e+04 1.744230611249531099e-19 4.285537912001961642e-19
1.019018545279029058e+04 1.744230611249531099e-19 4.371683093735244230e-19
1.019519138072334681e+04 1.744230611249531099e-19 3.992770257230394405e-19
1.020019730865640304e+04 1.744230611249531340e-19 3.808717872191392423e-19
1.020520323658945745e+04 1.744230611249531099e-19 4.957055117186598072e-19
1.021020916452251367e+04 1.744230611249531099e-19 5.454590806758214851e-19
1.021521509245556808e+04 1.744230611249530858e-19 5.131553971284128601e-19
1.022022102038862431e+04 1.744230611249531099e-19 4.525100150764620711e-19
1.022522694832168054e+04 1.744230611249531099e-19 5.351141822560400592e-19
1.023023287625473677e+04 1.744230611249531099e-19 5.556437952592826977e-19
1.023523880418779299e+04 1.744230611249531340e-19 4.400676967317541877e-19
1.024024473212084740e+04 1.744230611249531099e-19 3.335188043208912919e-19
1.024525066005390181e+04 1.744230611249530858e-19 3.111660592924092582e-19
1.025025658798695804e+04 1.744230611249531099e-19 2.973856335190199360e-19
1.025526251592001427e+04 1.744230611249531099e-19 2.921874307077868427e-19
1.026026844385307049e+04 1.744230611249531099e-19 3.114008997928323372e-19
1.026527437178612672e+04 1.744230611249531099e-19 3.439094145372656086e-19
1.027028029971918295e+04 1.744230611249530858e-19 3.701266129974322264e-19
1.027528622765223736e+04 1.744230611249531099e-19 3.769550962667154671e-19
1.028029215558529177e+04 1.744230611249531340e-19 5.777236637445437298e-19
1.028529808351834799e+04 1.744230611249531099e-19 7.869666815106246331e-19
1.029030401145140422e+04 1.744230611249531099e-19 7.941973230648232765e-19
1.029530993938446045e+04 1.744230611249531099e-19 6.107900350265468419e-19
