#  wl flam flam_err
4.803806996822357178e+03 2.163537314078357819e-18 1.525115515272345602e-18
4.808812924755412496e+03 -2.092444801115022979e-18 1.430571557988735051e-18
4.813818852688468723e+03 -1.893692562505889691e-19 1.315340280376376292e-18
4.818824780621524042e+03 1.206436867822200552e-18 1.180493689758518880e-18
4.823830708554580269e+03 4.167303679786948510e-19 1.067008329086570394e-18
4.828836636487635587e+03 5.876338900597914899e-20 1.010458605925418723e-18
4.833842564420691815e+03 5.487681606321710672e-19 9.444937221281421700e-19
4.838848492353747133e+03 9.351963013541673314e-19 8.395288189832171750e-19
4.843854420286802451e+03 3.881133513155866553e-19 7.297715441336094185e-19
4.848860348219858679e+03 -5.338719839624911163e-19 6.718954979335102423e-19
4.853866276152913997e+03 -1.041411254630517239e-19 6.517354549628195338e-19
4.858872204085970225e+03 -1.737778112522121275e-19 6.148071659167920675e-19
4.863878132019025543e+03 8.310323031134836867e-19 5.586755822365089171e-19
4.868884059952080861e+03 5.010640324764150093e-19 5.069443331272440634e-19
4.873889987885137089e+03 -5.593900834807676800e-20 4.792698905909514970e-19
4.878895915818192407e+03 1.099987576833137562e-19 4.638895826603341974e-19
4.883901843751248634e+03 2.855717713883281549e-19 4.302089225435020634e-19
4.888907771684303952e+03 -7.369211006214181120e-20 3.824339956393233792e-19
4.893913699617360180e+03 -5.440111532783286367e-20 3.552239177359642569e-19
4.898919627550415498e+03 -8.252612716854175860e-20 3.493348425931937200e-19
4.903925555483470816e+03 7.619482517361133993e-20 3.409141079472308777e-19
4.908931483416527044e+03 3.268282418639910855e-19 3.183752892948049638e-19
4.913937411349582362e+03 1.327063788828294613e-19 2.887752150433855330e-19
4.918943339282638590e+03 4.210633631935580733e-19 2.779319267921090957e-19
4.923949267215693908e+03 6.072465620523149143e-19 2.790704197234121103e-19
4.928955195148750136e+03 2.519800052963141137e-19 2.739721194820999950e-19
4.933961123081805454e+03 4.865878750337708418e-20 2.579728976987794978e-19
4.938967051014860772e+03 1.783257724880053603e-19 2.430089361187441292e-19
4.943972978947916999e+03 2.607808443911535401e-19 2.427877074920973588e-19
4.948978906880972318e+03 -4.759758417824149172e-21 2.523585870637266644e-19
4.953984834814028545e+03 4.865234723453973026e-19 2.540437873764292896e-19
4.958990762747083863e+03 1.091916412690471777e-19 2.446231892284054880e-19
4.963996690680139181e+03 4.116017799013942177e-19 2.348565678390235770e-19
4.969002618613195409e+03 3.215230214937507248e-19 2.376502929519050830e-19
4.974008546546250727e+03 1.475910409681929166e-19 2.444208431425232814e-19
4.979014474479306955e+03 1.843367216234115602e-19 2.378491291996561080e-19
4.984020402412362273e+03 1.771891511366220832e-19 2.206652181898448563e-19
4.989026330345418501e+03 1.507293175665864050e-19 2.057383299392852158e-19
4.994032258278473819e+03 2.110282496298576447e-19 2.016793078054287038e-19
4.999038186211529137e+03 2.421456576524890523e-19 1.981624964333514561e-19
5.004044114144585365e+03 4.448765946305176964e-19 1.870603993402275306e-19
5.009050042077640683e+03 5.901031252595941318e-19 1.704644456979785765e-19
5.014055970010696910e+03 2.293099214128588579e-19 1.590612127300056221e-19
5.019061897943752228e+03 3.315814499601465833e-19 1.582528992181647720e-19
5.024067825876807547e+03 7.829445295483717909e-20 1.612607893453519438e-19
5.029073753809863774e+03 -1.878219999370104532e-20 1.615531287453398910e-19
5.034079681742919092e+03 9.762525001868396525e-20 1.555134172621942907e-19
5.039085609675975320e+03 -2.072230780394613016e-20 1.508509949765064251e-19
5.044091537609030638e+03 -1.392330230288698593e-20 1.535284536918247195e-19
5.049097465542086866e+03 6.222173976970679798e-21 1.587809208378007769e-19
5.054103393475142184e+03 2.594055695572458320e-19 1.591720156451091887e-19
5.059109321408197502e+03 1.910216754719094935e-19 1.526768127466741853e-19
5.064115249341253730e+03 1.047431168830202504e-19 1.441671303786573311e-19
5.069121177274309048e+03 1.843916007472660623e-19 1.411418649147859317e-19
5.074127105207365275e+03 4.359772167412194793e-20 1.405368737417748722e-19
5.079133033140420594e+03 3.170154406414858789e-20 1.388184067348499059e-19
5.084138961073476821e+03 1.390175215375809631e-19 1.330908092221940776e-19
5.089144889006532139e+03 1.990646155768481956e-19 1.267118019544569638e-19
5.094150816939587457e+03 2.349705232500376180e-19 1.241228727110094209e-19
5.099156744872643685e+03 7.917173049372337065e-20 1.254216442141166073e-19
5.104162672805699003e+03 1.431290436959625167e-19 1.270332270300815773e-19
5.109168600738755231e+03 2.549907462495298557e-19 1.270614889975159487e-19
5.114174528671810549e+03 1.959776152851991859e-19 1.258170059787099646e-19
5.119180456604865867e+03 1.316663543260324882e-19 1.267162903760605105e-19
5.124186384537922095e+03 6.772157068916887522e-20 1.286924056919907228e-19
5.129192312470977413e+03 4.567309545439751471e-20 1.287720076950869028e-19
5.134198240404033641e+03 1.298340764861289974e-19 1.263011634120220738e-19
5.139204168337088959e+03 1.106729992882671766e-19 1.214951512415189776e-19
5.144210096270145186e+03 9.242939352776985554e-20 1.181027989831081631e-19
5.149216024203200504e+03 1.800383864695121688e-19 1.167038004130946269e-19
5.154221952136255823e+03 1.935923210403173327e-19 1.142029995620508887e-19
5.159227880069312050e+03 1.252766621678504682e-19 1.096970370334962065e-19
5.164233808002367368e+03 1.747233301033074592e-19 1.033784218980578751e-19
5.169239735935423596e+03 2.124757190355481337e-19 9.809548594485795796e-20
5.174245663868478914e+03 5.269242065527125965e-20 9.565514756990405724e-20
5.179251591801534232e+03 1.553696223587243822e-19 9.394421988781033659e-20
5.184257519734590460e+03 4.393330093402175655e-20 9.240106607525774280e-20
5.189263447667645778e+03 4.611937636141518780e-20 9.106736387167186363e-20
5.194269375600702006e+03 1.679197204564647783e-19 9.152902144183660098e-20
5.199275303533757324e+03 6.472856044619001684e-20 9.345204159636232247e-20
5.204281231466813551e+03 1.396059743366462326e-19 9.360220670434336302e-20
5.209287159399868870e+03 1.548567997587864765e-19 9.335680042468460763e-20
5.214293087332924188e+03 5.095865123849722845e-20 9.410204816184480129e-20
5.219299015265980415e+03 4.790576350947872853e-20 9.558348672762600074e-20
5.224304943199035733e+03 1.415526814761110516e-19 9.714686494316424302e-20
5.229310871132091961e+03 1.847444620914571719e-19 9.974884498341868001e-20
5.234316799065147279e+03 -1.212887876655017286e-19 1.019823814513351670e-19
5.239322726998203507e+03 2.162051615089536847e-19 1.021397860264293190e-19
5.244328654931258825e+03 2.494575130767996008e-19 1.008557345749941454e-19
5.249334582864314143e+03 2.852804242298795962e-19 1.002682817014920259e-19
5.254340510797370371e+03 -1.418754354752367901e-19 1.009902484957371177e-19
5.259346438730425689e+03 1.088203730900541392e-19 1.026737107648109192e-19
5.264352366663481916e+03 1.234288582773341619e-19 1.047482640079458761e-19
5.269358294596537235e+03 2.017672036330194951e-21 1.053347782864666649e-19
5.274364222529593462e+03 3.492450770888861000e-19 1.124056521409112057e-19
5.279370150462648780e+03 2.800749818899895538e-19 1.206015911778358421e-19
5.284376078395704099e+03 4.488426136233471822e-19 1.340222775382843506e-19
5.289382006328760326e+03 1.807689003652287513e-19 1.560856840083192358e-19
5.294387934261815644e+03 -8.420935800083208318e-21 1.870667321606972810e-19
5.299393862194871872e+03 1.351996341157722285e-19 1.927770978055061171e-19
5.304399790127927190e+03 -1.147971832141567713e-19 1.892856701433188345e-19
5.309405718060982508e+03 7.421458716671942418e-19 1.894597340207841887e-19
5.314411645994038736e+03 1.666284688281797661e-19 1.966512297134950791e-19
5.319417573927094054e+03 4.384182203272602876e-19 1.780483321474787551e-19
5.324423501860150282e+03 3.629987514985151468e-19 1.429296042571873736e-19
5.329429429793205600e+03 2.770617465830041575e-19 9.987425976546233983e-20
5.334435357726260918e+03 1.809891863338647023e-19 8.444072635444566420e-20
5.339441285659317145e+03 2.051176549475375087e-19 8.302845872367086043e-20
5.344447213592372464e+03 3.461895200620215636e-19 8.438133130277158937e-20
5.349453141525428691e+03 3.187021195188953507e-19 8.550182444427223550e-20
5.354459069458484009e+03 3.449684211924261395e-19 8.501943098081538308e-20
5.359464997391540237e+03 2.758478473680112147e-19 8.364244187362550375e-20
5.364470925324595555e+03 3.687973415979850053e-19 8.552166113743886555e-20
5.369476853257650873e+03 2.874385521251592643e-19 9.469707000365633334e-20
5.374482781190707101e+03 2.896206062394672789e-19 1.098908430349384246e-19
5.379488709123762419e+03 2.665942948397292418e-19 1.216981972120169688e-19
5.384494637056818647e+03 2.665429546774861449e-19 1.372143575327570804e-19
5.389500564989873965e+03 3.684764468837119339e-19 1.537473419039116212e-19
5.394506492922930192e+03 1.905990010708397055e-19 1.646367405589323245e-19
5.399512420855985511e+03 3.335192690669260903e-19 1.927567940778431203e-19
5.404518348789040829e+03 1.698885379663669918e-19 2.374289231055430348e-19
5.409524276722097056e+03 2.891751824855212512e-19 2.673264340718881885e-19
5.414530204655152374e+03 3.416844662383317370e-19 2.684290185948351250e-19
5.419536132588208602e+03 3.542036493923237761e-19 2.627810215932047061e-19
5.424542060521263920e+03 2.945178476456390271e-19 2.601855480844492637e-19
5.429547988454320148e+03 3.048776193135843767e-19 2.241164393561559508e-19
5.434553916387375466e+03 3.918687007916402036e-19 1.743758515795896115e-19
5.439559844320430784e+03 3.912337558084874966e-19 1.111561619430189297e-19
5.444565772253487012e+03 4.159647508554425296e-19 8.209789482473218842e-20
5.449571700186542330e+03 4.377092354345408091e-19 7.448136026925015681e-20
5.454577628119598558e+03 3.932019822916668098e-19 6.908660051231585944e-20
5.459583556052653876e+03 2.874512506075617815e-19 6.631530215543211661e-20
5.464589483985709194e+03 3.459742647161077254e-19 6.688170678264312567e-20
5.469595411918765421e+03 3.010257916962745025e-19 6.896428393004369042e-20
5.474601339851820740e+03 2.335146166943281561e-19 7.044098669942487890e-20
5.479607267784876967e+03 2.945037538970943995e-19 7.009712272952225906e-20
5.484613195717932285e+03 3.124292887148654405e-19 6.858904187991706895e-20
5.489619123650987603e+03 2.534508540662152527e-19 6.746731223514003384e-20
5.494625051584043831e+03 3.766494782452358010e-19 6.911512066211509240e-20
5.499630979517099149e+03 3.784534628100568691e-19 7.382685828665814632e-20
5.504636907450155377e+03 5.159546643419221834e-19 7.786122529710393015e-20
5.509642835383210695e+03 3.364414409729070660e-19 7.832304878627392120e-20
5.514648763316266923e+03 1.307393027399353789e-19 7.429558789591392993e-20
5.519654691249322241e+03 2.509489246920616999e-19 6.945008385361879984e-20
5.524660619182377559e+03 2.587145099130155671e-19 6.617799035488579289e-20
5.529666547115433787e+03 3.355149268383331035e-19 6.545209497789146078e-20
5.534672475048489105e+03 3.023108105207772052e-19 6.701048092707136361e-20
5.539678402981545332e+03 3.729933831327195340e-19 6.755141832603218045e-20
5.544684330914600650e+03 3.756382680771880620e-19 6.614255855368601977e-20
5.549690258847656878e+03 3.489476828724322985e-19 6.204366873400353534e-20
5.554696186780712196e+03 2.970758108966087256e-19 5.802776086849464333e-20
5.559702114713767514e+03 3.469989525621408766e-19 5.673658416352871541e-20
5.564708042646823742e+03 2.243047722268201851e-19 5.800467273414784472e-20
5.569713970579879060e+03 1.986410219702585461e-19 9.307655474564863553e-20
5.574719898512935288e+03 2.418196629951760384e-19 1.475731324107952345e-19
5.579725826445990606e+03 3.816016818922545178e-19 1.439997949913002752e-19
5.584731754379046833e+03 4.548075414503013304e-19 8.059499590048871672e-20
5.589737682312102152e+03 2.413274259873111872e-19 5.393580623675890724e-20
5.594743610245157470e+03 2.117579352505617333e-19 5.365974544738156381e-20
5.599749538178213697e+03 3.286126679695309162e-19 5.606356901613241059e-20
5.604755466111269016e+03 9.440628052857425103e-20 5.983771445593522285e-20
5.609761394044325243e+03 -4.801602654471213015e-20 6.168717885335075730e-20
5.614767321977380561e+03 4.495632921953388110e-20 6.187758516418352536e-20
5.619773249910436789e+03 2.848493565414481439e-19 6.093370011128380695e-20
5.624779177843492107e+03 2.540948381316990486e-19 5.957528116844790361e-20
5.629785105776547425e+03 2.734620644221439144e-19 5.921595946305802376e-20
5.634791033709603653e+03 2.480182644493896019e-19 6.081686986292061168e-20
5.639796961642658971e+03 2.477646328460525261e-19 6.241672788530711584e-20
5.644802889575714289e+03 2.546778902369788153e-19 6.239803068536351379e-20
5.649808817508770517e+03 3.194438090483287570e-19 6.056221776400600258e-20
5.654814745441825835e+03 4.199751431184470983e-19 5.719517821113354204e-20
5.659820673374882062e+03 3.159670497970818432e-19 5.460690218761264632e-20
5.664826601307937381e+03 2.185926077089697351e-19 5.330880240564397293e-20
5.669832529240993608e+03 1.527741768097580909e-19 5.408502920698452043e-20
5.674838457174048926e+03 3.227356920395023734e-19 5.580694902783644719e-20
5.679844385107104245e+03 4.363837822936374753e-19 5.744479858842440478e-20
5.684850313040160472e+03 2.966483546933448973e-19 5.795645750759396590e-20
5.689856240973215790e+03 2.849575841978854478e-19 5.694357693198674664e-20
5.694862168906272018e+03 3.688699272110780808e-19 5.547802311996051141e-20
5.699868096839327336e+03 3.447466349263189075e-19 5.442944263086810064e-20
5.704874024772383564e+03 3.870151680555700992e-19 5.481067519194186625e-20
5.709879952705438882e+03 2.298022248519663552e-19 5.721383498844773636e-20
5.714885880638494200e+03 3.053643135216383998e-19 5.987398788570213083e-20
5.719891808571550428e+03 3.217766068510756228e-19 6.170382104462470898e-20
5.724897736504605746e+03 2.759708067938745612e-19 6.171348643495099494e-20
5.729903664437661973e+03 2.527475846482385115e-19 6.029415646339564158e-20
5.734909592370717291e+03 3.678463114981035585e-19 5.829020623699944560e-20
5.739915520303773519e+03 3.986723678051490109e-20 5.764246810373342448e-20
5.744921448236828837e+03 5.865890890919778086e-20 5.824661398739506095e-20
5.749927376169884155e+03 1.506955612681287878e-19 6.048714813897988458e-20
5.754933304102940383e+03 2.921077459559642645e-19 6.231151466695838818e-20
5.759939232035995701e+03 3.838735936353530706e-19 6.307255136637087852e-20
5.764945159969051929e+03 3.755565633314385650e-19 6.102426685870262333e-20
5.769951087902107247e+03 3.437953336645959654e-19 5.757602733167774897e-20
5.774957015835163475e+03 2.805016092964045122e-19 5.454209341067148766e-20
5.779962943768218793e+03 2.947075604036619692e-19 5.286429269837452194e-20
5.784968871701274111e+03 2.196294509544050325e-19 5.291821190990125626e-20
5.789974799634330338e+03 2.620607173392496231e-19 5.405252547132154765e-20
5.794980727567385657e+03 2.999646698991532038e-19 5.453309474645923052e-20
5.799986655500441884e+03 1.709504772792211685e-19 5.419773372131201504e-20
5.804992583433497202e+03 2.397134079637683144e-19 5.322810581160027318e-20
5.809998511366552520e+03 2.078885813522607374e-19 5.178361476690571418e-20
5.815004439299608748e+03 2.172433878818804689e-19 5.083235423696608369e-20
5.820010367232664066e+03 3.011120614509624404e-19 5.093570097631327710e-20
5.825016295165720294e+03 2.991819214093134662e-19 5.233782363696348381e-20
5.830022223098775612e+03 2.863763183225490538e-19 5.352311357352312956e-20
5.835028151031830930e+03 3.583866474365654748e-19 5.428367757850300755e-20
5.840034078964887158e+03 2.653855409283577273e-19 5.417139026695045188e-20
5.845040006897942476e+03 3.326018137424567898e-19 5.341744923354289435e-20
5.850045934830998704e+03 3.597822153700812691e-19 5.249943520894872515e-20
5.855051862764054022e+03 2.645470638012851501e-19 5.158763347633641709e-20
5.860057790697110249e+03 2.235168185396041025e-19 5.360737695483262442e-20
5.865063718630165567e+03 3.212399236703120843e-19 5.672667266928009457e-20
5.870069646563220886e+03 1.812180973025058075e-19 5.772261617069623210e-20
5.875075574496277113e+03 2.624762451057721192e-19 5.581360034708096797e-20
5.880081502429332431e+03 2.880386110805007911e-19 5.606536389113109370e-20
5.885087430362388659e+03 2.867387426666939809e-19 6.565078557393465696e-20
5.890093358295443977e+03 1.191806665006772109e-19 6.823108457335762530e-20
5.895099286228500205e+03 1.624330458327117223e-19 6.229686169500522175e-20
5.900105214161555523e+03 2.167693271859250559e-19 5.463091169894178632e-20
5.905111142094610841e+03 2.745979114171768528e-19 5.196063286499994796e-20
5.910117070027667069e+03 2.625006345819047463e-19 5.365720286923309479e-20
5.915122997960722387e+03 2.610831331962994299e-19 5.432461494938809458e-20
5.920128925893778614e+03 2.724005040821117348e-19 5.379724043255638779e-20
5.925134853826833933e+03 2.435138130793479345e-19 5.277394455671615707e-20
5.930140781759890160e+03 1.916499552119057710e-19 5.269134699329250689e-20
5.935146709692945478e+03 2.954489583112230607e-19 5.075299259511682081e-20
5.940152637626000796e+03 2.208498724984059138e-19 4.831925760826622955e-20
5.945158565559057024e+03 3.496666724096507933e-19 4.861604623086786976e-20
5.950164493492112342e+03 2.698378310588404868e-19 4.998299018946156760e-20
5.955170421425167660e+03 2.137695967922500597e-19 5.000244740052558203e-20
5.960176349358223888e+03 3.436721284209012189e-19 4.824883343676835875e-20
5.965182277291280116e+03 3.163698827003257882e-19 4.799539741331862240e-20
5.970188205224335434e+03 2.930413263762856781e-19 4.840060230708072545e-20
5.975194133157390752e+03 4.072195929502112764e-19 4.828360992799296871e-20
5.980200061090446980e+03 4.004225399139446146e-19 4.694903384582506488e-20
5.985205989023502298e+03 2.221504497784240617e-19 4.562192520731129708e-20
5.990211916956557616e+03 2.231836526711237619e-19 4.616210979877921943e-20
5.995217844889613843e+03 1.917340405299239129e-19 4.714124377205083579e-20
6.000223772822669162e+03 5.648655369723007331e-20 4.817805670224262661e-20
6.005229700755725389e+03 2.582441106630206494e-19 4.830769058045109777e-20
6.010235628688780707e+03 2.323450921817701328e-19 4.777420370656947922e-20
6.015241556621836935e+03 3.142872004858619395e-19 4.773111477946813660e-20
6.020247484554892253e+03 3.522397878334619152e-19 4.736637352832584419e-20
6.025253412487947571e+03 3.010982225695013607e-19 4.650191312033121471e-20
6.030259340421003799e+03 3.527612744893356450e-19 4.650473193367955942e-20
6.035265268354059117e+03 1.349923232557109894e-19 4.638433404645076856e-20
6.040271196287115345e+03 2.347638535451203501e-19 4.592959674893652121e-20
6.045277124220170663e+03 2.399652862730785307e-19 4.569104207434949173e-20
6.050283052153226890e+03 3.513207316801918524e-19 4.538517218333926074e-20
6.055288980086282209e+03 2.975576071737282053e-19 4.481355961839588380e-20
6.060294908019337527e+03 2.642351141470594266e-19 4.440825791480472503e-20
6.065300835952393754e+03 3.302402205523507177e-19 4.386963475512272772e-20
6.070306763885449072e+03 3.067245549216850524e-19 4.328420350842758591e-20
6.075312691818505300e+03 3.211423683279853293e-19 4.291635240705538239e-20
6.080318619751560618e+03 2.905785748394136405e-19 4.275571982844621088e-20
6.085324547684616846e+03 2.483033062672310100e-19 4.272184035607917315e-20
6.090330475617672164e+03 2.821615774860125867e-19 4.259186874005635592e-20
6.095336403550727482e+03 2.900281825774225918e-19 4.227223155757275972e-20
6.100342331483783710e+03 2.355935118623335713e-19 4.195041272350738835e-20
6.105348259416839028e+03 2.285933713415918195e-19 4.159673242821529384e-20
6.110354187349894346e+03 3.106127087532171474e-19 4.089272911824919534e-20
6.115360115282950574e+03 2.911648481892611185e-19 4.038238824216405590e-20
6.120366043216006801e+03 1.980472420153203591e-19 4.058462429594073979e-20
6.125371971149062119e+03 2.748115855166626764e-19 4.096657752105251067e-20
6.130377899082117438e+03 3.199675571728010029e-19 4.183845439483096431e-20
6.135383827015173665e+03 3.769242900886019556e-19 4.316731581120393167e-20
6.140389754948228983e+03 3.546692074887390055e-19 4.402272146545809333e-20
6.145395682881284301e+03 2.975957012886103549e-19 4.306099586191194901e-20
6.150401610814340529e+03 2.245814511361957813e-19 4.111279908755033362e-20
6.155407538747396757e+03 2.761233753662457852e-19 3.915404998509371651e-20
6.160413466680452075e+03 2.817378315563142198e-19 3.758928949828323923e-20
6.165419394613507393e+03 2.548514452283475653e-19 3.719559830171812812e-20
6.170425322546563621e+03 3.152349095167669650e-19 3.757664314472216359e-20
6.175431250479618939e+03 2.859471696207104754e-19 3.723038370163622147e-20
6.180437178412674257e+03 3.054582914523838587e-19 3.680639087465242227e-20
6.185443106345730484e+03 2.617626085068338797e-19 3.695679995720204877e-20
6.190449034278785803e+03 2.964358298674033418e-19 3.704401843043522864e-20
6.195454962211842030e+03 3.552830910614045610e-19 3.689641381546901526e-20
6.200460890144897348e+03 2.613256029094030466e-19 3.668171042240109248e-20
6.205466818077953576e+03 3.282772424018584996e-19 3.591195530871364190e-20
6.210472746011008894e+03 2.968561173520128107e-19 3.496361863079999663e-20
6.215478673944064212e+03 3.155614103375800840e-19 3.505945071135077368e-20
6.220484601877120440e+03 2.607676526644871592e-19 3.530959079225219427e-20
6.225490529810175758e+03 3.617791707019240220e-19 3.609913380743933615e-20
6.230496457743231986e+03 2.528683588865526620e-19 3.980146728012085584e-20
6.235502385676287304e+03 2.823179754993223264e-19 4.282482381308292866e-20
6.240508313609343531e+03 2.106189012842893376e-19 4.161571641941297785e-20
6.245514241542398850e+03 2.538080269501247775e-19 3.832804793994821242e-20
6.250520169475454168e+03 3.023873436570836459e-19 3.870214481202625004e-20
6.255526097408510395e+03 2.167317187445239459e-19 4.159529290901730245e-20
6.260532025341565713e+03 2.694515947073414793e-19 4.261532464214942393e-20
6.265537953274621032e+03 1.973448738139411306e-19 4.006882762185898529e-20
6.270543881207677259e+03 2.905819329629437578e-19 3.997907313096465961e-20
6.275549809140733487e+03 3.024772553071303626e-19 3.981982805521752866e-20
6.280555737073788805e+03 3.477454842351257774e-19 4.170226688277845125e-20
6.285561665006844123e+03 3.149755085591554395e-19 4.320326092363921566e-20
6.290567592939900351e+03 2.150352486911289497e-19 4.528132146826446281e-20
6.295573520872955669e+03 2.785177933655890923e-19 5.942652100430678365e-20
6.300579448806010987e+03 2.704032231835065150e-19 6.183448325127756928e-20
6.305585376739067215e+03 1.591914285446528779e-19 5.066569498766870298e-20
6.310591304672123442e+03 2.732815717490417350e-19 3.852300193974576973e-20
6.315597232605178760e+03 2.571465029229337441e-19 3.497314776336993203e-20
6.320603160538234079e+03 2.793092451525102013e-19 3.522611112236339127e-20
6.325609088471290306e+03 2.437889575714330585e-19 3.721714201644407172e-20
6.330615016404345624e+03 2.777364699259966912e-19 3.658701568054522855e-20
6.335620944337400942e+03 3.452356109130533570e-19 3.496294775949098133e-20
6.340626872270457170e+03 3.216467598172082742e-19 3.499556656696363390e-20
6.345632800203512488e+03 2.861894443518062576e-19 3.620312542751490891e-20
6.350638728136568716e+03 2.313971433818383318e-19 3.781853853431497492e-20
6.355644656069624034e+03 2.514506638117769937e-19 3.977832393973357606e-20
6.360650584002680262e+03 3.565405323549961832e-19 4.416448479812220240e-20
6.365656511935735580e+03 3.394077463381950397e-19 4.265666106690972427e-20
6.370662439868790898e+03 2.719397746639303564e-19 3.621340541208129707e-20
6.375668367801847126e+03 2.556574054460421235e-19 3.468684356930571110e-20
6.380674295734902444e+03 2.863469313177277796e-19 3.591813552344769966e-20
6.385680223667958671e+03 3.399386576455696871e-19 3.674598872872024500e-20
6.390686151601013989e+03 3.236495694779332026e-19 3.710914484751228188e-20
6.395692079534070217e+03 3.832460933188391673e-19 3.753838360685069898e-20
6.400698007467125535e+03 3.596635942643600430e-19 3.826294709597874026e-20
6.405703935400180853e+03 2.146677372485863342e-19 3.821157875026065886e-20
6.410709863333237081e+03 3.206782441470328227e-19 3.768447878902697835e-20
6.415715791266292399e+03 2.245753016932891675e-19 3.707139105612839333e-20
6.420721719199348627e+03 3.550428922697690837e-19 3.573316331865363167e-20
6.425727647132403945e+03 2.213239741402080142e-19 3.405053845063669148e-20
6.430733575065460172e+03 2.561579863910472473e-19 3.253169913094877977e-20
6.435739502998515491e+03 3.001420873776527762e-19 3.160535781811939116e-20
6.440745430931570809e+03 2.847319818945857004e-19 3.114256440145965695e-20
6.445751358864627036e+03 2.878118530881206155e-19 3.137698566968816956e-20
6.450757286797682355e+03 2.641549395021289806e-19 3.213504967488740367e-20
6.455763214730737673e+03 2.373717454082443917e-19 3.316985211413021479e-20
6.460769142663793900e+03 2.665303099683839333e-19 3.579529479043479892e-20
6.465775070596850128e+03 3.299414054751921545e-19 3.780907498680210757e-20
6.470780998529905446e+03 2.377489168011012268e-19 3.692396481222157372e-20
6.475786926462960764e+03 2.396347278332084199e-19 3.469890475913721549e-20
6.480792854396016992e+03 2.845959851953190663e-19 3.329068207354388080e-20
6.485798782329072310e+03 2.569875547649899422e-19 3.226312329856248206e-20
6.490804710262127628e+03 2.587189550254891175e-19 3.316225539245639147e-20
6.495810638195183856e+03 3.169778215762598744e-19 3.638901021562637814e-20
6.500816566128239174e+03 3.034383174449809750e-19 3.734476246622673875e-20
6.505822494061295401e+03 3.009594288891089020e-19 3.473365656153583016e-20
6.510828421994350720e+03 2.519750562720329786e-19 3.388354277825309679e-20
6.515834349927406947e+03 2.680078308063747571e-19 3.533080450701019936e-20
6.520840277860462265e+03 2.911738906913716389e-19 3.710318497114896619e-20
6.525846205793517584e+03 2.366007598870499474e-19 4.012326782150186223e-20
6.530852133726573811e+03 2.792635008469864656e-19 4.166597898764282927e-20
6.535858061659629129e+03 2.658924084474392823e-19 4.071540939511199875e-20
6.540863989592685357e+03 2.870951236781484492e-19 3.780570077912906534e-20
6.545869917525740675e+03 2.555384637912937333e-19 3.782116923518302211e-20
6.550875845458796903e+03 3.367488587816187332e-19 3.799951092431294506e-20
6.555881773391852221e+03 3.727689322189976327e-19 3.732917677525939305e-20
6.560887701324907539e+03 2.076407703790281061e-19 3.496927991232225675e-20
6.565893629257963767e+03 2.191424357385256363e-19 3.397211529893983873e-20
6.570899557191019085e+03 1.724680531235455837e-19 3.331137532923591844e-20
6.575905485124075312e+03 1.780241309426909218e-19 3.355221055892151396e-20
6.580911413057130630e+03 2.542164705537543069e-19 3.267988419421242190e-20
6.585917340990186858e+03 2.812754368517593289e-19 3.112776959629659286e-20
6.590923268923242176e+03 3.260441671916795808e-19 3.178954819852664255e-20
6.595929196856297494e+03 2.652103343479926443e-19 3.276042845138943956e-20
6.600935124789353722e+03 3.028157196301458149e-19 3.381044717960875880e-20
6.605941052722409040e+03 2.957503315856493064e-19 3.347645764050006563e-20
6.610946980655464358e+03 2.192715824796967915e-19 3.181495878541802594e-20
6.615952908588520586e+03 2.253533520621527031e-19 3.124022568970607558e-20
6.620958836521576814e+03 2.472931790450015571e-19 3.113926085044228089e-20
6.625964764454632132e+03 2.363526076874376383e-19 3.132907974700412176e-20
6.630970692387687450e+03 2.303523351260164903e-19 3.166539458346936875e-20
6.635976620320743677e+03 2.238711899622219659e-19 3.164916107790740828e-20
6.640982548253798996e+03 2.741077883523036197e-19 3.159143958979743397e-20
6.645988476186854314e+03 2.429762109793199558e-19 3.228996996170262728e-20
6.650994404119910541e+03 2.434251693076092403e-19 3.335470332259112247e-20
6.656000332052965859e+03 2.170507530542670121e-19 3.433813553855199715e-20
6.661006259986022087e+03 1.175601827398565395e-19 3.479224268347854686e-20
6.666012187919077405e+03 1.111508656189042853e-19 3.446366289157172616e-20
6.671018115852133633e+03 1.272120270436509282e-19 3.383678451809438060e-20
6.676024043785188951e+03 2.395055484267449824e-19 3.292886621500969082e-20
6.681029971718244269e+03 2.620202605471173593e-19 3.226785057025812935e-20
6.686035899651300497e+03 2.736674125615473634e-19 3.129848541432623227e-20
6.691041827584355815e+03 2.926408497627247160e-19 3.051249797985650762e-20
6.696047755517412043e+03 2.274487022889946155e-19 2.983226224902761534e-20
6.701053683450467361e+03 2.622864933592997942e-19 2.931936656205439895e-20
6.706059611383523588e+03 2.569415409957993324e-19 2.868552683835118494e-20
6.711065539316578906e+03 2.999567465956137739e-19 2.837942772192851439e-20
6.716071467249634225e+03 2.709661409484463401e-19 2.839573101279273313e-20
6.721077395182690452e+03 2.617897571857212473e-19 2.847885604873567972e-20
6.726083323115745770e+03 3.245762217050390513e-19 2.901155321375339780e-20
6.731089251048801998e+03 2.463557026852811376e-19 2.947440173964805656e-20
6.736095178981857316e+03 2.113640544323964699e-19 3.010660929520207140e-20
6.741101106914913544e+03 2.894472188305623127e-19 3.063014680027667006e-20
6.746107034847968862e+03 2.570046186816801759e-19 3.099608171479608016e-20
6.751112962781024180e+03 2.755087370696066171e-19 3.111845904782146840e-20
6.756118890714080408e+03 2.545397591698436947e-19 3.116650227954981166e-20
6.761124818647135726e+03 2.984490205412056812e-19 3.131452314479233770e-20
6.766130746580191044e+03 2.848480668250716635e-19 3.125655783998951333e-20
6.771136674513247272e+03 2.802385869498224982e-19 3.115833375001294437e-20
6.776142602446303499e+03 3.104933559036102159e-19 3.145275903129257685e-20
6.781148530379358817e+03 2.593438058297178869e-19 3.166143804276700230e-20
6.786154458312414135e+03 2.963284884884252004e-19 3.152082945763664015e-20
6.791160386245470363e+03 2.749977359499357159e-19 3.088426517153681979e-20
6.796166314178525681e+03 2.689054928099126729e-19 3.056400384900915079e-20
6.801172242111580999e+03 3.112362245537715591e-19 3.031294351420573073e-20
6.806178170044637227e+03 2.550378804992006382e-19 3.033472706040913563e-20
6.811184097977693455e+03 3.133301783990332114e-19 3.024914738222091995e-20
6.816190025910748773e+03 3.407664248976932630e-19 3.025153187238477659e-20
6.821195953843804091e+03 3.116071091705880675e-19 3.323322772590291107e-20
6.826201881776860318e+03 4.476289185163735080e-19 3.927903912960053081e-20
6.831207809709915637e+03 2.937714926335976820e-19 4.173344143923084270e-20
6.836213737642970955e+03 2.616206288439908879e-19 3.715470745578096884e-20
6.841219665576027182e+03 2.880709964025994490e-19 3.172441393017903445e-20
6.846225593509082501e+03 2.879576723096848079e-19 2.967790262842082193e-20
6.851231521442138728e+03 2.754143149162501747e-19 2.846906486418785598e-20
6.856237449375194046e+03 2.983756081811083982e-19 3.193318834477965505e-20
6.861243377308250274e+03 2.726246901643474048e-19 4.167013000591534903e-20
6.866249305241305592e+03 2.989636038941901836e-19 4.696129344757558718e-20
6.871255233174360910e+03 2.716195700026092575e-19 4.086012382299641247e-20
6.876261161107417138e+03 2.290188106736508482e-19 3.732904458179040413e-20
6.881267089040473365e+03 3.055610035652957235e-19 3.707279393228350385e-20
6.886273016973527774e+03 2.733813864565039246e-19 3.870971249788463583e-20
6.891278944906584002e+03 2.697954351221964450e-19 3.954457148778994092e-20
6.896284872839640229e+03 2.973165895230830085e-19 4.049609467933121924e-20
6.901290800772695547e+03 2.842841027278722875e-19 4.047486162894202259e-20
6.906296728705750866e+03 2.937293251054349080e-19 4.082517640119280743e-20
6.911302656638807093e+03 2.694922484545349833e-19 4.081137822818094155e-20
6.916308584571862411e+03 2.441812321576719508e-19 4.265589244430897872e-20
6.921314512504917730e+03 1.196724158819570492e-19 4.177127774749354197e-20
6.926320440437973957e+03 1.638122810522299092e-19 3.796138109376573988e-20
6.931326368371030185e+03 1.784937112530757832e-19 3.203697668579091014e-20
6.936332296304085503e+03 1.718487948210486382e-19 3.304044641696893328e-20
6.941338224237140821e+03 2.189083104353340861e-19 3.433422575252862713e-20
6.946344152170197049e+03 2.866150374670954261e-19 3.578999699979862015e-20
6.951350080103252367e+03 2.281082172157968848e-19 3.428354190869640823e-20
6.956356008036307685e+03 2.093946564437625905e-19 2.909945528930319561e-20
6.961361935969363913e+03 2.251358464412714785e-19 2.856609132545594143e-20
6.966367863902420140e+03 2.840310117952849274e-19 2.985289068652969519e-20
6.971373791835475458e+03 2.984394716024177339e-19 3.186721482463037446e-20
6.976379719768530776e+03 2.813826401629452616e-19 3.270480179040402016e-20
6.981385647701587004e+03 2.862028248462100589e-19 3.204026918166772747e-20
6.986391575634642322e+03 2.424247432993771539e-19 2.920745510489998135e-20
6.991397503567697640e+03 2.956956759018810964e-19 2.927127840322496741e-20
6.996403431500753868e+03 1.961579529602142371e-19 3.001758788685604143e-20
7.001409359433810096e+03 2.477863450751675063e-19 3.095968196803200056e-20
7.006415287366865414e+03 2.455810309826528373e-19 3.263271909640700940e-20
7.011421215299920732e+03 2.479114372329627333e-19 3.233885106922643356e-20
7.016427143232976960e+03 2.416984211587811832e-19 3.130614661131623594e-20
7.021433071166032278e+03 2.698816212362379440e-19 3.034044598230130893e-20
7.026438999099087596e+03 2.102240815963044756e-19 3.070760042768264221e-20
7.031444927032143823e+03 2.819867805111214288e-19 3.112577332772314238e-20
7.036450854965200051e+03 2.562637623135697088e-19 3.195487292858405455e-20
7.041456782898254460e+03 2.555324015088715988e-19 3.315432824296934064e-20
7.046462710831310687e+03 2.422384998911898033e-19 3.362815754362854912e-20
7.051468638764366915e+03 2.221717547910607459e-19 3.234099771131845109e-20
7.056474566697422233e+03 2.920045161891332903e-19 3.062114438766354279e-20
7.061480494630477551e+03 2.743399551328306704e-19 3.024828035102197545e-20
7.066486422563533779e+03 3.055273543668069449e-19 3.034351188726201323e-20
7.071492350496589097e+03 2.862684228510851331e-19 3.004242661341967786e-20
7.076498278429644415e+03 2.856771457079309331e-19 2.987055685309671332e-20
7.081504206362700643e+03 2.227971002753825415e-19 3.005177055306919584e-20
7.086510134295756870e+03 2.295021582799811684e-19 3.006141143172933023e-20
7.091516062228812189e+03 2.360709361330449071e-19 2.936196476585711979e-20
7.096521990161867507e+03 2.160701355395170901e-19 2.860305572611915351e-20
7.101527918094923734e+03 2.725981716182889935e-19 2.842639216928774478e-20
7.106533846027979052e+03 2.348035502537967224e-19 2.837680322783332044e-20
7.111539773961034371e+03 2.511621682299284732e-19 2.840649636214608474e-20
7.116545701894090598e+03 2.243305195242131975e-19 2.822690305575953789e-20
7.121551629827146826e+03 3.145552467987763332e-19 2.847350228217039628e-20
7.126557557760202144e+03 2.829592180132957630e-19 2.904868865778021714e-20
7.131563485693257462e+03 2.883558315058664129e-19 2.906190239355269335e-20
7.136569413626313690e+03 2.803791691670753802e-19 2.938711314073991380e-20
7.141575341559369008e+03 2.648340095060030858e-19 3.048854502963065344e-20
7.146581269492424326e+03 1.899983126249678458e-19 3.094864282322368557e-20
7.151587197425480554e+03 3.104716620665121218e-19 3.052045413817491791e-20
7.156593125358536781e+03 2.396976890413763691e-19 3.104921183510444255e-20
7.161599053291592099e+03 2.778380015226257332e-19 3.208953153274733530e-20
7.166604981224647418e+03 2.559656372962937215e-19 3.251019189358203846e-20
7.171610909157703645e+03 3.189573666584338980e-19 3.236381818226811376e-20
7.176616837090758963e+03 2.957570209099489962e-19 3.188353805803636636e-20
7.181622765023814281e+03 2.071496872715606102e-19 3.113391592712542531e-20
7.186628692956870509e+03 1.758020022902335050e-19 3.006940216744773642e-20
7.191634620889926737e+03 7.047310798061125318e-20 2.948830610904696186e-20
7.196640548822981145e+03 1.616025585052612639e-19 2.937577986453481828e-20
7.201646476756037373e+03 2.533936745569933883e-19 2.908162471589238169e-20
7.206652404689093601e+03 2.078039381249195301e-19 2.877326850843026131e-20
7.211658332622148919e+03 2.893960665430685470e-19 2.846133432590065704e-20
7.216664260555204237e+03 2.473349130704171219e-19 2.840916185645738369e-20
7.221670188488260465e+03 2.182549388488484086e-19 2.867693035416318190e-20
7.226676116421315783e+03 2.666867802207146150e-19 2.871780591378159343e-20
7.231682044354371101e+03 1.833181090277996458e-19 3.265102493424332991e-20
7.236687972287427328e+03 2.791399632809665975e-19 4.410606651806386029e-20
7.241693900220483556e+03 4.036754883163404798e-20 5.085046874323622107e-20
7.246699828153538874e+03 2.080412603921212060e-19 4.515669659587701361e-20
7.251705756086594192e+03 2.303582273272357275e-19 3.572028742345824835e-20
7.256711684019650420e+03 2.073225429010586775e-19 3.160487307237667490e-20
7.261717611952705738e+03 2.572300627100798376e-19 2.966886770545687973e-20
7.266723539885761056e+03 2.425943834921368668e-19 3.236473657560494920e-20
7.271729467818817284e+03 2.314005411238820096e-19 4.681598989777440132e-20
7.276735395751873511e+03 2.524550679907814806e-19 5.193823292781267714e-20
7.281741323684928830e+03 1.524546202947412559e-19 4.775544151489069107e-20
7.286747251617984148e+03 2.308686524077380797e-19 4.052674842743920984e-20
7.291753179551040375e+03 2.232557569290679803e-19 3.667387547957687802e-20
7.296759107484095694e+03 2.731652972379920408e-19 3.807579409260209032e-20
7.301765035417151012e+03 3.526768804125813063e-19 3.865288689535448999e-20
7.306770963350207239e+03 1.904325145726478087e-19 3.883787393564176647e-20
7.311776891283263467e+03 2.741051199770928542e-19 4.672614909463646671e-20
7.316782819216318785e+03 3.302838688031000888e-19 4.675731467985331556e-20
7.321788747149374103e+03 3.331270622449479550e-19 4.005371926338827974e-20
7.326794675082430331e+03 2.855370509840751860e-19 3.755393544690481784e-20
7.331800603015485649e+03 2.705293508926062021e-19 3.914093320086955605e-20
7.336806530948540967e+03 1.473708498225377030e-19 4.643123477224567696e-20
7.341812458881597195e+03 2.365609415787987719e-19 4.672385909308377255e-20
7.346818386814653422e+03 2.125203726150014906e-19 3.665088451524750424e-20
7.351824314747707831e+03 2.229761409237340835e-19 3.261846791966268720e-20
7.356830242680764059e+03 2.218833584948798298e-19 3.530592798091497367e-20
7.361836170613820286e+03 2.204712728319930205e-19 3.846634750069620771e-20
7.366842098546875604e+03 1.110716898536320728e-19 4.199613588116045536e-20
7.371848026479930923e+03 3.462801234422579932e-19 4.076217884189384291e-20
7.376853954412987150e+03 2.759370192450762622e-19 3.095011464241369649e-20
7.381859882346043378e+03 2.748747765871788826e-19 2.846254157660714882e-20
7.386865810279097786e+03 2.995700770090717714e-19 3.200841336975242406e-20
7.391871738212154014e+03 1.988082365184005890e-19 3.402690183231251058e-20
7.396877666145210242e+03 2.220398949408593174e-19 3.893933432757388954e-20
7.401883594078265560e+03 3.318675786803793143e-19 3.904653315186524367e-20
7.406889522011320878e+03 1.812125770827585465e-19 3.525523518259895083e-20
7.411895449944377106e+03 2.095436836515091880e-19 3.096011253456685453e-20
7.416901377877432424e+03 1.912406633103159401e-19 3.164176118058927837e-20
7.421907305810487742e+03 2.126054622947707432e-19 3.283497723870399312e-20
7.426913233743543969e+03 1.829121179141165585e-19 3.465839688240971945e-20
7.431919161676600197e+03 1.992724289867229793e-19 3.730700712146514334e-20
7.436925089609655515e+03 1.512063335542981343e-19 3.690706618934078192e-20
7.441931017542710833e+03 2.641102089387222038e-19 3.475627308313960810e-20
7.446936945475767061e+03 2.433667484266081593e-19 3.020007690434769114e-20
7.451942873408822379e+03 2.720599373053966147e-19 2.985806895769347059e-20
7.456948801341877697e+03 2.119717127136857737e-19 3.069846022551802431e-20
7.461954729274933925e+03 2.667853086105394527e-19 3.245425012033139427e-20
7.466960657207990153e+03 2.219271107456097418e-19 3.516808175941759217e-20
7.471966585141045471e+03 1.752921924976779501e-19 3.633265129729369362e-20
7.476972513074100789e+03 2.206394317658000875e-19 3.759566290086544817e-20
7.481978441007157016e+03 3.153384607661012954e-19 3.620190975033487044e-20
7.486984368940212335e+03 3.322642185372690927e-19 3.314546223256390005e-20
7.491990296873267653e+03 2.182986812392176950e-19 3.010286487626127340e-20
7.496996224806323880e+03 1.460302106868700984e-19 2.948929726668904118e-20
7.502002152739380108e+03 1.889666865647007745e-19 2.849046059557014465e-20
7.507008080672435426e+03 2.445973039735241490e-19 2.821531369352506635e-20
7.512014008605490744e+03 1.873489061884172954e-19 2.920170612339729825e-20
7.517019936538546972e+03 1.988031943843818856e-19 3.526461807162108824e-20
7.522025864471602290e+03 2.691201895941966551e-19 4.169096650365151137e-20
7.527031792404657608e+03 1.720574217576651676e-19 4.223201411449209041e-20
7.532037720337713836e+03 1.964434140094059622e-19 3.499050452829781515e-20
7.537043648270770063e+03 2.677404473358774610e-19 3.233746128356352392e-20
7.542049576203824472e+03 2.138120547534203900e-19 3.155480298377792613e-20
7.547055504136880700e+03 1.474009288753150217e-19 3.163061415473315011e-20
7.552061432069936927e+03 2.532382794793771634e-19 3.340104486988830062e-20
7.557067360002992245e+03 2.691429388541082564e-19 3.363581344153830595e-20
7.562073287936047564e+03 2.104834904865090081e-19 3.334997649217885611e-20
7.567079215869103791e+03 2.130606918703165480e-19 3.837704540795415305e-20
7.572085143802159109e+03 2.649738028044545483e-19 3.927077786107546969e-20
7.577091071735214427e+03 2.830930904168686966e-19 3.418939267694737576e-20
7.582096999668270655e+03 2.441186301547613405e-19 3.200082162955643073e-20
7.587102927601326883e+03 1.615474534217005440e-19 3.181369275766856504e-20
7.592108855534382201e+03 2.515704681221769260e-19 4.562280301415368381e-20
7.597114783467437519e+03 1.929075447779905404e-19 6.860790673881880512e-20
7.602120711400493747e+03 2.714071198766237748e-19 8.454184621716932992e-20
7.607126639333549065e+03 1.462784695958146107e-19 7.101784046417957798e-20
7.612132567266604383e+03 2.235003551057357197e-19 5.530914445766116941e-20
7.617138495199660611e+03 3.167612227734139592e-19 4.636892622412644100e-20
7.622144423132716838e+03 2.349301996467974941e-19 5.323329439943986604e-20
7.627150351065772156e+03 2.229916339580656567e-19 5.777663936411197139e-20
7.632156278998827474e+03 1.884024398417471838e-19 5.530942420202017113e-20
7.637162206931883702e+03 1.576258245554883399e-19 4.772792374646350950e-20
7.642168134864939020e+03 2.348957662854248932e-19 4.467355408823654989e-20
7.647174062797994338e+03 2.124778531037308949e-19 4.250117493892177103e-20
7.652179990731050566e+03 1.966492474916733515e-19 4.100236635819362789e-20
7.657185918664106794e+03 2.352464830419940391e-19 4.258783638019538043e-20
7.662191846597162112e+03 2.737595581088094202e-19 4.295206773451467689e-20
7.667197774530217430e+03 2.599747917654431130e-19 3.968383015640350835e-20
7.672203702463273657e+03 2.112659070775592596e-19 3.545652290988544548e-20
7.677209630396328976e+03 2.494949833951957259e-19 3.531203700723902798e-20
7.682215558329384294e+03 2.746011460114610073e-19 3.542197817910555749e-20
7.687221486262440521e+03 2.190026636484198251e-19 3.487883414381714813e-20
7.692227414195496749e+03 2.255694938804296217e-19 3.502463656489321444e-20
7.697233342128551158e+03 3.068317601773867794e-19 3.549899760755481328e-20
7.702239270061607385e+03 2.146468373888204441e-19 3.386357460325300987e-20
7.707245197994663613e+03 2.291922261099481160e-19 4.541368617200286161e-20
7.712251125927718931e+03 2.284230475404606177e-19 5.699503525613645547e-20
7.717257053860774249e+03 1.712038864238610864e-20 5.519862951889142504e-20
7.722262981793830477e+03 2.219544459116282638e-19 4.332558995691388876e-20
7.727268909726885795e+03 1.794099405166768023e-19 3.501605036092419214e-20
7.732274837659941113e+03 1.803308941849773867e-19 3.133030193216473500e-20
7.737280765592997341e+03 2.304529142718428358e-19 3.013035717083864488e-20
7.742286693526053568e+03 1.255937541463120184e-19 3.627109496626296517e-20
7.747292621459108886e+03 1.132633234366932541e-19 5.008603200428521705e-20
7.752298549392164205e+03 3.000508155046218630e-19 5.252676807987122328e-20
7.757304477325220432e+03 1.236302719092939938e-19 4.397692667701397021e-20
7.762310405258275750e+03 1.980788700045032311e-19 3.819734405869327056e-20
7.767316333191331069e+03 2.289675409250709069e-19 3.590547190210309796e-20
7.772322261124387296e+03 2.724735144404463356e-19 3.900119052721199006e-20
7.777328189057443524e+03 1.933397408732669556e-19 4.140849373439749138e-20
7.782334116990498842e+03 2.018886625841811345e-19 3.866356028098919315e-20
7.787340044923554160e+03 2.384309696938596206e-19 4.539363794041227747e-20
7.792345972856610388e+03 9.715915013927438750e-20 5.325918786176554013e-20
7.797351900789665706e+03 1.374479164438726140e-19 5.027202731130489002e-20
7.802357828722721024e+03 1.293226147761797410e-19 4.253246031721053903e-20
7.807363756655777252e+03 3.112534179301550294e-19 4.473194318896804439e-20
7.812369684588833479e+03 2.654068105666778028e-19 4.620415742179626261e-20
7.817375612521888797e+03 3.035947731386667910e-19 5.615535306542087991e-20
7.822381540454944115e+03 2.369523755691605091e-19 5.671522854303239143e-20
7.827387468388000343e+03 2.506977671662413274e-19 4.253270761206949352e-20
7.832393396321055661e+03 2.253763690807994806e-19 3.463135681725736926e-20
7.837399324254110979e+03 2.888475639387071698e-19 3.977456493688303386e-20
7.842405252187167207e+03 1.341778331079732947e-19 4.111166614575711271e-20
7.847411180120223435e+03 3.144231553471557711e-19 5.157047361640570675e-20
7.852417108053277843e+03 3.135931114148716475e-19 5.840509672005865369e-20
7.857423035986334071e+03 3.434411337650308115e-19 5.611070031404849902e-20
7.862428963919390299e+03 1.903778644867796787e-19 4.648316059052695879e-20
7.867434891852445617e+03 1.709872764130463417e-19 4.630914178929212482e-20
7.872440819785500935e+03 2.688598464274184949e-19 4.651622112381996265e-20
7.877446747718557162e+03 2.456146032837440136e-19 4.359088680842526871e-20
7.882452675651613390e+03 2.609439911316398955e-19 4.521258273209683201e-20
7.887458603584667799e+03 4.851809637225028084e-19 4.711070122476359582e-20
7.892464531517724026e+03 2.139392851306813676e-19 4.492235615113392613e-20
7.897470459450780254e+03 2.276064702487226360e-19 3.590747463881334609e-20
7.902476387383835572e+03 2.203785221288524847e-19 3.389217709089502304e-20
7.907482315316890890e+03 2.420190594724187514e-19 5.117002564738176663e-20
7.912488243249947118e+03 2.542213052905509399e-19 6.361961175482863713e-20
7.917494171183002436e+03 2.488962610552686938e-19 6.587590245743337848e-20
7.922500099116057754e+03 1.572428267572635659e-19 5.235990239346052406e-20
7.927506027049113982e+03 1.601708208012016211e-19 4.937155382273203758e-20
7.932511954982170209e+03 1.934144335560236023e-19 4.587343347508392939e-20
7.937517882915225528e+03 1.178599632398531450e-19 3.942665682788077544e-20
7.942523810848280846e+03 2.239690788140108011e-19 3.871173824085698570e-20
7.947529738781337073e+03 1.881002787592555824e-19 4.111544811100697300e-20
7.952535666714392391e+03 1.722041277854143590e-19 3.848771120783061792e-20
7.957541594647447710e+03 1.209674177444718306e-19 4.255185168706511345e-20
7.962547522580503937e+03 1.907527739598362341e-19 5.227248336898325564e-20
7.967553450513560165e+03 2.582803615589741146e-19 4.996716040563909329e-20
7.972559378446615483e+03 3.491017728029388467e-19 4.065755337651453015e-20
7.977565306379670801e+03 2.765831396238102370e-19 4.150148413627120030e-20
7.982571234312727029e+03 1.510022377936624143e-19 4.016730514163665702e-20
7.987577162245782347e+03 1.994721836601550036e-19 4.683318789232313110e-20
7.992583090178837665e+03 2.701354566094925741e-20 5.193163321060500293e-20
7.997589018111893893e+03 1.771446781995100986e-19 4.641971431228240827e-20
8.002594946044950120e+03 2.103274693072503509e-19 3.239518613249158975e-20
8.007600873978005438e+03 2.688709801325676864e-19 3.438769452331147505e-20
8.012606801911060757e+03 3.262402289449386220e-19 3.813350140249291504e-20
8.017612729844116984e+03 2.521053252046572617e-19 4.168816936959551032e-20
8.022618657777172302e+03 1.157811786909630316e-19 4.848184010727175375e-20
8.027624585710227620e+03 2.685692350254453620e-19 4.896133080764680877e-20
8.032630513643283848e+03 1.697596745084098360e-19 3.888526624504999032e-20
8.037636441576340076e+03 1.484553222771642070e-19 3.274331398314808824e-20
8.042642369509394484e+03 1.325241205157755425e-19 3.350234370110859322e-20
8.047648297442450712e+03 2.239878202349116101e-19 3.797305355365764736e-20
8.052654225375506940e+03 1.776430002827451474e-19 4.033137762528769906e-20
8.057660153308562258e+03 3.228653240053232631e-19 4.558832941927986148e-20
8.062666081241617576e+03 1.222539007585718602e-19 4.523459093759760572e-20
8.067672009174673803e+03 1.586627678466327480e-19 3.917452487795381229e-20
8.072677937107729122e+03 1.823331055939862862e-19 3.432648684597778398e-20
8.077683865040784440e+03 2.091833706782948790e-19 3.428995516105507687e-20
8.082689792973840667e+03 2.164631371356066991e-19 3.393493764441963081e-20
8.087695720906896895e+03 1.222861442266651150e-19 3.450751395158105180e-20
8.092701648839952213e+03 1.892579417754635580e-19 3.477068838238488558e-20
8.097707576773007531e+03 2.065196097754461937e-19 3.706029958210953765e-20
8.102713504706063759e+03 2.619217659077319271e-19 3.650633041861273302e-20
8.107719432639119077e+03 2.101079517420363251e-19 3.391518489265516940e-20
8.112725360572174395e+03 1.500641032986321352e-19 3.148906087413575449e-20
8.117731288505230623e+03 2.110882210556564999e-19 3.122558080711781727e-20
8.122737216438286850e+03 1.412044908336444131e-19 3.146474736654017308e-20
8.127743144371342169e+03 1.727797593283208396e-19 3.196542392272215677e-20
8.132749072304397487e+03 1.716852281915315899e-19 3.290246368081707909e-20
8.137755000237453714e+03 1.397141933124317744e-19 3.386185669832485524e-20
8.142760928170509032e+03 2.671905687545327944e-19 3.480319200969818738e-20
8.147766856103564351e+03 1.712155582342577781e-19 3.417284359704131016e-20
8.152772784036620578e+03 1.873490292090091025e-19 3.317323136309992940e-20
8.157778711969676806e+03 1.728041131927383072e-19 3.283160146009865138e-20
8.162784639902732124e+03 9.228987707181714193e-20 3.317870742906471053e-20
8.167790567835787442e+03 1.842486913207149219e-19 3.388215249064834261e-20
8.172796495768843670e+03 1.227296681769647497e-19 3.439564581619496183e-20
8.177802423701898988e+03 2.201735641165669933e-19 3.516557993734012661e-20
8.182808351634954306e+03 1.593631784073397339e-19 3.660580670118230039e-20
8.187814279568010534e+03 1.788789356901295267e-19 3.762364101702184129e-20
8.192820207501066761e+03 2.067727241246169441e-19 3.762306564757993875e-20
8.197826135434121170e+03 1.747352402409838083e-19 3.662509541970577986e-20
8.202832063367177398e+03 2.304836662981112852e-19 3.560594291487311794e-20
8.207837991300233625e+03 2.721119120897329829e-19 3.537244270304175188e-20
8.212843919233288034e+03 3.139305041941542228e-19 3.456332957264021963e-20
8.217849847166344261e+03 3.561191322532661227e-19 3.407328793924387325e-20
8.222855775099400489e+03 2.612369563874712993e-19 3.339027469482970932e-20
8.227861703032456717e+03 1.828227175462466566e-19 3.290545130111524394e-20
8.232867630965511125e+03 2.404038337392726242e-19 3.257894510822714117e-20
8.237873558898567353e+03 1.314368586098791603e-19 3.310731400889082217e-20
8.242879486831623581e+03 1.840908110932001190e-19 3.366803441177529020e-20
8.247885414764677989e+03 1.595238037904364678e-19 3.348612504748864316e-20
8.252891342697734217e+03 1.566040107419051479e-19 3.315252078116116130e-20
8.257897270630790445e+03 1.615716633164398775e-19 3.282785998322221285e-20
8.262903198563846672e+03 1.912668997298033152e-19 3.270833910959086101e-20
8.267909126496901081e+03 1.508877921610930147e-19 3.343681136924963126e-20
8.272915054429957308e+03 1.053367610029904135e-19 4.116891519620975256e-20
8.277920982363013536e+03 2.057509808628649514e-19 5.332289546272524674e-20
8.282926910296067945e+03 1.237182706905861199e-19 6.410562750545281694e-20
8.287932838229124172e+03 1.535789684419198513e-19 6.248204234259687044e-20
8.292938766162180400e+03 1.522043158771089715e-19 6.639719126841829016e-20
8.297944694095236628e+03 1.743774772808067665e-19 6.482019297272656197e-20
8.302950622028291036e+03 1.144995327618501770e-19 5.853202054237922066e-20
8.307956549961347264e+03 1.703069802726963992e-19 4.827395407369731722e-20
8.312962477894403492e+03 2.314715390400879744e-19 4.697956908375708903e-20
8.317968405827457900e+03 1.425784914968109492e-19 4.089062740765932897e-20
8.322974333760514128e+03 2.189797939753605775e-19 3.761581637728643584e-20
8.327980261693570355e+03 2.771102965112619929e-19 3.641126986527407311e-20
8.332986189626626583e+03 2.261702362540726112e-19 3.779532171438248114e-20
8.337992117559680992e+03 2.279976419782140684e-19 6.610851213037966410e-20
8.342998045492737219e+03 3.147074313022702699e-19 8.282216017626722634e-20
8.348003973425793447e+03 3.215648052234822757e-19 8.145067564259935093e-20
8.353009901358847856e+03 1.160412679477617223e-19 5.753278604092572021e-20
8.358015829291904083e+03 2.861080328987236652e-19 4.911720973886330647e-20
8.363021757224960311e+03 1.451939330519866287e-19 4.307085869963065843e-20
8.368027685158016538e+03 1.836638146359810400e-19 4.028609165743640782e-20
8.373033613091070947e+03 1.810507024417534915e-19 3.680062478093182011e-20
8.378039541024127175e+03 -2.221583699668048363e-20 4.562613973815356988e-20
8.383045468957181583e+03 7.305206658013847308e-20 4.720286102619393382e-20
8.388051396890237811e+03 1.423035775940715176e-19 4.159585964118137124e-20
8.393057324823294039e+03 1.644596940570902373e-19 5.713216605288735287e-20
8.398063252756350266e+03 1.357521598958919000e-19 6.839346312266613162e-20
8.403069180689406494e+03 1.174795348856831866e-19 6.263449402582174734e-20
8.408075108622460903e+03 2.012806440070664052e-19 4.516925919563482222e-20
8.413081036555517130e+03 1.883337063108680468e-19 5.123961654549094541e-20
8.418086964488571539e+03 1.117637528994579025e-19 5.125517047216705598e-20
8.423092892421627766e+03 2.541768857774887414e-19 5.949085633827595887e-20
8.428098820354683994e+03 3.370982993561844160e-19 7.870487387074092374e-20
8.433104748287740222e+03 1.330296342386397125e-19 7.618698953922235335e-20
8.438110676220796449e+03 2.414664839233512201e-19 4.744022127216973136e-20
8.443116604153850858e+03 2.017976585975109008e-19 4.248534636859631990e-20
8.448122532086907086e+03 1.414488848364397780e-19 5.366190436632102944e-20
8.453128460019961494e+03 1.985817344470811123e-19 5.402780820718740562e-20
8.458134387953017722e+03 8.994791177122611258e-20 5.777464550465949801e-20
8.463140315886073950e+03 -1.112848837331582746e-19 6.763124230633853631e-20
8.468146243819130177e+03 1.861241670411448917e-19 6.391154413169137515e-20
8.473152171752186405e+03 1.773327375912598105e-19 4.173297103912596470e-20
8.478158099685240813e+03 1.448834907513738607e-19 3.519597062490095689e-20
8.483164027618297041e+03 1.868117023486767607e-19 3.475836689888101710e-20
8.488169955551351450e+03 1.718053457798944003e-19 4.164622369911017859e-20
8.493175883484407677e+03 2.100392672270371654e-19 4.463695738707073472e-20
8.498181811417463905e+03 2.532628749118105637e-19 4.958980007127245826e-20
8.503187739350520133e+03 2.340806330288288787e-19 5.221078417722767776e-20
8.508193667283574541e+03 1.944533319730985392e-19 4.874140930685620578e-20
8.513199595216630769e+03 1.946804905345411965e-19 3.613625925276231677e-20
8.518205523149686996e+03 2.340516359693220122e-19 3.394271639451975215e-20
8.523211451082741405e+03 1.305291721512568210e-19 3.410429942218815971e-20
8.528217379015797633e+03 1.437534613511355502e-19 3.428694912528256629e-20
8.533223306948853860e+03 1.603469594499026650e-19 3.767201819415904414e-20
8.538229234881910088e+03 1.403893370610694104e-19 4.015564011042256200e-20
8.543235162814964497e+03 1.333582188381042947e-19 4.498928433201290544e-20
8.548241090748020724e+03 6.095783770764122193e-20 4.593120786207245198e-20
8.553247018681076952e+03 1.005017293393647050e-19 4.330450743035040332e-20
8.558252946614131361e+03 1.198890230889712090e-19 3.762765008642573781e-20
8.563258874547187588e+03 1.973150922641391495e-19 3.775199942128508091e-20
8.568264802480243816e+03 1.636280906836139532e-19 3.905276504310809737e-20
8.573270730413300043e+03 1.411152520166042988e-19 3.989324404159392650e-20
8.578276658346354452e+03 1.237438003900288113e-19 3.905200168046367998e-20
8.583282586279410680e+03 1.497358909421740267e-19 3.986382725287016637e-20
8.588288514212466907e+03 1.187839812065124792e-19 4.076223549242702968e-20
8.593294442145521316e+03 1.444313575566448274e-19 4.166228948424899799e-20
8.598300370078577544e+03 1.707780222308963840e-19 4.032572391506028370e-20
8.603306298011633771e+03 1.668221380813949046e-19 3.796297358647920100e-20
8.608312225944689999e+03 7.750628463217838182e-20 3.907752515995324807e-20
8.613318153877744408e+03 9.458729558368023563e-20 4.506345100175817319e-20
8.618324081810800635e+03 1.893775288026969095e-19 5.314470622940569990e-20
8.623330009743856863e+03 1.891218958457172654e-19 6.041214198302373766e-20
8.628335937676911271e+03 1.479999198974124177e-19 6.347616350045884771e-20
8.633341865609967499e+03 1.058360021967743720e-19 6.033025819035643071e-20
8.638347793543023727e+03 9.369462055086758019e-20 5.286992567924576411e-20
8.643353721476079954e+03 1.724698336216851843e-19 4.983432116720507854e-20
8.648359649409134363e+03 3.247211793063758397e-19 5.558917413458257991e-20
8.653365577342190591e+03 1.296430835535046024e-19 6.276654461101589336e-20
8.658371505275246818e+03 1.722515708570110035e-19 6.498871656665063002e-20
8.663377433208301227e+03 4.076054991650304189e-19 6.404075998859394996e-20
8.668383361141357454e+03 1.908141094527240323e-19 6.096179422225418302e-20
8.673389289074413682e+03 2.075408817520201293e-19 5.666240077848831512e-20
8.678395217007469910e+03 1.611300365533276003e-20 5.210033171126338688e-20
8.683401144940524318e+03 1.364640999260999358e-19 4.843887394071098764e-20
8.688407072873580546e+03 1.152119068789073778e-19 4.582666966523900181e-20
8.693413000806636774e+03 1.088810757802490937e-19 4.500165561397127075e-20
8.698418928739691182e+03 1.996826770126819735e-19 4.500569999696216126e-20
8.703424856672747410e+03 1.650808027766430676e-19 4.487506158780629343e-20
8.708430784605803638e+03 1.437196493533088956e-19 4.272072125879786619e-20
8.713436712538859865e+03 1.638921157777098284e-19 4.040250775954486751e-20
8.718442640471914274e+03 2.279663927053287377e-19 3.916958908111383239e-20
8.723448568404970501e+03 1.777735572353658780e-19 3.890228848121661798e-20
8.728454496338024910e+03 1.371796891062033798e-19 3.828247556938608509e-20
8.733460424271081138e+03 7.222588582232651802e-20 3.818313966064099305e-20
8.738466352204137365e+03 2.025628599389683934e-19 3.832582840516445859e-20
8.743472280137193593e+03 1.305668771825687478e-19 3.804737917266419307e-20
8.748478208070249821e+03 8.115413555141462910e-20 3.858612685373285157e-20
8.753484136003304229e+03 3.173223669213492283e-19 5.406995843754304872e-20
8.758490063936360457e+03 3.422498242353723948e-19 7.302173453430382310e-20
8.763495991869414866e+03 1.205820330895612473e-19 8.636128579786901040e-20
8.768501919802471093e+03 -7.645922283578244857e-20 8.072548857006722513e-20
8.773507847735527321e+03 7.440712436292858174e-20 8.199832044885256929e-20
8.778513775668583548e+03 1.309755369424416660e-19 7.683942027163210880e-20
8.783519703601639776e+03 1.079512693914010615e-19 6.196897441593275528e-20
8.788525631534694185e+03 1.275896264807002812e-19 5.323244903818635402e-20
8.793531559467750412e+03 -1.531171393560185489e-20 5.205310077569925915e-20
8.798537487400804821e+03 1.482730501417887346e-19 4.198999034374709967e-20
8.803543415333861049e+03 1.111608966903808250e-19 4.065112976331245792e-20
8.808549343266917276e+03 1.627192477853058697e-19 4.203717316824045639e-20
8.813555271199973504e+03 1.271607837587860331e-19 4.269661749274613134e-20
8.818561199133029731e+03 1.879963546428701189e-19 6.934218613062364327e-20
8.823567127066084140e+03 6.461134684810954940e-19 1.105601210180709428e-19
8.828573054999140368e+03 4.862879737374732275e-19 1.186848471913459719e-19
8.833578982932194776e+03 -2.433128793189500067e-19 9.276434894152746616e-20
8.838584910865251004e+03 -9.730555098003690218e-20 7.197157324539095173e-20
8.843590838798307232e+03 1.858185169121307535e-19 5.561102892682401313e-20
8.848596766731363459e+03 1.574719403961453027e-19 5.230383813234469775e-20
8.853602694664417868e+03 1.093764834210048954e-19 4.813444065144446909e-20
8.858608622597474096e+03 1.346384522587225570e-19 4.701060634929356034e-20
8.863614550530530323e+03 -1.089545782253094227e-19 5.920491342872048651e-20
8.868620478463584732e+03 -6.105014133354775230e-21 5.905995056770353031e-20
8.873626406396640959e+03 2.314917065092877803e-19 4.694703775834491123e-20
8.878632334329697187e+03 6.089061838237692784e-20 6.443561487467401039e-20
8.883638262262753415e+03 -1.713433220141228600e-19 8.394152707338216045e-20
8.888644190195807823e+03 -4.657868369893127614e-19 7.922862802832990308e-20
8.893650118128864051e+03 9.260483655586596179e-20 5.299518466946298582e-20
8.898656046061920279e+03 -1.893224359523895996e-19 5.933803815140193161e-20
8.903661973994974687e+03 7.319036302331742744e-20 6.309253163564610483e-20
8.908667901928030915e+03 1.272697534093377791e-20 5.518071001248904695e-20
8.913673829861087142e+03 1.783776775247915611e-19 7.801690611027639998e-20
8.918679757794143370e+03 2.726731615557681024e-19 9.380255447918745803e-20
8.923685685727199598e+03 2.798215490329697371e-19 8.350354310903639941e-20
8.928691613660254006e+03 1.747800736829205842e-19 5.029353311420699619e-20
8.933697541593308415e+03 1.997185480310080390e-19 4.656278985956137280e-20
8.938703469526364643e+03 -3.598546732683065068e-21 6.221265590219269109e-20
8.943709397459420870e+03 2.095522639082626648e-19 6.713260560801328614e-20
8.948715325392477098e+03 -1.561579738383473030e-19 6.531331328887187310e-20
8.953721253325533326e+03 4.675709834768603902e-19 8.873580181942439202e-20
8.958727181258589553e+03 1.931972491436181379e-19 9.360657677449914383e-20
8.963733109191643962e+03 2.491614174692424895e-19 6.982309928657035626e-20
8.968739037124698370e+03 8.970845069511924410e-20 4.612533154876511845e-20
8.973744965057754598e+03 2.370622714872340890e-19 4.494237609627189927e-20
8.978750892990810826e+03 1.027014287216045479e-19 4.688322744877940868e-20
8.983756820923867053e+03 1.133727213449619916e-20 5.640968076762262457e-20
8.988762748856923281e+03 8.344708346835811236e-20 5.834854216430424721e-20
8.993768676789977690e+03 2.467820291564637564e-19 6.132493181979556457e-20
8.998774604723033917e+03 -2.618459925497398542e-20 6.969119322539210005e-20
9.003780532656088326e+03 3.010025469237756786e-19 6.985080882450418103e-20
9.008786460589144554e+03 2.040334189415920170e-19 5.054159155301805583e-20
9.013792388522200781e+03 1.600122169421068077e-19 4.309797126061970299e-20
9.018798316455257009e+03 1.371177339624440773e-19 4.286368807767403278e-20
9.023804244388313236e+03 -3.029677033213992162e-20 4.342883877401118316e-20
9.028810172321367645e+03 9.097731027189733022e-20 4.452369951971867815e-20
9.033816100254423873e+03 2.415142339060476952e-19 5.069762164661814849e-20
9.038822028187478281e+03 1.750382003345696388e-19 5.316351448928981188e-20
9.043827956120534509e+03 4.183060106673775047e-20 5.894282604321446920e-20
9.048833884053590737e+03 4.380337993665019205e-21 6.168766679923803077e-20
9.053839811986646964e+03 2.085312900614731579e-19 5.841684764177785545e-20
9.058845739919703192e+03 2.132275386915818308e-19 4.955579868129461945e-20
9.063851667852757600e+03 6.973403570286646611e-20 5.045243212936112529e-20
9.068857595785813828e+03 8.383651177842397397e-20 5.247343048897481843e-20
9.073863523718868237e+03 1.987408869871888511e-19 5.296857440216933528e-20
9.078869451651924464e+03 1.728080583813272124e-19 5.395763626875131142e-20
9.083875379584980692e+03 1.960715590863952945e-19 5.545802402840474381e-20
9.088881307518036920e+03 2.415049769424328850e-19 5.786577434218069656e-20
9.093887235451093147e+03 9.686300556660801403e-20 5.908124367609813548e-20
9.098893163384147556e+03 1.178802457173851534e-19 6.186582431756288469e-20
9.103899091317203784e+03 1.673831930781634816e-19 5.993000532422571762e-20
9.108905019250258192e+03 1.504387605923603414e-19 5.115460916851092298e-20
9.113910947183314420e+03 2.824137552675574522e-20 4.780410643637803767e-20
9.118916875116370647e+03 9.916064536994036112e-20 4.656157915563095363e-20
9.123922803049426875e+03 8.857675645328761669e-20 4.730603706198890028e-20
9.128928730982483103e+03 1.546126763101086629e-19 4.948888467695005241e-20
9.133934658915537511e+03 1.239640736813191110e-19 4.882641118346667898e-20
9.138940586848593739e+03 1.174212540920190188e-19 4.583778811322600269e-20
9.143946514781648148e+03 1.070605665531317116e-19 4.714594149401563437e-20
9.148952442714704375e+03 1.830297903251215623e-19 5.262723386579362015e-20
9.153958370647760603e+03 2.009572712709895100e-19 5.620531888211036442e-20
9.158964298580816831e+03 1.907341960443757687e-19 5.452894464254136764e-20
9.163970226513873058e+03 1.374423440100293062e-19 5.166332723375848731e-20
9.168976154446927467e+03 9.350173305870740525e-20 4.945948499623977989e-20
9.173982082379983694e+03 1.602829749175483028e-19 4.892784233269074349e-20
9.178988010313038103e+03 2.061570661966293348e-19 4.931812280843173077e-20
9.183993938246094331e+03 9.339516190131503736e-20 4.927426648389895077e-20
9.188999866179150558e+03 1.754299831300296001e-19 4.897534248102617513e-20
9.194005794112206786e+03 1.318720845494194904e-19 4.920575494318697215e-20
9.199011722045263014e+03 2.079193303432256054e-19 4.922139348642329713e-20
9.204017649978317422e+03 7.940028700338689934e-20 5.162979664344455001e-20
9.209023577911373650e+03 1.608212361288887442e-19 5.502369914683508991e-20
9.214029505844428058e+03 1.161470696016733243e-19 5.686876250843076596e-20
9.219035433777484286e+03 1.719524704858770361e-19 5.648073598476264248e-20
9.224041361710540514e+03 1.523258444295224424e-19 5.474465074688934961e-20
9.229047289643596741e+03 1.268102829110796542e-19 5.278156452616286659e-20
9.234053217576652969e+03 8.307631780552247509e-20 5.061755118652448230e-20
9.239059145509707378e+03 1.707889007532922393e-19 5.038252058925886817e-20
9.244065073442761786e+03 9.349262540448182053e-20 5.064936883356106147e-20
9.249071001375818014e+03 8.239335472375389751e-20 5.102022967055340412e-20
9.254076929308874242e+03 9.482736501083702199e-20 5.072635399718959995e-20
9.259082857241930469e+03 1.059234343081176582e-19 5.114725705862342907e-20
9.264088785174986697e+03 6.730059380162603908e-20 5.152892038265581404e-20
9.269094713108042924e+03 1.229917324754945422e-19 5.146810959629618682e-20
9.274100641041097333e+03 2.177771143268539467e-19 5.140674442074910883e-20
9.279106568974151742e+03 1.352707298802273097e-19 5.251610001306443408e-20
9.284112496907207969e+03 1.834659167966664212e-19 5.634476647276061805e-20
9.289118424840264197e+03 1.083122803443947416e-20 6.056594149124235919e-20
9.294124352773320425e+03 3.980924678101306038e-20 6.445658998272688607e-20
9.299130280706376652e+03 2.314293214463740904e-19 8.690720287840229922e-20
9.304136208639432880e+03 2.601318151760476285e-19 1.340121818524451520e-19
9.309142136572487289e+03 9.666887077040868743e-20 1.803025086528200507e-19
9.314148064505541697e+03 1.426823196975481806e-19 1.824638506625438049e-19
9.319153992438597925e+03 -6.860040161264984483e-20 1.801359675233038857e-19
9.324159920371654152e+03 1.658834195028783809e-19 1.663918917712409172e-19
9.329165848304710380e+03 -3.482742396298683592e-19 1.420009262557936805e-19
9.334171776237766608e+03 -1.524575516810738008e-19 1.323334715293950318e-19
9.339177704170821016e+03 -1.227200353066244473e-19 1.356426464102868115e-19
9.344183632103877244e+03 3.020329262340252727e-19 1.040825043328937518e-19
9.349189560036931653e+03 1.194347399440954212e-19 9.928102303164853607e-20
9.354195487969987880e+03 -1.279441703865749907e-20 9.651572229873557966e-20
9.359201415903044108e+03 2.295310111202406281e-19 8.895209926792900969e-20
9.364207343836100335e+03 1.639758322512644450e-19 1.032622962978279618e-19
9.369213271769156563e+03 -7.320694782631473951e-19 1.985508759727925847e-19
9.374219199702210972e+03 -8.245000586832980513e-19 2.375581016969063605e-19
9.379225127635267199e+03 1.055405347696218684e-19 2.032690503772516045e-19
9.384231055568321608e+03 1.723577638606683899e-19 1.042810973584886853e-19
9.389236983501377836e+03 1.908538690910830002e-19 7.509296800964347540e-20
9.394242911434434063e+03 2.099432384340505586e-19 7.914961901444943288e-20
9.399248839367490291e+03 1.247613346297871315e-19 8.881500938090172061e-20
9.404254767300546519e+03 2.637528027135301485e-19 8.902504240966040076e-20
9.409260695233600927e+03 1.676627735055077077e-19 7.849296274933468854e-20
9.414266623166657155e+03 -7.714007075721406998e-20 9.941068818965289164e-20
9.419272551099711563e+03 -5.556021449185433154e-19 1.180032407411359398e-19
9.424278479032767791e+03 1.061487270332207676e-19 1.170131667623556214e-19
9.429284406965824019e+03 1.216381597097725689e-19 9.290367855198096099e-20
9.434290334898880246e+03 1.993110485065848183e-19 1.614547409104123865e-19
9.439296262831936474e+03 -3.434942944001836014e-21 1.924489894038327996e-19
9.444302190764990883e+03 2.039282148729591293e-19 1.518284025601675933e-19
9.449308118698047110e+03 9.427438711228086732e-20 1.117665902531285201e-19
9.454314046631101519e+03 3.101084143682479628e-19 1.466351822965088889e-19
9.459319974564157746e+03 -2.462405428348434396e-19 1.457682523583643609e-19
9.464325902497213974e+03 7.729253054596050538e-20 1.155638187564065895e-19
9.469331830430270202e+03 1.616432484808715938e-19 1.337893281786489674e-19
9.474337758363326429e+03 3.210962357739478484e-19 1.882004228748324946e-19
9.479343686296380838e+03 7.734441883342692882e-19 1.862662287854084690e-19
9.484349614229437066e+03 1.596514019136910824e-19 1.089365875086072464e-19
9.489355542162491474e+03 1.930597459184071887e-20 8.952889124423837024e-20
9.494361470095547702e+03 1.530015391140173566e-19 1.105571813593398005e-19
9.499367398028603930e+03 3.000510637840142732e-19 1.330464466190874683e-19
9.504373325961660157e+03 6.860987322768611224e-20 1.189831722440912174e-19
9.509379253894716385e+03 1.501765621116149511e-21 1.015278066893733494e-19
9.514385181827770793e+03 -1.120256991405446306e-19 1.344387493309053483e-19
9.519391109760827021e+03 -9.628092109370688418e-20 1.457729011358752612e-19
9.524397037693881430e+03 1.518016587946216439e-19 1.209663349115929895e-19
9.529402965626937657e+03 2.951821854206470646e-19 9.319695465066579717e-20
9.534408893559993885e+03 3.783628624880663242e-19 9.135694232846245002e-20
9.539414821493050113e+03 1.023817169534673766e-19 9.190900095500645718e-20
9.544420749426106340e+03 1.107805787454856045e-19 9.584383302427949702e-20
9.549426677359160749e+03 2.496026161026874255e-19 1.190909035716187271e-19
9.554432605292216977e+03 3.210037209839244983e-19 1.278783655533620093e-19
9.559438533225271385e+03 -3.805976932981302650e-21 1.346149414722648809e-19
9.564444461158327613e+03 -1.364648594127242451e-19 1.573356435973523985e-19
9.569450389091383840e+03 6.340549946488963095e-20 1.464148933924295705e-19
9.574456317024440068e+03 7.331085484844131226e-20 1.099063127896623081e-19
9.579462244957496296e+03 9.655997704058978786e-20 9.495777925331274099e-20
9.584468172890550704e+03 2.449161280687362980e-19 1.001036747752004040e-19
9.589474100823605113e+03 2.017024868675389375e-19 1.032017386062001901e-19
9.594480028756661341e+03 -4.026337392895482066e-21 9.794237740037452141e-20
9.599485956689717568e+03 3.288437238963201324e-19 9.888302943374410997e-20
9.604491884622773796e+03 6.613916979401745132e-20 1.064600674789292165e-19
9.609497812555830023e+03 3.977660390534955971e-19 1.079268813433579705e-19
9.614503740488886251e+03 1.996242458050820460e-19 1.131487037557362388e-19
9.619509668421940660e+03 3.393136684722926286e-19 1.170472823151553096e-19
9.624515596354995068e+03 2.514648581308770956e-19 1.074572460027856079e-19
9.629521524288051296e+03 4.712997752210320890e-20 9.413699347076369964e-20
9.634527452221107524e+03 1.668881461786847644e-19 9.389625295953391099e-20
9.639533380154163751e+03 1.174712568806308852e-20 9.169813984651652670e-20
9.644539308087219979e+03 4.190240888097100163e-20 9.159738857086020656e-20
9.649545236020274388e+03 1.308143954060101184e-19 9.065038111981758327e-20
9.654551163953330615e+03 4.290754248443324791e-20 9.451489046936481521e-20
9.659557091886385024e+03 7.907142052927311912e-21 9.740959481009108213e-20
9.664563019819441251e+03 2.600648797903075370e-20 1.081610805193836826e-19
9.669568947752497479e+03 -2.036321701743895195e-19 1.145653878092107085e-19
9.674574875685553707e+03 -1.116299383834018644e-19 1.240026157847699277e-19
9.679580803618609934e+03 3.845000653617827569e-19 1.285124895204606424e-19
9.684586731551664343e+03 2.844832272429033872e-19 1.258351087310579926e-19
9.689592659484720571e+03 -1.046938029092366899e-19 1.116872622103438132e-19
9.694598587417774979e+03 4.576648140517380474e-19 1.318053741464575020e-19
9.699604515350831207e+03 3.831857598677187707e-19 1.426151747594236048e-19
9.704610443283887435e+03 9.212040162845185528e-20 1.335934261258783790e-19
9.709616371216943662e+03 8.991217728365889321e-20 1.272817228364216475e-19
9.714622299149999890e+03 2.945963618941957053e-20 1.562048921378669915e-19
9.719628227083054298e+03 -1.243100155519917587e-19 1.645076104995542629e-19
9.724634155016110526e+03 -2.153737270543247496e-21 1.473335080649035224e-19
9.729640082949164935e+03 1.398458526745857910e-19 1.273984634274072417e-19
9.734646010882221162e+03 1.171307684827700733e-19 1.316852285429212119e-19
9.739651938815277390e+03 8.989127492412466040e-20 1.326127789324580971e-19
9.744657866748333618e+03 2.293427083159101384e-19 1.200026933604762644e-19
9.749663794681389845e+03 2.515634069695022702e-19 1.122389031167923900e-19
9.754669722614444254e+03 3.086694433095976243e-20 1.062457715596962577e-19
9.759675650547500481e+03 2.281623073068240091e-19 1.042972165189142373e-19
9.764681578480554890e+03 9.533059880668330027e-20 1.017613157901889480e-19
9.769687506413611118e+03 -9.259650962646248044e-20 1.003444333205684293e-19
9.774693434346667345e+03 4.464634545370539144e-20 1.050741147706318264e-19
9.779699362279723573e+03 -6.537733156911254395e-20 1.138226005324667106e-19
9.784705290212779801e+03 1.211256232980223259e-19 1.602108768234881269e-19
9.789711218145834209e+03 -3.911649769730957018e-19 2.006383015864343937e-19
9.794717146078890437e+03 -4.776176923515697727e-19 2.064782341337409017e-19
9.799723074011944846e+03 -2.578544096865170199e-19 1.664474352163656304e-19
9.804729001945001073e+03 4.359810006948315772e-19 1.433346417812903771e-19
9.809734929878057301e+03 4.482916411767104793e-19 1.388808779468301482e-19
9.814740857811113528e+03 2.821857344854129241e-19 1.436590721429438461e-19
9.819746785744169756e+03 3.465177376235607252e-19 1.361914223407828774e-19
9.824752713677224165e+03 1.396958682756039543e-19 1.318782805182149510e-19
9.829758641610280392e+03 1.538445695581656444e-19 1.319654564582801542e-19
9.834764569543334801e+03 1.887605043693069585e-19 1.282508113349072207e-19
9.839770497476391029e+03 2.533738596079961766e-19 1.362582686683673361e-19
9.844776425409447256e+03 -1.427488470312652813e-19 1.618427823016054302e-19
9.849782353342503484e+03 -1.623703458091954693e-19 1.690578849635469306e-19
9.854788281275559712e+03 1.751656735296142679e-19 1.499233716820845365e-19
9.859794209208614120e+03 1.522043338901922318e-19 1.341999448922723096e-19
9.864800137141670348e+03 -2.845005246189575644e-19 1.653328485634125023e-19
9.869806065074724756e+03 -1.754684597399334346e-20 2.100835670460046680e-19
9.874811993007780984e+03 -3.410596897532085125e-20 2.083150705630961094e-19
9.879817920940837212e+03 8.498442843708787609e-20 1.626511790471927367e-19
9.884823848873893439e+03 -7.199915240734601775e-20 1.460446066131735046e-19
9.889829776806949667e+03 1.290904581443355098e-20 1.643841703491877234e-19
9.894835704740004076e+03 2.011042988955483169e-20 1.726247676144864221e-19
9.899841632673058484e+03 3.479258605542891876e-19 1.627068497235480351e-19
9.904847560606114712e+03 -9.422093919463973467e-21 1.568587569328077655e-19
9.909853488539170939e+03 2.532939003168917377e-19 2.055105679996628999e-19
9.914859416472227167e+03 1.133182181987921040e-19 2.299154527796476508e-19
9.919865344405283395e+03 -2.086419956188940317e-19 2.112047658873669229e-19
9.924871272338339622e+03 -4.194700782676595352e-20 1.668945663937664492e-19
9.929877200271394031e+03 -2.447490274647509839e-20 1.607362838980907165e-19
9.934883128204448440e+03 1.800847310917821198e-19 1.878470871720682467e-19
9.939889056137504667e+03 1.844447690497425892e-19 2.677744859277342587e-19
9.944894984070560895e+03 4.383920403306674481e-21 3.157854132364330596e-19
9.949900912003617123e+03 5.066295443936697624e-19 3.081250586162762413e-19
9.954906839936673350e+03 3.151571994972395264e-19 2.906903317226344398e-19
9.959912767869729578e+03 1.522027304476598215e-19 2.910117135233771712e-19
9.964918695802783986e+03 3.804619866315789321e-20 2.729985289861601638e-19
9.969924623735838395e+03 -2.987089597925888072e-19 2.443485425465035398e-19
9.974930551668894623e+03 -1.986172414113545108e-19 2.321491162857232071e-19
9.979936479601950850e+03 9.329657203373940655e-20 2.082807290422247823e-19
9.984942407535007078e+03 -1.219668213808724318e-19 1.929979690548822053e-19
9.989948335468063306e+03 2.877561185625499334e-22 1.903055747901360305e-19
9.994954263401117714e+03 -1.942197555223164940e-21 1.993848886100798954e-19
9.999960191334173942e+03 6.726794730928795313e-19 2.113693083569309769e-19
1.000496611926722835e+04 3.090271611424968792e-20 2.543905207840840715e-19
1.000997204720028458e+04 -6.356475092870613851e-19 3.261402322628098266e-19
1.001497797513334081e+04 -1.168970117268439024e-18 3.315596298864261700e-19
1.001998390306639703e+04 -1.485796739777741075e-19 2.791782701175027362e-19
1.002498983099945326e+04 1.862336998916822519e-19 2.505841433566641668e-19
1.002999575893250767e+04 -3.279269618475998066e-19 2.484970231646986807e-19
1.003500168686556390e+04 1.395641538124210635e-19 2.271386905303630567e-19
1.004000761479861831e+04 5.353656776602253053e-19 2.281734346198390633e-19
1.004501354273167453e+04 6.364598063318413238e-19 2.376744509754068239e-19
1.005001947066473076e+04 -3.848442282997469193e-20 2.266426084102229063e-19
1.005502539859778699e+04 2.186330485431622360e-19 2.505802432498504620e-19
1.006003132653084322e+04 6.674463648835158230e-19 2.732825159912114004e-19
1.006503725446389763e+04 2.183598828507692196e-19 2.875733872329646290e-19
1.007004318239695385e+04 -2.103244686281870449e-20 2.720777887854595065e-19
1.007504911033000826e+04 -1.036296321713217971e-19 2.780165157068791166e-19
1.008005503826306449e+04 -2.772692243639731352e-19 3.120773442082171998e-19
1.008506096619612072e+04 -1.652866826278896987e-19 3.326679272344728005e-19
1.009006689412917694e+04 3.392221399431199235e-19 3.110182115590432151e-19
1.009507282206223317e+04 -3.654051968043304271e-20 2.948803339095790390e-19
1.010007874999528758e+04 5.238946757021614139e-19 3.396699294642405608e-19
1.010508467792834381e+04 4.608966058530985983e-19 3.468955354257824550e-19
1.011009060586139822e+04 -1.725546746663357605e-19 3.262934047662897556e-19
1.011509653379445444e+04 2.159964747973598032e-19 3.272380541191645013e-19
1.012010246172751067e+04 -5.259821476953856238e-19 3.985414031164531881e-19
1.012510838966056690e+04 6.975016796921052180e-19 4.231487950750639811e-19
1.013011431759362313e+04 -6.290139688664143066e-20 3.894237839404251087e-19
1.013512024552667754e+04 6.038265593366118693e-19 3.508953528166945324e-19
1.014012617345973376e+04 4.390653712583246495e-20 3.510541191781298299e-19
1.014513210139278817e+04 2.950173885924244087e-19 3.761890053910681038e-19
1.015013802932584440e+04 5.467420263495003272e-19 4.012277410019595453e-19
1.015514395725890063e+04 -2.224795903929189440e-19 4.375038344006744696e-19
1.016014988519195686e+04 4.889216046271740402e-20 4.207015584490593437e-19
1.016515581312501308e+04 1.539067182298761605e-19 4.424292880868427791e-19
1.017016174105806749e+04 -3.845022471317717690e-23 4.830957925901046436e-19
1.017516766899112372e+04 7.018785007823352742e-19 4.994518566884415506e-19
1.018017359692417813e+04 -1.340566050659679364e-19 4.452370061506883796e-19
1.018517952485723436e+04 3.779110443747429189e-19 4.561910874982074075e-19
1.019018545279029058e+04 -3.518163860306301706e-19 4.581411471265462759e-19
1.019519138072334681e+04 1.252104287252979139e-18 4.671642396470320722e-19
1.020019730865640304e+04 3.101621604216509066e-19 4.507676048470628547e-19
1.020520323658945745e+04 -1.042188612209591520e-19 4.714998818152220595e-19
1.021020916452251367e+04 -3.717935976994946331e-20 5.253054983036366882e-19
1.021521509245556808e+04 9.676055668289611128e-19 5.311924526011553980e-19
1.022022102038862431e+04 1.422524469181033074e-19 5.706224678115272042e-19
1.022522694832168054e+04 7.781191832518322593e-19 6.188109567845560774e-19
1.023023287625473677e+04 1.209642034434661944e-18 6.202749510493673355e-19
1.023523880418779299e+04 1.214462911447185727e-18 5.355894736834372562e-19
1.024024473212084740e+04 6.419749797171677899e-19 4.777945998646714408e-19
1.024525066005390181e+04 6.196634952063442561e-19 4.582409071731698747e-19
1.025025658798695804e+04 -3.058090691903744982e-19 4.550366793604241593e-19
1.025526251592001427e+04 5.116828338182884132e-20 4.624009681461604880e-19
1.026026844385307049e+04 -3.531716850772558477e-19 4.783896826553049484e-19
1.026527437178612672e+04 1.306586888384782666e-19 5.309674353994487936e-19
1.027028029971918295e+04 -7.202429740760112845e-21 5.424808996320789190e-19
1.027528622765223736e+04 1.935743686540742572e-19 5.654353382521039514e-19
1.028029215558529177e+04 3.920739214865066724e-19 6.194937992094485520e-19
1.028529808351834799e+04 -1.621710051649479410e-18 6.894371718954669507e-19
1.029030401145140422e+04 -9.008175631284646936e-19 7.302808053404184135e-19
1.029530993938446045e+04 1.347629089868624713e-18 7.362088734428181175e-19
