#  wl flam flam_err
4.803806996822357178e+03 1.329006395509078655e-19 1.551616813185552547e-18
4.808812924755412496e+03 1.764406177566535156e-19 1.434151006550297941e-18
4.813818852688468723e+03 -1.835253446667614098e-19 1.305391671471901707e-18
4.818824780621524042e+03 -5.001881930185796515e-20 1.169556752385132163e-18
4.823830708554580269e+03 -7.177022372910099008e-20 1.029344628955630112e-18
4.828836636487635587e+03 4.965968205306852277e-19 8.880672007509696829e-19
4.833842564420691815e+03 -4.599878757217423479e-19 7.925558969311559168e-19
4.838848492353747133e+03 6.423500146680464682e-20 7.615084866860959285e-19
4.843854420286802451e+03 -1.238619586434092570e-19 8.297653120221003138e-19
4.848860348219858679e+03 -1.172751447540395547e-19 8.140910823084215492e-19
4.853866276152913997e+03 4.096799261429168765e-19 6.842697785035149500e-19
4.858872204085970225e+03 1.270564200908164044e-19 5.718189253173884959e-19
4.863878132019025543e+03 -2.386864951108119246e-19 5.106922387740537737e-19
4.868884059952080861e+03 1.878448306771993158e-19 4.959596967060208582e-19
4.873889987885137089e+03 2.660671923740639223e-19 5.141983767205282163e-19
4.878895915818192407e+03 -2.061192066602472806e-19 5.370042042211791456e-19
4.883901843751248634e+03 -4.189655680921576704e-20 5.165398205510643461e-19
4.888907771684303952e+03 -1.095518437319990473e-19 4.750720674557610844e-19
4.893913699617360180e+03 -3.666320169909772073e-19 4.320520782926971876e-19
4.898919627550415498e+03 3.775939017136930471e-20 4.041578355650571170e-19
4.903925555483470816e+03 -3.193360954757528394e-19 3.872693969572195109e-19
4.908931483416527044e+03 8.127324164765258784e-19 3.798595836110068863e-19
4.913937411349582362e+03 4.835902957114641246e-19 3.436263250195839241e-19
4.918943339282638590e+03 1.561467485951614873e-19 3.248658592247310338e-19
4.923949267215693908e+03 -1.911962161973799950e-19 3.129657113910550202e-19
4.928955195148750136e+03 5.522825966347976846e-22 2.966295292094603756e-19
4.933961123081805454e+03 -2.866290269913457300e-20 2.817974408323288886e-19
4.938967051014860772e+03 7.455440139866105404e-19 2.749596307181037708e-19
4.943972978947916999e+03 7.456411946105610143e-19 2.775877365701672597e-19
4.948978906880972318e+03 3.484741813167622879e-19 2.806024001535389647e-19
4.953984834814028545e+03 5.037081616041342408e-19 2.832672261331699578e-19
4.958990762747083863e+03 2.000430218870871982e-19 2.789397169828351295e-19
4.963996690680139181e+03 1.948765034753132018e-20 2.709635416080691012e-19
4.969002618613195409e+03 -9.556352901492886569e-20 2.607776761717778587e-19
4.974008546546250727e+03 -1.662497582915884508e-19 2.486369117558754015e-19
4.979014474479306955e+03 2.681777685399373346e-19 2.360007174878003761e-19
4.984020402412362273e+03 -2.778526566093348399e-19 2.363819618982123394e-19
4.989026330345418501e+03 3.459672072136088042e-20 2.424936721953919212e-19
4.994032258278473819e+03 -9.332160252209063720e-20 2.472429394562671969e-19
4.999038186211529137e+03 1.909698013168565049e-20 2.379696398693524029e-19
5.004044114144585365e+03 3.972386000949895172e-19 2.218001743444727633e-19
5.009050042077640683e+03 5.170199003478856715e-21 2.074918350542127524e-19
5.014055970010696910e+03 -1.190099465211572737e-19 1.919462004969741888e-19
5.019061897943752228e+03 -5.347352328708600912e-22 1.877842233488502583e-19
5.024067825876807547e+03 1.302657543294997407e-19 1.970322301619315888e-19
5.029073753809863774e+03 -1.708881240826153732e-19 2.076996135140245738e-19
5.034079681742919092e+03 -9.149762060526890517e-20 2.078986694495379616e-19
5.039085609675975320e+03 2.656921398698692726e-19 2.012385193337143369e-19
5.044091537609030638e+03 2.786721300463393007e-19 1.925637839339308088e-19
5.049097465542086866e+03 -9.900537481463933041e-20 1.820723138731379900e-19
5.054103393475142184e+03 2.030975716766697351e-19 1.740989730003151014e-19
5.059109321408197502e+03 -4.952884467390571295e-20 1.700159905426812368e-19
5.064115249341253730e+03 8.664190435091051631e-20 1.699263338997289861e-19
5.069121177274309048e+03 1.253234315867323222e-19 1.692301611759267471e-19
5.074127105207365275e+03 -2.390493019643052887e-19 1.670702097273534030e-19
5.079133033140420594e+03 1.102001380180919004e-19 1.626395742455177410e-19
5.084138961073476821e+03 2.201706693896340476e-19 1.626087605845436221e-19
5.089144889006532139e+03 5.812670022804631823e-21 1.591182225228319040e-19
5.094150816939587457e+03 -7.401307279543058703e-20 1.571604373990393109e-19
5.099156744872643685e+03 4.343973543952316633e-20 1.527346352211431903e-19
5.104162672805699003e+03 2.757850468218195023e-19 1.571556940784443719e-19
5.109168600738755231e+03 -1.137546978441118313e-20 1.674226377780057530e-19
5.114174528671810549e+03 1.434244413469281644e-19 1.754950035678087521e-19
5.119180456604865867e+03 -1.146686379867217512e-19 1.811184352451601452e-19
5.124186384537922095e+03 2.375682803327646179e-19 1.804851437391606922e-19
5.129192312470977413e+03 -1.490256567931568824e-19 1.725145413997163174e-19
5.134198240404033641e+03 -4.674424729813773320e-20 1.643821306665930222e-19
5.139204168337088959e+03 1.252543042173753469e-19 1.567384858446979087e-19
5.144210096270145186e+03 5.456811832632882952e-20 1.507503124378848483e-19
5.149216024203200504e+03 3.741645614881670143e-20 1.482211220729802404e-19
5.154221952136255823e+03 1.482478045014854635e-19 1.461344461429150698e-19
5.159227880069312050e+03 5.588121584228777147e-20 1.391568064185996066e-19
5.164233808002367368e+03 -1.091204963083166860e-20 1.296878898769177102e-19
5.169239735935423596e+03 1.532689182895264504e-19 1.220961490900103128e-19
5.174245663868478914e+03 2.749541033732799526e-19 1.210318245604020819e-19
5.179251591801534232e+03 9.300989252190724363e-20 1.183675137141358836e-19
5.184257519734590460e+03 2.593756847941667644e-19 1.182642523673108639e-19
5.189263447667645778e+03 -2.537698974115614676e-20 1.190029616699422453e-19
5.194269375600702006e+03 -7.428961752791919193e-20 1.235514303584057581e-19
5.199275303533757324e+03 2.608570303154094316e-20 1.290373736097436116e-19
5.204281231466813551e+03 2.045631059102563689e-19 1.332973420823594258e-19
5.209287159399868870e+03 1.956007174601600865e-19 1.344295642556652392e-19
5.214293087332924188e+03 -4.003131455130376320e-20 1.366680001454928470e-19
5.219299015265980415e+03 -1.438513920865800897e-20 1.363241630583159487e-19
5.224304943199035733e+03 4.452196897569375663e-20 1.330264994567358966e-19
5.229310871132091961e+03 -1.253535419141412104e-19 1.287570322596906076e-19
5.234316799065147279e+03 2.269661734353641746e-19 1.270539660781231961e-19
5.239322726998203507e+03 1.379977123094555086e-19 1.268840355958103835e-19
5.244328654931258825e+03 6.997421060062423031e-20 1.273736177602342310e-19
5.249334582864314143e+03 -6.074380520830134270e-20 1.290854631465718438e-19
5.254340510797370371e+03 -1.941558836593085185e-20 1.311203590181584499e-19
5.259346438730425689e+03 2.562311194546871752e-21 1.272479220177227145e-19
5.264352366663481916e+03 -2.799570667005460584e-19 1.204306271087824277e-19
5.269358294596537235e+03 -1.143763682941070986e-19 1.153448929268698488e-19
5.274364222529593462e+03 7.208765759891530821e-20 1.148098011505304030e-19
5.279370150462648780e+03 2.975001069732493468e-19 1.127778726729142848e-19
5.284376078395704099e+03 1.466974425805493939e-19 1.131076396149192707e-19
5.289382006328760326e+03 -3.272361246219718173e-20 1.160455251790750986e-19
5.294387934261815644e+03 1.374301287028924715e-19 1.151677517654139353e-19
5.299393862194871872e+03 1.071351144786295086e-19 1.157979677755853472e-19
5.304399790127927190e+03 1.098057939822545923e-19 1.191849681366506358e-19
5.309405718060982508e+03 3.560140167990762091e-19 1.216585775115735171e-19
5.314411645994038736e+03 2.586264885212379566e-19 1.205478059097312359e-19
5.319417573927094054e+03 1.055233162386568138e-19 1.169260270092145520e-19
5.324423501860150282e+03 7.283580880580614130e-20 1.128482235519083407e-19
5.329429429793205600e+03 7.357409151309897873e-20 1.105055684295084210e-19
5.334435357726260918e+03 -4.114244935241685340e-20 1.078088969417688480e-19
5.339441285659317145e+03 -8.899701063954119753e-21 1.059993206566322030e-19
5.344447213592372464e+03 2.509865495813249414e-19 1.064348140911304904e-19
5.349453141525428691e+03 1.532798051912902782e-19 1.083353106597806970e-19
5.354459069458484009e+03 6.559111476857746808e-20 1.113440800331996079e-19
5.359464997391540237e+03 -2.575371022966870033e-20 1.131823078245812375e-19
5.364470925324595555e+03 2.838215713156179257e-19 1.157581713500880561e-19
5.369476853257650873e+03 -2.913110781854787152e-20 1.175735063220967692e-19
5.374482781190707101e+03 1.428006827872708454e-20 1.202981201668244431e-19
5.379488709123762419e+03 -1.774432284942096013e-19 1.202933489331288430e-19
5.384494637056818647e+03 4.096938498855780074e-20 1.172262604768428635e-19
5.389500564989873965e+03 -4.044520241760483734e-20 1.134625885893606004e-19
5.394506492922930192e+03 7.822907769321793376e-20 1.093089598184241420e-19
5.399512420855985511e+03 1.171315819438309845e-20 1.052154010947732361e-19
5.404518348789040829e+03 -2.551618378105279850e-20 1.032768454386446267e-19
5.409524276722097056e+03 1.139586052496874187e-19 1.021252298372350171e-19
5.414530204655152374e+03 -1.256827548092026175e-19 1.023862598189777123e-19
5.419536132588208602e+03 1.051993251660860994e-19 1.014987478328083977e-19
5.424542060521263920e+03 6.458183947788531575e-20 1.007791421122227716e-19
5.429547988454320148e+03 1.368980531817321295e-19 9.918626176449957839e-20
5.434553916387375466e+03 5.150136444425377722e-20 9.798666438756958003e-20
5.439559844320430784e+03 1.447274932264984363e-19 9.805402651144386572e-20
5.444565772253487012e+03 -6.915859535379980675e-20 9.750485158983218549e-20
5.449571700186542330e+03 1.019807187819056452e-19 9.726521873462637231e-20
5.454577628119598558e+03 1.281956984389999170e-19 9.766773780855069812e-20
5.459583556052653876e+03 1.320206105609758176e-19 9.865988830226804819e-20
5.464589483985709194e+03 2.298718705083666795e-19 1.009463066000644996e-19
5.469595411918765421e+03 1.681756831174187216e-19 1.032786865958257639e-19
5.474601339851820740e+03 1.228969743241509551e-19 1.059755646872197340e-19
5.479607267784876967e+03 5.230531941557282395e-20 1.097391781800195573e-19
5.484613195717932285e+03 3.438449912038798194e-20 1.132748605115295394e-19
5.489619123650987603e+03 3.465389219686372100e-19 1.160202663188017940e-19
5.494625051584043831e+03 -2.015497931325415458e-21 1.172434062427395907e-19
5.499630979517099149e+03 1.128102061134856361e-19 1.165534107092626754e-19
5.504636907450155377e+03 -8.194728503615043650e-20 1.140177665527081268e-19
5.509642835383210695e+03 1.602745101649604852e-19 1.107619473798887040e-19
5.514648763316266923e+03 5.482709799537296423e-20 1.058693113320461544e-19
5.519654691249322241e+03 1.309105197650126223e-19 1.013355472875074080e-19
5.524660619182377559e+03 1.508069034549051878e-19 9.840960142039718461e-20
5.529666547115433787e+03 1.224434516161882908e-19 9.612439206004545134e-20
5.534672475048489105e+03 1.300698882004837463e-19 9.569652530089044830e-20
5.539678402981545332e+03 2.999443844118187081e-19 9.664217761395021837e-20
5.544684330914600650e+03 2.288457016216601971e-19 9.653818691671390862e-20
5.549690258847656878e+03 2.250557735983959614e-19 9.385407080310712993e-20
5.554696186780712196e+03 2.522658435592503265e-19 9.125938995353139570e-20
5.559702114713767514e+03 2.542969905135043983e-19 9.145390745145289872e-20
5.564708042646823742e+03 2.348419244788812786e-19 9.170518207098113591e-20
5.569713970579879060e+03 4.585802126806902168e-20 1.439032596643833516e-19
5.574719898512935288e+03 3.032726903959423782e-19 2.516524874832773953e-19
5.579725826445990606e+03 3.073483823131458258e-19 2.544161276060647332e-19
5.584731754379046833e+03 9.565009136635318386e-20 1.557173219367181161e-19
5.589737682312102152e+03 1.278499257409601729e-19 8.628772698679727811e-20
5.594743610245157470e+03 1.560153957484253553e-19 8.520993826334037068e-20
5.599749538178213697e+03 2.305281037574379768e-19 8.723181141445731783e-20
5.604755466111269016e+03 2.316828121778750735e-19 8.942553445080043967e-20
5.609761394044325243e+03 1.505768680675373002e-19 9.035787146731640154e-20
5.614767321977380561e+03 2.517881692923511540e-19 9.082110774115368142e-20
5.619773249910436789e+03 2.035056754104007967e-19 9.381255216710720475e-20
5.624779177843492107e+03 -9.212695538030659849e-20 9.495103424339137401e-20
5.629785105776547425e+03 9.290175930165470710e-20 9.501273131115283128e-20
5.634791033709603653e+03 1.211364430414554811e-19 9.442568988076606467e-20
5.639796961642658971e+03 1.571803812699770650e-19 9.316273166331352595e-20
5.644802889575714289e+03 1.666845759429499757e-20 9.074790551614996382e-20
5.649808817508770517e+03 1.885458657082588915e-19 8.743067184335786269e-20
5.654814745441825835e+03 1.809907540424769314e-19 8.449345883682401904e-20
5.659820673374882062e+03 2.748049488560852179e-19 8.354911202772164891e-20
5.664826601307937381e+03 2.769165289239288983e-19 8.249719861574420672e-20
5.669832529240993608e+03 -1.524250717867612032e-20 8.237791773799813838e-20
5.674838457174048926e+03 2.396977312281863926e-20 8.161947625931268288e-20
5.679844385107104245e+03 -6.439049817175885460e-20 8.170959578266488835e-20
5.684850313040160472e+03 1.229889266460558463e-19 8.205567024457066597e-20
5.689856240973215790e+03 1.729780335326336456e-19 8.285552285014494971e-20
5.694862168906272018e+03 2.756319656221532162e-19 8.367086288070744073e-20
5.699868096839327336e+03 1.923585381728249337e-19 8.384453340968949941e-20
5.704874024772383564e+03 1.406528523883066122e-19 8.303879677679918436e-20
5.709879952705438882e+03 1.490042162462663943e-19 8.283974488578788723e-20
5.714885880638494200e+03 7.890074996833961578e-20 8.336901067563568747e-20
5.719891808571550428e+03 3.659794065244230691e-19 8.404224748582868807e-20
5.724897736504605746e+03 -4.492233824074262269e-21 8.406502933056502780e-20
5.729903664437661973e+03 -2.856570173250932116e-20 8.392151637895442137e-20
5.734909592370717291e+03 1.368867097157583600e-19 8.376054750320097550e-20
5.739915520303773519e+03 4.273742366715724626e-20 8.494847156911366457e-20
5.744921448236828837e+03 1.592010617287453923e-19 8.549052096017725320e-20
5.749927376169884155e+03 2.249219763274617479e-19 8.826972206520657132e-20
5.754933304102940383e+03 1.721660628697520356e-19 9.220932717048036253e-20
5.759939232035995701e+03 2.409374383357928572e-19 9.574056472826774542e-20
5.764945159969051929e+03 1.420334076922184924e-19 9.754942447054651775e-20
5.769951087902107247e+03 2.802222967019159353e-19 9.819282454237279994e-20
5.774957015835163475e+03 1.293760333050907387e-19 9.748356955798088416e-20
5.779962943768218793e+03 4.523708941495345084e-20 9.678367430743564335e-20
5.784968871701274111e+03 2.248523949031184663e-19 9.702462430317515568e-20
5.789974799634330338e+03 2.415961938298697001e-19 9.655796927939727696e-20
5.794980727567385657e+03 1.477290336847264916e-20 9.674004102748405796e-20
5.799986655500441884e+03 -1.075308127593228295e-19 9.614263280537709217e-20
5.804992583433497202e+03 -4.142189147035146811e-20 9.676196660285436474e-20
5.809998511366552520e+03 -3.113547921514205857e-20 9.658435230055023992e-20
5.815004439299608748e+03 1.625986823415374736e-19 9.733272155789536309e-20
5.820010367232664066e+03 6.462186602957751248e-20 9.493143742849497232e-20
5.825016295165720294e+03 8.155748273979431290e-20 9.183348651479096088e-20
5.830022223098775612e+03 -5.258770371143122113e-20 8.928642432841961044e-20
5.835028151031830930e+03 1.049137595660193757e-19 8.734327909322656859e-20
5.840034078964887158e+03 1.922761622807658518e-19 8.627747530000473106e-20
5.845040006897942476e+03 1.338987253538121495e-19 8.550637519400152633e-20
5.850045934830998704e+03 1.162511689563579288e-19 8.579432357946139226e-20
5.855051862764054022e+03 3.002284662029879617e-20 8.529819633982649889e-20
5.860057790697110249e+03 1.072531702831462741e-20 9.010569998602174629e-20
5.865063718630165567e+03 8.047566681171995308e-20 9.604319420201221115e-20
5.870069646563220886e+03 1.050261182537296205e-19 9.733014906252914203e-20
5.875075574496277113e+03 2.306696338096187502e-19 9.173754347689804260e-20
5.880081502429332431e+03 1.478863565843006093e-19 9.100195866528813379e-20
5.885087430362388659e+03 4.071574831606055158e-19 1.158116227853800408e-19
5.890093358295443977e+03 1.760761223383164998e-19 1.293210368356792557e-19
5.895099286228500205e+03 1.528731196665269677e-19 1.239062610823052797e-19
5.900105214161555523e+03 2.955384995648964290e-19 1.050608763873091572e-19
5.905111142094610841e+03 2.888832877948177084e-19 9.208279140437970343e-20
5.910117070027667069e+03 1.944090814761956937e-19 9.355938337294180366e-20
5.915122997960722387e+03 6.085903128792292727e-20 9.278136703147966449e-20
5.920128925893778614e+03 8.757738406150644543e-20 9.197782877303882111e-20
5.925134853826833933e+03 1.362703645838025280e-19 8.952982916780057133e-20
5.930140781759890160e+03 2.758721427625190216e-19 9.297364627476453750e-20
5.935146709692945478e+03 1.853789357314065379e-19 9.150731527976114267e-20
5.940152637626000796e+03 7.965650674817050289e-20 8.700720024337035083e-20
5.945158565559057024e+03 1.533676255333274141e-19 8.845203448080013854e-20
5.950164493492112342e+03 1.239228205350551341e-19 9.251005141766318595e-20
5.955170421425167660e+03 -3.516536605262129918e-20 8.972801343937307761e-20
5.960176349358223888e+03 8.013356361305882816e-20 8.335351662473574501e-20
5.965182277291280116e+03 3.434475248595124768e-20 8.118092232503712615e-20
5.970188205224335434e+03 8.014759792241783940e-20 8.139052666188084891e-20
5.975194133157390752e+03 2.846362190456601944e-19 8.225502588110638503e-20
5.980200061090446980e+03 2.144956734480884938e-19 7.944062688353789525e-20
5.985205989023502298e+03 1.292959308786387602e-19 7.576410208942059009e-20
5.990211916956557616e+03 2.691603193319609741e-19 7.471151839594101185e-20
5.995217844889613843e+03 1.318193926819392232e-19 7.517165183467902004e-20
6.000223772822669162e+03 2.455484834605577817e-19 7.603452324554152037e-20
6.005229700755725389e+03 2.308337577122350328e-19 7.488659271094965218e-20
6.010235628688780707e+03 1.771129579198995881e-19 7.270052372019052831e-20
6.015241556621836935e+03 5.944666864796079937e-20 7.077560522900406716e-20
6.020247484554892253e+03 3.094749322808537247e-20 6.926502358958436438e-20
6.025253412487947571e+03 7.701706726692384584e-20 6.866277514728293840e-20
6.030259340421003799e+03 2.720530642367492656e-20 6.792982727730749030e-20
6.035265268354059117e+03 2.211898452295514552e-19 6.631062863590218549e-20
6.040271196287115345e+03 2.339851480118167924e-19 6.421864708254734927e-20
6.045277124220170663e+03 1.373994205260747957e-19 6.294547703203867592e-20
6.050283052153226890e+03 1.636649505137107547e-19 6.183197331538939089e-20
6.055288980086282209e+03 2.175779208561407679e-20 6.119043511620692898e-20
6.060294908019337527e+03 1.080299980746395668e-19 6.087235689955491259e-20
6.065300835952393754e+03 2.194955658446318281e-19 6.060399162852246503e-20
6.070306763885449072e+03 2.872432465711797474e-19 5.994725489732972416e-20
6.075312691818505300e+03 2.454077396631585583e-19 5.908257491811466485e-20
6.080318619751560618e+03 2.069326455094418937e-19 5.867993590355626755e-20
6.085324547684616846e+03 1.985734794772010591e-19 5.826780321837411525e-20
6.090330475617672164e+03 8.141300880856897475e-21 5.846417683430179907e-20
6.095336403550727482e+03 2.192274362862719164e-19 5.887746102851290781e-20
6.100342331483783710e+03 2.298948012735232960e-19 5.927032879951518184e-20
6.105348259416839028e+03 2.319298570452207289e-19 5.958298837817314453e-20
6.110354187349894346e+03 1.668556699330090773e-19 5.960281636745187222e-20
6.115360115282950574e+03 2.200996038742200997e-19 6.002173224743200330e-20
6.120366043216006801e+03 1.107032805705186053e-19 6.004182999383404244e-20
6.125371971149062119e+03 1.638038054483588762e-19 6.085777284224153593e-20
6.130377899082117438e+03 9.473199389168236283e-20 6.204469640363032902e-20
6.135383827015173665e+03 2.087796706713561405e-19 6.482099032857510031e-20
6.140389754948228983e+03 1.877781774907012246e-19 6.724068924863631066e-20
6.145395682881284301e+03 1.326354188694852958e-19 6.592170091323259151e-20
6.150401610814340529e+03 7.381726952990586498e-20 6.287190374581138188e-20
6.155407538747396757e+03 1.027621997605924439e-19 6.046850094947068414e-20
6.160413466680452075e+03 1.273153676169659932e-19 5.865921919600857621e-20
6.165419394613507393e+03 1.752493411652125025e-19 5.974516126749641817e-20
6.170425322546563621e+03 2.202631863097142495e-19 6.111355270590567003e-20
6.175431250479618939e+03 1.957187890797027758e-19 5.913996359706869990e-20
6.180437178412674257e+03 1.072754695287939352e-19 5.601206496669873187e-20
6.185443106345730484e+03 9.749951680710674895e-20 5.494530834476680379e-20
6.190449034278785803e+03 1.396561280463318021e-19 5.495910620462144358e-20
6.195454962211842030e+03 1.651847172104279413e-19 5.499652981079532469e-20
6.200460890144897348e+03 2.478246521203034283e-19 5.585588196602878173e-20
6.205466818077953576e+03 2.633954065305374648e-19 5.550401180541228379e-20
6.210472746011008894e+03 1.629700988125679964e-19 5.347841396882814827e-20
6.215478673944064212e+03 1.437156550959909546e-19 5.464905700940551114e-20
6.220484601877120440e+03 7.060728966022417968e-20 5.549907661890263892e-20
6.225490529810175758e+03 5.007934736103766559e-20 5.591944791924937582e-20
6.230496457743231986e+03 1.709219189206245636e-20 6.334518258535051748e-20
6.235502385676287304e+03 4.195868800741980745e-20 6.985147468966378847e-20
6.240508313609343531e+03 -1.689283314406302669e-20 6.867822975059249737e-20
6.245514241542398850e+03 1.881913267478343356e-19 6.053637213543247456e-20
6.250520169475454168e+03 1.941407401689739671e-19 6.193748419807441501e-20
6.255526097408510395e+03 -3.833689390925154827e-20 7.039254100562384953e-20
6.260532025341565713e+03 1.902765787464000057e-19 7.461601250669379967e-20
6.265537953274621032e+03 1.336440102765160487e-19 6.892918052512998427e-20
6.270543881207677259e+03 1.070821361192210006e-19 6.714322350125390048e-20
6.275549809140733487e+03 8.725720566237646405e-20 6.523771514168274034e-20
6.280555737073788805e+03 1.433042246840902440e-19 6.794696525085728461e-20
6.285561665006844123e+03 2.468826977035762566e-19 7.146238726288784034e-20
6.290567592939900351e+03 8.617951958860564561e-21 7.606783720348587088e-20
6.295573520872955669e+03 2.459095120069542928e-19 1.084614769754809694e-19
6.300579448806010987e+03 1.960514996153851439e-19 1.161534749083741934e-19
6.305585376739067215e+03 1.854152040892829911e-19 9.587883476312061628e-20
6.310591304672123442e+03 1.409373218675972612e-19 6.618413607224995368e-20
6.315597232605178760e+03 9.991089895010216177e-20 5.856601022800930773e-20
6.320603160538234079e+03 2.129382827373853753e-19 6.016254290035507199e-20
6.325609088471290306e+03 2.426957661245343609e-19 6.556495228567653230e-20
6.330615016404345624e+03 5.887885640034314432e-20 6.312868640143692731e-20
6.335620944337400942e+03 1.377449918986856679e-19 5.754976295284564299e-20
6.340626872270457170e+03 1.126409871696862277e-19 5.380350060638753426e-20
6.345632800203512488e+03 1.340175063709247592e-19 5.554801449608826943e-20
6.350638728136568716e+03 -1.420071487869890484e-20 5.890340328542597073e-20
6.355644656069624034e+03 1.366375870986879095e-19 6.382348481074986516e-20
6.360650584002680262e+03 1.396471863610533382e-19 7.577500353232172556e-20
6.365656511935735580e+03 2.004819713023635787e-19 7.327596866777581305e-20
6.370662439868790898e+03 1.504154469868985269e-19 5.955548696582291359e-20
6.375668367801847126e+03 1.671735689283802755e-19 5.482403223877524403e-20
6.380674295734902444e+03 1.922687917878002784e-19 5.826925589635080184e-20
6.385680223667958671e+03 1.148845373200559646e-19 5.876485086504691604e-20
6.390686151601013989e+03 3.473848805670738324e-20 5.775013517616359430e-20
6.395692079534070217e+03 1.494348225817710466e-19 5.606518766701369112e-20
6.400698007467125535e+03 2.837152598940650728e-19 5.582977763882597233e-20
6.405703935400180853e+03 2.498745093306774504e-19 5.498524678539225547e-20
6.410709863333237081e+03 1.994482132200996953e-19 5.433492692703959895e-20
6.415715791266292399e+03 2.050829020637349117e-19 5.413001971030140418e-20
6.420721719199348627e+03 1.324381403484620781e-19 5.274766853412308225e-20
6.425727647132403945e+03 1.469465850874350964e-19 5.113869673193689937e-20
6.430733575065460172e+03 2.109409419371071630e-19 4.926918805079594811e-20
6.435739502998515491e+03 8.404411431326577248e-20 4.809073388388876630e-20
6.440745430931570809e+03 1.565420061516098768e-19 4.749923135505185877e-20
6.445751358864627036e+03 6.995706911205061855e-20 4.761885609329227226e-20
6.450757286797682355e+03 6.001934499122145214e-20 4.797644075483673072e-20
6.455763214730737673e+03 7.970530563795034760e-20 4.918146605147945793e-20
6.460769142663793900e+03 1.226027819185162756e-19 5.456292054981101537e-20
6.465775070596850128e+03 8.934726153597876655e-20 5.885105540306051143e-20
6.470780998529905446e+03 2.065723252413184805e-19 5.698450417801249978e-20
6.475786926462960764e+03 1.235441165672537358e-19 5.187293027712647419e-20
6.480792854396016992e+03 2.160906052229099598e-19 4.830790350751468769e-20
6.485798782329072310e+03 2.186210725447037624e-19 4.669336275943613903e-20
6.490804710262127628e+03 1.225216631780482127e-19 5.101556760383961009e-20
6.495810638195183856e+03 1.986137439681226393e-19 6.081812191631085437e-20
6.500816566128239174e+03 2.768331346253847734e-20 6.444109194759720364e-20
6.505822494061295401e+03 2.523514038811146297e-19 5.707856197644039742e-20
6.510828421994350720e+03 1.724369045013364593e-19 5.252407965553596407e-20
6.515834349927406947e+03 1.722352109860900793e-19 5.312260697066105847e-20
6.520840277860462265e+03 2.254203161773165873e-19 5.521360408041373952e-20
6.525846205793517584e+03 1.414351830969940050e-19 6.037312926383526894e-20
6.530852133726573811e+03 2.299496229941869280e-19 6.395071464195662009e-20
6.535858061659629129e+03 1.775401843546719126e-19 6.349965921531549263e-20
6.540863989592685357e+03 1.985670203676943005e-19 6.305879484998628170e-20
6.545869917525740675e+03 2.239101098379513988e-19 7.386343818373856544e-20
6.550875845458796903e+03 9.931563664053011491e-20 6.993768877546536925e-20
6.555881773391852221e+03 1.054617924928876427e-19 5.705952130103730175e-20
6.560887701324907539e+03 1.018305277733498491e-19 4.709146826471053303e-20
6.565893629257963767e+03 1.667238267430851439e-19 4.850924594094240009e-20
6.570899557191019085e+03 1.223262036491881598e-19 5.183957865866649300e-20
6.575905485124075312e+03 2.170183313305427840e-20 5.472106875547034845e-20
6.580911413057130630e+03 1.527363964108225166e-19 5.295951816506883123e-20
6.585917340990186858e+03 1.044679965827743759e-19 4.657537071622975879e-20
6.590923268923242176e+03 2.087887326204932613e-19 4.690965861309993878e-20
6.595929196856297494e+03 1.973313101510989847e-19 4.873861348810352181e-20
6.600935124789353722e+03 1.866207198561983844e-19 5.083330648198702351e-20
6.605941052722409040e+03 1.779687258029173740e-19 4.964667627657184857e-20
6.610946980655464358e+03 1.595669158874425444e-19 4.664701814930809897e-20
6.615952908588520586e+03 1.007338566838332749e-19 4.574486211241476871e-20
6.620958836521576814e+03 1.040692127569115478e-19 4.668799815225832132e-20
6.625964764454632132e+03 1.856097786151231961e-19 4.795707297280094692e-20
6.630970692387687450e+03 2.429321334702017259e-20 5.019790756737891423e-20
6.635976620320743677e+03 1.291403954245468655e-21 4.991723559494923326e-20
6.640982548253798996e+03 1.807032586017861895e-19 4.892691692563624519e-20
6.645988476186854314e+03 1.639113791878724167e-19 4.919053077016806857e-20
6.650994404119910541e+03 1.785517359192702139e-19 5.047946930142537608e-20
6.656000332052965859e+03 2.010788097814638417e-19 5.111105129593194022e-20
6.661006259986022087e+03 1.372017246669141576e-19 5.100353207837466145e-20
6.666012187919077405e+03 1.751239333310684395e-19 5.034599571020255922e-20
6.671018115852133633e+03 1.199429212500886947e-19 4.891979007215522893e-20
6.676024043785188951e+03 9.421086024480153414e-20 4.703610836010386311e-20
6.681029971718244269e+03 6.615735483721193976e-20 4.631022314601833132e-20
6.686035899651300497e+03 2.188776388081274342e-19 4.593764110289825211e-20
6.691041827584355815e+03 1.347321986954597286e-19 4.523666051303369602e-20
6.696047755517412043e+03 9.044495324597101987e-20 4.511644818441667540e-20
6.701053683450467361e+03 1.571383465284479158e-19 4.531965627972979491e-20
6.706059611383523588e+03 2.087385604440171534e-19 4.455362821753975323e-20
6.711065539316578906e+03 1.496326965272952571e-19 4.435664785033138806e-20
6.716071467249634225e+03 1.927546517557634003e-19 4.423391523980333999e-20
6.721077395182690452e+03 1.873254372155326227e-19 4.379997563404584169e-20
6.726083323115745770e+03 9.680383597910647118e-20 4.381213086239913196e-20
6.731089251048801998e+03 1.258801040691853471e-19 4.377559665499253899e-20
6.736095178981857316e+03 2.470051695080515678e-19 4.394146997413228175e-20
6.741101106914913544e+03 1.358142914613223978e-19 4.435303806469638221e-20
6.746107034847968862e+03 1.852617662967687669e-19 4.467637963213253004e-20
6.751112962781024180e+03 1.456490284371570354e-19 4.450014019677701237e-20
6.756118890714080408e+03 4.000373543784438807e-21 4.456239933916416907e-20
6.761124818647135726e+03 1.200537980272036599e-19 4.496911536802366215e-20
6.766130746580191044e+03 1.625334814454120390e-19 4.594597621367931088e-20
6.771136674513247272e+03 1.280960147947971655e-19 4.639070174518020879e-20
6.776142602446303499e+03 1.980723723345329474e-19 4.737517688716493793e-20
6.781148530379358817e+03 1.589972924892909658e-19 4.860438731987331406e-20
6.786154458312414135e+03 2.253498195590767088e-19 4.847384607965086139e-20
6.791160386245470363e+03 1.073028404876824892e-19 4.689975279558148006e-20
6.796166314178525681e+03 1.625220123673363145e-19 4.590318365897454825e-20
6.801172242111580999e+03 1.218903635197828939e-19 4.527729789679611600e-20
6.806178170044637227e+03 1.480395420485712698e-19 4.445381301907039699e-20
6.811184097977693455e+03 2.135740067930689558e-19 4.388292758571050829e-20
6.816190025910748773e+03 7.796317571336302910e-20 4.342968328812636558e-20
6.821195953843804091e+03 8.019034280285784011e-20 5.061896738226141335e-20
6.826201881776860318e+03 5.918569324478840661e-20 6.501041451947925137e-20
6.831207809709915637e+03 5.237663054463732636e-20 7.071487737413986853e-20
6.836213737642970955e+03 1.506584724649117532e-19 6.216412284341272338e-20
6.841219665576027182e+03 1.307926844286568445e-19 4.994886241435832613e-20
6.846225593509082501e+03 9.262362374298043544e-20 4.498065947739112913e-20
6.851231521442138728e+03 9.670520801638146301e-20 4.232748435184196799e-20
6.856237449375194046e+03 1.032850253293770029e-19 5.290344124739207380e-20
6.861243377308250274e+03 3.129885006142870274e-19 7.045960439525282953e-20
6.866249305241305592e+03 7.999123823015614369e-20 7.989118041770695056e-20
6.871255233174360910e+03 2.060126800156123897e-19 6.843171500259175679e-20
6.876261161107417138e+03 1.661669873461360420e-19 6.299580510201957389e-20
6.881267089040473365e+03 1.642146222018277192e-19 5.683593291223343374e-20
6.886273016973527774e+03 1.987874663609017491e-19 6.060935624774222592e-20
6.891278944906584002e+03 1.072708234216293797e-19 5.589012192772155702e-20
6.896284872839640229e+03 1.997940791035889249e-19 6.272178469624609706e-20
6.901290800772695547e+03 7.970927372296188649e-20 5.918718484187292124e-20
6.906296728705750866e+03 1.223466864735717816e-19 5.938292329218077364e-20
6.911302656638807093e+03 9.899473729201289909e-20 5.865597077026060492e-20
6.916308584571862411e+03 1.739185695336110899e-20 6.480547470786653290e-20
6.921314512504917730e+03 5.544223222074791759e-20 6.538011715119861305e-20
6.926320440437973957e+03 -1.302405719830133789e-20 6.087375289284306799e-20
6.931326368371030185e+03 -4.999994814011161649e-20 4.834159040515439518e-20
6.936332296304085503e+03 8.393448493972253608e-20 5.163382225566706134e-20
6.941338224237140821e+03 5.099929019290243253e-20 5.962058592423239458e-20
6.946344152170197049e+03 9.511579707901748572e-20 6.320538589374855392e-20
6.951350080103252367e+03 1.374023885408256364e-19 5.817985930380901506e-20
6.956356008036307685e+03 1.758556210361200192e-19 4.533987474367310526e-20
6.961361935969363913e+03 1.453053993104506512e-19 4.308242892463684358e-20
6.966367863902420140e+03 1.977256472755612591e-19 4.630338799720953499e-20
6.971373791835475458e+03 2.163260206494021913e-19 5.089820583218438033e-20
6.976379719768530776e+03 2.240906405231926426e-19 5.282598931595821113e-20
6.981385647701587004e+03 1.498329281994940081e-19 5.045037715309466242e-20
6.986391575634642322e+03 1.348453878934047719e-19 4.272557192839856522e-20
6.991397503567697640e+03 1.901104906429480687e-19 4.125353068520526981e-20
6.996403431500753868e+03 1.584134552454834300e-19 4.264991295242947870e-20
7.001409359433810096e+03 1.723276887757031131e-19 4.463580756647262620e-20
7.006415287366865414e+03 1.331532041463272134e-19 4.844235888916772294e-20
7.011421215299920732e+03 1.026439297942756542e-19 4.743606627739312294e-20
7.016427143232976960e+03 1.193745317746774625e-19 4.527153248142918293e-20
7.021433071166032278e+03 1.777498363961588185e-19 4.212516960871338684e-20
7.026438999099087596e+03 1.119343870522266655e-19 4.339574968132055574e-20
7.031444927032143823e+03 2.400620041266347136e-19 4.453448746652459565e-20
7.036450854965200051e+03 3.809337361542599951e-20 4.639719958808957645e-20
7.041456782898254460e+03 1.314111871427356218e-19 4.963506004251069774e-20
7.046462710831310687e+03 4.734462927352258255e-20 5.180732642923972659e-20
7.051468638764366915e+03 1.937716426038449017e-19 4.982299190093381596e-20
7.056474566697422233e+03 7.861251557910048134e-20 4.514285729121433886e-20
7.061480494630477551e+03 1.873270515839684040e-19 4.420624522517077474e-20
7.066486422563533779e+03 1.167082474419552351e-19 4.444916516952282872e-20
7.071492350496589097e+03 9.197884600038670101e-20 4.360400815219193896e-20
7.076498278429644415e+03 1.521799174684802085e-19 4.320269755449142262e-20
7.081504206362700643e+03 1.179349086998180069e-19 4.313783705730983417e-20
7.086510134295756870e+03 1.446054591984466771e-19 4.324341987398758732e-20
7.091516062228812189e+03 1.567274377450666817e-19 4.162519057669275706e-20
7.096521990161867507e+03 1.930278148301671635e-19 3.991879360840178608e-20
7.101527918094923734e+03 1.653093808509551855e-19 3.897431214607002297e-20
7.106533846027979052e+03 2.155792151386888509e-19 3.922919201808716683e-20
7.111539773961034371e+03 1.781529655297399642e-19 3.938396067063699191e-20
7.116545701894090598e+03 1.383181856650778504e-19 3.936111021804892382e-20
7.121551629827146826e+03 1.259555089941480699e-19 4.035098186784514258e-20
7.126557557760202144e+03 1.643203060906698519e-19 4.208115570076690187e-20
7.131563485693257462e+03 1.134369192135780330e-19 4.291247048158705142e-20
7.136569413626313690e+03 1.346620953801082469e-19 4.370277020168481930e-20
7.141575341559369008e+03 1.939010909414172577e-19 4.634696737749074089e-20
7.146581269492424326e+03 1.672786974714651621e-19 4.781014584266504381e-20
7.151587197425480554e+03 1.793755250402273202e-19 4.661110005764883978e-20
7.156593125358536781e+03 1.954901726391713473e-19 4.706882234548590155e-20
7.161599053291592099e+03 1.303579748469167175e-19 4.883005817316388997e-20
7.166604981224647418e+03 1.257447892369798779e-19 4.919562763973181816e-20
7.171610909157703645e+03 1.732020877663145186e-19 4.886603518721193450e-20
7.176616837090758963e+03 1.087236265620617325e-19 4.805335502967425757e-20
7.181622765023814281e+03 9.295218912292552440e-20 4.593115794472114550e-20
7.186628692956870509e+03 1.254133080219446205e-19 4.362529205739072310e-20
7.191634620889926737e+03 8.140187387877405118e-20 4.261716239091900316e-20
7.196640548822981145e+03 1.307071547184147830e-19 4.215698003560723773e-20
7.201646476756037373e+03 1.518653339035141408e-19 4.175777867222518790e-20
7.206652404689093601e+03 7.848293647534173203e-20 4.139166873037562695e-20
7.211658332622148919e+03 1.331047824202976040e-19 4.112891134221028549e-20
7.216664260555204237e+03 3.481150424790496363e-20 4.169234648835682961e-20
7.221670188488260465e+03 1.303496574378767977e-19 4.256145862271790894e-20
7.226676116421315783e+03 2.141126208481374554e-19 4.350296458875131093e-20
7.231682044354371101e+03 1.284629967883947575e-19 5.409239998938878852e-20
7.236687972287427328e+03 3.336349247419362544e-19 8.214667241889620066e-20
7.241693900220483556e+03 2.563063220077891871e-19 9.714860378320555524e-20
7.246699828153538874e+03 5.774488070592267548e-20 8.507071244039922247e-20
7.251705756086594192e+03 9.915351198103156005e-20 6.327069935345905485e-20
7.256711684019650420e+03 7.732862511933930094e-20 5.273290611024909761e-20
7.261717611952705738e+03 1.571684221509834050e-19 4.723633723789413954e-20
7.266723539885761056e+03 1.210997204089229578e-19 5.244527775776300365e-20
7.271729467818817284e+03 1.794488704488733050e-19 8.769512679673672913e-20
7.276735395751873511e+03 1.789661486233411125e-19 9.784203774567581503e-20
7.281741323684928830e+03 2.361489517945377876e-19 8.966663797821809838e-20
7.286747251617984148e+03 -3.924233935646981386e-20 7.077648675987947133e-20
7.291753179551040375e+03 7.447261407224367338e-21 5.992387186489851939e-20
7.296759107484095694e+03 8.880314314732360070e-20 6.139472345804810938e-20
7.301765035417151012e+03 9.811800610612242454e-20 6.254777502263822736e-20
7.306770963350207239e+03 2.132259553544140779e-19 6.323458003474451229e-20
7.311776891283263467e+03 -1.080074911629206047e-19 8.071013245781020428e-20
7.316782819216318785e+03 1.138464649372059024e-20 8.137125699920005731e-20
7.321788747149374103e+03 9.561103952015985148e-20 6.843084855277229154e-20
7.326794675082430331e+03 4.909151360658395684e-20 6.015265282328526041e-20
7.331800603015485649e+03 6.388278093696951307e-20 6.463405099569403776e-20
7.336806530948540967e+03 4.808043086869264639e-20 8.146007918385110061e-20
7.341812458881597195e+03 2.259241057182150902e-19 8.171537881584176995e-20
7.346818386814653422e+03 1.448100493696172850e-19 6.238345675923524811e-20
7.351824314747707831e+03 1.648656217659776783e-19 5.083690673684128130e-20
7.356830242680764059e+03 6.322721706550297696e-20 5.770370679152810697e-20
7.361836170613820286e+03 1.092671406953547761e-19 6.631114504133283900e-20
7.366842098546875604e+03 2.222783052275123637e-19 7.466537140854119073e-20
7.371848026479930923e+03 1.716036292218893897e-19 7.327083719336686169e-20
7.376853954412987150e+03 1.520605573028184250e-19 5.052583710258807517e-20
7.381859882346043378e+03 8.294682980605189306e-20 4.269324625098254973e-20
7.386865810279097786e+03 1.533214125208558805e-19 5.219104297699319968e-20
7.391871738212154014e+03 1.858178389941204005e-19 5.727964864036045719e-20
7.396877666145210242e+03 9.344977503158865102e-20 7.008081954527220167e-20
7.401883594078265560e+03 1.702079532979022728e-19 6.954843748501024874e-20
7.406889522011320878e+03 1.639543741619397787e-19 6.238475672977160718e-20
7.411895449944377106e+03 2.423187619020714934e-20 4.818716691087169573e-20
7.416901377877432424e+03 2.110942481565192779e-19 4.879985095662908483e-20
7.421907305810487742e+03 9.159998045964939023e-20 5.078367964594420370e-20
7.426913233743543969e+03 7.893911679310999332e-20 5.549162458049918446e-20
7.431919161676600197e+03 1.105133016551461026e-19 6.203176297603123279e-20
7.436925089609655515e+03 8.780757080089706952e-20 6.173726648791907184e-20
7.441931017542710833e+03 3.233014737013077892e-20 5.704089896297873639e-20
7.446936945475767061e+03 1.972908645423100383e-19 4.536970258853956224e-20
7.451942873408822379e+03 1.537692192971846301e-19 4.426452359674144301e-20
7.456948801341877697e+03 1.251906111132767695e-19 4.658270640263635310e-20
7.461954729274933925e+03 7.949468633935663602e-20 5.142410336343624558e-20
7.466960657207990153e+03 -7.436734493388679384e-21 5.826340966373489970e-20
7.471966585141045471e+03 -1.898729856344751148e-20 6.081439605186926810e-20
7.476972513074100789e+03 1.451705110741664522e-19 6.442854876309188282e-20
7.481978441007157016e+03 1.614704888827933798e-19 6.082648214266190254e-20
7.486984368940212335e+03 7.848329396123765571e-20 5.426919123802791288e-20
7.491990296873267653e+03 8.326976832689212591e-20 4.605925498387413039e-20
7.496996224806323880e+03 1.815356783270658730e-19 4.442829655750700377e-20
7.502002152739380108e+03 1.087874391020838079e-19 4.142826195110313758e-20
7.507008080672435426e+03 1.526366824735966271e-19 4.049408255075910875e-20
7.512014008605490744e+03 1.540498469250252391e-19 4.286458982414497752e-20
7.517019936538546972e+03 7.061636880544738394e-20 5.951959917665425476e-20
7.522025864471602290e+03 -1.259010005556525510e-20 7.557492313229643891e-20
7.527031792404657608e+03 1.524723886796294581e-19 7.763441626346679103e-20
7.532037720337713836e+03 6.426408378455208550e-20 5.881696188182958110e-20
7.537043648270770063e+03 1.409422583617145261e-19 5.104274661400814838e-20
7.542049576203824472e+03 9.419647469710540052e-20 4.800448084240377514e-20
7.547055504136880700e+03 1.456867126023420435e-19 4.756971031345631816e-20
7.552061432069936927e+03 2.489737318386241466e-19 5.257084867352262651e-20
7.557067360002992245e+03 6.079558227376410205e-20 5.416339439216457671e-20
7.562073287936047564e+03 7.204419200834543523e-20 5.387406789444522117e-20
7.567079215869103791e+03 1.280093397710828061e-19 6.756561908529574200e-20
7.572085143802159109e+03 2.517932606331840739e-19 7.014098997754171708e-20
7.577091071735214427e+03 1.299783663303257446e-19 5.982478181976072145e-20
7.582096999668270655e+03 2.085010371520059735e-19 5.243054398522532006e-20
7.587102927601326883e+03 9.089631033068788416e-21 5.165219441234502493e-20
7.592108855534382201e+03 9.202635655399776922e-20 6.830006212285919627e-20
7.597114783467437519e+03 6.465847466815177400e-20 9.780863739640816698e-20
7.602120711400493747e+03 4.425040069745493414e-19 1.336069885020457292e-19
7.607126639333549065e+03 1.153335112632380334e-19 1.133254752181110809e-19
7.612132567266604383e+03 1.759279322182187395e-19 1.027279420629903357e-19
7.617138495199660611e+03 6.264474232187218070e-20 7.101891850862191598e-20
7.622144423132716838e+03 -5.470276930903775622e-20 7.348366358907604113e-20
7.627150351065772156e+03 1.814343733116940623e-19 8.424600883876425010e-20
7.632156278998827474e+03 4.504542045043866420e-20 9.480429372315120179e-20
7.637162206931883702e+03 1.303605442866100481e-19 7.476375888504024092e-20
7.642168134864939020e+03 2.251032232144645758e-19 6.760800455317917683e-20
7.647174062797994338e+03 1.574143782761435113e-20 6.399668588921427993e-20
7.652179990731050566e+03 1.549586428599387704e-19 6.196275705317133383e-20
7.657185918664106794e+03 -1.103059274355857113e-20 6.624449112792722923e-20
7.662191846597162112e+03 1.876939712967556801e-19 6.191876257766460029e-20
7.667197774530217430e+03 7.199441788949118743e-20 5.954032941780729976e-20
7.672203702463273657e+03 1.043505030624499432e-19 5.030040641278716718e-20
7.677209630396328976e+03 3.249867297933293658e-20 4.879262197971115145e-20
7.682215558329384294e+03 7.099571003098369463e-20 5.041478851764444840e-20
7.687221486262440521e+03 2.281023979155642078e-19 5.285220404725126341e-20
7.692227414195496749e+03 1.446842603114414871e-19 5.393792399740831166e-20
7.697233342128551158e+03 6.539785181578462622e-20 5.438766207557591860e-20
7.702239270061607385e+03 9.640888548524035524e-20 5.584875735759094652e-20
7.707245197994663613e+03 2.636885220569602384e-20 9.214351532253830107e-20
7.712251125927718931e+03 4.169437161382857477e-19 1.109813398791298920e-19
7.717257053860774249e+03 1.533497920782447815e-19 1.079999736239717359e-19
7.722262981793830477e+03 1.942543900204352030e-19 8.266373338083343299e-20
7.727268909726885795e+03 1.202258693219232407e-19 6.088070092282250758e-20
7.732274837659941113e+03 7.279865693523591086e-20 5.240348727552207704e-20
7.737280765592997341e+03 1.476718976313721466e-19 4.883363917416042496e-20
7.742286693526053568e+03 7.109768746546712371e-20 6.315963653014647104e-20
7.747292621459108886e+03 1.362610232845202271e-19 9.914324886075230328e-20
7.752298549392164205e+03 -5.882801223033306895e-20 1.046625108396678314e-19
7.757304477325220432e+03 1.079899409458883728e-19 8.463591394283214726e-20
7.762310405258275750e+03 8.423749302118998978e-20 6.975564363423624710e-20
7.767316333191331069e+03 2.198826138034769801e-19 6.007705299155836656e-20
7.772322261124387296e+03 1.680714502295874644e-19 6.420078413573394042e-20
7.777328189057443524e+03 7.249471540199095128e-20 7.199413204507616995e-20
7.782334116990498842e+03 1.421837774860454035e-19 6.628542112607965710e-20
7.787340044923554160e+03 1.736916318194439060e-19 8.129946191994482773e-20
7.792345972856610388e+03 2.458720830502201839e-19 9.745519835413207944e-20
7.797351900789665706e+03 7.864246469797808402e-20 9.162697371063606432e-20
7.802357828722721024e+03 2.288338587569989300e-19 7.093293557504074458e-20
7.807363756655777252e+03 1.209035215395816899e-19 7.412664201063450374e-20
7.812369684588833479e+03 1.263209491096290986e-19 7.697629136607920379e-20
7.817375612521888797e+03 3.382322521278914055e-20 9.893369147224172268e-20
7.822381540454944115e+03 1.418110799281792560e-19 9.908302957278128449e-20
7.827387468388000343e+03 1.196012393577856422e-19 7.239231358947796761e-20
7.832393396321055661e+03 1.271970259992511422e-19 5.041049621043778977e-20
7.837399324254110979e+03 1.407186170231519416e-20 6.271591528175233972e-20
7.842405252187167207e+03 1.242886910009493816e-19 6.710556695443126545e-20
7.847411180120223435e+03 1.244723822694782315e-19 9.058214153680768912e-20
7.852417108053277843e+03 1.280208952677607841e-19 1.049892653297614268e-19
7.857423035986334071e+03 -7.339906149675203882e-21 1.037838083392137234e-19
7.862428963919390299e+03 1.618614201550363842e-19 8.337264251508636148e-20
7.867434891852445617e+03 1.578356249333720967e-19 8.321422445256961532e-20
7.872440819785500935e+03 1.517100842877781210e-19 8.404871516571110840e-20
7.877446747718557162e+03 3.903069244990423992e-19 7.664553754336893047e-20
7.882452675651613390e+03 1.821012993814067237e-20 8.034514921975719678e-20
7.887458603584667799e+03 8.364985783087388768e-20 8.412410409891538840e-20
7.892464531517724026e+03 7.311820793434796564e-20 7.907212001616127705e-20
7.897470459450780254e+03 6.323556726862530421e-20 5.713846050318092149e-20
7.902476387383835572e+03 1.325815459025103908e-19 5.235553252121817935e-20
7.907482315316890890e+03 2.160465398190424432e-19 9.728836541833980388e-20
7.912488243249947118e+03 4.039375568984863759e-19 1.214884712922326636e-19
7.917494171183002436e+03 3.334856409289859315e-20 1.257053267678725031e-19
7.922500099116057754e+03 1.958027168843278264e-19 9.287335241612020331e-20
7.927506027049113982e+03 9.775345817158927882e-20 8.498951068538868084e-20
7.932511954982170209e+03 -1.275178447283978334e-19 7.673691726165555489e-20
7.937517882915225528e+03 2.318553152592176716e-19 6.145023877327754611e-20
7.942523810848280846e+03 -5.622424688299390217e-20 6.168633098977342233e-20
7.947529738781337073e+03 7.999874303039753596e-20 6.802918640025024433e-20
7.952535666714392391e+03 2.412601985805662366e-19 6.228867793324673995e-20
7.957541594647447710e+03 1.002899293555495922e-19 7.321929788345405627e-20
7.962547522580503937e+03 2.682158310675415476e-19 9.528008412722772785e-20
7.967553450513560165e+03 -1.267728374555183873e-20 9.292312473711618783e-20
7.972559378446615483e+03 1.563482928152625068e-19 6.982693718566329221e-20
7.977565306379670801e+03 2.073755730544204353e-19 7.318978969865739875e-20
7.982571234312727029e+03 1.799454793171606178e-19 7.079021635688000352e-20
7.987577162245782347e+03 1.568098987593872919e-19 8.829274574491732579e-20
7.992583090178837665e+03 -1.682219320335984222e-19 1.004472465975777299e-19
7.997589018111893893e+03 3.011176069498228787e-20 9.073288368371855078e-20
8.002594946044950120e+03 1.305293101059216622e-19 5.229075093061065990e-20
8.007600873978005438e+03 9.216294062661488634e-20 5.878750770311651770e-20
8.012606801911060757e+03 6.512570440145921910e-20 6.708204270469660090e-20
8.017612729844116984e+03 1.091744415718216106e-20 7.580913994506403903e-20
8.022618657777172302e+03 6.469167217062674614e-20 9.237247780984985946e-20
8.027624585710227620e+03 3.077342892060285683e-19 9.275192303367618989e-20
8.032630513643283848e+03 2.247020971771942474e-19 6.631349348248936811e-20
8.037636441576340076e+03 1.656280182210197909e-19 4.925818997742042050e-20
8.042642369509394484e+03 5.807236366609079730e-20 5.005282646583441994e-20
8.047648297442450712e+03 9.973291591157531350e-20 6.079116516857615651e-20
8.052654225375506940e+03 2.046489299282454178e-19 6.475508245943204945e-20
8.057660153308562258e+03 2.336796654689495623e-19 7.687817434558113161e-20
8.062666081241617576e+03 1.363586498543809283e-19 7.513651533711205389e-20
8.067672009174673803e+03 9.428474991242957324e-20 6.168835963422434791e-20
8.072677937107729122e+03 9.694220406796719420e-20 4.792772057256781096e-20
8.077683865040784440e+03 9.993301973010640555e-20 4.838594457744141634e-20
8.082689792973840667e+03 7.089468763842793604e-20 4.816426901166622265e-20
8.087695720906896895e+03 1.867241363657095572e-19 5.045969335034949346e-20
8.092701648839952213e+03 1.826979394662782914e-19 5.183842513739502551e-20
8.097707576773007531e+03 1.347429407233390560e-19 5.852005527899982556e-20
8.102713504706063759e+03 1.429640820817428230e-19 5.712693939609728916e-20
8.107719432639119077e+03 9.799700365286605353e-20 5.241130531744085223e-20
8.112725360572174395e+03 3.591566319565021339e-20 4.526564428265292239e-20
8.117731288505230623e+03 1.134476123724137004e-19 4.487940404603816924e-20
8.122737216438286850e+03 1.411397562106070427e-19 4.535974015991739623e-20
8.127743144371342169e+03 8.392938407240260858e-20 4.625258916832577289e-20
8.132749072304397487e+03 1.045092387436492290e-19 4.902228362037334871e-20
8.137755000237453714e+03 1.713930526963872864e-19 5.171585806025709090e-20
8.142760928170509032e+03 8.439735855063690984e-20 5.406526027001293713e-20
8.147766856103564351e+03 4.565171853218528210e-20 5.203064014620761931e-20
8.152772784036620578e+03 7.052485871603807664e-20 4.824737635548988605e-20
8.157778711969676806e+03 1.150359495635367996e-19 4.548729448073995203e-20
8.162784639902732124e+03 3.203682483760553333e-20 4.523262895831221758e-20
8.167790567835787442e+03 1.104142218164780292e-19 4.384310304645246695e-20
8.172796495768843670e+03 9.951358848610540499e-20 4.396846661306906092e-20
8.177802423701898988e+03 4.305788139867086191e-20 4.474575276009009155e-20
8.182808351634954306e+03 7.605237412789337797e-20 4.687346915808283893e-20
8.187814279568010534e+03 5.424314947442114547e-20 4.905846790831540818e-20
8.192820207501066761e+03 1.211930646355929329e-19 4.965935290238795314e-20
8.197826135434121170e+03 6.130238247275192767e-20 4.844080149561901908e-20
8.202832063367177398e+03 1.030795423557605097e-19 4.718428315227364076e-20
8.207837991300233625e+03 9.400992688225082724e-20 4.995397687754558813e-20
8.212843919233288034e+03 7.444166910645039214e-20 5.137367736874118513e-20
8.217849847166344261e+03 1.531249230302582134e-19 4.715644589058235499e-20
8.222855775099400489e+03 1.528586899796383809e-19 4.516665413265714453e-20
8.227861703032456717e+03 9.485078450229956350e-20 4.433547342795014724e-20
8.232867630965511125e+03 5.609679288578157944e-20 4.424242450153415762e-20
8.237873558898567353e+03 8.938224140456735713e-20 4.596051321271258032e-20
8.242879486831623581e+03 1.687797866262805234e-19 4.739647357780752998e-20
8.247885414764677989e+03 1.020754018267917363e-19 4.667919154539071352e-20
8.252891342697734217e+03 1.193564927907828561e-19 4.514075030681576682e-20
8.257897270630790445e+03 1.749133737572271374e-19 4.355707085013249041e-20
8.262903198563846672e+03 1.313574572127851993e-19 4.268281450861622982e-20
8.267909126496901081e+03 6.208397138062965444e-20 4.344259781944416797e-20
8.272915054429957308e+03 4.379466414471217405e-20 6.148754193470839466e-20
8.277920982363013536e+03 2.401853130038924883e-19 8.622333159453836692e-20
8.282926910296067945e+03 3.954154177846871501e-19 1.087752070345738192e-19
8.287932838229124172e+03 2.270902496011444557e-19 1.050081516771120089e-19
8.292938766162180400e+03 2.689816542120604600e-20 1.143990472574591148e-19
8.297944694095236628e+03 2.979645997733668678e-19 1.090206826780409599e-19
8.302950622028291036e+03 -5.059461272220551854e-20 9.939204456705531136e-20
8.307956549961347264e+03 -9.848869299148710870e-22 7.497435202919506449e-20
8.312962477894403492e+03 -1.916301460343259959e-19 7.364431060910864103e-20
8.317968405827457900e+03 1.364268317298037153e-19 5.837633765392467074e-20
8.322974333760514128e+03 6.787955021683161555e-21 5.126660252901458183e-20
8.327980261693570355e+03 4.395669996581122599e-20 4.882636773093265535e-20
8.332986189626626583e+03 1.225419933251228856e-19 5.315358689295156618e-20
8.337992117559680992e+03 -3.343718727838989410e-19 1.220496565153668399e-19
8.342998045492737219e+03 3.274217542469610565e-19 1.522445131526849621e-19
8.348003973425793447e+03 2.400957445243536983e-19 1.517242622572695982e-19
8.353009901358847856e+03 2.789829695692278155e-19 9.643181012065299872e-20
8.358015829291904083e+03 2.217857694677744950e-19 8.002055343299117128e-20
8.363021757224960311e+03 7.129592283339291127e-20 6.523564251729294395e-20
8.368027685158016538e+03 -2.525187036776977536e-21 5.887279961754982831e-20
8.373033613091070947e+03 4.847134576336044693e-20 5.121965411714991790e-20
8.378039541024127175e+03 8.574485493625772631e-20 7.125952307791112784e-20
8.383045468957181583e+03 -2.057111485561416921e-19 7.353861414741251104e-20
8.388051396890237811e+03 1.971481206163219507e-20 6.115480620951326104e-20
8.393057324823294039e+03 2.461697139025219975e-19 9.662795945449244383e-20
8.398063252756350266e+03 1.475958924250923027e-19 1.172829582473141280e-19
8.403069180689406494e+03 4.060349092036526020e-20 1.095670509177980611e-19
8.408075108622460903e+03 1.554332513320901264e-19 6.937061086969726244e-20
8.413081036555517130e+03 6.190572490536140258e-20 8.458010641492822602e-20
8.418086964488571539e+03 5.843130442172655992e-20 8.555702850705592782e-20
8.423092892421627766e+03 7.297605010926159129e-20 1.041279426210430160e-19
8.428098820354683994e+03 -6.844901956146967102e-20 1.413556421327765736e-19
8.433104748287740222e+03 2.816814479638483873e-19 1.381383435644656322e-19
8.438110676220796449e+03 2.087328606698439755e-19 6.919879209986125645e-20
8.443116604153850858e+03 1.502328722991388591e-19 5.960361249929746963e-20
8.448122532086907086e+03 2.340500629149780904e-19 8.651451174060190818e-20
8.453128460019961494e+03 5.904347117671193066e-20 8.522775770593923743e-20
8.458134387953017722e+03 1.180036225320133704e-19 9.865666910774860595e-20
8.463140315886073950e+03 2.849004479710831220e-19 1.145264103528801909e-19
8.468146243819130177e+03 2.451976070629547960e-19 1.059972429152116207e-19
8.473152171752186405e+03 1.706564875203090363e-19 5.667380529903902802e-20
8.478158099685240813e+03 2.172830330539771835e-20 4.427870245446791061e-20
8.483164027618297041e+03 6.817283885604937224e-20 4.331586039591060947e-20
8.488169955551351450e+03 7.460879313104521096e-20 6.117992967537193504e-20
8.493175883484407677e+03 6.510776848740143414e-20 6.690562867065420035e-20
8.498181811417463905e+03 6.880489732416660391e-20 8.011475121720122673e-20
8.503187739350520133e+03 -1.441693754656608002e-19 8.564619341466927149e-20
8.508193667283574541e+03 7.106637915715874685e-20 8.047795891956663509e-20
8.513199595216630769e+03 5.880938539808973849e-20 4.916241998300510681e-20
8.518205523149686996e+03 1.175134180427338930e-19 4.508164050630103739e-20
8.523211451082741405e+03 1.344514144310365707e-19 4.531365198023870638e-20
8.528217379015797633e+03 2.380843886330545666e-19 4.487970319405884059e-20
8.533223306948853860e+03 3.556599494286426463e-20 5.408913992757606908e-20
8.538229234881910088e+03 8.332599261610028441e-20 5.803094059846153150e-20
8.543235162814964497e+03 3.067833903769982270e-20 6.963880410807882607e-20
8.548241090748020724e+03 1.328647704403528250e-19 6.888147533103627468e-20
8.553247018681076952e+03 3.935601864147750836e-20 6.136507213724797666e-20
8.558252946614131361e+03 1.053383427904818802e-19 4.535062640224338451e-20
8.563258874547187588e+03 1.136052468003071802e-19 4.476938911270567685e-20
8.568264802480243816e+03 6.553433820430768893e-20 4.696030358002911632e-20
8.573270730413300043e+03 1.206691002077535599e-19 4.867958182470139108e-20
8.578276658346354452e+03 1.090468596614095454e-19 4.808551248327447241e-20
8.583282586279410680e+03 9.234515931917583986e-20 5.183046685120253420e-20
8.588288514212466907e+03 4.736641640084776271e-20 5.453668513613055086e-20
8.593294442145521316e+03 3.098847795549037603e-20 5.894440090644393937e-20
8.598300370078577544e+03 1.314253207744087361e-19 5.597845595055777725e-20
8.603306298011633771e+03 1.513374953637594412e-20 5.062518358202829894e-20
8.608312225944689999e+03 4.548969477019844479e-20 5.327093647698897012e-20
8.613318153877744408e+03 1.540474953608538434e-20 6.598180804103158205e-20
8.618324081810800635e+03 1.002774959062717316e-19 8.252888520610126333e-20
8.623330009743856863e+03 2.150387562957319469e-19 9.591182753257449725e-20
8.628335937676911271e+03 1.088934002668379022e-19 1.004353216158167252e-19
8.633341865609967499e+03 6.835315894823329882e-20 9.361453395125869762e-20
8.638347793543023727e+03 -2.217067880044269328e-20 7.878218490577129062e-20
8.643353721476079954e+03 1.789256276604468617e-19 7.361589416412314140e-20
8.648359649409134363e+03 -8.767302284726684585e-20 8.370498023531576340e-20
8.653365577342190591e+03 7.749617228868571962e-20 9.609880592630952063e-20
8.658371505275246818e+03 1.112193190286654707e-19 9.773760121061747381e-20
8.663377433208301227e+03 1.554133014430491895e-19 9.607434725598838434e-20
8.668383361141357454e+03 2.781163529657848562e-19 9.006946358816960093e-20
8.673389289074413682e+03 7.689705087276265814e-20 8.278908576644563108e-20
8.678395217007469910e+03 -1.240266025481424133e-19 7.476032839439583394e-20
8.683401144940524318e+03 1.867204182120700068e-20 6.796495318479186668e-20
8.688407072873580546e+03 1.735951454427238172e-19 6.284040350918054944e-20
8.693413000806636774e+03 6.474083512594497446e-20 6.142925660321100402e-20
8.698418928739691182e+03 1.596115713829657824e-19 6.217138961908103466e-20
8.703424856672747410e+03 3.911572807930729457e-20 6.243551352454384502e-20
8.708430784605803638e+03 1.695692362834785878e-20 5.719804462277889571e-20
8.713436712538859865e+03 7.994239403325528214e-20 5.231950924711906533e-20
8.718442640471914274e+03 6.427947988646555698e-20 4.919658757056675557e-20
8.723448568404970501e+03 1.086108372005604275e-19 4.881875660756927636e-20
8.728454496338024910e+03 1.119355212050573045e-19 4.722423520084614243e-20
8.733460424271081138e+03 7.047630378319521212e-20 4.667597318296698661e-20
8.738466352204137365e+03 4.581440174756344404e-20 4.710406644937465868e-20
8.743472280137193593e+03 6.139858893247257027e-20 4.724920280437138908e-20
8.748478208070249821e+03 1.243139948740752095e-19 4.872220611622843157e-20
8.753484136003304229e+03 6.410965269135139152e-20 8.296669839377016846e-20
8.758490063936360457e+03 1.043575156182983895e-19 1.209642522764887436e-19
8.763495991869414866e+03 1.907493585246958636e-19 1.521680587665695284e-19
8.768501919802471093e+03 4.751583732983513236e-19 1.411207776052834620e-19
8.773507847735527321e+03 4.668324428088590638e-19 1.475591685706825836e-19
8.778513775668583548e+03 3.259356351066878113e-19 1.358698347606290086e-19
8.783519703601639776e+03 3.877623374175250548e-20 1.067453918777333061e-19
8.788525631534694185e+03 2.635647325550477124e-19 8.634129885607379796e-20
8.793531559467750412e+03 1.385346280192482551e-19 8.393819898898008936e-20
8.798537487400804821e+03 9.718456606724858777e-20 5.763241651834326396e-20
8.803543415333861049e+03 7.545316964145995246e-20 5.354931511351438591e-20
8.808549343266917276e+03 4.586822877976483423e-20 5.560554155432017049e-20
8.813555271199973504e+03 -5.408914616523207565e-22 5.576005664231310330e-20
8.818561199133029731e+03 3.468639492748685454e-19 1.152716576316806495e-19
8.823567127066084140e+03 4.941714740898898432e-19 1.976587565314744974e-19
8.828573054999140368e+03 -1.906334798910572176e-19 2.113965457421967883e-19
8.833578982932194776e+03 2.398991863962861726e-19 1.619358583321840964e-19
8.838584910865251004e+03 2.812195710443712517e-20 1.226006024399059524e-19
8.843590838798307232e+03 5.892404125946480740e-20 8.821005861908487177e-20
8.848596766731363459e+03 8.838595018287271083e-20 8.240178414725248972e-20
8.853602694664417868e+03 1.480891893181869591e-19 7.582847431936165540e-20
8.858608622597474096e+03 1.486635406888938321e-20 7.112611639082017850e-20
8.863614550530530323e+03 1.697790477559579615e-19 1.038906574062807622e-19
8.868620478463584732e+03 9.164882911708344759e-20 1.024475281546812238e-19
8.873626406396640959e+03 6.917903117162658341e-20 7.263501072020815147e-20
8.878632334329697187e+03 1.396420537623931096e-19 1.186500810796185285e-19
8.883638262262753415e+03 1.624412765127992837e-19 1.555491889049663753e-19
8.888644190195807823e+03 4.292926378728666743e-19 1.449930131874158688e-19
8.893650118128864051e+03 1.733269621942784587e-19 8.034846167028446995e-20
8.898656046061920279e+03 -2.333332024971053681e-19 1.010161755821401161e-19
8.903661973994974687e+03 -1.831388748715031014e-20 1.048724514917800570e-19
8.908667901928030915e+03 -1.226685853723297366e-19 8.718891073090048786e-20
8.913673829861087142e+03 -3.374974624244123332e-20 1.404366868543044125e-19
8.918679757794143370e+03 4.868992495494947159e-19 1.687297675310337165e-19
8.923685685727199598e+03 -6.621465964694218814e-21 1.513853289277470841e-19
8.928691613660254006e+03 1.881150656556375846e-19 7.161275618497602510e-20
8.933697541593308415e+03 2.522606100228977039e-19 6.743322955192183096e-20
8.938703469526364643e+03 1.632539882162469391e-19 1.081498576374540262e-19
8.943709397459420870e+03 1.349535834861633156e-19 1.155899150397463551e-19
8.948715325392477098e+03 2.251553058005942544e-19 1.091788919052069850e-19
8.953721253325533326e+03 2.888867961944571775e-19 1.677699522247759200e-19
8.958727181258589553e+03 1.835800988740406618e-19 1.690108679530949294e-19
8.963733109191643962e+03 2.596351808091542350e-19 1.123347075285461355e-19
8.968739037124698370e+03 1.486886893507824078e-19 6.082374708606833658e-20
8.973744965057754598e+03 1.065317956316370711e-19 5.917010924261341190e-20
8.978750892990810826e+03 6.522248493694637394e-23 6.480115551295792296e-20
8.983756820923867053e+03 1.620695856565210438e-19 8.863591053808209547e-20
8.988762748856923281e+03 1.786279610729663680e-19 8.951551259038286302e-20
8.993768676789977690e+03 -8.753901725585103093e-20 9.831344169685101095e-20
8.998774604723033917e+03 2.013949949963780109e-19 1.149963171123547675e-19
9.003780532656088326e+03 2.661058463511760639e-19 1.100553047599986400e-19
9.008786460589144554e+03 2.356736549723920789e-19 6.396273764464931537e-20
9.013792388522200781e+03 1.986752399177596396e-20 5.070003738787941485e-20
9.018798316455257009e+03 5.821881996673275611e-20 5.272777270968250880e-20
9.023804244388313236e+03 8.091607022681879951e-20 5.500854617705206469e-20
9.028810172321367645e+03 8.006301777638855892e-20 5.901551217606221102e-20
9.033816100254423873e+03 7.975304750725194221e-20 7.563784459615001051e-20
9.038822028187478281e+03 -6.359702403989879732e-20 7.937145316154622711e-20
9.043827956120534509e+03 -4.803561440204284878e-20 9.214123580692216873e-20
9.048833884053590737e+03 4.417248329949157647e-20 9.343576930472606062e-20
9.053839811986646964e+03 6.011671401350097275e-20 8.262663748495407269e-20
9.058845739919703192e+03 5.721012801146497553e-20 5.837070841788822274e-20
9.063851667852757600e+03 5.308612747258862233e-20 5.949682790665009684e-20
9.068857595785813828e+03 9.740225630458354510e-20 5.980015075540070646e-20
9.073863523718868237e+03 1.505323569671849137e-20 5.818093511891342653e-20
9.078869451651924464e+03 1.848591135146164323e-19 5.904084613401784900e-20
9.083875379584980692e+03 1.986465926430874610e-19 6.378348235842388519e-20
9.088881307518036920e+03 3.664622895516946828e-20 7.357679471666847488e-20
9.093887235451093147e+03 -9.176551218896193719e-20 7.823283329230924855e-20
9.098893163384147556e+03 1.003814550651792152e-19 8.393747277292991507e-20
9.103899091317203784e+03 4.261244823648854085e-20 7.949335220022199884e-20
9.108905019250258192e+03 1.176666330726402794e-19 6.317898069162000099e-20
9.113910947183314420e+03 1.465039370515098536e-19 5.382075058507574585e-20
9.118916875116370647e+03 1.373381270885330850e-19 5.216728772168863914e-20
9.123922803049426875e+03 4.825532659403156507e-20 5.066020797241526548e-20
9.128928730982483103e+03 9.332190849560320969e-20 5.009675829020294087e-20
9.133934658915537511e+03 4.235133417471966919e-21 5.057210903868526249e-20
9.138940586848593739e+03 7.727242199465080138e-20 5.078704477712752538e-20
9.143946514781648148e+03 7.734522641208630284e-20 5.446065130109471276e-20
9.148952442714704375e+03 9.088483416096920458e-20 6.199492825555896058e-20
9.153958370647760603e+03 1.428608797178040084e-19 6.929172023822598840e-20
9.158964298580816831e+03 -7.501621229003063861e-21 7.041984061602473647e-20
9.163970226513873058e+03 1.302908796035813950e-19 6.663781646077387659e-20
9.168976154446927467e+03 4.022948376142711592e-20 5.759596627952095145e-20
9.173982082379983694e+03 -9.814007192799347848e-20 5.679674723328039112e-20
9.178988010313038103e+03 1.256277776838172922e-19 5.763906059686233620e-20
9.183993938246094331e+03 8.486275241007367936e-20 5.794588733268432348e-20
9.188999866179150558e+03 1.231289644290315398e-19 5.727254803036336890e-20
9.194005794112206786e+03 1.470213846020566408e-19 5.708692323767948915e-20
9.199011722045263014e+03 9.899559216068757893e-20 5.917927224053719834e-20
9.204017649978317422e+03 -2.363135547883232025e-20 5.980644293570963320e-20
9.209023577911373650e+03 1.826491065020402502e-19 6.488365705928345248e-20
9.214029505844428058e+03 7.849059416938825364e-20 7.286627984860789239e-20
9.219035433777484286e+03 1.744780475700065067e-19 7.777592052137096123e-20
9.224041361710540514e+03 2.052356143269281269e-20 7.328942128153528238e-20
9.229047289643596741e+03 2.077687207304838875e-20 6.851317600591000542e-20
9.234053217576652969e+03 1.492695756440671149e-19 6.015920421820079234e-20
9.239059145509707378e+03 5.091930505546968504e-20 5.930813505983618363e-20
9.244065073442761786e+03 -4.171645068796936352e-20 6.294835886190020995e-20
9.249071001375818014e+03 1.915426678872369067e-20 6.500392497494672423e-20
9.254076929308874242e+03 1.548087754802473709e-19 6.399274884214095091e-20
9.259082857241930469e+03 5.294397234943431938e-20 6.187816244166623959e-20
9.264088785174986697e+03 5.198529590688284299e-20 5.968411686597521391e-20
9.269094713108042924e+03 -2.028369011480739515e-20 5.644622067927789726e-20
9.274100641041097333e+03 7.888540594906206495e-20 5.534655185038615813e-20
9.279106568974151742e+03 1.101349031767820075e-19 6.434604820573867420e-20
9.284112496907207969e+03 1.540217421253212786e-19 7.286090505392039017e-20
9.289118424840264197e+03 1.294925039952659726e-19 7.899768858801508187e-20
9.294124352773320425e+03 3.756368829581874764e-20 8.154929477654116373e-20
9.299130280706376652e+03 2.049028623460932832e-19 1.570296236578056452e-19
9.304136208639432880e+03 2.996812308474209446e-19 2.747266294856855733e-19
9.309142136572487289e+03 1.434231430881399473e-19 3.842087999938554397e-19
9.314148064505541697e+03 2.806675454625466240e-19 4.485339267205776669e-19
9.319153992438597925e+03 -6.852065486378319197e-20 3.051197981557281565e-19
9.324159920371654152e+03 -2.649740793201526870e-20 2.662191968165448387e-19
9.329165848304710380e+03 -1.145363630572798691e-19 2.242735182619336238e-19
9.334171776237766608e+03 4.479032898012710892e-20 2.312001893518974625e-19
9.339177704170821016e+03 1.901530082491166894e-19 2.116322841771929525e-19
9.344183632103877244e+03 -2.932621802628545600e-20 1.726313986785054275e-19
9.349189560036931653e+03 5.838255548591530642e-20 1.219976576597274135e-19
9.354195487969987880e+03 2.926276655007092508e-19 1.246570856685727408e-19
9.359201415903044108e+03 1.991673972458740192e-19 1.221770519618724075e-19
9.364207343836100335e+03 4.251546144463402358e-19 1.506115524075609451e-19
9.369213271769156563e+03 8.053275115079593349e-20 3.515939811799434629e-19
9.374219199702210972e+03 1.214371973034791043e-20 4.612083494668947397e-19
9.379225127635267199e+03 -7.521865910495274554e-20 3.820717289143449882e-19
9.384231055568321608e+03 1.640662585578311638e-20 1.696644694192225352e-19
9.389236983501377836e+03 2.129760153713984342e-19 1.240141524397525221e-19
9.394242911434434063e+03 2.764725076351021785e-20 1.137492052164530791e-19
9.399248839367490291e+03 -5.895225762127832799e-20 1.437826369036022763e-19
9.404254767300546519e+03 1.162149551686120762e-20 1.278207948771598639e-19
9.409260695233600927e+03 -5.172984635313605059e-20 1.052213202555952273e-19
9.414266623166657155e+03 1.594074107818602188e-19 1.550554692670512322e-19
9.419272551099711563e+03 2.623471045425259987e-19 1.916601333946569182e-19
9.424278479032767791e+03 8.776990171382095438e-21 1.530027386859658744e-19
9.429284406965824019e+03 2.811807589622085180e-21 1.452933442897092066e-19
9.434290334898880246e+03 -1.549913517475527649e-20 3.178202439175249103e-19
9.439296262831936474e+03 -2.419694963410062858e-20 3.209943619493603685e-19
9.444302190764990883e+03 6.566537865418002093e-19 3.157651731195475036e-19
9.449308118698047110e+03 -9.049772957440281988e-20 1.762912513985746851e-19
9.454314046631101519e+03 -2.690180927756571158e-19 2.708329143089345923e-19
9.459319974564157746e+03 -8.003588261674322420e-20 2.961655659086144016e-19
9.464325902497213974e+03 1.346518401226617330e-19 2.075121515355936951e-19
9.469331830430270202e+03 1.174278522957726833e-19 2.759563458909236198e-19
9.474337758363326429e+03 1.882698335365842571e-19 3.450199267994169375e-19
9.479343686296380838e+03 1.520445988171320188e-19 2.746965871215227186e-19
9.484349614229437066e+03 3.848737996110230026e-19 1.601755527900059569e-19
9.489355542162491474e+03 2.888894724155624089e-20 1.065666205851198131e-19
9.494361470095547702e+03 2.016590724285795990e-19 1.906761589820967623e-19
9.499367398028603930e+03 2.879980576044599070e-19 2.627639209703125848e-19
9.504373325961660157e+03 3.819593892539292031e-19 1.981503438123819849e-19
9.509379253894716385e+03 -7.971811888830929349e-20 1.597609214229492337e-19
9.514385181827770793e+03 2.868479097884560056e-19 2.131726341072953461e-19
9.519391109760827021e+03 6.333725390296955344e-20 2.224483863799979706e-19
9.524397037693881430e+03 -5.070281189311750400e-20 2.073601080838387727e-19
9.529402965626937657e+03 -1.027012160677327364e-19 1.260264929453957560e-19
9.534408893559993885e+03 6.573255805450906999e-21 1.212542782259962681e-19
9.539414821493050113e+03 1.296591260762198300e-19 1.099709493920805785e-19
9.544420749426106340e+03 1.824603938944715986e-19 1.287177518658582040e-19
9.549426677359160749e+03 2.013611035588211439e-19 1.717079649417060230e-19
9.554432605292216977e+03 1.544483454722214590e-19 1.899252193783676130e-19
9.559438533225271385e+03 1.851468939906744592e-19 1.975530314672978354e-19
9.564444461158327613e+03 -2.883215095797986519e-19 2.369060736066740864e-19
9.569450389091383840e+03 2.619087255008227570e-20 2.348055068825747554e-19
9.574456317024440068e+03 -4.992220016921817591e-20 1.520117915507671112e-19
9.579462244957496296e+03 -8.850678007398235053e-20 1.240917554647706885e-19
9.584468172890550704e+03 1.682831902080473748e-19 1.299918316764590412e-19
9.589474100823605113e+03 4.713323089386304035e-19 1.481881947410047302e-19
9.594480028756661341e+03 1.596323468345480620e-20 1.451819219102582842e-19
9.599485956689717568e+03 1.367671102683528451e-20 1.419989580678132587e-19
9.604491884622773796e+03 6.940148986445393561e-19 1.826863982653753378e-19
9.609497812555830023e+03 -3.906765482305351537e-19 1.642491087136627780e-19
9.614503740488886251e+03 -3.570466713237399370e-19 1.713822952701951211e-19
9.619509668421940660e+03 7.030498341415830215e-20 1.763992410861985642e-19
9.624515596354995068e+03 1.248777108923858789e-19 1.614478041000640826e-19
9.629521524288051296e+03 2.083326507027103019e-19 1.218967114327067663e-19
9.634527452221107524e+03 5.071340538480315346e-20 1.213896556670707710e-19
9.639533380154163751e+03 4.361822746186784075e-20 1.201131690978015935e-19
9.644539308087219979e+03 1.842447223218850495e-19 1.155121187496784255e-19
9.649545236020274388e+03 -1.058353040145600078e-20 1.214811451922589886e-19
9.654551163953330615e+03 -1.669925350307991584e-19 1.292274862785917527e-19
9.659557091886385024e+03 -2.287350960300936729e-19 1.421459918937393691e-19
9.664563019819441251e+03 3.592856674680740776e-19 1.720740774207665746e-19
9.669568947752497479e+03 1.162380767525861419e-20 1.692479317226766323e-19
9.674574875685553707e+03 4.057799249179388763e-19 1.655474954137502582e-19
9.679580803618609934e+03 -2.665296666478040241e-20 1.734112624847317841e-19
9.684586731551664343e+03 9.692772858912103736e-20 1.884587623756256247e-19
9.689592659484720571e+03 2.192414793766035862e-19 1.728542195134070400e-19
9.694598587417774979e+03 -3.651212169984439255e-19 2.282347489810134331e-19
9.699604515350831207e+03 2.063084522555717653e-19 2.153933397929574939e-19
9.704610443283887435e+03 -1.919542537759663445e-19 1.930159665782074836e-19
9.709616371216943662e+03 -7.580971652290319253e-20 1.814162102991994364e-19
9.714622299149999890e+03 4.180942281480732521e-19 2.665982629222426449e-19
9.719628227083054298e+03 -3.006851836717251224e-19 2.608788160951768431e-19
9.724634155016110526e+03 7.105771313451278392e-20 2.313744785255044611e-19
9.729640082949164935e+03 1.448466001760798639e-20 1.840666474898875710e-19
9.734646010882221162e+03 1.173352581192434948e-19 2.089497578171456932e-19
9.739651938815277390e+03 1.567715076231941949e-19 1.976150016264735566e-19
9.744657866748333618e+03 2.259038504133285592e-19 1.817111483888393333e-19
9.749663794681389845e+03 4.375451495426391249e-19 1.440224531623993749e-19
9.754669722614444254e+03 1.045558545586582008e-19 1.216985989599213805e-19
9.759675650547500481e+03 -1.251059776306866621e-21 1.269217026547120511e-19
9.764681578480554890e+03 6.272524680384527573e-20 1.242975493123476207e-19
9.769687506413611118e+03 1.374906932719738005e-19 1.269412319960216096e-19
9.774693434346667345e+03 -1.035815623455412550e-19 1.314196214357255612e-19
9.779699362279723573e+03 -1.446670784942752532e-20 1.426776964165199992e-19
9.784705290212779801e+03 4.936491846988808623e-19 3.109594045097569553e-19
9.789711218145834209e+03 4.559062538528613226e-19 3.686163831676868992e-19
9.794717146078890437e+03 -4.438187186303667785e-19 3.551925580639246371e-19
9.799723074011944846e+03 2.670513636085127035e-19 2.235126120019599580e-19
9.804729001945001073e+03 -8.174101547073215494e-20 1.947851168487888174e-19
9.809734929878057301e+03 4.322765867030988116e-19 1.983552067979059452e-19
9.814740857811113528e+03 -1.879407506544041466e-19 1.897922602744657258e-19
9.819746785744169756e+03 3.242394433670689476e-19 1.689936112364243548e-19
9.824752713677224165e+03 1.982490563095678172e-19 1.705913116448432518e-19
9.829758641610280392e+03 2.965342458201710412e-20 1.827257046671163904e-19
9.834764569543334801e+03 9.664625119647537921e-20 1.738934598301716021e-19
9.839770497476391029e+03 -7.619877747840518666e-20 1.785542145957167647e-19
9.844776425409447256e+03 -3.975717840843418559e-19 2.482691734354280321e-19
9.849782353342503484e+03 3.100696195890256147e-19 2.460011057919879361e-19
9.854788281275559712e+03 -2.764898318546443842e-19 1.864552931971160965e-19
9.859794209208614120e+03 -1.045959170824398748e-19 1.645623082674023279e-19
9.864800137141670348e+03 2.158060557285777850e-19 3.183562078257078833e-19
9.869806065074724756e+03 3.373840795849457810e-19 3.452079861143732263e-19
9.874811993007780984e+03 5.666535696937128523e-20 3.001432572019603012e-19
9.879817920940837212e+03 -3.063388168127313932e-19 2.267805540753032180e-19
9.884823848873893439e+03 2.350476250991018619e-19 1.966176398611998099e-19
9.889829776806949667e+03 3.037759967278759265e-19 2.458364931373113627e-19
9.894835704740004076e+03 -6.653094634031346667e-19 2.606759189002231190e-19
9.899841632673058484e+03 -1.771920269859476481e-19 2.503712356597038381e-19
9.904847560606114712e+03 8.141696230096691423e-20 2.088181533497390091e-19
9.909853488539170939e+03 2.505196052733146125e-19 3.758618119048996540e-19
9.914859416472227167e+03 2.779416294522199461e-19 3.979367935017206904e-19
9.919865344405283395e+03 -4.009877732491897539e-19 3.139878334774961323e-19
9.924871272338339622e+03 -1.911734567370425142e-19 1.921803714880996559e-19
9.929877200271394031e+03 1.615901111128058636e-19 1.964163564518668899e-19
9.934883128204448440e+03 5.724995453477929643e-19 2.719178564070205205e-19
9.939889056137504667e+03 4.933152239779283992e-19 5.068270166696573358e-19
9.944894984070560895e+03 3.618548414885984035e-19 4.606567111191936907e-19
9.949900912003617123e+03 6.071662857791332576e-19 4.884536441455773744e-19
9.954906839936673350e+03 3.351775455049443916e-19 4.833025867103085083e-19
9.959912767869729578e+03 4.913632269231986525e-19 4.934132417460370225e-19
9.964918695802783986e+03 1.833644948682657451e-19 4.380472441953641918e-19
9.969924623735838395e+03 4.016190887198119856e-20 3.093461090789775495e-19
9.974930551668894623e+03 2.543351207537921639e-20 2.815586669463796759e-19
9.979936479601950850e+03 1.868447044717149654e-19 3.068749793892925628e-19
9.984942407535007078e+03 4.550026293795452104e-20 2.450693038522600522e-19
9.989948335468063306e+03 1.368569495062232962e-19 2.320205028568351214e-19
9.994954263401117714e+03 2.127648259025307626e-19 2.756482157468352840e-19
9.999960191334173942e+03 7.316884970421907407e-19 3.253614305048687218e-19
1.000496611926722835e+04 3.714968110420975359e-19 4.044883991259472647e-19
1.000997204720028458e+04 4.685867282238244999e-19 5.902930106147075170e-19
1.001497797513334081e+04 2.218033048372927245e-19 7.018531886029009522e-19
1.001998390306639703e+04 -7.516999461835531478e-19 4.522394679138241286e-19
1.002498983099945326e+04 4.163352534772319741e-19 3.897890217384670790e-19
1.002999575893250767e+04 1.587967268193203473e-19 4.112331868515626442e-19
1.003500168686556390e+04 7.519700680839134731e-20 3.048985408019961359e-19
1.004000761479861831e+04 4.930827569858703596e-19 3.222603841178001350e-19
1.004501354273167453e+04 -1.179689481726918910e-19 2.857749423711567794e-19
1.005001947066473076e+04 7.150989330245352053e-20 2.648957336600078198e-19
1.005502539859778699e+04 5.349378180251981223e-19 3.369923618639232422e-19
1.006003132653084322e+04 2.282666488268732168e-19 3.945716200763938382e-19
1.006503725446389763e+04 8.196234215151405253e-19 3.928737835668357882e-19
1.007004318239695385e+04 2.110003494106576145e-19 4.299305075700840805e-19
1.007504911033000826e+04 1.643436721162836802e-19 4.983292378212914296e-19
1.008005503826306449e+04 1.104086163527624322e-19 5.831771037227080811e-19
1.008506096619612072e+04 1.706719087728556347e-18 6.963078685885482193e-19
1.009006689412917694e+04 -9.622228153617975214e-20 3.905141840551762757e-19
1.009507282206223317e+04 2.249500936921957718e-19 3.723907227114606556e-19
1.010007874999528758e+04 2.858712315820902679e-19 4.585671241630175939e-19
1.010508467792834381e+04 2.050444847063985839e-19 5.403245965315385820e-19
1.011009060586139822e+04 -1.952248452911448710e-19 4.408882314721623516e-19
1.011509653379445444e+04 7.483168239071563091e-19 4.766603638019507605e-19
1.012010246172751067e+04 -1.379205082798399441e-19 6.292470474249441101e-19
1.012510838966056690e+04 6.129488108137054134e-19 6.782928113084931332e-19
1.013011431759362313e+04 -1.124378374202772013e-19 5.216324242990652919e-19
1.013512024552667754e+04 8.901785008217039703e-19 3.905908952040890702e-19
1.014012617345973376e+04 5.468059637783427873e-19 4.129453352345190922e-19
1.014513210139278817e+04 -7.091268614562945242e-19 4.853873094298968059e-19
1.015013802932584440e+04 -3.340290201002459327e-20 4.812395133473075996e-19
1.015514395725890063e+04 8.466729301699260238e-20 5.086385682894909012e-19
1.016014988519195686e+04 -2.507174203988365059e-19 5.431020881944371675e-19
1.016515581312501308e+04 -3.041006090828480309e-19 5.922967058138254770e-19
1.017016174105806749e+04 1.128883964694705379e-18 9.632134150894122189e-19
1.017516766899112372e+04 8.938871207830614509e-19 8.813956072455736847e-19
1.018017359692417813e+04 7.612360670010250634e-19 5.478245703608073220e-19
1.018517952485723436e+04 3.527895382037529022e-19 6.079596755623044672e-19
1.019018545279029058e+04 5.193953604094131175e-20 1.005321348681050194e-18
1.019519138072334681e+04 7.944217458152903633e-19 6.885094505399761608e-19
1.020019730865640304e+04 1.162306694622235959e-18 5.558868775527864550e-19
1.020520323658945745e+04 1.582108271653165325e-18 7.896959540346769953e-19
1.021020916452251367e+04 3.328121936969008319e-19 8.161641445113250237e-19
1.021521509245556808e+04 -3.692353273008181104e-19 6.819755295279361596e-19
1.022022102038862431e+04 -6.364628263105558931e-19 9.062431359851748547e-19
1.022522694832168054e+04 4.167408736045143447e-19 9.352058944291326282e-19
1.023023287625473677e+04 1.465281749239494241e-18 1.111660264725437695e-18
1.023523880418779299e+04 -2.504645403894034527e-19 6.636591397744966446e-19
1.024024473212084740e+04 2.824987780958855181e-19 6.349369242556578398e-19
1.024525066005390181e+04 1.195430474848254863e-18 8.309818530857847855e-19
1.025025658798695804e+04 -4.664052960216522854e-19 6.150749904880809112e-19
1.025526251592001427e+04 4.354581545525374212e-19 6.544329378332978364e-19
1.026026844385307049e+04 -2.564836385102139058e-19 7.787635588405560368e-19
1.026527437178612672e+04 9.820006764610294759e-19 6.894508150284842893e-19
1.027028029971918295e+04 -2.856074006179924745e-20 5.825646738625937625e-19
1.027528622765223736e+04 5.611336497954789550e-19 7.425533092418146317e-19
1.028029215558529177e+04 4.436217747989336588e-19 1.014448961664984153e-18
1.028529808351834799e+04 4.166537305379821897e-19 7.162478953095262984e-19
1.029030401145140422e+04 -1.854499903698377094e-19 6.961148892961072536e-19
1.029530993938446045e+04 -5.010290522665456983e-20 6.935080609710791556e-19
