#  wl flam flam_err
4.803806996822357178e+03 1.407440555034221024e-18 2.846392254634705399e-18
4.808812924755412496e+03 1.063044066098668287e-18 2.590827291508581150e-18
4.813818852688468723e+03 7.936342700025290937e-19 2.398612197942128510e-18
4.818824780621524042e+03 9.532323213161351604e-19 2.232178215157681075e-18
4.823830708554580269e+03 1.136725111967536892e-18 2.057797257858268082e-18
4.828836636487635587e+03 8.438743600798823350e-19 1.868781102676568158e-18
4.833842564420691815e+03 7.925319589315581678e-19 1.699701443271667367e-18
4.838848492353747133e+03 -5.913415598920244403e-20 1.524531592849285695e-18
4.843854420286802451e+03 3.390787791278686363e-19 1.393967031027275467e-18
4.848860348219858679e+03 5.494884091922911040e-19 1.296090658985269618e-18
4.853866276152913997e+03 7.150816437716243882e-19 1.203979215231024191e-18
4.858872204085970225e+03 1.433980706893212990e-19 1.111398562445538499e-18
4.863878132019025543e+03 1.338046070999125064e-18 1.036898522563599352e-18
4.868884059952080861e+03 1.737109498478817107e-18 9.745989987525602545e-19
4.873889987885137089e+03 5.208182406424308330e-19 9.047900723046126866e-19
4.878895915818192407e+03 5.231801362575036938e-19 8.371387970329727327e-19
4.883901843751248634e+03 1.221532083559220661e-18 7.842195014891692357e-19
4.888907771684303952e+03 7.205152502020250510e-19 7.334239341608708569e-19
4.893913699617360180e+03 8.919417310941411353e-19 6.858628080722001972e-19
4.898919627550415498e+03 1.854615294098847487e-19 6.499574051957771021e-19
4.903925555483470816e+03 3.858242831786075074e-19 6.106962986675586273e-19
4.908931483416527044e+03 -1.321697294751535424e-19 5.881299296748991589e-19
4.913937411349582362e+03 1.787121933025311303e-19 5.550644100736189491e-19
4.918943339282638590e+03 5.843240325625911542e-20 5.305484878503701320e-19
4.923949267215693908e+03 4.468953121777620520e-19 5.094085696402395918e-19
4.928955195148750136e+03 4.426908346538067317e-19 4.934246199407197647e-19
4.933961123081805454e+03 2.984521506806097938e-19 4.765901636526963214e-19
4.938967051014860772e+03 5.852302562077768416e-19 4.666060642203671717e-19
4.943972978947916999e+03 -2.526326153166126133e-19 4.602663482040337418e-19
4.948978906880972318e+03 4.791892113645002052e-20 4.614550323824341515e-19
4.953984834814028545e+03 5.186295421873231794e-19 4.578738512243845619e-19
4.958990762747083863e+03 1.077165890239376587e-18 4.607300381876487938e-19
4.963996690680139181e+03 5.432527693991239647e-19 4.569182714357238287e-19
4.969002618613195409e+03 5.391495660986173946e-19 4.527450272167624108e-19
4.974008546546250727e+03 5.284490756986327214e-19 4.420900338695483608e-19
4.979014474479306955e+03 7.703974375413215570e-19 4.305838677206664637e-19
4.984020402412362273e+03 7.587657653522764174e-19 4.143011731425780579e-19
4.989026330345418501e+03 8.665481991610788756e-19 3.982633720646944557e-19
4.994032258278473819e+03 1.222256588033878822e-18 3.869111656126345885e-19
4.999038186211529137e+03 5.606543068943509329e-19 3.601233648236072358e-19
5.004044114144585365e+03 8.889847656918163800e-19 3.352350806138837424e-19
5.009050042077640683e+03 1.235002033973793220e-18 3.199043037190286819e-19
5.014055970010696910e+03 7.753595817832907838e-19 3.060363806342747898e-19
5.019061897943752228e+03 1.057993919026481367e-18 2.998063021677601386e-19
5.024067825876807547e+03 6.094147585866277236e-19 2.977531690071007355e-19
5.029073753809863774e+03 6.677565048385833975e-19 2.954145626428246545e-19
5.034079681742919092e+03 9.022065357089361585e-19 2.923677418195743603e-19
5.039085609675975320e+03 7.146164497428885024e-19 2.909287392068250313e-19
5.044091537609030638e+03 6.739279295930297758e-19 2.912229846157533395e-19
5.049097465542086866e+03 5.142925297208845847e-19 2.907059879652049848e-19
5.054103393475142184e+03 8.669225859360426709e-19 2.904574333119957545e-19
5.059109321408197502e+03 8.826116740327027911e-19 2.851656699728058520e-19
5.064115249341253730e+03 9.871908915649283234e-19 2.753818535883323192e-19
5.069121177274309048e+03 1.265125803796120851e-18 2.663568196933190956e-19
5.074127105207365275e+03 1.252690505656973072e-18 2.618108009227789900e-19
5.079133033140420594e+03 1.080827639490167516e-18 2.522780737064256787e-19
5.084138961073476821e+03 1.142766074282659616e-18 2.482685865661511452e-19
5.089144889006532139e+03 9.852477787470023092e-19 2.435786964098351411e-19
5.094150816939587457e+03 1.231532490391872814e-18 2.383981507258649179e-19
5.099156744872643685e+03 1.302982235673459274e-18 2.337016254520773712e-19
5.104162672805699003e+03 1.068317496585420441e-18 2.312820769842560310e-19
5.109168600738755231e+03 7.454414109513442111e-19 2.337121536863165486e-19
5.114174528671810549e+03 7.814210722092012793e-19 2.367175822344253563e-19
5.119180456604865867e+03 8.077317665976511150e-19 2.417404162910462671e-19
5.124186384537922095e+03 4.607778576294479215e-19 2.424656790765338221e-19
5.129192312470977413e+03 4.793228797886192394e-19 2.392145038253226399e-19
5.134198240404033641e+03 6.761123874947767702e-19 2.347333943648013288e-19
5.139204168337088959e+03 9.381464871111468602e-19 2.274108640734805974e-19
5.144210096270145186e+03 1.151482186340139629e-18 2.215065118658831308e-19
5.149216024203200504e+03 1.335224015552846364e-18 2.154325210483465891e-19
5.154221952136255823e+03 1.362548104369697159e-18 2.102878917737646715e-19
5.159227880069312050e+03 8.975210739099258821e-19 2.039796364265899904e-19
5.164233808002367368e+03 9.519685676140995998e-19 1.951620132993584249e-19
5.169239735935423596e+03 1.053596566193757377e-18 1.851574430102262720e-19
5.174245663868478914e+03 9.567746187534459917e-19 1.768690207508503718e-19
5.179251591801534232e+03 1.124695674470665575e-18 1.699992723708827941e-19
5.184257519734590460e+03 1.014292369379963987e-18 1.669885882803018684e-19
5.189263447667645778e+03 1.108296301023401447e-18 1.680792611005403569e-19
5.194269375600702006e+03 8.231989277805689302e-19 1.721216042439329189e-19
5.199275303533757324e+03 9.680759847312426559e-19 1.764821924520094432e-19
5.204281231466813551e+03 1.032604717726380711e-18 1.763199569160353978e-19
5.209287159399868870e+03 1.010775496331095432e-18 1.734813789417986491e-19
5.214293087332924188e+03 9.596755055032660510e-19 1.737383009218064880e-19
5.219299015265980415e+03 1.128718126327921977e-18 1.772522907678727963e-19
5.224304943199035733e+03 8.198923315329526617e-19 1.803224511471865456e-19
5.229310871132091961e+03 1.059219828977873894e-18 1.826482981364787067e-19
5.234316799065147279e+03 6.725362295139088026e-19 1.878153902389035728e-19
5.239322726998203507e+03 5.784619594765496480e-19 1.898214942204210920e-19
5.244328654931258825e+03 7.078927897871613522e-19 1.875095800306111024e-19
5.249334582864314143e+03 9.608938445255216230e-19 1.848181602258503354e-19
5.254340510797370371e+03 1.069844650079194783e-18 1.784568204085274995e-19
5.259346438730425689e+03 1.209918810493487965e-18 1.672625137253861269e-19
5.264352366663481916e+03 9.230372272044612340e-19 1.616473200188800332e-19
5.269358294596537235e+03 1.239154847787422048e-18 1.588872959886694588e-19
5.274364222529593462e+03 1.089559937161133756e-18 1.589489792773998679e-19
5.279370150462648780e+03 1.048556270928911541e-18 1.594071699984888251e-19
5.284376078395704099e+03 1.001614236424266872e-18 1.586047507142988014e-19
5.289382006328760326e+03 7.405627115364200352e-19 1.571693035229366193e-19
5.294387934261815644e+03 3.656764552389920632e-19 1.555809815090797949e-19
5.299393862194871872e+03 1.199377015954286716e-19 1.546684119085297511e-19
5.304399790127927190e+03 5.350868310420099788e-19 1.559941857524008645e-19
5.309405718060982508e+03 3.796000228669930027e-19 1.580174459781263924e-19
5.314411645994038736e+03 9.932292216587535432e-19 1.606051401488544395e-19
5.319417573927094054e+03 9.969767815233863257e-19 1.595659718745365425e-19
5.324423501860150282e+03 1.141533484741858023e-18 1.585373583596549326e-19
5.329429429793205600e+03 1.408076428270812829e-18 1.554360332109995549e-19
5.334435357726260918e+03 1.197290061733564348e-18 1.512908593500731702e-19
5.339441285659317145e+03 9.821097302334909338e-19 1.489336086748011040e-19
5.344447213592372464e+03 1.119831066009613814e-18 1.474981790719850871e-19
5.349453141525428691e+03 8.104294808067808327e-19 1.480564111662588545e-19
5.354459069458484009e+03 1.059776720118821860e-18 1.493218978912752678e-19
5.359464997391540237e+03 1.017173476159016739e-18 1.507090098952864576e-19
5.364470925324595555e+03 7.898412188689538895e-19 1.525700179967858916e-19
5.369476853257650873e+03 1.194622718667562509e-18 1.549815527272687687e-19
5.374482781190707101e+03 1.022929110623245927e-18 1.561652868578662726e-19
5.379488709123762419e+03 1.082362426063124119e-18 1.571097998136794827e-19
5.384494637056818647e+03 9.588889702704260685e-19 1.531026015401034537e-19
5.389500564989873965e+03 1.065951507771825993e-18 1.524712127544678721e-19
5.394506492922930192e+03 1.215919032894882473e-18 1.514402408552992590e-19
5.399512420855985511e+03 1.321668939627571258e-18 1.518292401383609946e-19
5.404518348789040829e+03 7.883570377495888112e-19 1.503534812657718528e-19
5.409524276722097056e+03 7.866979381562944927e-19 1.510214698816055098e-19
5.414530204655152374e+03 9.031066465078267707e-19 1.490852310127931151e-19
5.419536132588208602e+03 8.914053174676240378e-19 1.458098228044993798e-19
5.424542060521263920e+03 4.440443016831971819e-19 1.422967398355931785e-19
5.429547988454320148e+03 2.481151461103308252e-19 1.366527476118075961e-19
5.434553916387375466e+03 4.122725840606550277e-19 1.342117520526436351e-19
5.439559844320430784e+03 4.558569060796945543e-19 1.325649328536802357e-19
5.444565772253487012e+03 5.940300193198189697e-19 1.307600087473706583e-19
5.449571700186542330e+03 6.597735614002798934e-19 1.300042489843487847e-19
5.454577628119598558e+03 1.060285067197843805e-18 1.297469684249256886e-19
5.459583556052653876e+03 1.003649125794984682e-18 1.285403403290438030e-19
5.464589483985709194e+03 7.657027442725643783e-19 1.259787254691985048e-19
5.469595411918765421e+03 7.881336752546044114e-19 1.244872286558496673e-19
5.474601339851820740e+03 9.438747974209206280e-19 1.233351734546148501e-19
5.479607267784876967e+03 1.110118435541386950e-18 1.260506877905873645e-19
5.484613195717932285e+03 1.223365043200132178e-18 1.284150000522008597e-19
5.489619123650987603e+03 1.029422458637739050e-18 1.328772370580422296e-19
5.494625051584043831e+03 1.126712181616853771e-18 1.374640574303565848e-19
5.499630979517099149e+03 9.778503766150732674e-19 1.425502949460508848e-19
5.504636907450155377e+03 1.152435915203155057e-18 1.455116876237015086e-19
5.509642835383210695e+03 9.205652697047069068e-19 1.432379708848098908e-19
5.514648763316266923e+03 1.057839315750744833e-18 1.392891084237553693e-19
5.519654691249322241e+03 9.739644159643254205e-19 1.343566377383172451e-19
5.524660619182377559e+03 9.441148318118332639e-19 1.301271322426974406e-19
5.529666547115433787e+03 1.055367528101142573e-18 1.265829692215827957e-19
5.534672475048489105e+03 1.039815025985264111e-18 1.252979429223735840e-19
5.539678402981545332e+03 1.125622297940987660e-18 1.250399472056882647e-19
5.544684330914600650e+03 8.638509786358550168e-19 1.239066171162455554e-19
5.549690258847656878e+03 1.038443146194954117e-18 1.196883441454824060e-19
5.554696186780712196e+03 8.754367955286404418e-19 1.176400706727919985e-19
5.559702114713767514e+03 6.838275095517247975e-19 1.154683948930181839e-19
5.564708042646823742e+03 9.314859672741241347e-19 1.143117170970049023e-19
5.569713970579879060e+03 1.188402366448741206e-18 1.521451562760801738e-19
5.574719898512935288e+03 1.231582346913873570e-18 2.433164484783401883e-19
5.579725826445990606e+03 6.888514389978287175e-19 2.422974322620043730e-19
5.584731754379046833e+03 4.982423402792461699e-19 1.567991907593912287e-19
5.589737682312102152e+03 7.482829194439646233e-19 1.092266653838802549e-19
5.594743610245157470e+03 8.704371954069160310e-19 1.100136714123160452e-19
5.599749538178213697e+03 9.749938599867770399e-19 1.123808495534116940e-19
5.604755466111269016e+03 9.946726557377296979e-19 1.158732702590648032e-19
5.609761394044325243e+03 1.039146702823478016e-18 1.160938518215795455e-19
5.614767321977380561e+03 8.965181180158379036e-19 1.166590120247906889e-19
5.619773249910436789e+03 8.540277509775376875e-19 1.182964260731855873e-19
5.624779177843492107e+03 6.112216252987243565e-19 1.181525087674842934e-19
5.629785105776547425e+03 9.255101090639139306e-19 1.183259980248541169e-19
5.634791033709603653e+03 8.106707869655869290e-19 1.179867595936872994e-19
5.639796961642658971e+03 7.461928823549266779e-19 1.181036637145416123e-19
5.644802889575714289e+03 7.608089104306451761e-19 1.169160330201527887e-19
5.649808817508770517e+03 9.116298636220179231e-19 1.155868304246228625e-19
5.654814745441825835e+03 8.155718173096112794e-19 1.125845585988867959e-19
5.659820673374882062e+03 7.382798372122604754e-19 1.109659959304991590e-19
5.664826601307937381e+03 6.851428687445617086e-19 1.094988726881871885e-19
5.669832529240993608e+03 4.114856030675058681e-19 1.083566652998419142e-19
5.674838457174048926e+03 6.464034594369325966e-19 1.073435846672950253e-19
5.679844385107104245e+03 7.176332558123989697e-19 1.060096273454349815e-19
5.684850313040160472e+03 7.836888687012923946e-19 1.058438609601617979e-19
5.689856240973215790e+03 9.532879809393901280e-19 1.069175952941855835e-19
5.694862168906272018e+03 6.865987221663477804e-19 1.085296056318188257e-19
5.699868096839327336e+03 6.385654764204762733e-19 1.111472696579451803e-19
5.704874024772383564e+03 4.775906349887967698e-19 1.130398052907453898e-19
5.709879952705438882e+03 5.904400098179860019e-19 1.150727729363132365e-19
5.714885880638494200e+03 6.684927537873787157e-19 1.176578835340775287e-19
5.719891808571550428e+03 7.750095034733848041e-19 1.185942990760504380e-19
5.724897736504605746e+03 8.561872652477968923e-19 1.189726566786748976e-19
5.729903664437661973e+03 1.015325370862831537e-18 1.173703638722468122e-19
5.734909592370717291e+03 6.362755761967298023e-19 1.163693234579046185e-19
5.739915520303773519e+03 9.975764653491929727e-19 1.165458183881720677e-19
5.744921448236828837e+03 1.027461792478552860e-18 1.159267093587813682e-19
5.749927376169884155e+03 9.663744407141730974e-19 1.170125944769189286e-19
5.754933304102940383e+03 7.507467301401858535e-19 1.187840966475365734e-19
5.759939232035995701e+03 7.819526750254988224e-19 1.195937398306098476e-19
5.764945159969051929e+03 7.181020373042826686e-19 1.192346529119636457e-19
5.769951087902107247e+03 7.687102192309800782e-19 1.162631987215812814e-19
5.774957015835163475e+03 8.720880008708911232e-19 1.132342871100923290e-19
5.779962943768218793e+03 7.010968246245525140e-19 1.102727832703704003e-19
5.784968871701274111e+03 8.317122818331518426e-19 1.072379071484767160e-19
5.789974799634330338e+03 1.061887529368862640e-18 1.053154119349107732e-19
5.794980727567385657e+03 8.830781799468214056e-19 1.045588699655839338e-19
5.799986655500441884e+03 7.653165305388114184e-19 1.025378858866301276e-19
5.804992583433497202e+03 5.202468607457702884e-19 1.021767306314495778e-19
5.809998511366552520e+03 8.845755310663738954e-19 1.020756764047818398e-19
5.815004439299608748e+03 8.462289066313805128e-19 1.030502943780462013e-19
5.820010367232664066e+03 7.552943384272304294e-19 1.042426931106783013e-19
5.825016295165720294e+03 7.717235103966026830e-19 1.060095749685607080e-19
5.830022223098775612e+03 9.972155191742768781e-19 1.071059629316103154e-19
5.835028151031830930e+03 9.828708823019014097e-19 1.073562951870227409e-19
5.840034078964887158e+03 8.716594827586120320e-19 1.063219787936320851e-19
5.845040006897942476e+03 9.079836686546663638e-19 1.056003707888889722e-19
5.850045934830998704e+03 8.188732222601878393e-19 1.055725423897627041e-19
5.855051862764054022e+03 9.999962607274648185e-19 1.051217753988039305e-19
5.860057790697110249e+03 7.175144770988894090e-19 1.075746771070609120e-19
5.865063718630165567e+03 8.269771551240392830e-19 1.106229953438271115e-19
5.870069646563220886e+03 7.762745119717804362e-19 1.115285733716779840e-19
5.875075574496277113e+03 7.764873477733584957e-19 1.080114742354171373e-19
5.880081502429332431e+03 8.543239502240667049e-19 1.090320472754981778e-19
5.885087430362388659e+03 7.695471581937829022e-19 1.371884188238629630e-19
5.890093358295443977e+03 6.674216005197513282e-19 1.550270416137165139e-19
5.895099286228500205e+03 6.948633985266868300e-19 1.472916800867683729e-19
5.900105214161555523e+03 8.826973503983677794e-19 1.240897442325077047e-19
5.905111142094610841e+03 6.991033534272170675e-19 1.081651752975996424e-19
5.910117070027667069e+03 6.476616934675040940e-19 1.093636645951673052e-19
5.915122997960722387e+03 6.678636790618131973e-19 1.084565724566749730e-19
5.920128925893778614e+03 6.645639974695525803e-19 1.061581581264613018e-19
5.925134853826833933e+03 7.116188001880182762e-19 1.031582898816033414e-19
5.930140781759890160e+03 8.440658724639012639e-19 1.035827453212255306e-19
5.935146709692945478e+03 7.726423841103868961e-19 1.010776447088591873e-19
5.940152637626000796e+03 9.265258538786773225e-19 9.726933212403647372e-20
5.945158565559057024e+03 8.248190799737480972e-19 9.688546665900115906e-20
5.950164493492112342e+03 8.517826694838677683e-19 9.855984658866078425e-20
5.955170421425167660e+03 8.272952338350988698e-19 9.871261393646454946e-20
5.960176349358223888e+03 7.508026567258906320e-19 9.651195455357310538e-20
5.965182277291280116e+03 8.211724979984774515e-19 9.689035907173809052e-20
5.970188205224335434e+03 7.457513956084403928e-19 9.795629454699525912e-20
5.975194133157390752e+03 8.110254032417694841e-19 9.937256483111289913e-20
5.980200061090446980e+03 7.847482802425685073e-19 9.833856189404032967e-20
5.985205989023502298e+03 7.136724929688708552e-19 9.525789117884821647e-20
5.990211916956557616e+03 9.164352299944109088e-19 9.476651202750508764e-20
5.995217844889613843e+03 8.599421565568747140e-19 9.472200081370372736e-20
6.000223772822669162e+03 1.071033733246739485e-18 9.519352794774311153e-20
6.005229700755725389e+03 7.919457334149218903e-19 9.443476651523165430e-20
6.010235628688780707e+03 7.223651685231639446e-19 9.406170152857727424e-20
6.015241556621836935e+03 7.538423983756207180e-19 9.438396776177784727e-20
6.020247484554892253e+03 6.909135023576056425e-19 9.406249504878904284e-20
6.025253412487947571e+03 6.631877914153698695e-19 9.358583129840944069e-20
6.030259340421003799e+03 9.980467337948214887e-19 9.404872209842982219e-20
6.035265268354059117e+03 8.800385208312612015e-19 9.362783345848907988e-20
6.040271196287115345e+03 6.544749449938226581e-19 9.239396084227857808e-20
6.045277124220170663e+03 8.207977949564988377e-19 9.169454899266596099e-20
6.050283052153226890e+03 8.794609879245066780e-19 9.129842854053101272e-20
6.055288980086282209e+03 6.699204210118460738e-19 9.096378792111590984e-20
6.060294908019337527e+03 7.917937489768314836e-19 9.037571647468913985e-20
6.065300835952393754e+03 8.417026211113300878e-19 9.006920683708347107e-20
6.070306763885449072e+03 7.003985842530881708e-19 8.856703046464668838e-20
6.075312691818505300e+03 8.218552244933781710e-19 8.716165563695810137e-20
6.080318619751560618e+03 8.170736292643751511e-19 8.463801035802087679e-20
6.085324547684616846e+03 7.513470685161129185e-19 8.249045044993432905e-20
6.090330475617672164e+03 7.455240590223537900e-19 8.222219432471583972e-20
6.095336403550727482e+03 7.749263496443020551e-19 8.130504782365042004e-20
6.100342331483783710e+03 7.209203530497523563e-19 8.120244402572632904e-20
6.105348259416839028e+03 8.798336929332640311e-19 8.127124078503319899e-20
6.110354187349894346e+03 7.822086564872103657e-19 8.104858298752027769e-20
6.115360115282950574e+03 7.309579544886349005e-19 8.145672505620062535e-20
6.120366043216006801e+03 8.729554948511513405e-19 8.219705401873520095e-20
6.125371971149062119e+03 6.693295583516305684e-19 8.261709229208220888e-20
6.130377899082117438e+03 8.890766831820789985e-19 8.384757032012791993e-20
6.135383827015173665e+03 8.225082464732334002e-19 8.586772445274532463e-20
6.140389754948228983e+03 7.706136912307596545e-19 8.744167309740961845e-20
6.145395682881284301e+03 7.044996807609392865e-19 8.594838338863547455e-20
6.150401610814340529e+03 6.379395487705559273e-19 8.264171130992359895e-20
6.155407538747396757e+03 7.620839899495385183e-19 7.958140636364864024e-20
6.160413466680452075e+03 7.521547497471200748e-19 7.544147180191176707e-20
6.165419394613507393e+03 6.783920849932164395e-19 7.490789320143042400e-20
6.170425322546563621e+03 7.451342771791251465e-19 7.480522690475883186e-20
6.175431250479618939e+03 6.481422312678247156e-19 7.356528691128668458e-20
6.180437178412674257e+03 6.983059388644329301e-19 7.085546823532036301e-20
6.185443106345730484e+03 7.901870181006013757e-19 7.030419676680927565e-20
6.190449034278785803e+03 7.412869208235132796e-19 7.068103948069243170e-20
6.195454962211842030e+03 7.386038986294084937e-19 7.069781417558469905e-20
6.200460890144897348e+03 8.508244768608972632e-19 7.211526265360249027e-20
6.205466818077953576e+03 5.532232553309949672e-19 7.159844295474488682e-20
6.210472746011008894e+03 3.698590453073019701e-19 7.099926655390760463e-20
6.215478673944064212e+03 3.052826300564609234e-19 7.189080712373129064e-20
6.220484601877120440e+03 5.154382986213840929e-19 7.245630724809799868e-20
6.225490529810175758e+03 6.313592793825271910e-19 7.386475025357547715e-20
6.230496457743231986e+03 6.778430518725651044e-19 7.900512707200916704e-20
6.235502385676287304e+03 7.625468561450449475e-19 8.375653646526959663e-20
6.240508313609343531e+03 1.014111698300222850e-18 8.276163480143104207e-20
6.245514241542398850e+03 7.950329497234786018e-19 7.665116465282198949e-20
6.250520169475454168e+03 5.817861436921259706e-19 7.699894768836698761e-20
6.255526097408510395e+03 5.203453765408578101e-19 8.369638388810362949e-20
6.260532025341565713e+03 4.167917611641223212e-19 8.601745170148609217e-20
6.265537953274621032e+03 8.237147180168412110e-19 8.317831084131834249e-20
6.270543881207677259e+03 6.931789192509540183e-19 8.202825402723129480e-20
6.275549809140733487e+03 4.806284442185525420e-19 8.026908525103626702e-20
6.280555737073788805e+03 2.997025632451843124e-19 8.107145885416374270e-20
6.285561665006844123e+03 3.667926066920559110e-19 8.184642525801036990e-20
6.290567592939900351e+03 5.158349159978274176e-19 8.803251777416291888e-20
6.295573520872955669e+03 4.066480261335866595e-19 1.297211496699691723e-19
6.300579448806010987e+03 1.063944943015208348e-19 1.411319501394503779e-19
6.305585376739067215e+03 5.213728333367972282e-19 1.143677256097362626e-19
6.310591304672123442e+03 5.737020334792718051e-19 7.768031436368392184e-20
6.315597232605178760e+03 7.198601746169946915e-19 7.248307638604458585e-20
6.320603160538234079e+03 7.309944341481787597e-19 7.328531300774553621e-20
6.325609088471290306e+03 8.218633607225252119e-19 7.703787118241948861e-20
6.330615016404345624e+03 9.469770891508629319e-19 7.593835978097314753e-20
6.335620944337400942e+03 6.602001703814711298e-19 7.237384236669215678e-20
6.340626872270457170e+03 6.385146074904348712e-19 6.996919149454768968e-20
6.345632800203512488e+03 6.995911762871211610e-19 7.124106850667946888e-20
6.350638728136568716e+03 5.776427014693417639e-19 7.426317370041654606e-20
6.355644656069624034e+03 8.039719956877182588e-19 8.016881842884752507e-20
6.360650584002680262e+03 7.174574807218418321e-19 9.712149404388636106e-20
6.365656511935735580e+03 9.676432079977698143e-19 9.551648064797873161e-20
6.370662439868790898e+03 9.347325893492833468e-19 7.920079601604453874e-20
6.375668367801847126e+03 8.209806455206014857e-19 7.182547066103612721e-20
6.380674295734902444e+03 7.211495014420037080e-19 7.402852217015333468e-20
6.385680223667958671e+03 8.876835214882993748e-19 7.465423076195064737e-20
6.390686151601013989e+03 6.262330701082700407e-19 7.375093063495865651e-20
6.395692079534070217e+03 7.248698177167337905e-19 7.317282138371703120e-20
6.400698007467125535e+03 8.111389308630606400e-19 7.369225345202474204e-20
6.405703935400180853e+03 6.370640037884007035e-19 7.258953271377598060e-20
6.410709863333237081e+03 7.668062049031657766e-19 7.090600933978831208e-20
6.415715791266292399e+03 7.308127785018898538e-19 7.025882524819053096e-20
6.420721719199348627e+03 6.350532888249348927e-19 6.818413780854239378e-20
6.425727647132403945e+03 7.380461190275464686e-19 6.734941562641110538e-20
6.430733575065460172e+03 5.849995346308560554e-19 6.589421010854570555e-20
6.435739502998515491e+03 6.768569203616764237e-19 6.553428025405392640e-20
6.440745430931570809e+03 6.957435190636837320e-19 6.518614882089176364e-20
6.445751358864627036e+03 7.473796004546342409e-19 6.540802057092859712e-20
6.450757286797682355e+03 6.118379979202414344e-19 6.525468903590004723e-20
6.455763214730737673e+03 7.735139731945728547e-19 6.602967068119488967e-20
6.460769142663793900e+03 7.136394531312094143e-19 6.972871490449761169e-20
6.465775070596850128e+03 7.952448402563973911e-19 7.256581403980805921e-20
6.470780998529905446e+03 6.492902736806849618e-19 7.116696631002748518e-20
6.475786926462960764e+03 8.450632853867472011e-19 6.804237599893379544e-20
6.480792854396016992e+03 8.179604877742415151e-19 6.514719461165283453e-20
6.485798782329072310e+03 7.335391458683591696e-19 6.448993373187234698e-20
6.490804710262127628e+03 7.631066957149734014e-19 6.752187472006668409e-20
6.495810638195183856e+03 6.465251400010270739e-19 7.407140207574980301e-20
6.500816566128239174e+03 6.175642855280286553e-19 7.631808297901228997e-20
6.505822494061295401e+03 8.223933083351907876e-19 7.220280614182221116e-20
6.510828421994350720e+03 5.579623146984703544e-19 6.875622863873243114e-20
6.515834349927406947e+03 6.689984136825499211e-19 7.002315398992779336e-20
6.520840277860462265e+03 6.161776669405512368e-19 7.107079616742719896e-20
6.525846205793517584e+03 6.047348629250384026e-19 7.486544401079566840e-20
6.530852133726573811e+03 6.940715904917897969e-19 7.776792805265427988e-20
6.535858061659629129e+03 5.011392505368943570e-19 7.534682848549279189e-20
6.540863989592685357e+03 5.998445481681464683e-19 7.103407122014317640e-20
6.545869917525740675e+03 5.393220476412289076e-19 7.128646788629170862e-20
6.550875845458796903e+03 4.946927987124246823e-19 7.312330063884220303e-20
6.555881773391852221e+03 5.134405718707582602e-19 7.295555131342239129e-20
6.560887701324907539e+03 6.678669417911643039e-19 6.932905120633519553e-20
6.565893629257963767e+03 3.975067646619442189e-19 6.795591892058085685e-20
6.570899557191019085e+03 7.467274649463389793e-19 6.712533561698773174e-20
6.575905485124075312e+03 7.637433092525892473e-19 6.700945744071731593e-20
6.580911413057130630e+03 7.892066624766197974e-19 6.577406415573940799e-20
6.585917340990186858e+03 7.228055814116055313e-19 6.119154872835106525e-20
6.590923268923242176e+03 5.868370752583073552e-19 6.180131604128787106e-20
6.595929196856297494e+03 6.803256576169007519e-19 6.260708812720468679e-20
6.600935124789353722e+03 7.208517203133421236e-19 6.479611348741056723e-20
6.605941052722409040e+03 6.088799445625628332e-19 6.433318135736597452e-20
6.610946980655464358e+03 6.928381464846940223e-19 6.218685490176993639e-20
6.615952908588520586e+03 7.512074995842011571e-19 6.200437463576581244e-20
6.620958836521576814e+03 7.231941960868256588e-19 6.274122052859823203e-20
6.625964764454632132e+03 7.275548831013899913e-19 6.418400899455042892e-20
6.630970692387687450e+03 6.290217047413322825e-19 6.641492283840226587e-20
6.635976620320743677e+03 7.915392394506554513e-19 6.663383925513260191e-20
6.640982548253798996e+03 6.611742255994159795e-19 6.630401684699066900e-20
6.645988476186854314e+03 6.863070215332948213e-19 6.701335770015297627e-20
6.650994404119910541e+03 7.017205734343705450e-19 6.842602095112894612e-20
6.656000332052965859e+03 6.999504434889173596e-19 6.816237423278569342e-20
6.661006259986022087e+03 7.636867468723597252e-19 6.830442070537679881e-20
6.666012187919077405e+03 7.708034982530168719e-19 6.642174642940720559e-20
6.671018115852133633e+03 9.171049736856200994e-19 6.514820227303223925e-20
6.676024043785188951e+03 9.386068570210051192e-19 6.310219722096102542e-20
6.681029971718244269e+03 9.339082005140650785e-19 6.184748162955573169e-20
6.686035899651300497e+03 8.406213589739528471e-19 6.077185049306485749e-20
6.691041827584355815e+03 8.005199365093115446e-19 5.950410775218903310e-20
6.696047755517412043e+03 7.427257516277642590e-19 5.947366844366219478e-20
6.701053683450467361e+03 6.567090910121043265e-19 5.874517562569701009e-20
6.706059611383523588e+03 6.424029387575425603e-19 5.844693119829787213e-20
6.711065539316578906e+03 6.621652894300767671e-19 5.794217499101950162e-20
6.716071467249634225e+03 6.467930242360718507e-19 5.718645705524767114e-20
6.721077395182690452e+03 7.241867399895187047e-19 5.660719143930696172e-20
6.726083323115745770e+03 5.883115562570592965e-19 5.679679314880595148e-20
6.731089251048801998e+03 6.513791988815339625e-19 5.669561080399713606e-20
6.736095178981857316e+03 7.204692292843170776e-19 5.749178731308041069e-20
6.741101106914913544e+03 7.102539733555465468e-19 5.735555006242709653e-20
6.746107034847968862e+03 7.134056166886565879e-19 5.791958989833795258e-20
6.751112962781024180e+03 7.511991413508842072e-19 5.841801834015185795e-20
6.756118890714080408e+03 7.369214077016977197e-19 5.887220188885057771e-20
6.761124818647135726e+03 6.974653524776477176e-19 5.976814572315481945e-20
6.766130746580191044e+03 6.407544444051277162e-19 6.100246897961181280e-20
6.771136674513247272e+03 6.193619536337284888e-19 6.204979805874028450e-20
6.776142602446303499e+03 7.073492075566211975e-19 6.292012280561163842e-20
6.781148530379358817e+03 6.564947744393780685e-19 6.455714608253613206e-20
6.786154458312414135e+03 7.061684270766692005e-19 6.446726222372358521e-20
6.791160386245470363e+03 6.192763877777274571e-19 6.342983232353447822e-20
6.796166314178525681e+03 4.454651728353074681e-19 6.167777326275685667e-20
6.801172242111580999e+03 3.583273054114002965e-19 6.085913347187681232e-20
6.806178170044637227e+03 4.926701327863354613e-19 6.020630936038314190e-20
6.811184097977693455e+03 6.751455448587909897e-19 5.948080644793665731e-20
6.816190025910748773e+03 7.283423277180704293e-19 5.918614474172208473e-20
6.821195953843804091e+03 5.624688107225782274e-19 6.403814247015543899e-20
6.826201881776860318e+03 4.763398095883765453e-19 7.521262958395994752e-20
6.831207809709915637e+03 6.588023353567324693e-19 7.950626529004145927e-20
6.836213737642970955e+03 7.780721733232459770e-19 7.238681178309084473e-20
6.841219665576027182e+03 6.320720701826560306e-19 6.277628448837031443e-20
6.846225593509082501e+03 6.896604473494624946e-19 5.928198878396930094e-20
6.851231521442138728e+03 6.291073775597498769e-19 5.760566528269771429e-20
6.856237449375194046e+03 7.433323247916665699e-19 6.480444606585040939e-20
6.861243377308250274e+03 5.991442662189712753e-19 8.763278771363045956e-20
6.866249305241305592e+03 5.516918714056138708e-19 1.080929032010119382e-19
6.871255233174360910e+03 5.168732890775544877e-19 1.207641536285888614e-19
6.876261161107417138e+03 6.901675700578463180e-19 1.196088407296558770e-19
6.881267089040473365e+03 7.372621829851626937e-19 1.070525162158255844e-19
6.886273016973527774e+03 6.769777811374424460e-19 9.890389858089395425e-20
6.891278944906584002e+03 6.157637318100697939e-19 1.066803532121596893e-19
6.896284872839640229e+03 5.642512955824257146e-19 1.088482594352959602e-19
6.901290800772695547e+03 7.769490414759213651e-19 1.056313157658537936e-19
6.906296728705750866e+03 5.327813247499833777e-19 1.053997901122043941e-19
6.911302656638807093e+03 6.439795464017049748e-19 1.020941003884176304e-19
6.916308584571862411e+03 8.385072724202971879e-19 9.515990325596553018e-20
6.921314512504917730e+03 7.216950045034210700e-19 9.042942119251151638e-20
6.926320440437973957e+03 7.128112061137694244e-19 8.279101898105974744e-20
6.931326368371030185e+03 5.842811888261325557e-19 6.854937795905121692e-20
6.936332296304085503e+03 7.208155969163373485e-19 6.906106891846777182e-20
6.941338224237140821e+03 6.169581650622873974e-19 6.961425511172340467e-20
6.946344152170197049e+03 6.320764824345958137e-19 7.201236253588196929e-20
6.951350080103252367e+03 7.085389712401213179e-19 6.888212647022002390e-20
6.956356008036307685e+03 6.378008505128690166e-19 5.888031192772365027e-20
6.961361935969363913e+03 7.045930685511748258e-19 5.707795035252380069e-20
6.966367863902420140e+03 4.854630277045257415e-19 5.874518542272545163e-20
6.971373791835475458e+03 5.789535609495558122e-19 6.200333565148762735e-20
6.976379719768530776e+03 6.386577907097511851e-19 6.386032185704063186e-20
6.981385647701587004e+03 5.638314035106789319e-19 6.194288433502356898e-20
6.986391575634642322e+03 6.501197463678260281e-19 5.608705420501133283e-20
6.991397503567697640e+03 5.169099503240352436e-19 5.565165651041690816e-20
6.996403431500753868e+03 4.888460128656685997e-19 5.640439351198736093e-20
7.001409359433810096e+03 5.710924904277092775e-19 5.857089272538855353e-20
7.006415287366865414e+03 6.549042002377254370e-19 6.153993320791144006e-20
7.011421215299920732e+03 6.412130410448040392e-19 6.129163672269048581e-20
7.016427143232976960e+03 6.213875590326751625e-19 5.986698613260947180e-20
7.021433071166032278e+03 7.645586995092976604e-19 5.791145854734607885e-20
7.026438999099087596e+03 5.856887856277287326e-19 5.937364310990679450e-20
7.031444927032143823e+03 4.617594446115935637e-19 6.068742767699408462e-20
7.036450854965200051e+03 7.216553532334713207e-19 6.267468763397465071e-20
7.041456782898254460e+03 5.314831189528751986e-19 6.474279834046678947e-20
7.046462710831310687e+03 5.666443593078758713e-19 6.615764153499333502e-20
7.051468638764366915e+03 6.269960428114949458e-19 6.394260342726648306e-20
7.056474566697422233e+03 6.441080069520207972e-19 6.008626752660269006e-20
7.061480494630477551e+03 5.671123253816024708e-19 5.899413674370089208e-20
7.066486422563533779e+03 5.256390701535478738e-19 5.858590160184479406e-20
7.071492350496589097e+03 6.541844924993352642e-19 5.773096949250255724e-20
7.076498278429644415e+03 6.456962288098253640e-19 5.741521690384200259e-20
7.081504206362700643e+03 5.327432333796124990e-19 5.687472361089670751e-20
7.086510134295756870e+03 5.807589340378349332e-19 5.630117549873727546e-20
7.091516062228812189e+03 5.707024804756083431e-19 5.513358613629212730e-20
7.096521990161867507e+03 6.363870040952566329e-19 5.409152726953025516e-20
7.101527918094923734e+03 6.290580058709832531e-19 5.337861266331081723e-20
7.106533846027979052e+03 5.097989196670696121e-19 5.364189541716728652e-20
7.111539773961034371e+03 5.888403286641023412e-19 5.383794581838447494e-20
7.116545701894090598e+03 6.936672841287048714e-19 5.383042408925137759e-20
7.121551629827146826e+03 6.579718962051355522e-19 5.446535405702729205e-20
7.126557557760202144e+03 6.040206725083263828e-19 5.580301289450980712e-20
7.131563485693257462e+03 5.852014671565547817e-19 5.640285541736078731e-20
7.136569413626313690e+03 6.669329042365469961e-19 5.736097776425056566e-20
7.141575341559369008e+03 7.649942144948242400e-19 5.957578828940686743e-20
7.146581269492424326e+03 5.894147945953168734e-19 6.044042884051140981e-20
7.151587197425480554e+03 7.346318876545888297e-19 6.081164064181915308e-20
7.156593125358536781e+03 6.204964530955375228e-19 6.087385754360213800e-20
7.161599053291592099e+03 6.264657913453909045e-19 6.231892651034789965e-20
7.166604981224647418e+03 6.261304608415176501e-19 6.317677007480339020e-20
7.171610909157703645e+03 7.343989773832726489e-19 6.225659313445607340e-20
7.176616837090758963e+03 5.071658915590427070e-19 6.132267790379396632e-20
7.181622765023814281e+03 7.229074177762823398e-19 5.944753443385814231e-20
7.186628692956870509e+03 6.292551640735256961e-19 5.742295035667943692e-20
7.191634620889926737e+03 5.729335769757951489e-19 5.652996472564405581e-20
7.196640548822981145e+03 5.690386866077591261e-19 5.580684836936134414e-20
7.201646476756037373e+03 5.810019991963996791e-19 5.503887542632715093e-20
7.206652404689093601e+03 6.823747506201865414e-19 5.424789362802037526e-20
7.211658332622148919e+03 6.115528848667349483e-19 5.403610378119167166e-20
7.216664260555204237e+03 5.882817165207858739e-19 5.382068342963976416e-20
7.221670188488260465e+03 5.146115692256677237e-19 5.439301382616430680e-20
7.226676116421315783e+03 7.241400458342595589e-19 5.457005634241133824e-20
7.231682044354371101e+03 6.178773464935088124e-19 6.232323080070654914e-20
7.236687972287427328e+03 6.846640770268724368e-19 8.419500403965507882e-20
7.241693900220483556e+03 6.148912766858062908e-19 9.727365368610577090e-20
7.246699828153538874e+03 6.052568230252418724e-19 8.740189953408772566e-20
7.251705756086594192e+03 7.097384567261492591e-19 7.021061300876629777e-20
7.256711684019650420e+03 7.275519281061200695e-19 6.226882739744674200e-20
7.261717611952705738e+03 5.804151786782720246e-19 5.870883226147746134e-20
7.266723539885761056e+03 5.182076769735167975e-19 6.266640038167868082e-20
7.271729467818817284e+03 5.826403221952820900e-19 8.988202560211979542e-20
7.276735395751873511e+03 7.310063484298277978e-19 9.903273794579611758e-20
7.281741323684928830e+03 5.777978197974814756e-19 9.253659462228718261e-20
7.286747251617984148e+03 4.398583213814468343e-19 7.789257981232802257e-20
7.291753179551040375e+03 4.190708736631555608e-19 7.081597902176144132e-20
7.296759107484095694e+03 6.416263392652428554e-19 7.206168049361210990e-20
7.301765035417151012e+03 5.806664661366149167e-19 7.266948749421078947e-20
7.306770963350207239e+03 7.196960813699392978e-19 7.273508276507537672e-20
7.311776891283263467e+03 7.140553374900431159e-19 8.589238358612263261e-20
7.316782819216318785e+03 4.358149086298755005e-19 8.545393009824403365e-20
7.321788747149374103e+03 5.574153171078203764e-19 7.595725021291414845e-20
7.326794675082430331e+03 6.443207810497400002e-19 6.957244972895266165e-20
7.331800603015485649e+03 5.038941215616990445e-19 7.274773660817679274e-20
7.336806530948540967e+03 6.766470884032943408e-19 8.559449983105518813e-20
7.341812458881597195e+03 3.813653114309583058e-19 8.583361073989307643e-20
7.346818386814653422e+03 5.331377160088585828e-19 6.913137121555063352e-20
7.351824314747707831e+03 6.562736263331199413e-19 6.222829779624893118e-20
7.356830242680764059e+03 5.773043317952847859e-19 6.616656447428651492e-20
7.361836170613820286e+03 6.590497619022024682e-19 7.388191917204305114e-20
7.366842098546875604e+03 7.120346814711013158e-19 8.076564246472060592e-20
7.371848026479930923e+03 7.717612717821044987e-19 7.784220937607616237e-20
7.376853954412987150e+03 5.721977139158854414e-19 6.053650389590167577e-20
7.381859882346043378e+03 6.060512649487630738e-19 5.566312451550057071e-20
7.386865810279097786e+03 5.933803038311828009e-19 6.255088850416404806e-20
7.391871738212154014e+03 6.486058572466920510e-19 6.636695592251727354e-20
7.396877666145210242e+03 7.085083385723959440e-19 7.684994395338775509e-20
7.401883594078265560e+03 5.812230062299395167e-19 7.530473515047171578e-20
7.406889522011320878e+03 7.870311164336157096e-19 7.052164277483317616e-20
7.411895449944377106e+03 6.841788679262434302e-19 6.058888002743549375e-20
7.416901377877432424e+03 7.002956264264148417e-19 6.150148887895187099e-20
7.421907305810487742e+03 5.488457180582941635e-19 6.307976433920368921e-20
7.426913233743543969e+03 5.994029542686432894e-19 6.630504828971572416e-20
7.431919161676600197e+03 4.328217295116793341e-19 6.971782128737673438e-20
7.436925089609655515e+03 5.379921818519230006e-19 6.940384210572884202e-20
7.441931017542710833e+03 7.267023314891451870e-19 6.535125201809318572e-20
7.446936945475767061e+03 5.906475600626941015e-19 5.703533577825113714e-20
7.451942873408822379e+03 5.702807193946220275e-19 5.568111532797076905e-20
7.456948801341877697e+03 5.130332519986319978e-19 5.739216235134310784e-20
7.461954729274933925e+03 4.051437765339788792e-19 6.015715667850942972e-20
7.466960657207990153e+03 3.716267065378784377e-19 6.530935241108513415e-20
7.471966585141045471e+03 6.380619834744735280e-19 6.805854166677590202e-20
7.476972513074100789e+03 5.743060982967485661e-19 7.007526972490552796e-20
7.481978441007157016e+03 5.332496361577382218e-19 6.742828247262471989e-20
7.486984368940212335e+03 6.228926198746360887e-19 6.262466757084772984e-20
7.491990296873267653e+03 4.767790490402638477e-19 5.714056911456541232e-20
7.496996224806323880e+03 5.734046099580779925e-19 5.639421528314765089e-20
7.502002152739380108e+03 4.797954010845814709e-19 5.454350823540883866e-20
7.507008080672435426e+03 5.377370953207003336e-19 5.471931449675543547e-20
7.512014008605490744e+03 6.502569330717649862e-19 5.636791657887793400e-20
7.517019936538546972e+03 4.392911667619555713e-19 6.816713180091852658e-20
7.522025864471602290e+03 4.814012410820038895e-19 8.161219057153335399e-20
7.527031792404657608e+03 4.639358730922793431e-19 8.380576491916012412e-20
7.532037720337713836e+03 5.956555821169542301e-19 6.941171727276679976e-20
7.537043648270770063e+03 4.145013092519160425e-19 6.463658653264328010e-20
7.542049576203824472e+03 4.299757045636420474e-19 6.318374542103799379e-20
7.547055504136880700e+03 4.899567205925806889e-19 6.374228376375297580e-20
7.552061432069936927e+03 4.571946917199679393e-19 6.657476998417890702e-20
7.557067360002992245e+03 4.452642641740998988e-19 6.747584298420551081e-20
7.562073287936047564e+03 5.578293511904593131e-19 6.674305789851548413e-20
7.567079215869103791e+03 3.061889666410896650e-19 7.552175809940520348e-20
7.572085143802159109e+03 4.062941870728005751e-19 7.697052419771895476e-20
7.577091071735214427e+03 4.341103232248917393e-19 6.860724871675906697e-20
7.582096999668270655e+03 4.464572842855290593e-19 6.323340972685981159e-20
7.587102927601326883e+03 5.004410125744169884e-19 6.247744640036703156e-20
7.592108855534382201e+03 5.551947315398178103e-19 9.456389142269008306e-20
7.597114783467437519e+03 4.248159217280547691e-19 2.131466911152224438e-19
7.602120711400493747e+03 4.633384916083767130e-19 5.054135956691066459e-19
7.607126639333549065e+03 5.170955672402934678e-19 7.658722796274788503e-19
7.612132567266604383e+03 2.986738101831242108e-19 6.097262600499783578e-19
7.617138495199660611e+03 3.494753795396681481e-19 3.251566617886223492e-19
7.622144423132716838e+03 4.911872376819083626e-19 2.185133596290023154e-19
7.627150351065772156e+03 4.898392041850960094e-19 2.478641687785674839e-19
7.632156278998827474e+03 5.166654629707665562e-19 2.825610033987924422e-19
7.637162206931883702e+03 4.016887501127073479e-19 2.531407996090841107e-19
7.642168134864939020e+03 2.868086294327148852e-19 2.162847882974096258e-19
7.647174062797994338e+03 5.337355283642958060e-19 1.720317629568584241e-19
7.652179990731050566e+03 5.791596741762619969e-19 1.538702860812186386e-19
7.657185918664106794e+03 6.823871793610540677e-19 1.246780653619852654e-19
7.662191846597162112e+03 4.524623265433256256e-19 1.097559069915705036e-19
7.667197774530217430e+03 6.965773529531618291e-19 9.870413119236660728e-20
7.672203702463273657e+03 3.111097761062959425e-19 8.755616109451215357e-20
7.677209630396328976e+03 4.845716358791295059e-19 7.782088790533959664e-20
7.682215558329384294e+03 5.053596500645164377e-19 7.653098761087408263e-20
7.687221486262440521e+03 5.669476561344037910e-19 7.019179050130281787e-20
7.692227414195496749e+03 5.987745390424001896e-19 6.960501533330744409e-20
7.697233342128551158e+03 5.572698801962656719e-19 6.906100243976899613e-20
7.702239270061607385e+03 5.494107454719926096e-19 7.141280845171655380e-20
7.707245197994663613e+03 4.089161859023527495e-19 9.331606788776296960e-20
7.712251125927718931e+03 4.792594178430509957e-19 1.134500854824132794e-19
7.717257053860774249e+03 6.549434796026242789e-19 1.095604640709478021e-19
7.722262981793830477e+03 5.477223633111872332e-19 8.630212920406564934e-20
7.727268909726885795e+03 5.382492250963769806e-19 7.012737475945605737e-20
7.732274837659941113e+03 4.105657537806860583e-19 6.333538221829416494e-20
7.737280765592997341e+03 3.321092753496561124e-19 6.067402609861226843e-20
7.742286693526053568e+03 5.147765297846264416e-19 7.227163161097287692e-20
7.747292621459108886e+03 6.578824297674369026e-19 9.792607868726871530e-20
7.752298549392164205e+03 6.446700958341493620e-19 1.021486254211216448e-19
7.757304477325220432e+03 7.861346674291440253e-19 8.623124367655988776e-20
7.762310405258275750e+03 3.971610879868425807e-19 7.470477374606511000e-20
7.767316333191331069e+03 5.146247439319484434e-19 6.774041848567178747e-20
7.772322261124387296e+03 6.318006748416926788e-19 7.150534476767258268e-20
7.777328189057443524e+03 3.127130302641524029e-19 7.668152568324817243e-20
7.782334116990498842e+03 4.672403555244521708e-19 7.402796370082693319e-20
7.787340044923554160e+03 2.874926626347442327e-19 8.561850082301516354e-20
7.792345972856610388e+03 5.306476632277030083e-19 9.886257844038947505e-20
7.797351900789665706e+03 4.963167599054051590e-19 9.407495843207002564e-20
7.802357828722721024e+03 6.063934638210617352e-19 7.971476630229551449e-20
7.807363756655777252e+03 5.737712037499390424e-19 8.283352730184658021e-20
7.812369684588833479e+03 4.904549097958459146e-19 8.476049634963177932e-20
7.817375612521888797e+03 6.571378588346821208e-19 1.017171467541442422e-19
7.822381540454944115e+03 6.272753783164412625e-19 1.019565332358580025e-19
7.827387468388000343e+03 4.476853805360603459e-19 7.968186443175523987e-20
7.832393396321055661e+03 5.355335362424206503e-19 6.340081277428334610e-20
7.837399324254110979e+03 5.711843386697700316e-19 7.227903083297073157e-20
7.842405252187167207e+03 5.005095233922014669e-19 7.573030240522205943e-20
7.847411180120223435e+03 5.121723824447767272e-19 9.334207817558647283e-20
7.852417108053277843e+03 5.878806868858721302e-19 1.050122685635137586e-19
7.857423035986334071e+03 3.959251852217028559e-19 1.031185180803443900e-19
7.862428963919390299e+03 4.817267393113609858e-19 8.629422969091857667e-20
7.867434891852445617e+03 7.288114424654768082e-19 8.647052438766524239e-20
7.872440819785500935e+03 5.517090730821626002e-19 8.639817232072765000e-20
7.877446747718557162e+03 5.501177452583775846e-19 8.136471710450363638e-20
7.882452675651613390e+03 7.108674915084467856e-19 8.428363161177000017e-20
7.887458603584667799e+03 5.098047237436349693e-19 8.769772326289091812e-20
7.892464531517724026e+03 6.314134451591733595e-19 8.437075756002373783e-20
7.897470459450780254e+03 3.938958427947144679e-19 6.793970427359501988e-20
7.902476387383835572e+03 4.441043478028314083e-19 6.458726612450869245e-20
7.907482315316890890e+03 6.183867309661723874e-19 1.000693843532279079e-19
7.912488243249947118e+03 2.358396281125612890e-19 1.214228966800183057e-19
7.917494171183002436e+03 4.488257978321108856e-19 1.280784011597830829e-19
7.922500099116057754e+03 4.563130989800718646e-19 1.004213618794778025e-19
7.927506027049113982e+03 2.579269522724851857e-19 9.584635368579307392e-20
7.932511954982170209e+03 5.370939251437419123e-19 9.002529511933000546e-20
7.937517882915225528e+03 6.369894043966909812e-19 7.715396669655884195e-20
7.942523810848280846e+03 4.557154238355247177e-19 7.681618767184943242e-20
7.947529738781337073e+03 5.268269027558739626e-19 8.180986934886739802e-20
7.952535666714392391e+03 4.095933264222867114e-19 7.651773776285848770e-20
7.957541594647447710e+03 5.583698773219212889e-19 8.535113788672710666e-20
7.962547522580503937e+03 9.166400055235566039e-19 1.037077077705598805e-19
7.967553450513560165e+03 5.245653967894687605e-19 9.962946925433816504e-20
7.972559378446615483e+03 4.542519776573106892e-19 8.081992629185082805e-20
7.977565306379670801e+03 4.043597331641776466e-19 8.265149180381632585e-20
7.982571234312727029e+03 3.903402031564501940e-19 7.980835693949969948e-20
7.987577162245782347e+03 3.085575180411880284e-19 9.408857563303245319e-20
7.992583090178837665e+03 3.102613490815852267e-19 1.022018228807569758e-19
7.997589018111893893e+03 3.638568471741063452e-19 9.083918162965837660e-20
8.002594946044950120e+03 5.385327950208896323e-19 6.344951924767543676e-20
8.007600873978005438e+03 4.440117581819995863e-19 6.831229422200797686e-20
8.012606801911060757e+03 5.492426334101523486e-19 7.401806095152123927e-20
8.017612729844116984e+03 4.531183624278053134e-19 8.210209837044408005e-20
8.022618657777172302e+03 5.142723182339226059e-19 9.407221339103906137e-20
8.027624585710227620e+03 6.138563667349953655e-19 9.478061137347110545e-20
8.032630513643283848e+03 3.890047316487085419e-19 7.426139257457529415e-20
8.037636441576340076e+03 5.376496612649693394e-19 6.300139432620931940e-20
8.042642369509394484e+03 4.695482133394616943e-19 6.419275604460838553e-20
8.047648297442450712e+03 3.825386247837117645e-19 7.211653888207707808e-20
8.052654225375506940e+03 3.814022536999332497e-19 7.667715206434785197e-20
8.057660153308562258e+03 4.762730880823101994e-19 8.720037049586690737e-20
8.062666081241617576e+03 4.154630051053877756e-19 8.620390732455487355e-20
8.067672009174673803e+03 6.064584320287968163e-19 7.639202994766849996e-20
8.072677937107729122e+03 5.040951978132307436e-19 6.518178501636838481e-20
8.077683865040784440e+03 5.969000446533165775e-19 6.561685553049356635e-20
8.082689792973840667e+03 5.262591372782324600e-19 6.491809469781246748e-20
8.087695720906896895e+03 4.851132842578257517e-19 6.625928080985020088e-20
8.092701648839952213e+03 5.352947163167829793e-19 6.716895588896462593e-20
8.097707576773007531e+03 4.179298520915855864e-19 7.164967009319708216e-20
8.102713504706063759e+03 2.812122888773560467e-19 7.019506091197853119e-20
8.107719432639119077e+03 4.757980437602310258e-19 6.604207190446148366e-20
8.112725360572174395e+03 4.428193504868321758e-19 6.137056154696625699e-20
8.117731288505230623e+03 4.616753324549518229e-19 6.064197836219583731e-20
8.122737216438286850e+03 4.948831915792292892e-19 6.087550879532936626e-20
8.127743144371342169e+03 4.269633034526809751e-19 6.177730084109884549e-20
8.132749072304397487e+03 4.799171442130024592e-19 6.372382740243575775e-20
8.137755000237453714e+03 4.144618905498830841e-19 6.571500823509924266e-20
8.142760928170509032e+03 4.362740930610400900e-19 6.788387623003392133e-20
8.147766856103564351e+03 4.361247230788159125e-19 6.730036422111034147e-20
8.152772784036620578e+03 3.919275117877359023e-19 6.491762149618123297e-20
8.157778711969676806e+03 4.510148990293011808e-19 6.406356497542966282e-20
8.162784639902732124e+03 3.839565424938055772e-19 6.418271680759367607e-20
8.167790567835787442e+03 5.650939169189673401e-19 6.507448232161957581e-20
8.172796495768843670e+03 4.876872276421025650e-19 6.659911036407463353e-20
8.177802423701898988e+03 4.182104873385195279e-19 6.708710213947528292e-20
8.182808351634954306e+03 4.950635441684574497e-19 6.918957744410110052e-20
8.187814279568010534e+03 4.017617569633197410e-19 7.056554517738618611e-20
8.192820207501066761e+03 4.952768124193079942e-19 7.013926299179999076e-20
8.197826135434121170e+03 4.538347405839947724e-19 6.804860701182543498e-20
8.202832063367177398e+03 4.378706317236400177e-19 6.595372461867025504e-20
8.207837991300233625e+03 4.285352128305535585e-19 6.448856663941858404e-20
8.212843919233288034e+03 5.939538532015260729e-19 6.303373415152827678e-20
8.217849847166344261e+03 4.504822049263609671e-19 6.172228865721363619e-20
8.222855775099400489e+03 4.985867166947007884e-19 6.091834837600080294e-20
8.227861703032456717e+03 5.333986139823370793e-19 5.966907694218464484e-20
8.232867630965511125e+03 5.165765561577487882e-19 5.956849084684893806e-20
8.237873558898567353e+03 4.689584498063306927e-19 5.988869837315527953e-20
8.242879486831623581e+03 4.642044892967515329e-19 6.076964862418368356e-20
8.247885414764677989e+03 4.889346055407436730e-19 6.113276367731561314e-20
8.252891342697734217e+03 3.172320342394210896e-19 6.042751432854979318e-20
8.257897270630790445e+03 3.900400833638702437e-19 6.021618728946658906e-20
8.262903198563846672e+03 4.811292767304064204e-19 6.030669871204940048e-20
8.267909126496901081e+03 5.602092313911363281e-19 6.173731062998104019e-20
8.272915054429957308e+03 4.917594286389105511e-19 7.658226909396370440e-20
8.277920982363013536e+03 3.353436994306599745e-19 1.001664842270662954e-19
8.282926910296067945e+03 7.208396336218890257e-19 1.219618384756436800e-19
8.287932838229124172e+03 5.649332621920324115e-19 1.192904482589055865e-19
8.292938766162180400e+03 3.413165313646672066e-19 1.277592791488965186e-19
8.297944694095236628e+03 3.175507429550982617e-19 1.226769362742878655e-19
8.302950622028291036e+03 5.642321799981018229e-19 1.123755114884419127e-19
8.307956549961347264e+03 4.966727651789479373e-19 9.230913126192635272e-20
8.312962477894403492e+03 2.187811604681918383e-19 9.064810999534563039e-20
8.317968405827457900e+03 4.593525955094480541e-19 7.768293485799428365e-20
8.322974333760514128e+03 4.791138660841455431e-19 7.227046515554817273e-20
8.327980261693570355e+03 5.330552905814164840e-19 6.969931043754772025e-20
8.332986189626626583e+03 4.940579895223938749e-19 7.182307629574715312e-20
8.337992117559680992e+03 5.645801977479142645e-19 1.302166085664792676e-19
8.342998045492737219e+03 1.156148292281436030e-18 1.553820214399250845e-19
8.348003973425793447e+03 3.210266236079558131e-19 1.518335780861540751e-19
8.353009901358847856e+03 9.778402106970531699e-20 1.040813411647208463e-19
8.358015829291904083e+03 3.309100936653508437e-19 9.012036723274504709e-20
8.363021757224960311e+03 3.968273430166385381e-19 7.894084628236444323e-20
8.368027685158016538e+03 5.788208441918040312e-19 7.345979462013061287e-20
8.373033613091070947e+03 4.255567649954736534e-19 6.775995598191281775e-20
8.378039541024127175e+03 3.801694430389543472e-19 8.325111842895613082e-20
8.383045468957181583e+03 3.466880320281929578e-19 8.501064350958307084e-20
8.388051396890237811e+03 3.551588979288461763e-19 7.525782711535973100e-20
8.393057324823294039e+03 4.272105078640384273e-19 1.064733567016357132e-19
8.398063252756350266e+03 1.272634408574167603e-19 1.237051514645986305e-19
8.403069180689406494e+03 2.531612569181492984e-19 1.145752557902749130e-19
8.408075108622460903e+03 1.877305118328199380e-19 8.296153269580820117e-20
8.413081036555517130e+03 3.883983030982071416e-19 9.487852051597007724e-20
8.418086964488571539e+03 2.469904130595524693e-19 9.596643135688891714e-20
8.423092892421627766e+03 3.989063937451361606e-19 1.132567700266932427e-19
8.428098820354683994e+03 1.293991589201849772e-19 1.480664895368624117e-19
8.433104748287740222e+03 3.643883376465228675e-19 1.440356298313933991e-19
8.438110676220796449e+03 4.848146010276575286e-19 8.742145724983956163e-20
8.443116604153850858e+03 4.171892301773362268e-19 7.956504760725617670e-20
8.448122532086907086e+03 5.349797641356981407e-19 1.033080371465594914e-19
8.453128460019961494e+03 4.292462766325392237e-19 1.035305681142227807e-19
8.458134387953017722e+03 5.815463389877341544e-19 1.131696634558774658e-19
8.463140315886073950e+03 7.324054343750128353e-19 1.309262363190360815e-19
8.468146243819130177e+03 5.028271177097562755e-19 1.218763507873871087e-19
8.473152171752186405e+03 3.187107193505511336e-19 7.557685739793302879e-20
8.478158099685240813e+03 4.563966308137653813e-19 6.720736692438841308e-20
8.483164027618297041e+03 3.751456966513935241e-19 6.659742596788487235e-20
8.488169955551351450e+03 3.539218037196652983e-19 8.013701291344343267e-20
8.493175883484407677e+03 5.791201287036762980e-19 8.364058133364105388e-20
8.498181811417463905e+03 6.043744988457636680e-19 9.393998690199107729e-20
8.503187739350520133e+03 3.426503074310755055e-19 9.559520814039105139e-20
8.508193667283574541e+03 3.318224548007770001e-19 8.844864964488803665e-20
8.513199595216630769e+03 3.896822915283915368e-19 6.434720824211061465e-20
8.518205523149686996e+03 5.173182369655101708e-19 6.127732758542804309e-20
8.523211451082741405e+03 4.576909976885315653e-19 6.131003261849742657e-20
8.528217379015797633e+03 5.206129332508183452e-19 6.163588699260619918e-20
8.533223306948853860e+03 4.610168756511606097e-19 6.842663065454661258e-20
8.538229234881910088e+03 4.607659312230696517e-19 7.275460909536223881e-20
8.543235162814964497e+03 3.912890653737796740e-19 8.306572246059714680e-20
8.548241090748020724e+03 4.142792168395164164e-19 8.418799099782608894e-20
8.553247018681076952e+03 4.594780641483932922e-19 8.003823892965768888e-20
8.558252946614131361e+03 4.327403364163433415e-19 6.942367685381492291e-20
8.563258874547187588e+03 4.624306886418627591e-19 7.043973314780641478e-20
8.568264802480243816e+03 5.005818549006544482e-19 7.332282840966139307e-20
8.573270730413300043e+03 5.410734455467665351e-19 7.596885160672068641e-20
8.578276658346354452e+03 4.312588394697487571e-19 7.411598001461559561e-20
8.583282586279410680e+03 3.071500111519752764e-19 7.648270555889408153e-20
8.588288514212466907e+03 4.125225656727958955e-19 7.763936352587151101e-20
8.593294442145521316e+03 4.296907963878382395e-19 8.051007296231873133e-20
8.598300370078577544e+03 4.088447645744018194e-19 7.683819045335710422e-20
8.603306298011633771e+03 3.432163607111870004e-19 7.175194748447829186e-20
8.608312225944689999e+03 3.546496767128758038e-19 7.321143685060373494e-20
8.613318153877744408e+03 4.153881290917358508e-19 8.373476409075632097e-20
8.618324081810800635e+03 4.715129772534520083e-19 9.644423146293826280e-20
8.623330009743856863e+03 3.967270954238161720e-19 1.065351100691981116e-19
8.628335937676911271e+03 4.293978726148671899e-19 1.096825112562814417e-19
8.633341865609967499e+03 2.938156483270050011e-19 1.029726447213809100e-19
8.638347793543023727e+03 4.374610145715700262e-19 8.993019606782457035e-20
8.643353721476079954e+03 3.852357325442034726e-19 8.610856233223698740e-20
8.648359649409134363e+03 4.065141624623058088e-19 9.552480822963586000e-20
8.653365577342190591e+03 5.707300416396903371e-19 1.059056683774063545e-19
8.658371505275246818e+03 7.270212929855737316e-19 1.093235681626156332e-19
8.663377433208301227e+03 3.381427469128520534e-19 1.087300255731406177e-19
8.668383361141357454e+03 1.950823620377051038e-19 1.035908549656309922e-19
8.673389289074413682e+03 5.710626385301074061e-19 9.753478933479523330e-20
8.678395217007469910e+03 7.594735646038171022e-19 9.106358393387338455e-20
8.683401144940524318e+03 6.367281298166266564e-19 8.618351057721005836e-20
8.688407072873580546e+03 5.477640077682932578e-19 8.318043003233361795e-20
8.693413000806636774e+03 4.347375000650052150e-19 8.187759906726785186e-20
8.698418928739691182e+03 6.792362770266487088e-19 8.291601131617742267e-20
8.703424856672747410e+03 4.845124663697164417e-19 8.291514362437434194e-20
8.708430784605803638e+03 5.602729927389967278e-19 7.937566292802098728e-20
8.713436712538859865e+03 3.416806194552896295e-19 7.577710345036500732e-20
8.718442640471914274e+03 5.365430822966312639e-19 7.386553863137681980e-20
8.723448568404970501e+03 4.823361580586661820e-19 7.299921223447184439e-20
8.728454496338024910e+03 4.239142151318889336e-19 7.181002692607848214e-20
8.733460424271081138e+03 3.364195768905778471e-19 7.111213267195381806e-20
8.738466352204137365e+03 3.474636060709570207e-19 7.022735983450264193e-20
8.743472280137193593e+03 4.667425449456735764e-19 6.976230255591050909e-20
8.748478208070249821e+03 4.279076734471698235e-19 6.985973272248136401e-20
8.753484136003304229e+03 3.792918005486242782e-19 9.947427121534447789e-20
8.758490063936360457e+03 3.421310352895621400e-19 1.319086844172950389e-19
8.763495991869414866e+03 -2.877745634019562471e-19 1.550439576207286611e-19
8.768501919802471093e+03 -1.204595247980092557e-19 1.439612909779560651e-19
8.773507847735527321e+03 3.219023606887664923e-19 1.473746719855817186e-19
8.778513775668583548e+03 1.138377290404608184e-19 1.366498375803638212e-19
8.783519703601639776e+03 4.022441893336802728e-19 1.119023649557700517e-19
8.788525631534694185e+03 5.375529992895534873e-19 9.554491163871363564e-20
8.793531559467750412e+03 4.134790696220793237e-19 9.522633548893553792e-20
8.798537487400804821e+03 4.888132024496495370e-19 7.733447366288394799e-20
8.803543415333861049e+03 2.835831078796270683e-19 7.492554713895851461e-20
8.808549343266917276e+03 4.183625335116715043e-19 7.926359206886515540e-20
8.813555271199973504e+03 4.120139389429531654e-19 8.092630246031190809e-20
8.818561199133029731e+03 4.595511843710678550e-19 1.271994135600566502e-19
8.823567127066084140e+03 1.093113912801585714e-18 2.191809337471330748e-19
8.828573054999140368e+03 2.746482255057750573e-19 2.346076736743922769e-19
8.833578982932194776e+03 1.293878103338876834e-19 1.790491300503375809e-19
8.838584910865251004e+03 5.162407972823646014e-19 1.408495962804790522e-19
8.843590838798307232e+03 3.745681007634967124e-19 1.069106962895224318e-19
8.848596766731363459e+03 3.762871880655692790e-19 1.014531115053004781e-19
8.853602694664417868e+03 3.378790019271462608e-19 9.276405584035310371e-20
8.858608622597474096e+03 4.863898565567760083e-19 8.928938382373523916e-20
8.863614550530530323e+03 4.854431575604472280e-19 1.136305507559333228e-19
8.868620478463584732e+03 3.124722561183501874e-19 1.104944280847657482e-19
8.873626406396640959e+03 2.891364455607547315e-19 8.499471428611161296e-20
8.878632334329697187e+03 4.746249718127541528e-19 1.228644795308265591e-19
8.883638262262753415e+03 8.433285206159567788e-19 1.562895707291961656e-19
8.888644190195807823e+03 4.874703522541617723e-19 1.496300497133112570e-19
8.893650118128864051e+03 4.992229079447352923e-19 9.438008300011528328e-20
8.898656046061920279e+03 4.923492389914882490e-19 1.143850098179769003e-19
8.903661973994974687e+03 7.844708541208178382e-19 1.216623963099838790e-19
8.908667901928030915e+03 6.643088439713518160e-19 1.048236447748264596e-19
8.913673829861087142e+03 7.206158170985327456e-19 1.673192355793795843e-19
8.918679757794143370e+03 3.870254679008532310e-19 1.881582029647010014e-19
8.923685685727199598e+03 5.884262881895392900e-19 1.785031093030947818e-19
8.928691613660254006e+03 6.142191848735909872e-19 9.318293158217302060e-20
8.933697541593308415e+03 4.273397032875412436e-19 9.062914912408341678e-20
8.938703469526364643e+03 3.613784770719012800e-19 1.288279282438204999e-19
8.943709397459420870e+03 3.863460198866714093e-19 1.387710511685839232e-19
8.948715325392477098e+03 6.042872968153936699e-19 1.284298876344837972e-19
8.953721253325533326e+03 4.214876479927176788e-19 1.814785855140015597e-19
8.958727181258589553e+03 3.945131307413201914e-20 1.863082386419269677e-19
8.963733109191643962e+03 7.419671764028445414e-19 1.303729280077410312e-19
8.968739037124698370e+03 4.982610941913689790e-19 8.801902096498327913e-20
8.973744965057754598e+03 4.491048794156802239e-19 8.512293596991040232e-20
8.978750892990810826e+03 5.052459362875523043e-19 8.872129228116038394e-20
8.983756820923867053e+03 6.395161040116630247e-19 1.112565395347844928e-19
8.988762748856923281e+03 6.325510375523557418e-19 1.247292466896555624e-19
8.993768676789977690e+03 4.599896277107631696e-19 1.217304478716045935e-19
8.998774604723033917e+03 -1.134084649309252080e-19 1.329875661960787731e-19
9.003780532656088326e+03 2.317037898495588408e-19 1.242437492941935496e-19
9.008786460589144554e+03 3.895995718325382456e-19 8.978791091813073913e-20
9.013792388522200781e+03 3.033218297896949433e-19 8.006079266461623767e-20
9.018798316455257009e+03 3.446826347741543563e-19 8.032656417607895834e-20
9.023804244388313236e+03 3.510417408219363944e-19 8.088178788352834298e-20
9.028810172321367645e+03 4.066424288942723802e-19 8.349995609134573417e-20
9.033816100254423873e+03 3.408381122260621931e-19 1.019046278839112895e-19
9.038822028187478281e+03 4.710054059783665966e-19 1.027916703160957081e-19
9.043827956120534509e+03 2.100562916327337888e-19 1.171158380375303965e-19
9.048833884053590737e+03 2.771269080977633450e-19 1.198522178638254002e-19
9.053839811986646964e+03 1.589977272539960913e-19 1.143460729434457753e-19
9.058845739919703192e+03 2.467266113304167405e-19 9.533070704514028751e-20
9.063851667852757600e+03 4.450209074024021304e-19 9.870198611666524554e-20
9.068857595785813828e+03 2.996895678723245467e-19 1.061165501149991258e-19
9.073863523718868237e+03 5.370766282747144078e-19 1.043507913026405613e-19
9.078869451651924464e+03 4.306648227867251507e-19 9.959883493685027115e-20
9.083875379584980692e+03 4.870972679470029299e-19 1.055311675781461942e-19
9.088881307518036920e+03 4.385231909442712533e-19 1.179194483261491895e-19
9.093887235451093147e+03 5.063566276049785106e-19 1.146107310536202377e-19
9.098893163384147556e+03 2.291447099380127696e-19 1.164767794244472251e-19
9.103899091317203784e+03 2.402642279082688578e-19 1.105212480998486148e-19
9.108905019250258192e+03 9.455744898423873279e-20 9.941749638417755191e-20
9.113910947183314420e+03 1.897075316296013426e-19 9.358430905182826094e-20
9.118916875116370647e+03 3.702084222827743717e-19 9.751563217817864906e-20
9.123922803049426875e+03 3.655080658442715792e-19 9.682177912551896315e-20
9.128928730982483103e+03 1.776229048015880004e-19 9.516906019465011196e-20
9.133934658915537511e+03 1.644432794325515991e-19 1.021701507222150877e-19
9.138940586848593739e+03 3.923200675123718319e-19 1.009816646189216144e-19
9.143946514781648148e+03 4.041829334964965133e-19 1.005011516618121986e-19
9.148952442714704375e+03 3.842052628389425207e-19 1.111030027634979397e-19
9.153958370647760603e+03 4.023154038791102873e-19 1.222078078981264909e-19
9.158964298580816831e+03 2.535376587695933708e-19 1.164995061951521119e-19
9.163970226513873058e+03 3.258311707576261499e-19 1.156291152078661119e-19
9.168976154446927467e+03 3.931892614226320050e-19 1.047307603312450877e-19
9.173982082379983694e+03 2.396987978790300341e-19 1.064649674198319101e-19
9.178988010313038103e+03 5.115058953243913341e-19 1.087553156509482171e-19
9.183993938246094331e+03 3.761096007714148485e-19 1.040898476115857268e-19
9.188999866179150558e+03 4.260766366211698971e-19 1.019584073626542689e-19
9.194005794112206786e+03 3.511369371327449272e-19 1.034660458123413646e-19
9.199011722045263014e+03 2.274747182148390149e-19 1.063668249317427645e-19
9.204017649978317422e+03 2.789619223437422646e-19 1.099894449859022257e-19
9.209023577911373650e+03 1.593741600408856421e-19 1.146101356729666992e-19
9.214029505844428058e+03 3.171174472745687199e-19 1.152292368150911289e-19
9.219035433777484286e+03 4.209709348426547270e-19 1.166672689741459205e-19
9.224041361710540514e+03 3.855743569295212437e-19 1.175899403879507829e-19
9.229047289643596741e+03 4.847688104315199666e-19 1.221210057029944545e-19
9.234053217576652969e+03 4.917991959365235705e-19 1.101583273028263089e-19
9.239059145509707378e+03 4.318063838872985362e-19 1.067527025778758243e-19
9.244065073442761786e+03 4.403429217405921361e-19 1.053396652872605506e-19
9.249071001375818014e+03 4.458450081753251851e-19 1.149945712198270032e-19
9.254076929308874242e+03 4.010319625946209770e-19 1.158610354026981882e-19
9.259082857241930469e+03 4.040276847520074576e-19 1.175715717039613984e-19
9.264088785174986697e+03 4.182468285825530010e-19 1.059363359197031119e-19
9.269094713108042924e+03 3.785470192515041665e-19 9.773411460546911978e-20
9.274100641041097333e+03 3.630331346048641793e-19 1.036360119972568838e-19
9.279106568974151742e+03 2.380119974135827536e-19 1.238011138191369650e-19
9.284112496907207969e+03 3.965083962205582362e-19 1.335265860454483846e-19
9.289118424840264197e+03 3.402585629132472590e-19 1.506436625156708215e-19
9.294124352773320425e+03 2.052463323209140686e-19 1.608188706913375984e-19
9.299130280706376652e+03 2.904803384671689913e-19 1.989228821189917117e-19
9.304136208639432880e+03 -2.189244700583965270e-20 3.666116172657106537e-19
9.309142136572487289e+03 1.260517158053077673e-18 5.252713259147681002e-19
9.314148064505541697e+03 7.418408921427752841e-19 5.132110158842597650e-19
9.319153992438597925e+03 5.652593707357403314e-19 6.892458115063751228e-19
9.324159920371654152e+03 1.311184010821601711e-18 6.909271185689400904e-19
9.329165848304710380e+03 7.207288174024861033e-19 4.667550072341504258e-19
9.334171776237766608e+03 7.908665755056438271e-19 5.207858155397680764e-19
9.339177704170821016e+03 5.836422119305358715e-19 5.895319043006363003e-19
9.344183632103877244e+03 7.704460023770904340e-19 5.213994923378067661e-19
9.349189560036931653e+03 3.118781465857370092e-19 3.970237020340088777e-19
9.354195487969987880e+03 5.278449455606845504e-19 3.820142414404463985e-19
9.359201415903044108e+03 3.337782611049878293e-19 3.698438926790591483e-19
9.364207343836100335e+03 3.328231123889907903e-19 3.752675265897917308e-19
9.369213271769156563e+03 1.945011879264204410e-19 8.068243732468380632e-19
9.374219199702210972e+03 6.424960504160657644e-19 8.750477260229829679e-19
9.379225127635267199e+03 8.227113117557277693e-19 8.246098357138368719e-19
9.384231055568321608e+03 5.124945832525741612e-19 4.620695083353534369e-19
9.389236983501377836e+03 2.894041593997318132e-19 3.241975727501690989e-19
9.394242911434434063e+03 2.702134519435355501e-19 2.616291598300618094e-19
9.399248839367490291e+03 3.208668339377375700e-19 3.044876982722041364e-19
9.404254767300546519e+03 9.089418807686229887e-19 3.019060097685649939e-19
9.409260695233600927e+03 4.465979097166636036e-19 2.398932864857919575e-19
9.414266623166657155e+03 4.454812182207131687e-19 3.532137451030622064e-19
9.419272551099711563e+03 1.002963311851074157e-18 4.442162294520989400e-19
9.424278479032767791e+03 8.177707103317100307e-19 5.004321571389303944e-19
9.429284406965824019e+03 6.405086131867666410e-19 5.117828659399954099e-19
9.434290334898880246e+03 3.884225768894662454e-20 8.211680192141699298e-19
9.439296262831936474e+03 1.061483830865180305e-19 9.400055016934783059e-19
9.444302190764990883e+03 3.792283295443387232e-20 6.824918386244156667e-19
9.449308118698047110e+03 5.934986780636979731e-19 3.691982167484688610e-19
9.454314046631101519e+03 8.461944990976915755e-19 4.934072903342330719e-19
9.459319974564157746e+03 8.781982498847178419e-19 5.104701462461926252e-19
9.464325902497213974e+03 9.139258853226685419e-19 3.770695840059257391e-19
9.469331830430270202e+03 1.456443191381799831e-18 4.155456708640163413e-19
9.474337758363326429e+03 1.606481769905181559e-18 6.642306954220967757e-19
9.479343686296380838e+03 7.907158099120458337e-19 7.391274709690403082e-19
9.484349614229437066e+03 4.540113721173319853e-19 3.802848768324760508e-19
9.489355542162491474e+03 3.459162549414715937e-19 3.140225049162218641e-19
9.494361470095547702e+03 4.480321505478315099e-19 4.083340827580804608e-19
9.499367398028603930e+03 4.036921908728661644e-19 5.866211325493904977e-19
9.504373325961660157e+03 1.741116531132245073e-19 5.354622572947363232e-19
9.509379253894716385e+03 4.879745447777633078e-19 3.530290909064649898e-19
9.514385181827770793e+03 -1.724592194875421874e-19 5.146416593567747666e-19
9.519391109760827021e+03 -3.659326931491080465e-19 6.096285773068255285e-19
9.524397037693881430e+03 -2.717987808980647948e-19 4.123055843647195667e-19
9.529402965626937657e+03 7.992421889269682133e-20 2.962884983119315951e-19
9.534408893559993885e+03 1.264223430907574349e-19 2.933191125342066458e-19
9.539414821493050113e+03 4.226958335069995895e-19 3.098671639842725224e-19
9.544420749426106340e+03 6.462805066793088209e-20 3.889669892323121980e-19
9.549426677359160749e+03 1.567312498252413908e-19 3.936849389447275932e-19
9.554432605292216977e+03 4.510363111399866959e-19 5.136115356465917536e-19
9.559438533225271385e+03 8.546072758404844882e-19 5.938240816528574096e-19
9.564444461158327613e+03 8.735620001855113322e-19 7.618735712362777168e-19
9.569450389091383840e+03 1.158439935907472977e-18 5.952768114212543575e-19
9.574456317024440068e+03 7.759661399074554550e-19 3.981574476234951427e-19
9.579462244957496296e+03 3.489145342524771755e-19 3.344569764388538103e-19
9.584468172890550704e+03 3.613831891125740958e-19 3.957425708736901998e-19
9.589474100823605113e+03 3.282758521889141772e-19 4.318081899583284669e-19
9.594480028756661341e+03 3.679029885642345658e-19 4.267807533252965564e-19
9.599485956689717568e+03 2.049860159161936086e-19 3.702967630212286892e-19
9.604491884622773796e+03 1.075892122640005273e-19 3.857845116247904223e-19
9.609497812555830023e+03 3.118575494053617276e-19 3.758593376867449499e-19
9.614503740488886251e+03 8.931901665414131492e-19 3.600275535688905458e-19
9.619509668421940660e+03 9.992514287540426927e-19 3.711471044470156668e-19
9.624515596354995068e+03 5.648538196939339117e-19 3.444612868294389394e-19
9.629521524288051296e+03 1.783924384397518677e-19 2.821439073483401925e-19
9.634527452221107524e+03 2.236697852391136280e-19 2.954976984219107830e-19
9.639533380154163751e+03 3.188918756659241871e-19 3.202637536925638346e-19
9.644539308087219979e+03 2.753876252845733555e-19 3.200864789573223411e-19
9.649545236020274388e+03 2.871451339427886866e-19 3.037015761756392350e-19
9.654551163953330615e+03 2.679078866893505649e-19 2.945526725473309971e-19
9.659557091886385024e+03 2.270153385489378302e-19 3.080612878381343912e-19
9.664563019819441251e+03 6.327289121768346698e-20 3.372227467793161198e-19
9.669568947752497479e+03 7.470464532636489747e-19 3.575011957369477378e-19
9.674574875685553707e+03 4.997245517134492396e-19 3.215674598979056655e-19
9.679580803618609934e+03 6.123150209518645572e-19 3.633576162463423827e-19
9.684586731551664343e+03 6.576342967583241383e-19 3.476387468067518075e-19
9.689592659484720571e+03 4.155779710501149219e-19 3.028499011356283099e-19
9.694598587417774979e+03 1.714829955139231527e-19 3.797088194476273881e-19
9.699604515350831207e+03 3.701093834792934452e-20 3.804297480327248963e-19
9.704610443283887435e+03 6.318402389580198928e-19 3.688406014092917847e-19
9.709616371216943662e+03 7.610745501243229723e-20 3.626376410297261783e-19
9.714622299149999890e+03 5.215780158816916524e-19 5.161872706747902175e-19
9.719628227083054298e+03 3.754780836934923178e-19 4.895576314241549964e-19
9.724634155016110526e+03 1.859991101247906610e-19 4.491253084958771008e-19
9.729640082949164935e+03 6.816648003982515807e-19 3.929908217094809067e-19
9.734646010882221162e+03 1.890892833447978683e-19 4.483228280239339438e-19
9.739651938815277390e+03 5.415183255362072440e-19 4.595267007279600777e-19
9.744657866748333618e+03 3.979192739059866323e-19 4.074790316670281867e-19
9.749663794681389845e+03 2.917323316501154177e-19 3.463670052916147916e-19
9.754669722614444254e+03 4.376423324190358319e-19 3.456234645059872792e-19
9.759675650547500481e+03 3.246211596083391993e-19 3.380819410218036088e-19
9.764681578480554890e+03 3.809369066616633088e-19 3.377355501490360274e-19
9.769687506413611118e+03 3.213338430058189063e-19 2.384399697438562682e-19
9.774693434346667345e+03 3.857070784058346588e-19 5.496226464237382637e-19
9.779699362279723573e+03 2.881050993183464440e-19 6.456972097416215937e-19
9.784705290212779801e+03 3.175161963897927936e-19 9.858691125160290210e-19
9.789711218145834209e+03 6.985125429065542256e-19 1.189499457378805714e-18
9.794717146078890437e+03 6.108949221638582047e-19 1.250401096376086467e-18
9.799723074011944846e+03 5.403927078782707477e-19 1.081067262782107740e-18
9.804729001945001073e+03 5.870850641782581583e-19 8.712410809019862860e-19
9.809734929878057301e+03 3.879678112853463117e-19 7.781696824483402552e-19
9.814740857811113528e+03 4.001426789429453958e-19 8.366293579837038094e-19
9.819746785744169756e+03 1.842413941677032985e-19 8.136594353513666059e-19
9.824752713677224165e+03 2.399468605237122865e-19 8.343702235831125417e-19
9.829758641610280392e+03 2.701457083576602895e-19 8.318028222235934549e-19
9.834764569543334801e+03 5.135046697426331966e-19 7.520205519470558999e-19
9.839770497476391029e+03 6.243170558088033898e-19 7.351874079382183626e-19
9.844776425409447256e+03 7.788263179700510813e-19 9.521428841689545554e-19
9.849782353342503484e+03 3.776504538271721161e-19 1.026764406908141774e-18
9.854788281275559712e+03 6.135282926589358574e-19 1.017193594819304871e-18
9.859794209208614120e+03 7.315785249531464852e-19 7.902839602267074969e-19
9.864800137141670348e+03 -5.422657691845090205e-20 1.029962287632186402e-18
9.869806065074724756e+03 6.020483271668372165e-19 1.482587828129360216e-18
9.874811993007780984e+03 9.825085872008303155e-19 1.392778422000100638e-18
9.879817920940837212e+03 6.020897494434621494e-20 1.041923608614182296e-18
9.884823848873893439e+03 3.726696338208468210e-19 9.030766007080095734e-19
9.889829776806949667e+03 8.320686575535650341e-19 1.086538355533472518e-18
9.894835704740004076e+03 5.529616593906740043e-19 1.195255089537912848e-18
9.899841632673058484e+03 3.099952431127027212e-19 1.164197191359628956e-18
9.904847560606114712e+03 4.538210457426087070e-19 8.871323817629203997e-19
9.909853488539170939e+03 -3.556556709418241184e-19 1.468814670050918790e-18
9.914859416472227167e+03 1.061439261767299738e-18 1.559199532109624617e-18
9.919865344405283395e+03 1.395281468029934417e-18 1.277951517350470839e-18
9.924871272338339622e+03 4.826917127984054751e-19 1.040777440149985059e-18
9.929877200271394031e+03 6.726271894144516949e-19 1.145518557872781015e-18
9.934883128204448440e+03 9.521753062413257226e-19 1.278645763367317647e-18
9.939889056137504667e+03 1.282278860625368704e-18 1.877053377623196750e-18
9.944894984070560895e+03 2.914587466761393055e-20 2.299770202775054692e-18
9.949900912003617123e+03 2.469828395024991277e-19 2.699745446614379525e-18
9.954906839936673350e+03 2.271519610999707993e-19 1.967904448129705594e-18
9.959912767869729578e+03 4.092985927565664537e-22 2.279784571184405925e-18
9.964918695802783986e+03 3.263196506881265426e-19 1.646475679615030462e-18
9.969924623735838395e+03 7.957871195828631178e-20 1.527018334223325604e-18
9.974930551668894623e+03 1.701678812555068410e-19 1.370369961322021023e-18
9.979936479601950850e+03 8.410001897816995661e-19 1.185245660693359354e-18
9.984942407535007078e+03 8.322197685057656568e-19 1.134167692028500498e-18
9.989948335468063306e+03 3.010837116708661975e-20 1.200051740187254173e-18
9.994954263401117714e+03 1.004027130753096388e-18 1.223329297142076019e-18
9.999960191334173942e+03 2.896354315894497666e-19 1.323080783667314894e-18
1.000496611926722835e+04 1.736388149266352221e-18 1.391913539340122448e-18
1.000997204720028458e+04 1.271553479763556321e-18 1.841016769526439000e-18
1.001497797513334081e+04 1.685231907735677353e-18 2.080793678443040602e-18
1.001998390306639703e+04 1.679237783259268578e-18 1.780522298581069588e-18
1.002498983099945326e+04 5.749766983507596429e-19 1.604505393660171035e-18
1.002999575893250767e+04 -3.033137750613859765e-19 1.629938109126310487e-18
1.003500168686556390e+04 1.244416194499478065e-19 1.609692879202325603e-18
1.004000761479861831e+04 1.577985335145112786e-19 1.564037974837684305e-18
1.004501354273167453e+04 -2.511472988050543750e-19 1.573876104685736860e-18
1.005001947066473076e+04 -7.665474230004094673e-20 1.669736256931171387e-18
1.005502539859778699e+04 2.714828948701800992e-19 1.554666773101804083e-18
1.006003132653084322e+04 9.815269133033867242e-19 1.573657149990343576e-18
1.006503725446389763e+04 -2.102741580232142460e-19 2.026808581860748990e-18
1.007004318239695385e+04 9.044728657636220271e-20 2.229791578526823101e-18
1.007504911033000826e+04 2.955503916879930702e-19 2.369827726855451811e-18
1.008005503826306449e+04 8.408127601597710124e-19 2.915521071886433112e-18
1.008506096619612072e+04 1.096734612769167103e-18 2.668638801166887026e-18
1.009006689412917694e+04 1.255818977959548189e-18 2.490671280941168442e-18
1.009507282206223317e+04 6.252781224869892608e-19 1.985501157384601357e-18
1.010007874999528758e+04 -1.143000922076828839e-20 2.706586745614999394e-18
1.010508467792834381e+04 3.446863369680779187e-19 2.610185654234184889e-18
1.011009060586139822e+04 6.323990835980833471e-19 2.534536776018213500e-18
1.011509653379445444e+04 3.649709800258780651e-19 2.978127870487011152e-18
1.012010246172751067e+04 -2.875674835350084706e-19 4.113460232169025151e-18
1.012510838966056690e+04 -4.911798973705291409e-19 3.621008230116165819e-18
1.013011431759362313e+04 -9.201507299525621311e-20 3.196261154049031691e-18
1.013512024552667754e+04 9.284750706949535617e-21 3.225636765047991857e-18
1.014012617345973376e+04 5.451701083807896301e-19 2.738347276381098282e-18
1.014513210139278817e+04 3.370925488972823174e-19 2.937929569710301432e-18
1.015013802932584440e+04 1.493875046768992075e-19 4.306378211601540513e-18
1.015514395725890063e+04 -1.251603337102663922e-19 4.580045697822348396e-18
1.016014988519195686e+04 7.410232212643916994e-19 3.227837548930894216e-18
1.016515581312501308e+04 9.339353878054097483e-19 4.131322177486808624e-18
1.017016174105806749e+04 6.237336731508262309e-19 4.926619124176140080e-18
1.017516766899112372e+04 1.597735886347677640e-18 4.308309448093559113e-18
1.018017359692417813e+04 2.852070515409227761e-19 4.140804726347306090e-18
1.018517952485723436e+04 1.294631671820249999e-18 3.856664151877072329e-18
1.019018545279029058e+04 -4.340942784195376193e-19 4.632755145075058910e-18
1.019519138072334681e+04 3.272926429404304395e-19 4.997109862988188104e-18
1.020019730865640304e+04 1.866178729215623760e-18 4.985257580167560310e-18
1.020520323658945745e+04 5.952504288434749150e-20 5.533695088419934671e-18
1.021020916452251367e+04 4.539676947659784660e-19 5.187858938699095025e-18
1.021521509245556808e+04 1.664126985585024723e-19 5.858862615818738768e-18
1.022022102038862431e+04 1.982015002320627594e-19 3.468148601367180980e-18
1.022522694832168054e+04 3.900575444710618467e-19 5.741541077714819903e-18
1.023023287625473677e+04 6.490405143012352205e-20 4.995985534230155703e-18
1.023523880418779299e+04 7.586124876646151656e-19 4.785812854498254703e-18
1.024024473212084740e+04 1.838293959137169792e-19 3.846579235807442185e-18
1.024525066005390181e+04 1.333139047336071709e-18 3.934857215827767613e-18
1.025025658798695804e+04 6.664498270461282665e-19 4.308011806398752762e-18
1.025526251592001427e+04 1.329568876177273998e-18 4.294744728612450968e-18
1.026026844385307049e+04 5.496503207943718118e-19 4.822008066775635974e-18
1.026527437178612672e+04 2.905878536810671289e-19 4.390672728761025496e-18
1.027028029971918295e+04 -2.888647048341606348e-19 7.361716920214869270e-18
1.027528622765223736e+04 1.015205238620331632e-18 7.000824213447824748e-18
1.028029215558529177e+04 1.101422524084463239e-18 6.289294810539734239e-18
1.028529808351834799e+04 1.827415749087589787e-19 9.803758366388172169e-18
1.029030401145140422e+04 2.105937422691574751e-19 9.218846198160612632e-18
1.029530993938446045e+04 -3.035543690050197216e-19 1.028787399049708200e-17
