#  wl flam flam_err
4.803806996822357178e+03 -5.298539767477636546e-21 0.000000000000000000e+00
4.808812924755412496e+03 -8.464163416620550324e-21 2.123016035326399017e-19
4.813818852688468723e+03 -1.844709002190586742e-20 2.057269182869120992e-19
4.818824780621524042e+03 -1.385721889004990219e-20 1.872635201931418625e-19
4.823830708554580269e+03 -6.754374392213534088e-20 1.744522214929220794e-19
4.828836636487635587e+03 -4.808225485521160044e-20 1.561757690399925529e-19
4.833842564420691815e+03 6.503339736424837948e-20 1.371217079456690700e-19
4.838848492353747133e+03 -6.995820759331412398e-20 1.254517908957240116e-19
4.843854420286802451e+03 1.536419949457373559e-20 1.345791015368544108e-19
4.848860348219858679e+03 -5.246695664348691733e-20 1.358717364527026512e-19
4.853866276152913997e+03 -1.002393075206158598e-19 1.177582699758457741e-19
4.858872204085970225e+03 1.556327490197029065e-21 1.165431959331426056e-19
4.863878132019025543e+03 2.758548011233051768e-21 1.645510912546763481e-19
4.868884059952080861e+03 1.122447542676202383e-19 1.557269118711957936e-19
4.873889987885137089e+03 7.332860351080807260e-20 1.542966329070585515e-19
4.878895915818192407e+03 -2.669534085732381165e-20 1.566531073545569205e-19
4.883901843751248634e+03 -1.037805892524126594e-20 1.526902103610907520e-19
4.888907771684303952e+03 2.041114688050775490e-19 1.445486835617650167e-19
4.893913699617360180e+03 -1.502129438236269738e-20 1.347215850462406861e-19
4.898919627550415498e+03 -3.710644894846695674e-20 1.271453210041450589e-19
4.903925555483470816e+03 -6.089291430691690857e-20 1.222570056089486738e-19
4.908931483416527044e+03 1.832691115837819149e-19 1.158177897284215132e-19
4.913937411349582362e+03 1.495352367092911936e-19 1.022202512111344738e-19
4.918943339282638590e+03 6.161693842568467345e-20 9.439453644039605563e-20
4.923949267215693908e+03 7.193721163731953203e-20 9.235751908940156597e-20
4.928955195148750136e+03 1.253289505385846266e-19 9.120688976213925776e-20
4.933961123081805454e+03 3.424840085013866304e-20 8.939401275052575194e-20
4.938967051014860772e+03 -1.160886803442028710e-20 8.676184005687845792e-20
4.943972978947916999e+03 3.016903035421280396e-20 8.477888506550544282e-20
4.948978906880972318e+03 4.235800322433714235e-20 8.414668567863000114e-20
4.953984834814028545e+03 6.278001841973852126e-20 8.310113177047133334e-20
4.958990762747083863e+03 7.174790712648844027e-20 8.181415799499157612e-20
4.963996690680139181e+03 1.028665158002041169e-20 8.057102775824888146e-20
4.969002618613195409e+03 -1.234839805815697657e-21 7.988327439436250359e-20
4.974008546546250727e+03 8.211185026710469890e-20 7.884623072171245836e-20
4.979014474479306955e+03 8.817165048558839599e-20 7.407650314711780718e-20
4.984020402412362273e+03 2.197197045518219892e-20 7.226934987312236992e-20
4.989026330345418501e+03 1.301065527440335483e-19 7.182421472964176157e-20
4.994032258278473819e+03 6.240039738051318549e-20 7.206090899339788334e-20
4.999038186211529137e+03 7.555634231632714568e-20 6.986995025374020279e-20
5.004044114144585365e+03 -3.454226527263319315e-20 6.700597591042503580e-20
5.009050042077640683e+03 4.058947737158169238e-20 6.399415554876135417e-20
5.014055970010696910e+03 1.349928127063586007e-19 6.047475392947482853e-20
5.019061897943752228e+03 9.137610901420219458e-20 5.908998555036397982e-20
5.024067825876807547e+03 3.874038211164301212e-20 6.058261406835486383e-20
5.029073753809863774e+03 1.997731807665954398e-20 6.174166181568656295e-20
5.034079681742919092e+03 3.621566876546943231e-20 6.037882041259289718e-20
5.039085609675975320e+03 -1.463349895808463046e-20 5.841711026951971088e-20
5.044091537609030638e+03 2.642901438796999389e-20 5.743875575176443744e-20
5.049097465542086866e+03 8.725152982794009940e-20 5.635327264757608555e-20
5.054103393475142184e+03 1.269331033752030120e-20 5.466234334234218943e-20
5.059109321408197502e+03 3.605714461276459563e-20 5.306399857248856186e-20
5.064115249341253730e+03 5.187142930835585041e-20 5.187343368043812418e-20
5.069121177274309048e+03 5.002634044114397946e-20 5.098784877684530875e-20
5.074127105207365275e+03 5.771707538431674951e-20 4.958216973783775293e-20
5.079133033140420594e+03 -8.298188546243987356e-21 4.723889759155058983e-20
5.084138961073476821e+03 2.934240295417127607e-20 4.769806661783863377e-20
5.089144889006532139e+03 -1.391755970906408307e-20 4.809553306797706189e-20
5.094150816939587457e+03 3.291163627205194869e-20 4.913221807792230118e-20
5.099156744872643685e+03 3.598698554695599819e-20 4.828857887065362926e-20
5.104162672805699003e+03 1.289710897386499331e-20 4.932103655595296993e-20
5.109168600738755231e+03 7.601765830012615208e-21 5.048649290693733722e-20
5.114174528671810549e+03 9.978423708170131374e-21 5.226680485707307665e-20
5.119180456604865867e+03 1.022141754604931498e-20 5.396325324683648269e-20
5.124186384537922095e+03 3.840018239019120818e-20 5.410533328563322735e-20
5.129192312470977413e+03 7.131418766090398370e-21 5.342737941602218651e-20
5.134198240404033641e+03 -1.259539422072003618e-20 5.278441684215130406e-20
5.139204168337088959e+03 1.492896891387559027e-19 5.207788936810261960e-20
5.144210096270145186e+03 9.021636951650933862e-20 5.146196694524573363e-20
5.149216024203200504e+03 9.569432251845262656e-20 5.036108489051905734e-20
5.154221952136255823e+03 6.013495632273256648e-20 4.793484124427155948e-20
5.159227880069312050e+03 6.789291963418621929e-20 4.457541398011506222e-20
5.164233808002367368e+03 3.614993945437773203e-20 4.112975024252993572e-20
5.169239735935423596e+03 8.128781896039044876e-20 4.039732743424300244e-20
5.174245663868478914e+03 7.140076910536325184e-20 4.158903088447119677e-20
5.179251591801534232e+03 5.036289428328012071e-20 4.078008779635043858e-20
5.184257519734590460e+03 2.607743545150499406e-20 3.938714262828864251e-20
5.189263447667645778e+03 9.517048115161716761e-21 3.973653915650135527e-20
5.194269375600702006e+03 7.052164076239390127e-20 4.106788446145441108e-20
5.199275303533757324e+03 4.735511727833589059e-20 4.222787434287646278e-20
5.204281231466813551e+03 5.914978981162897573e-21 4.235782848248198992e-20
5.209287159399868870e+03 4.805056933651533680e-20 4.218826455109962494e-20
5.214293087332924188e+03 4.787056795468957255e-20 4.307541991328739294e-20
5.219299015265980415e+03 4.175179357770880721e-20 4.438997015042426023e-20
5.224304943199035733e+03 1.473575169727129994e-19 4.626261279968628173e-20
5.229310871132091961e+03 7.084831820041249017e-20 4.847632435268262880e-20
5.234316799065147279e+03 8.923038008760269778e-21 5.310436631081059646e-20
5.239322726998203507e+03 1.439329971639434828e-19 6.217383839134232451e-20
5.244328654931258825e+03 9.763355868897680722e-20 7.213851094787020771e-20
5.249334582864314143e+03 7.714142984401913929e-20 8.588919435979477098e-20
5.254340510797370371e+03 8.683536705508319216e-20 1.103197508105731316e-19
5.259346438730425689e+03 3.544996158878940438e-20 1.273364271762455508e-19
5.264352366663481916e+03 4.114583921590883564e-20 1.447922266325519897e-19
5.269358294596537235e+03 4.634777669024377598e-20 1.845153697154242538e-19
5.274364222529593462e+03 4.499588825625278912e-20 2.689985031833346822e-19
5.279370150462648780e+03 4.364363740053497764e-20 3.192119244480511063e-19
5.284376078395704099e+03 4.229102480210478515e-20 3.750768219142517299e-19
5.289382006328760326e+03 4.093805492929254088e-20 3.983701089258669384e-19
5.294387934261815644e+03 3.958473590198532680e-20 3.964640305230574093e-19
5.299393862194871872e+03 3.823107935113152577e-20 2.735615574210482614e-19
5.304399790127927190e+03 3.687710028376380881e-20 1.477313034133347779e-19
5.309405718060982508e+03 8.949281264894929545e-21 6.144422545908640161e-20
5.314411645994038736e+03 -2.440356530602096312e-20 4.547510719465030417e-20
5.319417573927094054e+03 5.188127076481027589e-22 4.120788615130802754e-20
5.324423501860150282e+03 2.736294752521162493e-20 3.888321440848801550e-20
5.329429429793205600e+03 2.453675771540864169e-20 3.763434620366923306e-20
5.334435357726260918e+03 2.397181894523159423e-20 3.670356263299680436e-20
5.339441285659317145e+03 1.469141806699611135e-20 3.580198050254379816e-20
5.344447213592372464e+03 4.136520107541938213e-20 3.524957587467612160e-20
5.349453141525428691e+03 7.026604356708885828e-20 3.527739793670632885e-20
5.354459069458484009e+03 2.143658169092420505e-20 3.533446134732834936e-20
5.359464997391540237e+03 1.404889779151284541e-19 3.530587801424098049e-20
5.364470925324595555e+03 8.828923852692905650e-20 3.521261915424797557e-20
5.369476853257650873e+03 8.486670409752603568e-21 3.539851208239741143e-20
5.374482781190707101e+03 3.882506335593429892e-20 3.613189272094968771e-20
5.379488709123762419e+03 -6.279715549257835627e-21 3.666642441816922271e-20
5.384494637056818647e+03 1.060178711159847413e-19 3.641861028268639100e-20
5.389500564989873965e+03 6.146898007186758796e-20 3.568732336828143123e-20
5.394506492922930192e+03 2.456589265937412409e-20 3.440637023701188438e-20
5.399512420855985511e+03 4.589429469647462820e-20 3.332823204768572878e-20
5.404518348789040829e+03 6.596385927969529397e-20 3.240973805479466611e-20
5.409524276722097056e+03 3.788351582719167986e-20 3.167964615733075565e-20
5.414530204655152374e+03 2.567083999053094742e-20 3.123636521846043209e-20
5.419536132588208602e+03 2.540573182211778336e-20 3.073041808592396902e-20
5.424542060521263920e+03 1.134059004868638120e-20 2.989429859424912468e-20
5.429547988454320148e+03 8.814057349596784923e-21 2.948771656976526981e-20
5.434553916387375466e+03 2.804093715854340499e-20 2.955701008972638861e-20
5.439559844320430784e+03 6.494463512408523192e-20 2.997778500984087437e-20
5.444565772253487012e+03 8.178465108064407958e-20 3.013439657381782559e-20
5.449571700186542330e+03 3.306565268957127882e-20 3.019965122949488767e-20
5.454577628119598558e+03 7.168063858892182375e-20 3.066730494199951121e-20
5.459583556052653876e+03 4.515493403177636771e-20 3.130788103905980345e-20
5.464589483985709194e+03 7.151768654874636509e-20 3.153300134699429553e-20
5.469595411918765421e+03 3.778166331555742832e-20 3.164365411064697416e-20
5.474601339851820740e+03 2.537617708592154336e-20 3.203750129614628881e-20
5.479607267784876967e+03 3.816069075421399630e-20 3.250641161014906367e-20
5.484613195717932285e+03 5.323337698045734392e-20 3.326375468865933940e-20
5.489619123650987603e+03 -1.029293470197888074e-20 3.400063757187194051e-20
5.494625051584043831e+03 3.683239188785224988e-20 3.470284915374027980e-20
5.499630979517099149e+03 8.466300698045464049e-20 3.496915598439684262e-20
5.504636907450155377e+03 2.341663841267637522e-20 3.485174314391054456e-20
5.509642835383210695e+03 3.623990872340579045e-20 3.420945711878072663e-20
5.514648763316266923e+03 5.563157838984543136e-20 3.327308273570682148e-20
5.519654691249322241e+03 6.339628276029834549e-20 3.231033718068806660e-20
5.524660619182377559e+03 5.465741443154664813e-20 3.150179284660526787e-20
5.529666547115433787e+03 8.957410367042502158e-20 3.083551517645391353e-20
5.534672475048489105e+03 5.842167672697473891e-20 3.036449446492585068e-20
5.539678402981545332e+03 4.321435469999349740e-20 3.045761275256424335e-20
5.544684330914600650e+03 6.029183414231215193e-20 3.023967568156338038e-20
5.549690258847656878e+03 6.383757185968588072e-20 2.925748842801312572e-20
5.554696186780712196e+03 4.127594576757228093e-20 2.846046706016835558e-20
5.559702114713767514e+03 7.634104012975051571e-20 2.887298608841830097e-20
5.564708042646823742e+03 3.387740525832026497e-20 2.981776357605452033e-20
5.569713970579879060e+03 7.908510830186922386e-20 5.591747696125696236e-20
5.574719898512935288e+03 4.324107392379959220e-20 9.794676097080800395e-20
5.579725826445990606e+03 4.610139463347247632e-20 9.944603324901342753e-20
5.584731754379046833e+03 3.613187834911743276e-20 5.960879378325149975e-20
5.589737682312102152e+03 2.669258105066045155e-20 2.936214408178739197e-20
5.594743610245157470e+03 5.672333774786698488e-20 2.766477380474862472e-20
5.599749538178213697e+03 1.151070562282243871e-20 2.791007144232493080e-20
5.604755466111269016e+03 7.435799048346108975e-20 2.855028001051824976e-20
5.609761394044325243e+03 7.318817389106993688e-20 2.870810529239129400e-20
5.614767321977380561e+03 4.636277197469146921e-20 2.903246478374982281e-20
5.619773249910436789e+03 1.406913974976812077e-20 3.052545125098475283e-20
5.624779177843492107e+03 1.267244671364664376e-20 3.232239411018809893e-20
5.629785105776547425e+03 6.138850190921962220e-20 3.490262362776765976e-20
5.634791033709603653e+03 4.695819805402219879e-20 3.841950626328856977e-20
5.639796961642658971e+03 7.423138124170056966e-20 4.317503267844586100e-20
5.644802889575714289e+03 1.746901057665699880e-20 4.876184934498832193e-20
5.649808817508770517e+03 -3.610378568774622862e-21 5.585014945311297569e-20
5.654814745441825835e+03 7.085219734523303180e-21 6.372149285733648486e-20
5.659820673374882062e+03 4.178831756762502300e-20 7.186571717909808382e-20
5.664826601307937381e+03 4.174944537669021155e-20 8.421600992419257996e-20
5.669832529240993608e+03 5.146248283407720461e-20 9.889644248565760648e-20
5.674838457174048926e+03 5.004861604626647579e-20 1.105724530018374331e-19
5.679844385107104245e+03 5.745517002123433390e-20 1.120980305872917313e-19
5.684850313040160472e+03 5.994811864469918129e-20 1.147490603642021255e-19
5.689856240973215790e+03 5.989034121452940400e-20 1.117620466432682766e-19
5.694862168906272018e+03 8.918881796080546219e-20 9.531546053124032653e-20
5.699868096839327336e+03 5.748143929314365449e-19 7.019259615172259528e-20
5.704874024772383564e+03 4.673704845716003266e-19 4.433364248252384145e-20
5.709879952705438882e+03 1.782801807080719033e-19 3.125767592259418372e-20
5.714885880638494200e+03 5.169799438832519594e-20 2.867094504771822846e-20
5.719891808571550428e+03 6.961710042153149871e-20 2.839568550617181345e-20
5.724897736504605746e+03 2.634345428302689080e-20 2.808144470617723058e-20
5.729903664437661973e+03 7.464274241467934076e-20 2.792195898937107414e-20
5.734909592370717291e+03 3.792426564796234368e-20 2.792484777907046092e-20
5.739915520303773519e+03 9.950273535597706970e-20 2.800430999625996635e-20
5.744921448236828837e+03 9.481204670880198216e-20 2.812384379219036581e-20
5.749927376169884155e+03 1.679183846601321352e-20 2.863755250419724306e-20
5.754933304102940383e+03 5.559155438108685528e-20 2.962067976931794480e-20
5.759939232035995701e+03 6.228178977622154777e-20 3.050270617289664123e-20
5.764945159969051929e+03 4.362047788258722803e-20 3.084660856086909553e-20
5.769951087902107247e+03 7.156567088941374949e-20 3.063720171682923822e-20
5.774957015835163475e+03 3.330417932617613656e-20 3.006519697843987530e-20
5.779962943768218793e+03 6.074096798160554096e-20 2.969188029843176141e-20
5.784968871701274111e+03 8.025562311656697806e-20 2.949279260598047135e-20
5.789974799634330338e+03 6.370697423326165254e-20 2.954452782963995214e-20
5.794980727567385657e+03 9.378877059251403538e-20 2.963074122824017778e-20
5.799986655500441884e+03 4.030371073447048785e-22 2.962818125381624561e-20
5.804992583433497202e+03 3.306981314005571990e-21 2.997703021080325138e-20
5.809998511366552520e+03 6.385817158623235550e-20 3.023932577727028177e-20
5.815004439299608748e+03 9.420773293121887872e-20 3.059117176824717095e-20
5.820010367232664066e+03 8.791902052913380993e-20 3.000083904380340201e-20
5.825016295165720294e+03 8.886576211351277533e-20 2.930527275251355977e-20
5.830022223098775612e+03 5.464668240296234175e-20 2.866163346991519009e-20
5.835028151031830930e+03 9.721954393354417186e-20 2.817678597076184620e-20
5.840034078964887158e+03 6.857254296856897795e-20 2.782344985539898185e-20
5.845040006897942476e+03 6.957089485232536675e-20 2.736187123415276019e-20
5.850045934830998704e+03 8.276366666172109047e-20 2.712087374730897366e-20
5.855051862764054022e+03 5.467035897869017682e-20 2.691594509300498103e-20
5.860057790697110249e+03 4.244371420579468537e-20 2.829374596193219485e-20
5.865063718630165567e+03 4.024690881377088844e-20 3.063435288341553336e-20
5.870069646563220886e+03 8.470042159123510083e-20 3.101748574107963405e-20
5.875075574496277113e+03 1.251949601000710977e-19 2.903105229267104794e-20
5.880081502429332431e+03 8.508818313426558734e-20 3.003519024236434204e-20
5.885087430362388659e+03 1.076772115152786257e-19 4.411099375226398300e-20
5.890093358295443977e+03 1.540822868883107080e-19 5.227086498110469934e-20
5.895099286228500205e+03 2.552682746160942776e-19 4.848954876894215842e-20
5.900105214161555523e+03 2.380212614129230327e-19 3.737059887324351438e-20
5.905111142094610841e+03 7.809293167859405065e-20 3.010725621757831297e-20
5.910117070027667069e+03 1.044297956789975822e-19 3.049947133983276122e-20
5.915122997960722387e+03 8.707888825141148973e-20 3.052329453262329585e-20
5.920128925893778614e+03 1.111239606627486110e-19 2.977223827165575279e-20
5.925134853826833933e+03 1.148489448199370434e-19 2.926227516373806116e-20
5.930140781759890160e+03 9.526421166152276845e-20 3.028607407729475915e-20
5.935146709692945478e+03 3.952398147554942490e-20 2.969833813459743074e-20
5.940152637626000796e+03 8.860332922733741287e-20 2.845093398283974174e-20
5.945158565559057024e+03 1.219376446395738326e-19 2.907937351938314702e-20
5.950164493492112342e+03 9.102846028209096562e-20 3.034102202879858110e-20
5.955170421425167660e+03 6.901407563745979980e-20 2.904326886090286209e-20
5.960176349358223888e+03 1.071940893246240076e-19 2.674919761663936833e-20
5.965182277291280116e+03 9.523902617854022600e-20 2.583644150966587712e-20
5.970188205224335434e+03 9.175411682615902270e-20 2.599647687869021797e-20
5.975194133157390752e+03 3.952294181370389782e-20 2.606659436836001662e-20
5.980200061090446980e+03 9.724207615306595082e-20 2.534202395638495347e-20
5.985205989023502298e+03 8.981870117597200604e-20 2.419405978573129770e-20
5.990211916956557616e+03 4.859538403010150845e-20 2.385801916291105053e-20
5.995217844889613843e+03 8.523317597770372514e-20 2.396860496728039610e-20
6.000223772822669162e+03 1.049495293721792254e-19 2.415814022818127019e-20
6.005229700755725389e+03 9.493759032208553689e-20 2.359466574571041617e-20
6.010235628688780707e+03 1.057334377180958985e-19 2.293622417673908649e-20
6.015241556621836935e+03 5.752930281813526886e-20 2.268307134546725617e-20
6.020247484554892253e+03 9.511067094857552161e-20 2.235775824201852194e-20
6.025253412487947571e+03 9.213390211413092439e-20 2.219490765239517295e-20
6.030259340421003799e+03 7.001542104812892439e-20 2.213602117747873465e-20
6.035265268354059117e+03 7.382186984139247127e-20 2.160414752831769066e-20
6.040271196287115345e+03 5.884639702897347487e-20 2.088720302062756270e-20
6.045277124220170663e+03 5.483185900074032937e-20 2.035398668759298947e-20
6.050283052153226890e+03 5.718534667481430655e-20 2.011749402826227988e-20
6.055288980086282209e+03 6.298603199157515165e-20 1.999069925232375718e-20
6.060294908019337527e+03 5.893817801159246316e-20 2.006432443021032616e-20
6.065300835952393754e+03 6.798529197221333065e-20 2.001114568611090238e-20
6.070306763885449072e+03 8.634350637905692569e-20 1.975060756927536620e-20
6.075312691818505300e+03 8.433357344294460454e-20 1.923640113150812733e-20
6.080318619751560618e+03 8.262196728209972017e-20 1.882381959371111290e-20
6.085324547684616846e+03 7.100707452810570403e-20 1.863851567333641750e-20
6.090330475617672164e+03 7.783463000974468300e-20 1.864547675381915601e-20
6.095336403550727482e+03 5.287945662313061586e-20 1.891008966646230955e-20
6.100342331483783710e+03 5.884640336858365064e-20 1.923207334786653840e-20
6.105348259416839028e+03 6.655285179573786680e-20 1.939941343731892772e-20
6.110354187349894346e+03 7.437437779052134569e-20 1.940108848862884030e-20
6.115360115282950574e+03 8.329692774936683699e-20 1.927716510444207062e-20
6.120366043216006801e+03 7.654798937748289909e-20 1.909638445690939930e-20
6.125371971149062119e+03 8.828459055233972223e-20 1.909928543915020365e-20
6.130377899082117438e+03 7.157345962474286246e-20 1.958334137221394928e-20
6.135383827015173665e+03 7.411870182052079821e-20 2.055949691680563238e-20
6.140389754948228983e+03 8.616761337889872574e-20 2.152818985372974639e-20
6.145395682881284301e+03 7.456079692820560478e-20 2.133314088094894142e-20
6.150401610814340529e+03 1.020884128078718297e-19 2.034252632122630565e-20
6.155407538747396757e+03 7.781266510156247202e-20 1.955857175466914130e-20
6.160413466680452075e+03 4.344681338247431250e-20 1.891175671829879115e-20
6.165419394613507393e+03 8.471961149285072061e-20 1.916172579532092180e-20
6.170425322546563621e+03 8.303333420034928621e-20 1.961020467482213018e-20
6.175431250479618939e+03 8.219522733032593810e-20 1.898979563954096827e-20
6.180437178412674257e+03 9.870275650902912537e-20 1.841840409375648026e-20
6.185443106345730484e+03 6.768349974890712313e-20 1.822915360775071848e-20
6.190449034278785803e+03 5.252066202616328339e-20 1.821755745960836010e-20
6.195454962211842030e+03 8.317923356851830019e-20 1.825003408195249948e-20
6.200460890144897348e+03 5.802097297795722798e-20 1.839954327990261326e-20
6.205466818077953576e+03 7.001088211623552764e-20 1.817801698967744200e-20
6.210472746011008894e+03 6.812396057287294045e-20 1.762751270537828349e-20
6.215478673944064212e+03 5.788731980761049487e-20 1.807016397660096639e-20
6.220484601877120440e+03 6.834686618877313960e-20 1.844167752183789553e-20
6.225490529810175758e+03 8.423863584967569812e-20 1.861748978895233752e-20
6.230496457743231986e+03 8.720392766094343130e-20 2.145131326724577729e-20
6.235502385676287304e+03 7.739644549405466699e-20 2.381742095167717277e-20
6.240508313609343531e+03 1.293270413290651890e-19 2.294616100385546424e-20
6.245514241542398850e+03 9.007317003340494579e-20 2.006661230934112961e-20
6.250520169475454168e+03 1.056012413465474909e-19 2.019256719778637937e-20
6.255526097408510395e+03 8.109741806503918939e-20 2.310160604607541291e-20
6.260532025341565713e+03 1.374641572326829191e-19 2.443883210427475895e-20
6.265537953274621032e+03 1.172492425858895279e-19 2.257684352211169699e-20
6.270543881207677259e+03 1.239519962230983487e-19 2.206969158468655993e-20
6.275549809140733487e+03 6.174027689048353264e-20 2.149222663763614621e-20
6.280555737073788805e+03 1.026227839260181606e-19 2.244782473468608375e-20
6.285561665006844123e+03 5.868375456165252189e-20 2.353184613296105041e-20
6.290567592939900351e+03 1.149605356476571191e-19 2.462448980298682852e-20
6.295573520872955669e+03 1.258695656583069935e-19 3.758265173665436388e-20
6.300579448806010987e+03 9.476109858973182218e-20 4.212291671338276174e-20
6.305585376739067215e+03 2.375130200983931252e-19 3.380042608575716392e-20
6.310591304672123442e+03 1.398408093344014840e-19 2.185585396326553693e-20
6.315597232605178760e+03 1.016469918368909697e-19 1.923008528063157504e-20
6.320603160538234079e+03 1.128842458080630386e-19 1.982228682247430429e-20
6.325609088471290306e+03 1.029608207314459770e-19 2.161465422090986491e-20
6.330615016404345624e+03 5.752339517165485976e-20 2.097041851741141642e-20
6.335620944337400942e+03 8.890857075849057751e-20 1.869647825335418507e-20
6.340626872270457170e+03 5.566725518229361683e-20 1.747286984470783367e-20
6.345632800203512488e+03 9.291581463234828593e-20 1.796019864691879214e-20
6.350638728136568716e+03 1.029711231504733716e-19 1.907071825845640464e-20
6.355644656069624034e+03 1.153900758115395681e-19 2.118133856472918715e-20
6.360650584002680262e+03 1.152437206539846540e-19 2.644996484901274950e-20
6.365656511935735580e+03 1.505540737604992301e-19 2.627991979632118252e-20
6.370662439868790898e+03 1.468358178636126091e-19 2.064100570306759676e-20
6.375668367801847126e+03 9.884846104351977173e-20 1.845894049504948668e-20
6.380674295734902444e+03 9.237189825470360399e-20 1.939618002483846454e-20
6.385680223667958671e+03 8.424009799191008007e-20 1.963952994748823448e-20
6.390686151601013989e+03 1.035106649757652419e-19 1.911217781772972083e-20
6.395692079534070217e+03 5.654912079406698434e-20 1.843805489257513422e-20
6.400698007467125535e+03 7.017025436392876870e-20 1.842350970782473687e-20
6.405703935400180853e+03 8.247263260945028289e-20 1.827527978442777141e-20
6.410709863333237081e+03 5.948604308181513177e-20 1.819393536395282387e-20
6.415715791266292399e+03 8.694852983727158922e-20 1.841699168486428914e-20
6.420721719199348627e+03 5.906014920457234534e-20 1.793296115354939552e-20
6.425727647132403945e+03 5.255534754193612775e-20 1.722529813125725063e-20
6.430733575065460172e+03 5.656521397721599574e-20 1.657337474614252846e-20
6.435739502998515491e+03 8.221372740423689044e-20 1.613813109780752454e-20
6.440745430931570809e+03 6.755250138442426155e-20 1.590327418481936777e-20
6.445751358864627036e+03 7.804277195392507628e-20 1.591642143780322064e-20
6.450757286797682355e+03 8.172874219344156153e-20 1.610967746445828840e-20
6.455763214730737673e+03 8.611768455301582364e-20 1.662973144234744456e-20
6.460769142663793900e+03 5.583929785117832158e-20 1.848589293714578529e-20
6.465775070596850128e+03 7.759278119339743399e-20 2.015823610335592767e-20
6.470780998529905446e+03 7.340773278830393076e-20 1.931671895131313472e-20
6.475786926462960764e+03 4.951769754599977501e-20 1.754257133657298371e-20
6.480792854396016992e+03 7.232950805118996689e-20 1.620030067944343803e-20
6.485798782329072310e+03 4.405496038590660763e-20 1.559026616485070691e-20
6.490804710262127628e+03 7.099780945302386926e-20 1.683424786127076089e-20
6.495810638195183856e+03 8.560645329031251406e-20 2.016748988142611688e-20
6.500816566128239174e+03 9.077372512414369237e-20 2.121085132345058540e-20
6.505822494061295401e+03 1.264363826572654245e-19 1.883653286595334035e-20
6.510828421994350720e+03 9.022310203451441986e-20 1.745763198888612299e-20
6.515834349927406947e+03 6.029287097777188220e-20 1.775173036287680735e-20
6.520840277860462265e+03 5.984499672907299560e-20 1.856022711539332207e-20
6.525846205793517584e+03 7.624257135174338512e-20 2.019722915889821463e-20
6.530852133726573811e+03 4.135930725123722304e-20 2.142989220537839895e-20
6.535858061659629129e+03 1.142827713875209187e-19 2.110650153164237556e-20
6.540863989592685357e+03 7.851081089779772983e-20 2.093736059631927729e-20
6.545869917525740675e+03 7.790335854701119903e-20 2.439616140247977374e-20
6.550875845458796903e+03 1.034843898917218485e-19 2.315174418302650066e-20
6.555881773391852221e+03 8.216501232002983328e-20 1.857855525576812207e-20
6.560887701324907539e+03 4.657020651107059606e-20 1.526466014120164085e-20
6.565893629257963767e+03 5.812022946264103425e-20 1.594680795146364738e-20
6.570899557191019085e+03 6.226252484665795499e-20 1.736846016369831267e-20
6.575905485124075312e+03 8.065621745731508963e-20 1.851739195498893260e-20
6.580911413057130630e+03 1.061309340126407323e-19 1.763291369852518804e-20
6.585917340990186858e+03 9.284967629669086475e-20 1.544138395060143511e-20
6.590923268923242176e+03 5.896834536434495252e-20 1.538880100335029870e-20
6.595929196856297494e+03 8.321516003602433006e-20 1.590900778920902826e-20
6.600935124789353722e+03 8.319875698680553823e-20 1.664655531836686490e-20
6.605941052722409040e+03 9.104763745983191105e-20 1.622378749667117241e-20
6.610946980655464358e+03 8.804439341609714900e-20 1.501327161502328786e-20
6.615952908588520586e+03 4.784866446049071045e-20 1.475802265246823196e-20
6.620958836521576814e+03 4.964623678229138766e-20 1.514273766934372823e-20
6.625964764454632132e+03 7.049786206026910309e-20 1.583105901746327461e-20
6.630970692387687450e+03 7.577319996587437252e-20 1.663491368757026232e-20
6.635976620320743677e+03 6.662035164445116320e-20 1.658713165098980110e-20
6.640982548253798996e+03 4.165838953849816021e-20 1.613355356061895591e-20
6.645988476186854314e+03 7.324836672472757715e-20 1.612469008361491424e-20
6.650994404119910541e+03 6.583737329409457154e-20 1.634716104001452198e-20
6.656000332052965859e+03 5.752765326908702658e-20 1.650113300587475724e-20
6.661006259986022087e+03 7.087890472147993440e-20 1.653630115337144908e-20
6.666012187919077405e+03 6.980551098795289096e-20 1.621570709290660261e-20
6.671018115852133633e+03 7.940202789975561413e-20 1.576259736055817206e-20
6.676024043785188951e+03 7.189974221833236598e-20 1.525176806216616974e-20
6.681029971718244269e+03 6.323643533787148544e-20 1.506919727423593111e-20
6.686035899651300497e+03 8.531584646769548508e-20 1.494078442669112845e-20
6.691041827584355815e+03 6.619216198120902306e-20 1.482855502424793558e-20
6.696047755517412043e+03 8.473903788379103474e-20 1.489846228036326340e-20
6.701053683450467361e+03 6.287215625696500215e-20 1.490372429135909844e-20
6.706059611383523588e+03 7.595619468664735213e-20 1.456738762059491399e-20
6.711065539316578906e+03 7.123452937773736792e-20 1.436377286650350957e-20
6.716071467249634225e+03 7.190281493879150149e-20 1.424017701563839169e-20
6.721077395182690452e+03 4.525395526342295868e-20 1.406808577298365746e-20
6.726083323115745770e+03 7.256102900351744140e-20 1.401446975078758572e-20
6.731089251048801998e+03 7.492905916144012610e-20 1.407577488357594279e-20
6.736095178981857316e+03 7.305369228263322979e-20 1.418852071026302518e-20
6.741101106914913544e+03 5.194284665184524885e-20 1.443964425086466677e-20
6.746107034847968862e+03 7.122395595251227796e-20 1.459475057920347563e-20
6.751112962781024180e+03 3.896970621122357194e-20 1.454704432513415579e-20
6.756118890714080408e+03 5.672015495575834457e-20 1.465616784390889482e-20
6.761124818647135726e+03 7.105715042228546108e-20 1.484436343450358004e-20
6.766130746580191044e+03 6.458490604209621548e-20 1.489476627054707912e-20
6.771136674513247272e+03 7.151908789674369497e-20 1.507593648226597737e-20
6.776142602446303499e+03 6.275354561256062770e-20 1.527540166110281688e-20
6.781148530379358817e+03 5.506042177931834559e-20 1.557919434761483719e-20
6.786154458312414135e+03 5.090663711964642190e-20 1.556868857012882671e-20
6.791160386245470363e+03 7.686876267759398194e-20 1.514137209364762492e-20
6.796166314178525681e+03 3.853601507603455349e-20 1.479730909366708697e-20
6.801172242111580999e+03 3.511164894035515512e-20 1.459942416591620780e-20
6.806178170044637227e+03 4.153691964229902069e-20 1.447107910384531460e-20
6.811184097977693455e+03 6.411951580971542679e-20 1.432121668775189293e-20
6.816190025910748773e+03 6.404132573304862640e-20 1.420302289138596565e-20
6.821195953843804091e+03 8.249213696634941871e-20 1.677554792229588737e-20
6.826201881776860318e+03 1.036637168387143872e-19 2.200174484434944905e-20
6.831207809709915637e+03 1.622633872105171933e-19 2.422187384884131239e-20
6.836213737642970955e+03 1.676845497490229487e-19 2.091024464242240179e-20
6.841219665576027182e+03 1.131517822380873058e-19 1.642822247972305113e-20
6.846225593509082501e+03 7.369119883302414522e-20 1.465650228534922387e-20
6.851231521442138728e+03 5.561375484758597269e-20 1.369371735028746509e-20
6.856237449375194046e+03 8.151085197607611813e-20 1.706062183088018028e-20
6.861243377308250274e+03 6.065898719011989371e-20 2.601626452506813853e-20
6.866249305241305592e+03 1.920063379555919221e-19 2.845839729639773668e-20
6.871255233174360910e+03 1.478306428752664526e-19 2.254318836147304107e-20
6.876261161107417138e+03 5.966965660635465280e-20 2.020737773144033163e-20
6.881267089040473365e+03 7.952047674929407696e-20 1.987245924738686782e-20
6.886273016973527774e+03 1.226332190484451238e-19 2.149099307049782262e-20
6.891278944906584002e+03 1.387900182372997641e-19 2.144068328548684785e-20
6.896284872839640229e+03 8.201245509054853921e-20 2.124321966513685690e-20
6.901290800772695547e+03 7.692880027370185171e-20 2.096602767881935565e-20
6.906296728705750866e+03 1.213857766032281928e-19 2.122131531231024123e-20
6.911302656638807093e+03 7.587606392804603626e-20 2.091422872329687723e-20
6.916308584571862411e+03 1.474335172154470220e-19 2.276347705117184922e-20
6.921314512504917730e+03 7.101253933784864251e-20 2.333248753766935534e-20
6.926320440437973957e+03 9.240968283693077434e-20 2.092192287604580480e-20
6.931326368371030185e+03 6.657617897386915355e-20 1.597468058969584645e-20
6.936332296304085503e+03 5.381623409897980642e-20 1.725834069791185405e-20
6.941338224237140821e+03 8.104428337088075216e-20 1.916384137762735332e-20
6.946344152170197049e+03 1.141849411232342599e-19 2.101407869474129461e-20
6.951350080103252367e+03 1.159397412439080391e-19 2.006612789041179780e-20
6.956356008036307685e+03 9.768317894446735177e-20 1.528037977561596524e-20
6.961361935969363913e+03 7.451479977327683570e-20 1.455346060146713188e-20
6.966367863902420140e+03 8.864682698876627438e-20 1.576907659402848605e-20
6.971373791835475458e+03 6.554810849854766202e-20 1.718172696678161806e-20
6.976379719768530776e+03 7.515465602152836810e-20 1.799177835329497374e-20
6.981385647701587004e+03 1.340757145702084641e-19 1.715538975308035570e-20
6.986391575634642322e+03 1.014739545446074316e-19 1.420393329840630034e-20
6.991397503567697640e+03 5.561458048092842418e-20 1.375101243811282508e-20
6.996403431500753868e+03 6.033384772754164363e-20 1.424893107263663058e-20
7.001409359433810096e+03 6.593326723558259995e-20 1.513402359955592769e-20
7.006415287366865414e+03 6.725823704505321238e-20 1.655197827604299105e-20
7.011421215299920732e+03 6.911665394708934733e-20 1.634528999633510009e-20
7.016427143232976960e+03 7.038849066971625767e-20 1.535422275814582046e-20
7.021433071166032278e+03 6.665187751787081747e-20 1.440403179747647642e-20
7.026438999099087596e+03 6.059682576637936489e-20 1.497735660825392642e-20
7.031444927032143823e+03 5.050975740923462696e-20 1.535439911859708342e-20
7.036450854965200051e+03 8.617015009973987902e-20 1.603506198127046318e-20
7.041456782898254460e+03 3.186421600308502612e-20 1.716460101980939110e-20
7.046462710831310687e+03 7.503439629794806972e-20 1.799426499645563347e-20
7.051468638764366915e+03 1.034871831714251213e-19 1.718938788800120976e-20
7.056474566697422233e+03 8.787475094936945347e-20 1.543199121032518515e-20
7.061480494630477551e+03 7.217154800827900288e-20 1.502018439068781940e-20
7.066486422563533779e+03 7.105839633901678757e-20 1.505374868923737474e-20
7.071492350496589097e+03 7.077333665473268992e-20 1.477432787034698554e-20
7.076498278429644415e+03 8.133019289206331879e-20 1.468425915599696342e-20
7.081504206362700643e+03 6.763400398130384903e-20 1.475834511578128827e-20
7.086510134295756870e+03 8.880116595862894334e-20 1.491611683533849070e-20
7.091516062228812189e+03 8.077320904939484224e-20 1.440719255817688513e-20
7.096521990161867507e+03 7.023949828817706694e-20 1.364502079895441759e-20
7.101527918094923734e+03 5.754748011427893934e-20 1.348131253083446065e-20
7.106533846027979052e+03 6.806348208323019901e-20 1.349242804452380426e-20
7.111539773961034371e+03 5.728373821944055325e-20 1.350577371125159746e-20
7.116545701894090598e+03 6.480458640583722847e-20 1.350604926888810790e-20
7.121551629827146826e+03 7.349134442009104183e-20 1.375274546580820982e-20
7.126557557760202144e+03 5.990790491876305578e-20 1.421192520964989029e-20
7.131563485693257462e+03 7.932601625126546835e-20 1.438052959904630210e-20
7.136569413626313690e+03 4.256255198748797444e-20 1.454904786506629466e-20
7.141575341559369008e+03 5.132254648439614803e-20 1.536417499088227913e-20
7.146581269492424326e+03 7.185831933931315113e-20 1.579590258641342965e-20
7.151587197425480554e+03 6.470442739058620857e-20 1.520778300666293575e-20
7.156593125358536781e+03 5.623106119948581095e-20 1.532635070455051021e-20
7.161599053291592099e+03 7.910538091255702367e-20 1.601238359283016000e-20
7.166604981224647418e+03 7.024931875946766427e-20 1.620291062653507103e-20
7.171610909157703645e+03 5.090506726189297623e-20 1.612497856217611816e-20
7.176616837090758963e+03 8.920535288106723224e-20 1.593065736064896991e-20
7.181622765023814281e+03 8.704588638170873772e-20 1.521277323356094439e-20
7.186628692956870509e+03 7.317403584901947674e-20 1.435155209440114069e-20
7.191634620889926737e+03 5.206961189115052240e-20 1.392345047616159989e-20
7.196640548822981145e+03 6.085072493740903201e-20 1.376622135066535546e-20
7.201646476756037373e+03 5.305504000799053360e-20 1.358665066032903576e-20
7.206652404689093601e+03 5.498274711051653487e-20 1.337511266083595822e-20
7.211658332622148919e+03 5.335100707708570621e-20 1.319180657595403535e-20
7.216664260555204237e+03 6.395627122160725448e-20 1.332709905993205056e-20
7.221670188488260465e+03 5.311929500811222847e-20 1.359201563400857141e-20
7.226676116421315783e+03 5.652285382345445023e-20 1.377744571170678073e-20
7.231682044354371101e+03 4.547195849036381002e-20 1.727900442716096358e-20
7.236687972287427328e+03 4.915659610209688328e-20 2.737888066535006884e-20
7.241693900220483556e+03 9.440699511385303544e-20 3.319541845546074671e-20
7.246699828153538874e+03 2.568221934858211829e-19 2.895355636922200546e-20
7.251705756086594192e+03 1.532144910255353522e-19 2.117480664641798652e-20
7.256711684019650420e+03 8.903824331234987383e-20 1.768343352203166646e-20
7.261717611952705738e+03 6.650251254005151037e-20 1.554645050905643033e-20
7.266723539885761056e+03 8.034367538789775030e-20 1.713909916190931942e-20
7.271729467818817284e+03 1.330868483097645294e-19 3.031223533187094314e-20
7.276735395751873511e+03 7.368595496945905080e-20 3.436586464994255508e-20
7.281741323684928830e+03 2.403683173143436212e-19 3.115203896671315453e-20
7.286747251617984148e+03 1.669355469584556075e-19 2.449712189826605343e-20
7.291753179551040375e+03 1.228019304569150965e-19 2.034472738971392830e-20
7.296759107484095694e+03 1.057714489937366500e-19 2.074047807662754917e-20
7.301765035417151012e+03 8.357568769750024723e-20 2.146630587778897915e-20
7.306770963350207239e+03 8.835182182490854073e-20 2.114149115948046521e-20
7.311776891283263467e+03 1.037459431391834465e-19 2.744193896989760174e-20
7.316782819216318785e+03 1.339963239652251820e-19 2.800425705956510954e-20
7.321788747149374103e+03 1.909198963820768392e-19 2.258998480880842594e-20
7.326794675082430331e+03 5.552959798417113621e-20 2.080407352329751110e-20
7.331800603015485649e+03 1.024183709890846611e-19 2.188715984384798398e-20
7.336806530948540967e+03 1.162302073808902297e-19 2.814084678890571416e-20
7.341812458881597195e+03 1.177870091895618034e-19 2.877486541050085497e-20
7.346818386814653422e+03 2.339009836803462849e-19 2.057539934944581306e-20
7.351824314747707831e+03 5.676447899292829702e-20 1.770849442367952357e-20
7.356830242680764059e+03 8.550143569958062910e-20 2.026146391984407713e-20
7.361836170613820286e+03 1.926779651189061985e-19 2.307582390687514487e-20
7.366842098546875604e+03 1.063275001579940824e-19 2.646756098680711827e-20
7.371848026479930923e+03 1.840189333540448960e-19 2.583300024159465289e-20
7.376853954412987150e+03 1.317714157420606268e-19 1.700392154109289888e-20
7.381859882346043378e+03 7.547155856374566331e-20 1.436836245523635111e-20
7.386865810279097786e+03 7.324760780657299200e-20 1.764531493150658193e-20
7.391871738212154014e+03 7.831365134437434414e-20 1.934386173466060642e-20
7.396877666145210242e+03 1.322097078608506961e-19 2.352415629038147690e-20
7.401883594078265560e+03 7.157366120673738085e-20 2.345670577173148638e-20
7.406889522011320878e+03 1.823058267611479721e-19 2.007676750689247296e-20
7.411895449944377106e+03 5.887474933807595192e-20 1.526619596040287165e-20
7.416901377877432424e+03 5.591205374581152538e-20 1.527711648800205775e-20
7.421907305810487742e+03 7.967816588456771321e-20 1.601403799390151980e-20
7.426913233743543969e+03 3.781981446690512963e-20 1.783980799766666631e-20
7.431919161676600197e+03 9.999116491814058995e-20 2.007722697485719586e-20
7.436925089609655515e+03 8.214030048949146782e-20 2.024658218396452918e-20
7.441931017542710833e+03 1.202917996344368485e-19 1.855580863684048369e-20
7.446936945475767061e+03 7.019984661108918197e-20 1.428241687586780046e-20
7.451942873408822379e+03 6.556787526558567701e-20 1.398434421879490602e-20
7.456948801341877697e+03 6.490566318965354226e-20 1.494664169956513719e-20
7.461954729274933925e+03 5.592806461126738332e-20 1.688409970009985995e-20
7.466960657207990153e+03 9.200772536028779317e-20 1.944900013244925607e-20
7.471966585141045471e+03 1.375350424263528953e-19 2.048757383167832701e-20
7.476972513074100789e+03 1.481531507145066535e-19 2.182922184200084146e-20
7.481978441007157016e+03 8.042969048374236452e-20 2.080475647591533340e-20
7.486984368940212335e+03 1.140752193149486997e-19 1.812830916006303523e-20
7.491990296873267653e+03 7.851902460937966873e-20 1.533463320110700422e-20
7.496996224806323880e+03 8.672488164850667610e-20 1.470537083499205192e-20
7.502002152739380108e+03 7.904783718356704177e-20 1.354348293131608567e-20
7.507008080672435426e+03 4.942048719699270790e-20 1.323437438307681707e-20
7.512014008605490744e+03 6.601662430627397650e-20 1.411751447598390583e-20
7.517019936538546972e+03 6.139029021966507316e-20 1.980218864896076449e-20
7.522025864471602290e+03 7.486354179688532496e-20 2.569530777450716351e-20
7.527031792404657608e+03 1.262864066398978927e-19 2.634336403749127434e-20
7.532037720337713836e+03 1.048194279369304912e-19 1.962280976689361793e-20
7.537043648270770063e+03 1.016875752222657755e-19 1.687860245858912490e-20
7.542049576203824472e+03 7.733558131185379577e-20 1.617369996454675797e-20
7.547055504136880700e+03 5.223886692562643188e-20 1.569470906952219715e-20
7.552061432069936927e+03 5.344532460157836834e-20 1.767205228841547958e-20
7.557067360002992245e+03 7.060528261785031767e-20 1.823100669010450797e-20
7.562073287936047564e+03 1.016872057996269226e-19 1.783727880301927642e-20
7.567079215869103791e+03 1.038341237982720429e-19 2.282069590008049263e-20
7.572085143802159109e+03 9.584932366668831140e-20 2.352525127822582224e-20
7.577091071735214427e+03 1.426597174891169602e-19 1.932003998783684807e-20
7.582096999668270655e+03 5.068433409987335518e-20 1.722210243927061018e-20
7.587102927601326883e+03 6.442874152949150466e-20 1.706223363418105108e-20
7.592108855534382201e+03 1.096698409467696722e-19 1.973532733708619214e-20
7.597114783467437519e+03 4.435242959279069503e-20 3.009025353088485500e-20
7.602120711400493747e+03 1.266425598427127354e-19 3.862141126347592556e-20
7.607126639333549065e+03 6.470763426336411367e-20 3.483575416411159743e-20
7.612132567266604383e+03 8.221184103078492041e-20 3.341379892980592456e-20
7.617138495199660611e+03 8.636933870477370372e-20 2.663877769101628991e-20
7.622144423132716838e+03 9.157410934476032009e-20 2.587065438152937543e-20
7.627150351065772156e+03 1.041350805546610793e-19 2.864877099934643259e-20
7.632156278998827474e+03 1.832733579129644921e-19 2.852421401417666926e-20
7.637162206931883702e+03 8.907673373646453917e-20 2.316196244212136687e-20
7.642168134864939020e+03 8.961785898293074695e-20 2.106886829741205898e-20
7.647174062797994338e+03 9.604931755085685362e-20 2.071761883338482359e-20
7.652179990731050566e+03 9.041125113715712698e-20 2.023136210803136053e-20
7.657185918664106794e+03 1.064153016738895968e-19 2.196312463329073569e-20
7.662191846597162112e+03 9.780657324333423491e-20 2.225966020883308539e-20
7.667197774530217430e+03 1.125782694536297796e-19 2.100111346513065931e-20
7.672203702463273657e+03 7.447227546847467721e-20 1.766630229123549186e-20
7.677209630396328976e+03 5.559390229041649973e-20 1.765932296413182383e-20
7.682215558329384294e+03 1.061761477902960480e-19 1.841053570143462582e-20
7.687221486262440521e+03 1.006509768282290162e-19 1.939922749477720894e-20
7.692227414195496749e+03 6.921731489234332509e-20 1.902738857339961207e-20
7.697233342128551158e+03 6.815102579171084800e-20 1.973071989715980423e-20
7.702239270061607385e+03 8.679556412016751725e-20 1.935308365445863593e-20
7.707245197994663613e+03 1.049635613684383548e-19 2.905244554899013720e-20
7.712251125927718931e+03 1.310351924324260697e-19 3.785099106121395548e-20
7.717257053860774249e+03 2.961041154405068664e-19 3.669656195483526966e-20
7.722262981793830477e+03 2.804226912924578198e-19 2.741312645276000971e-20
7.727268909726885795e+03 1.166322171679557633e-19 2.038351486107882015e-20
7.732274837659941113e+03 1.007881188721066966e-19 1.701510097627147641e-20
7.737280765592997341e+03 6.138223509685777673e-20 1.576001180009668739e-20
7.742286693526053568e+03 6.854135808236332556e-20 1.987521177556699805e-20
7.747292621459108886e+03 8.553672707151298390e-20 3.208959403205011815e-20
7.752298549392164205e+03 2.012212271947347368e-19 3.396211114488118187e-20
7.757304477325220432e+03 2.486385005074266904e-19 2.710753615241209586e-20
7.762310405258275750e+03 1.170683756050410462e-19 2.231463251299150282e-20
7.767316333191331069e+03 1.508580022159444148e-19 1.945698130554335077e-20
7.772322261124387296e+03 4.982198917124201095e-20 2.146068611871425626e-20
7.777328189057443524e+03 9.344534867685434700e-20 2.388512404804788287e-20
7.782334116990498842e+03 1.127431093760811018e-19 2.178789535513545597e-20
7.787340044923554160e+03 1.444092690673063898e-19 2.623047108979297934e-20
7.792345972856610388e+03 4.913294232832555237e-20 3.279346065064329931e-20
7.797351900789665706e+03 2.046318716060810349e-19 3.082223958931410176e-20
7.802357828722721024e+03 1.621489933010040715e-19 2.326023354286705155e-20
7.807363756655777252e+03 6.442753127379948694e-20 2.553970301278846427e-20
7.812369684588833479e+03 1.865793274365167944e-19 2.574127171370775353e-20
7.817375612521888797e+03 1.359425409751159972e-19 3.430963488941546629e-20
7.822381540454944115e+03 1.229815909994514892e-19 3.486110881922079465e-20
7.827387468388000343e+03 2.188433909696031498e-19 2.451196307452641870e-20
7.832393396321055661e+03 8.004250051314862567e-20 1.704014896568472935e-20
7.837399324254110979e+03 5.816668218364472822e-20 2.174273693093642123e-20
7.842405252187167207e+03 1.007502557622884771e-19 2.279292028367582424e-20
7.847411180120223435e+03 1.764283595312587170e-19 3.069230704649829243e-20
7.852417108053277843e+03 1.394443757966517821e-19 3.584839239345913098e-20
7.857423035986334071e+03 3.935910914142796706e-19 3.482631811363498564e-20
7.862428963919390299e+03 2.110656119333977908e-19 2.750848347715627723e-20
7.867434891852445617e+03 1.847271159360911072e-19 2.730689922248417689e-20
7.872440819785500935e+03 2.143655886217718901e-19 2.732026956751416206e-20
7.877446747718557162e+03 1.365273586073823288e-19 2.492193735527538584e-20
7.882452675651613390e+03 1.508217332918596765e-19 2.590284218559668540e-20
7.887458603584667799e+03 1.194662741004565384e-19 2.741790289124003352e-20
7.892464531517724026e+03 1.801237936710462431e-19 2.575375002369264185e-20
7.897470459450780254e+03 1.188815531721486726e-19 1.792354241523095446e-20
7.902476387383835572e+03 6.804480333097330665e-20 1.611307756136264167e-20
7.907482315316890890e+03 1.298794254331180991e-19 3.033957855623331738e-20
7.912488243249947118e+03 5.657379425043288748e-20 3.971890546854569418e-20
7.917494171183002436e+03 3.224558721440937961e-19 4.147807461467643920e-20
7.922500099116057754e+03 2.136960415070481035e-19 3.079554748498572659e-20
7.927506027049113982e+03 1.876962349078848869e-19 2.848053992321249911e-20
7.932511954982170209e+03 5.028008915139280672e-20 2.616171968576731560e-20
7.937517882915225528e+03 5.966534349243559291e-20 2.021639571748275593e-20
7.942523810848280846e+03 4.835303869182802490e-20 2.051533833467061556e-20
7.947529738781337073e+03 3.880833439478752652e-20 2.314177463857006845e-20
7.952535666714392391e+03 1.268362855699643869e-19 2.092786461879901865e-20
7.957541594647447710e+03 9.744199961953565973e-20 2.411713533969768193e-20
7.962547522580503937e+03 1.207785864743672799e-19 3.287294339207484487e-20
7.967553450513560165e+03 1.891019688061043577e-19 3.131378902873450687e-20
7.972559378446615483e+03 1.360788580128462615e-19 2.300395434445327575e-20
7.977565306379670801e+03 5.297349563131247656e-20 2.459046774109950607e-20
7.982571234312727029e+03 1.111784194435217728e-19 2.323490630559174556e-20
7.987577162245782347e+03 1.546480915769462546e-19 2.877012111966459995e-20
7.992583090178837665e+03 1.467210215582369624e-19 3.306933206443861902e-20
7.997589018111893893e+03 2.548876734898892851e-19 2.905027378676264112e-20
8.002594946044950120e+03 1.117137943094577493e-19 1.644798858533310433e-20
8.007600873978005438e+03 6.157517379581727265e-20 1.837759433672798209e-20
8.012606801911060757e+03 4.606359605951557790e-20 2.167711160703116475e-20
8.017612729844116984e+03 1.600214402987637042e-19 2.391876735913170399e-20
8.022618657777172302e+03 1.008653221187923052e-19 2.999431866198455682e-20
8.027624585710227620e+03 1.772928940746076487e-19 3.042073875074225117e-20
8.032630513643283848e+03 2.041320709936402877e-19 2.142681591216896397e-20
8.037636441576340076e+03 7.790626213811201761e-20 1.558120758486727692e-20
8.042642369509394484e+03 6.126643650995843005e-20 1.579758280075727604e-20
8.047648297442450712e+03 4.260991561038203449e-20 1.990142514651616520e-20
8.052654225375506940e+03 3.848564129951125899e-20 2.132940557885932503e-20
8.057660153308562258e+03 1.233170986449191208e-19 2.566668945043105268e-20
8.062666081241617576e+03 1.049195184742239472e-19 2.557933501745519129e-20
8.067672009174673803e+03 1.411890031304093429e-19 2.038625448079474528e-20
8.072677937107729122e+03 6.008623776443612913e-20 1.579015395233621868e-20
8.077683865040784440e+03 4.710058607682093121e-20 1.581445408034237796e-20
8.082689792973840667e+03 7.246400346375175875e-20 1.567301664369795978e-20
8.087695720906896895e+03 8.042340118244100318e-20 1.651188004207660949e-20
8.092701648839952213e+03 7.323114411262154059e-20 1.680360018284436410e-20
8.097707576773007531e+03 7.712345284712957741e-20 1.909611028317888229e-20
8.102713504706063759e+03 6.028732947323947248e-20 1.863070640986829563e-20
8.107719432639119077e+03 1.147051281163302284e-19 1.639911828781789369e-20
8.112725360572174395e+03 5.741568965864031312e-20 1.390567942189357176e-20
8.117731288505230623e+03 4.955921148992545876e-20 1.362526142380726193e-20
8.122737216438286850e+03 3.692253980393464737e-20 1.377385141215783181e-20
8.127743144371342169e+03 4.952408069740974946e-20 1.408264204750108255e-20
8.132749072304397487e+03 3.297991648382108900e-20 1.509193670987608663e-20
8.137755000237453714e+03 5.157382382718783398e-20 1.608149365500486045e-20
8.142760928170509032e+03 6.006786517173370485e-20 1.730096243258994253e-20
8.147766856103564351e+03 5.171055213872030948e-20 1.674875371486345603e-20
8.152772784036620578e+03 6.817321429829799062e-20 1.526806472172040106e-20
8.157778711969676806e+03 6.382519310716447018e-20 1.454814120631692311e-20
8.162784639902732124e+03 4.941238009835215857e-20 1.460822685526161437e-20
8.167790567835787442e+03 4.032704160186623886e-20 1.430745333102540379e-20
8.172796495768843670e+03 6.314928898041961019e-20 1.449557682028885621e-20
8.177802423701898988e+03 3.292551746254523831e-20 1.477556087654434312e-20
8.182808351634954306e+03 4.315867959653035395e-20 1.563168458174115318e-20
8.187814279568010534e+03 1.656511152130823503e-20 1.638881410098949930e-20
8.192820207501066761e+03 4.381332789944082955e-20 1.646544181374007351e-20
8.197826135434121170e+03 4.147203571968306376e-20 1.570348958377879317e-20
8.202832063367177398e+03 5.414393142830607386e-20 1.509934588770623639e-20
8.207837991300233625e+03 3.447888066441581926e-20 1.579180203660691928e-20
8.212843919233288034e+03 8.406770768755809257e-20 1.604962271599960124e-20
8.217849847166344261e+03 3.949779397276759475e-20 1.463053859195748434e-20
8.222855775099400489e+03 4.128697310125556863e-20 1.395048020533383263e-20
8.227861703032456717e+03 2.990309491493631245e-20 1.353917306991248868e-20
8.232867630965511125e+03 1.790393796405587659e-20 1.343286170678499111e-20
8.237873558898567353e+03 3.319812353678409691e-20 1.392495409145212481e-20
8.242879486831623581e+03 3.104005923757968761e-20 1.445638796541375855e-20
8.247885414764677989e+03 5.904149037606890084e-20 1.435397229928333800e-20
8.252891342697734217e+03 5.827235978098695691e-20 1.403837519407080234e-20
8.257897270630790445e+03 5.427524054816135752e-20 1.365509332526358693e-20
8.262903198563846672e+03 4.237549396328191099e-20 1.354069305553862570e-20
8.267909126496901081e+03 1.978524255365999049e-20 1.392577130176693959e-20
8.272915054429957308e+03 5.617587406069336117e-20 2.029423322014783944e-20
8.277920982363013536e+03 8.664549764226234009e-20 2.990098167647492323e-20
8.282926910296067945e+03 2.179966089300560250e-19 3.737975308860680930e-20
8.287932838229124172e+03 2.625709912803466927e-19 3.593190652400222147e-20
8.292938766162180400e+03 2.878567166797366933e-19 3.865588280077494456e-20
8.297944694095236628e+03 1.458595044559597977e-19 3.739996305296927135e-20
8.302950622028291036e+03 2.870472213646854464e-19 3.233116596942613343e-20
8.307956549961347264e+03 9.447736145725597915e-20 2.466984897328348246e-20
8.312962477894403492e+03 8.065777605722218279e-20 2.393782516524236240e-20
8.317968405827457900e+03 7.827576697363655814e-20 1.801615942204857527e-20
8.322974333760514128e+03 6.059712163923477806e-20 1.566997785259976687e-20
8.327980261693570355e+03 3.999978725973358699e-20 1.482417632280603652e-20
8.332986189626626583e+03 3.177943218324499045e-20 1.613087518530712259e-20
8.337992117559680992e+03 1.966680570948900067e-19 3.826044318496969577e-20
8.342998045492737219e+03 2.140687132222937007e-19 4.930233254343267470e-20
8.348003973425793447e+03 5.206894319785749442e-19 4.886780888216858323e-20
8.353009901358847856e+03 1.922880768418161433e-19 3.192158338642953612e-20
8.358015829291904083e+03 2.133126310072439499e-19 2.594752569515244615e-20
8.363021757224960311e+03 5.442153936706672351e-20 2.195821750817586304e-20
8.368027685158016538e+03 1.023643264941345862e-19 1.963272453369287553e-20
8.373033613091070947e+03 6.890085915000430757e-20 1.659497375992361768e-20
8.378039541024127175e+03 6.099404076322917443e-20 2.427331409858004268e-20
8.383045468957181583e+03 8.208843670717250207e-20 2.521135367040846016e-20
8.388051396890237811e+03 1.317463152566475294e-19 1.992951775979574157e-20
8.393057324823294039e+03 1.100509315551369417e-19 3.259153875459698839e-20
8.398063252756350266e+03 7.616551534464792403e-20 4.036221719736441080e-20
8.403069180689406494e+03 2.949765368984114618e-19 3.575616380162464113e-20
8.408075108622460903e+03 9.035380319950179931e-20 2.258180113675290585e-20
8.413081036555517130e+03 2.981197991434636897e-20 2.833631997541370220e-20
8.418086964488571539e+03 1.549979091582327747e-19 2.796753472363346521e-20
8.423092892421627766e+03 1.749391179497734288e-19 3.351586024335266073e-20
8.428098820354683994e+03 8.165905027321124641e-20 4.716978341708921371e-20
8.433104748287740222e+03 3.400786760352439922e-19 4.505910786693057500e-20
8.438110676220796449e+03 1.745827026529142350e-19 2.206027235541932599e-20
8.443116604153850858e+03 6.221955853810038427e-20 1.919014513390797376e-20
8.448122532086907086e+03 6.032856193695265811e-20 2.919659971059720379e-20
8.453128460019961494e+03 3.299071057007657111e-20 2.919475135200009405e-20
8.458134387953017722e+03 1.998757123496361004e-19 3.221226410867944637e-20
8.463140315886073950e+03 6.883297022036634211e-20 3.979951385170086930e-20
8.468146243819130177e+03 2.944886946591375554e-19 3.667568494232293741e-20
8.473152171752186405e+03 1.349774428613343181e-19 1.890040875045225719e-20
8.478158099685240813e+03 8.105398853780537013e-20 1.490347682215812531e-20
8.483164027618297041e+03 1.869186845451480561e-20 1.452509205017320802e-20
8.488169955551351450e+03 5.067262852010462024e-20 2.122972450186082054e-20
8.493175883484407677e+03 4.299343907429602943e-20 2.337180352484314960e-20
8.498181811417463905e+03 1.203073461439502757e-19 2.730452239875150009e-20
8.503187739350520133e+03 3.003694104743584805e-20 2.943787563976984712e-20
8.508193667283574541e+03 1.541768651198430916e-19 2.656629976641798432e-20
8.513199595216630769e+03 1.017747803292457254e-19 1.548358777246110152e-20
8.518205523149686996e+03 7.417365868921525230e-20 1.407057547570844682e-20
8.523211451082741405e+03 2.903075743586269087e-20 1.401329309340335088e-20
8.528217379015797633e+03 4.554490034995460413e-20 1.388807115701813405e-20
8.533223306948853860e+03 3.723744472457161164e-20 1.728623753499579113e-20
8.538229234881910088e+03 2.397982682906788259e-20 1.921395654495126438e-20
8.543235162814964497e+03 1.297503562669364136e-19 2.301995153146998732e-20
8.548241090748020724e+03 1.012114511346295783e-19 2.363886167819074127e-20
8.553247018681076952e+03 1.266742660286184041e-19 2.092339441512797480e-20
8.558252946614131361e+03 5.408808488881938996e-20 1.529208832193306999e-20
8.563258874547187588e+03 3.606525719030594384e-20 1.508742270819553002e-20
8.568264802480243816e+03 3.887779276968712004e-20 1.610944854774746008e-20
8.573270730413300043e+03 2.647872492163982486e-20 1.671963825164232909e-20
8.578276658346354452e+03 6.055227912697807043e-20 1.628678695753754599e-20
8.583282586279410680e+03 5.800498551986709109e-20 1.757264972132587405e-20
8.588288514212466907e+03 7.788009508682734987e-20 1.859711887444957568e-20
8.593294442145521316e+03 1.016352981799146483e-19 1.976403826295965475e-20
8.598300370078577544e+03 7.387224836503244102e-21 1.857674350549472377e-20
8.603306298011633771e+03 8.009989745187769016e-20 1.646863271502322578e-20
8.608312225944689999e+03 4.956049506374264165e-20 1.814861416462996528e-20
8.613318153877744408e+03 4.183868100613313006e-20 2.362892336864082598e-20
8.618324081810800635e+03 8.743857417070580072e-20 2.994445294984978674e-20
8.623330009743856863e+03 1.743305035103190320e-19 3.507004897871457326e-20
8.628335937676911271e+03 1.710175798301457494e-19 3.706861454402312980e-20
8.633341865609967499e+03 2.278995682585668168e-19 3.489610291349957832e-20
8.638347793543023727e+03 1.880018159566630964e-19 2.909178249727224421e-20
8.643353721476079954e+03 1.478554582672506773e-19 2.635342151229435786e-20
8.648359649409134363e+03 1.205132185383775925e-19 3.092764162833808144e-20
8.653365577342190591e+03 1.370466462446588059e-19 3.647445638228753392e-20
8.658371505275246818e+03 1.386385700308341052e-19 3.796475498900624132e-20
8.663377433208301227e+03 2.069948993378717290e-19 3.687880468903284032e-20
8.668383361141357454e+03 1.835672979306987001e-19 3.432222312958789457e-20
8.673389289074413682e+03 1.474362853837134173e-19 3.111121029889154359e-20
8.678395217007469910e+03 1.017598419199159741e-19 2.773310983237661488e-20
8.683401144940524318e+03 8.375147339161682579e-20 2.444546052570376537e-20
8.688407072873580546e+03 7.390766248294423455e-20 2.182361671042549539e-20
8.693413000806636774e+03 5.001828415733077216e-20 2.048451848400474615e-20
8.698418928739691182e+03 5.867918765420088087e-20 2.017655987282176215e-20
8.703424856672747410e+03 9.363544105743257089e-21 2.005008799365985343e-20
8.708430784605803638e+03 3.662213203614368599e-20 1.843293840648978662e-20
8.713436712538859865e+03 5.767470655035710662e-20 1.648937043357557889e-20
8.718442640471914274e+03 3.331679675449372204e-20 1.568819034878268749e-20
8.723448568404970501e+03 4.406028635359666035e-20 1.576675120093586858e-20
8.728454496338024910e+03 3.004878637035764103e-20 1.556595472005735710e-20
8.733460424271081138e+03 4.169090588809469832e-20 1.559528115115917061e-20
8.738466352204137365e+03 3.680370096761640875e-20 1.586154401543900250e-20
8.743472280137193593e+03 3.508281379504214142e-20 1.586405191830480356e-20
8.748478208070249821e+03 5.345540500534805251e-20 1.646375984175507647e-20
8.753484136003304229e+03 1.254116468842523105e-19 2.914429923486523689e-20
8.758490063936360457e+03 1.173189778480625817e-19 4.361050031710331686e-20
8.763495991869414866e+03 3.588306280021361726e-19 5.300120893947438552e-20
8.768501919802471093e+03 2.701306095705591852e-19 4.821511468076979764e-20
8.773507847735527321e+03 3.252453564033561460e-19 4.928237894408562356e-20
8.778513775668583548e+03 2.219969823599842951e-19 4.554635951578222024e-20
8.783519703601639776e+03 3.941354453420315157e-19 3.456680337980246598e-20
8.788525631534694185e+03 9.060819405752329665e-20 2.891814281202241057e-20
8.793531559467750412e+03 1.252581368417075418e-19 2.771801731643918336e-20
8.798537487400804821e+03 9.666173360778051247e-20 1.869001861496467784e-20
8.803543415333861049e+03 4.947985459873942900e-20 1.738603809306403807e-20
8.808549343266917276e+03 5.519594956952844426e-20 1.855864080250488273e-20
8.813555271199973504e+03 8.386738158597437077e-20 1.879103108496762998e-20
8.818561199133029731e+03 1.897232691596070293e-19 3.831173860754319446e-20
8.823567127066084140e+03 1.027176073370391327e-19 6.961458811803177287e-20
8.828573054999140368e+03 4.929666809883852945e-19 7.467121536332768090e-20
8.833578982932194776e+03 4.542401628067383144e-19 5.737714538052409876e-20
8.838584910865251004e+03 3.284640391902824361e-19 4.301568703978946852e-20
8.843590838798307232e+03 2.019442294322942189e-19 2.969770292809814134e-20
8.848596766731363459e+03 6.162969649823623597e-20 2.796244912873433563e-20
8.853602694664417868e+03 1.413667596269331556e-19 2.439605111653136394e-20
8.858608622597474096e+03 9.469187629046481771e-20 2.365263049809180921e-20
8.863614550530530323e+03 6.353898053262919250e-20 3.457313383499117657e-20
8.868620478463584732e+03 8.602825867589736872e-20 3.387330702379613939e-20
8.873626406396640959e+03 1.552036831844644421e-19 2.355265865281069737e-20
8.878632334329697187e+03 6.977245027392053407e-20 3.823366934097612506e-20
8.883638262262753415e+03 7.615929057434734209e-20 5.391427722723779981e-20
8.888644190195807823e+03 3.846595103188565064e-19 5.008618662951579281e-20
8.893650118128864051e+03 2.227969376596730580e-19 2.801053496849282240e-20
8.898656046061920279e+03 8.049811877951727072e-20 3.561083565032765794e-20
8.903661973994974687e+03 7.114361029102787368e-20 3.787105429581564024e-20
8.908667901928030915e+03 2.345188642051582949e-19 3.064512064270333276e-20
8.913673829861087142e+03 8.865500018743456809e-20 4.915449307477049501e-20
8.918679757794143370e+03 -5.369868691371266544e-20 5.972657554987425225e-20
8.923685685727199598e+03 3.928494328463572545e-19 5.151159165000397548e-20
8.928691613660254006e+03 1.436038642760923851e-19 2.433818705829992594e-20
8.933697541593308415e+03 8.934039929324541687e-20 2.285681163344893119e-20
8.938703469526364643e+03 2.587826909067298709e-20 3.650389297352059680e-20
8.943709397459420870e+03 1.664231006098291834e-19 3.919680336437157184e-20
8.948715325392477098e+03 2.312650554590481696e-19 3.626390172239579405e-20
8.953721253325533326e+03 2.044504065469060473e-19 5.639609924607563395e-20
8.958727181258589553e+03 2.270143723643266780e-19 5.897513267935815500e-20
8.963733109191643962e+03 3.402922216058851769e-19 3.947718434661932274e-20
8.968739037124698370e+03 5.976942963654743817e-20 2.077349338093867885e-20
8.973744965057754598e+03 5.942582984893697104e-20 2.024711029201129468e-20
8.978750892990810826e+03 4.088384539172279832e-20 2.267927694873365012e-20
8.983756820923867053e+03 4.628134327505332375e-20 3.190829337061190775e-20
8.988762748856923281e+03 4.617929840044834121e-20 3.271875697664477215e-20
8.993768676789977690e+03 1.325935447193020804e-19 3.509597112725890127e-20
8.998774604723033917e+03 -2.786801990691538123e-21 4.162232644812727353e-20
9.003780532656088326e+03 2.256263359601537640e-19 3.862505357858733810e-20
9.008786460589144554e+03 1.493014142789698001e-19 2.159515688696767373e-20
9.013792388522200781e+03 3.415787834362502958e-20 1.648161034822970489e-20
9.018798316455257009e+03 2.840551240639424423e-20 1.697627474556184659e-20
9.023804244388313236e+03 1.470300721998988913e-20 1.775699419002472740e-20
9.028810172321367645e+03 6.217909704303958462e-20 1.926735211055620710e-20
9.033816100254423873e+03 8.897163210596220833e-21 2.533614200145080753e-20
9.038822028187478281e+03 3.808867000556015700e-20 2.719498936961632469e-20
9.043827956120534509e+03 1.295357409247579719e-19 3.181105067090473474e-20
9.048833884053590737e+03 3.672863204733898470e-21 3.356909902286320816e-20
9.053839811986646964e+03 1.352681129334296627e-19 2.911547682414913936e-20
9.058845739919703192e+03 6.395144594575942480e-20 2.054462782074149403e-20
9.063851667852757600e+03 4.674219876117146198e-20 2.073089702857267151e-20
9.068857595785813828e+03 3.841412828663699410e-20 2.096349231935059427e-20
9.073863523718868237e+03 4.025746130013550281e-20 1.992481075983699228e-20
9.078869451651924464e+03 4.237860374011008191e-20 1.975401408477227023e-20
9.083875379584980692e+03 3.046768543665640001e-20 2.155614402392224398e-20
9.088881307518036920e+03 2.202059436792103220e-20 2.519047033136000419e-20
9.093887235451093147e+03 6.712946090048136595e-20 2.659209595471326933e-20
9.098893163384147556e+03 2.625417219428482735e-20 2.843769657811671396e-20
9.103899091317203784e+03 6.696897347628931012e-21 2.709767035356218511e-20
9.108905019250258192e+03 1.373689769066144996e-19 2.080268365007733335e-20
9.113910947183314420e+03 4.113391278765348825e-20 1.760339277058158077e-20
9.118916875116370647e+03 3.574108631089000051e-20 1.729213277624283448e-20
9.123922803049426875e+03 4.519169769774196123e-20 1.716950265913578568e-20
9.128928730982483103e+03 3.855692463305525388e-20 1.740068953891611844e-20
9.133934658915537511e+03 3.068275066351700634e-20 1.790253430458056269e-20
9.138940586848593739e+03 9.517977163471806540e-21 1.773001365959473856e-20
9.143946514781648148e+03 2.693686233001285622e-20 1.890507978271045578e-20
9.148952442714704375e+03 5.223510205244541158e-20 2.213165256653195798e-20
9.153958370647760603e+03 8.354035563571205768e-20 2.504704059783364122e-20
9.158964298580816831e+03 7.648766550808701051e-20 2.446667489987313916e-20
9.163970226513873058e+03 7.476940045695101296e-20 2.223381688635067020e-20
9.168976154446927467e+03 3.687756677861030190e-20 1.886306699442193986e-20
9.173982082379983694e+03 2.224995688409128313e-20 1.882411656943735985e-20
9.178988010313038103e+03 2.833594299707204449e-20 1.870029384168923597e-20
9.183993938246094331e+03 5.790264822791362615e-20 1.864760637189905842e-20
9.188999866179150558e+03 3.171653152101859469e-20 1.873403869991371921e-20
9.194005794112206786e+03 3.559382057092180733e-20 1.919518540014485197e-20
9.199011722045263014e+03 3.201756913189084449e-20 1.985260074971291479e-20
9.204017649978317422e+03 2.758179085428393686e-20 2.051678823344742393e-20
9.209023577911373650e+03 3.495120989894392389e-20 2.238818789651436431e-20
9.214029505844428058e+03 3.151239283708612432e-20 2.469808429261419641e-20
9.219035433777484286e+03 6.158929874903721826e-20 2.650939225383255733e-20
9.224041361710540514e+03 3.753942488846415663e-20 2.539347954108692305e-20
9.229047289643596741e+03 9.499225099681566246e-20 2.272580720263823905e-20
9.234053217576652969e+03 6.848498466621467785e-20 1.961039035793586437e-20
9.239059145509707378e+03 8.732412417249083657e-21 1.937051899250620897e-20
9.244065073442761786e+03 1.322360078799259253e-20 2.059534659955460955e-20
9.249071001375818014e+03 4.219844121602301167e-20 2.138039142221814205e-20
9.254076929308874242e+03 3.889314391076638887e-20 2.091217731761550214e-20
9.259082857241930469e+03 4.652923219700397831e-20 2.083967270784553564e-20
9.264088785174986697e+03 1.106709756673170087e-20 2.054762350092723721e-20
9.269094713108042924e+03 1.301223119973797963e-20 1.935147689368574172e-20
9.274100641041097333e+03 1.082315635017007770e-21 1.880930253344533259e-20
9.279106568974151742e+03 3.882419928475676570e-21 2.049641240154981281e-20
9.284112496907207969e+03 4.274562113378181406e-20 2.324192403011356446e-20
9.289118424840264197e+03 4.401124981406822645e-20 2.595189974378803988e-20
9.294124352773320425e+03 6.199562993218761843e-20 2.661291691881512553e-20
9.299130280706376652e+03 1.780381655678445456e-19 4.329629587953074832e-20
9.304136208639432880e+03 7.935926545572994562e-20 7.377875226094864054e-20
9.309142136572487289e+03 2.945666946257843552e-19 9.905559734923965797e-20
9.314148064505541697e+03 5.959122935547378792e-19 9.718295211607815581e-20
9.319153992438597925e+03 7.145362786644833350e-19 9.675288120193317460e-20
9.324159920371654152e+03 1.576813551140947746e-19 9.085865647675312341e-20
9.329165848304710380e+03 4.974658965729666095e-19 6.804214807817842111e-20
9.334171776237766608e+03 1.137562290319766807e-19 5.906346661147173593e-20
9.339177704170821016e+03 2.056472888977712651e-19 5.963369059781829354e-20
9.344183632103877244e+03 1.829424195275917215e-19 4.874817654330059943e-20
9.349189560036931653e+03 6.929414759782989046e-20 4.082926493859109992e-20
9.354195487969987880e+03 1.220189326685231204e-19 3.677218538002567424e-20
9.359201415903044108e+03 2.882007271081339772e-20 3.516629749455603281e-20
9.364207343836100335e+03 8.482472575414671005e-20 4.427896859285110581e-20
9.369213271769156563e+03 3.334862877356649529e-19 1.053784875200393297e-19
9.374219199702210972e+03 1.368621020446982774e-19 1.323639061877470471e-19
9.379225127635267199e+03 9.450700600144255891e-19 1.127989283531839507e-19
9.384231055568321608e+03 3.511393963730632578e-19 5.808610216114289439e-20
9.389236983501377836e+03 1.293981424523781626e-19 4.013762333465593790e-20
9.394242911434434063e+03 1.358815439411257745e-19 3.731129618549235219e-20
9.399248839367490291e+03 1.327804943301250425e-19 4.565012526660957970e-20
9.404254767300546519e+03 1.633610668497540887e-19 4.357980043265477786e-20
9.409260695233600927e+03 1.826398442865021115e-19 3.414463574738414190e-20
9.414266623166657155e+03 7.559178948098956084e-20 5.214695814759253308e-20
9.419272551099711563e+03 1.244429194994766396e-19 6.082634843604778699e-20
9.424278479032767791e+03 3.696396819650468905e-19 5.302987456707257337e-20
9.429284406965824019e+03 1.788346662133064146e-19 4.491166407017533361e-20
9.434290334898880246e+03 2.173532640851163694e-19 9.060294484704499957e-20
9.439296262831936474e+03 1.028726552496287591e-19 1.120402353889478417e-19
9.444302190764990883e+03 5.561628206292629807e-19 9.058195083682426128e-20
9.449308118698047110e+03 1.870956906820501133e-19 5.426155284145980832e-20
9.454314046631101519e+03 1.349468525256747887e-19 7.735802182899224656e-20
9.459319974564157746e+03 2.326401494549670585e-19 8.259952303992188133e-20
9.464325902497213974e+03 3.697055079256007323e-19 5.913684879658853461e-20
9.469331830430270202e+03 1.686053622908282961e-19 7.727032809435365900e-20
9.474337758363326429e+03 2.309367261077219323e-19 1.084689509571242446e-19
9.479343686296380838e+03 6.630837761423818184e-19 1.026867994051585388e-19
9.484349614229437066e+03 3.762887211193224876e-19 5.466336417915517179e-20
9.489355542162491474e+03 7.129787070382447187e-20 3.511525609165729775e-20
9.494361470095547702e+03 1.582558128941150179e-19 4.995680095204446395e-20
9.499367398028603930e+03 3.160370379712250888e-20 7.421855609992466135e-20
9.504373325961660157e+03 2.107526486224654551e-19 7.009016103849752583e-20
9.509379253894716385e+03 3.687998304208820453e-19 4.851645776460456673e-20
9.514385181827770793e+03 1.626248709643610579e-19 7.028592672795228968e-20
9.519391109760827021e+03 8.844683223605336530e-20 8.107422016016880965e-20
9.524397037693881430e+03 3.817656599818077904e-19 6.398810237702493376e-20
9.529402965626937657e+03 1.249601457048095095e-19 3.916756117160638611e-20
9.534408893559993885e+03 8.257006899568226610e-20 3.676108598936934676e-20
9.539414821493050113e+03 6.457905129948511924e-20 3.468537632665262182e-20
9.544420749426106340e+03 1.147517488668343333e-19 4.185631875948657779e-20
9.549426677359160749e+03 1.216372944701371963e-19 5.923741791716475126e-20
9.554432605292216977e+03 2.112053038087542390e-19 6.235979931532472703e-20
9.559438533225271385e+03 2.346151952384173681e-19 6.268695995201019078e-20
9.564444461158327613e+03 -6.704726427182447962e-21 8.443787036681348806e-20
9.569450389091383840e+03 2.482553165372120751e-19 8.184205778157684813e-20
9.574456317024440068e+03 3.270632797661158922e-19 5.110344305330187421e-20
9.579462244957496296e+03 1.021944098373316863e-19 3.597292630783940655e-20
9.584468172890550704e+03 1.784423124416746854e-20 3.563934230484018246e-20
9.589474100823605113e+03 -2.319687311656249768e-20 3.733625923736954810e-20
9.594480028756661341e+03 7.503439006331077779e-20 3.709126788935647950e-20
9.599485956689717568e+03 6.504379054189219688e-20 4.216772349199290262e-20
9.604491884622773796e+03 1.074993010573683293e-19 5.463494136810362266e-20
9.609497812555830023e+03 1.188009762439060788e-20 5.534106851341510972e-20
9.614503740488886251e+03 1.520679745925699142e-19 5.588742763686361191e-20
9.619509668421940660e+03 8.120516065854809538e-20 6.047456678468579547e-20
9.624515596354995068e+03 8.195737911889014663e-20 5.499532649333072713e-20
9.629521524288051296e+03 1.149593346469200850e-19 4.016601491829109523e-20
9.634527452221107524e+03 5.687343865249974912e-20 3.575659270413609580e-20
9.639533380154163751e+03 5.145160451249122761e-20 3.554099650575859840e-20
9.644539308087219979e+03 3.106013461769147837e-20 3.603730239226383231e-20
9.649545236020274388e+03 4.861618330913316796e-20 3.792731180885153336e-20
9.654551163953330615e+03 8.370403233540006235e-20 3.994048932643884314e-20
9.659557091886385024e+03 4.757937820184905060e-20 4.383478840321200036e-20
9.664563019819441251e+03 2.431790998955396019e-21 5.548007920910383564e-20
9.669568947752497479e+03 1.020460266189312737e-19 5.946888313929056669e-20
9.674574875685553707e+03 1.593416435119703650e-19 6.300739523079442769e-20
9.679580803618609934e+03 1.508618837631150078e-19 7.055292811912105330e-20
9.684586731551664343e+03 2.618306301404388992e-19 6.805600240927409858e-20
9.689592659484720571e+03 2.508891634987460291e-19 5.747621941630049032e-20
9.694598587417774979e+03 2.278478685731760437e-19 7.163843059001137778e-20
9.699604515350831207e+03 2.483668397680185281e-19 7.632954286729224826e-20
9.704610443283887435e+03 4.460522743802079083e-19 6.902815961581220672e-20
9.709616371216943662e+03 6.062151559520014034e-20 6.492612192362835116e-20
9.714622299149999890e+03 1.400778134608867042e-19 8.721554026251650988e-20
9.719628227083054298e+03 2.493506464095502771e-19 9.243857901516850618e-20
9.724634155016110526e+03 3.589665776574885420e-19 7.750456410811550911e-20
9.729640082949164935e+03 1.308911560297950405e-19 6.100487095054928667e-20
9.734646010882221162e+03 6.813612695947501800e-20 7.057034148153771529e-20
9.739651938815277390e+03 1.177484801303583295e-19 7.228441190196680573e-20
9.744657866748333618e+03 2.371255305151164404e-19 6.088088947415661336e-20
9.749663794681389845e+03 1.249712927009743401e-19 5.071242345353221806e-20
9.754669722614444254e+03 8.243989067966043647e-20 4.282906000778983517e-20
9.759675650547500481e+03 5.721327663821897689e-20 4.177036731051044082e-20
9.764681578480554890e+03 6.921780822429179400e-20 4.078028200301234654e-20
9.769687506413611118e+03 3.563495706582523833e-20 4.142081702366016693e-20
9.774693434346667345e+03 1.213719416562658361e-20 4.290782627895290911e-20
9.779699362279723573e+03 3.280664724372751857e-20 5.074114289118697619e-20
9.784705290212779801e+03 1.647148920267981527e-19 9.622698170293129484e-20
9.789711218145834209e+03 1.446015647980945455e-19 1.280344740448808476e-19
9.794717146078890437e+03 6.054067195194943455e-19 1.237053561288380707e-19
9.799723074011944846e+03 4.404163924048030894e-19 9.049657128529478252e-20
9.804729001945001073e+03 3.360415068867481860e-19 7.640538266608943816e-20
9.809734929878057301e+03 -3.282813140200578350e-20 6.930954804642228408e-20
9.814740857811113528e+03 1.475214798434474809e-19 6.740825841598270882e-20
9.819746785744169756e+03 1.093336375742964309e-19 6.005215010034429660e-20
9.824752713677224165e+03 1.186198042298787612e-19 5.788793175269041450e-20
9.829758641610280392e+03 4.634458647932678731e-20 5.765530439388050688e-20
9.834764569543334801e+03 1.192832283993415085e-19 5.562762703017255108e-20
9.839770497476391029e+03 1.832111594820101971e-20 6.226362863502099019e-20
9.844776425409447256e+03 1.498710245858596064e-19 8.431100011513391407e-20
9.849782353342503484e+03 5.255170364518277668e-20 8.772608653924011449e-20
9.854788281275559712e+03 2.682461428229658439e-19 7.186801369602139872e-20
9.859794209208614120e+03 7.504319893407581895e-20 6.071884565280504062e-20
9.864800137141670348e+03 2.410247213182874248e-20 9.164259424756349729e-20
9.869806065074724756e+03 -2.716822364556634998e-20 1.310336039929130355e-19
9.874811993007780984e+03 9.633043203912316852e-20 1.243590529533461996e-19
9.879817920940837212e+03 3.469538517817049848e-19 8.166560286012220804e-20
9.884823848873893439e+03 -2.000002355995176888e-20 6.933156253248974046e-20
9.889829776806949667e+03 9.827788480866611921e-20 9.032485119907342199e-20
9.894835704740004076e+03 1.640814162831322943e-19 9.854567001256645321e-20
9.899841632673058484e+03 3.083750450993907725e-19 8.596557634347238572e-20
9.904847560606114712e+03 2.675203598154693027e-19 7.780814729762765051e-20
9.909853488539170939e+03 -6.192107636201820764e-20 1.259026173420896550e-19
9.914859416472227167e+03 -8.524572588915149703e-21 1.430898456712644341e-19
9.919865344405283395e+03 5.196916754375346683e-19 1.184151460545877476e-19
9.924871272338339622e+03 2.287540374160882618e-19 7.750411306920112184e-20
9.929877200271394031e+03 3.997185205426667895e-21 7.399710252257512202e-20
9.934883128204448440e+03 3.245972646248394841e-20 9.705820033694759337e-20
9.939889056137504667e+03 1.420105622168595445e-19 1.536478914011301629e-19
9.944894984070560895e+03 2.805599336434713044e-19 1.882050509947307724e-19
9.949900912003617123e+03 9.134065332414712930e-19 1.856082977915741753e-19
9.954906839936673350e+03 9.482497433181292191e-19 1.822760268473009262e-19
9.959912767869729578e+03 4.219206198155741494e-19 1.903843090654031778e-19
9.964918695802783986e+03 6.889539692960919844e-19 1.580942218456405170e-19
9.969924623735838395e+03 2.459616747873973158e-19 1.297486960789356148e-19
9.974930551668894623e+03 2.220919763455060383e-19 1.231865048229245435e-19
9.979936479601950850e+03 1.261657917095284316e-19 1.059930936190417043e-19
9.984942407535007078e+03 1.805578475492799770e-19 9.495105203606642073e-20
9.989948335468063306e+03 1.417591261443328868e-19 9.081010207175974913e-20
9.994954263401117714e+03 4.449596607944109539e-20 1.017944701158413389e-19
9.999960191334173942e+03 1.216047261848628942e-19 1.103503815269740914e-19
1.000496611926722835e+04 2.369401606976448333e-19 1.461976823325003041e-19
1.000997204720028458e+04 1.820700502344941054e-19 2.066963798908555086e-19
1.001497797513334081e+04 6.172270017376952230e-19 2.102544440982873382e-19
1.001998390306639703e+04 9.743526147684328533e-19 1.715692289065778192e-19
1.002498983099945326e+04 4.065111283315768224e-19 1.499694263062167848e-19
1.002999575893250767e+04 3.477967965838440153e-19 1.306351647533399427e-19
1.003500168686556390e+04 2.200672400355815153e-19 1.080346266352248854e-19
1.004000761479861831e+04 2.099599170167778301e-19 1.162191297616987914e-19
1.004501354273167453e+04 2.882664134171315918e-19 1.169419160700722030e-19
1.005001947066473076e+04 3.266125128333414723e-20 1.076177005469735375e-19
1.005502539859778699e+04 -7.804938932050824543e-20 1.236896825880441051e-19
1.006003132653084322e+04 1.678634802804606367e-19 1.467767038976004198e-19
1.006503725446389763e+04 2.939799911045720931e-19 1.516635607780170111e-19
1.007004318239695385e+04 2.862636460126665090e-19 1.420930334625506730e-19
1.007504911033000826e+04 1.936820205065538751e-19 1.581773693321775638e-19
1.008005503826306449e+04 3.485521918954803446e-19 1.972973214405728016e-19
1.008506096619612072e+04 2.421805199043621240e-19 2.052237248963321035e-19
1.009006689412917694e+04 4.874815481218086587e-19 1.600245382638027089e-19
1.009507282206223317e+04 1.010883460871296685e-19 1.442078922253921446e-19
1.010007874999528758e+04 1.016017672975998675e-19 1.720586624909729446e-19
1.010508467792834381e+04 2.570209616507906121e-19 1.802830464750062921e-19
1.011009060586139822e+04 2.298805781633526770e-19 1.592431717858468267e-19
1.011509653379445444e+04 6.041137228392225894e-20 1.587618025302436014e-19
1.012010246172751067e+04 2.365199145255312298e-19 2.279567135643529304e-19
1.012510838966056690e+04 1.156825434361495399e-19 2.483053270938119291e-19
1.013011431759362313e+04 7.989617461926256613e-19 2.043992454520752791e-19
1.013512024552667754e+04 4.393947737563631103e-19 1.559258439038933799e-19
1.014012617345973376e+04 1.323985103781393557e-19 1.566673227506816478e-19
1.014513210139278817e+04 6.576170332318348383e-20 1.723403581561895868e-19
1.015013802932584440e+04 -7.808306245408217488e-20 2.067649392070268978e-19
1.015514395725890063e+04 2.644266001291234529e-19 2.260345121950865348e-19
1.016014988519195686e+04 3.053669478513334107e-19 2.183859607826633541e-19
1.016515581312501308e+04 2.998539115909388541e-19 2.443107051798624521e-19
1.017016174105806749e+04 3.648479188475963127e-20 2.895563154481416560e-19
1.017516766899112372e+04 8.383497581286999841e-19 2.973618140645999320e-19
1.018017359692417813e+04 1.134853684097373674e-18 2.656851777326659019e-19
1.018517952485723436e+04 7.318761660257504494e-19 2.764610277614622096e-19
1.019018545279029058e+04 2.111734730578111704e-19 2.931889545944791388e-19
1.019519138072334681e+04 6.156394163192232933e-19 2.755632110167499366e-19
1.020019730865640304e+04 3.973883213160630302e-19 2.671748157218563113e-19
1.020520323658945745e+04 8.903015673586956676e-20 3.062552082268408031e-19
1.021020916452251367e+04 6.063991740030638032e-19 3.554879444823895556e-19
1.021521509245556808e+04 8.775525227704539819e-19 3.480466107598135342e-19
1.022022102038862431e+04 5.366658874451305989e-19 3.270032198381585954e-19
1.022522694832168054e+04 1.671140995162706927e-19 3.593398323851020711e-19
1.023023287625473677e+04 5.681723028542845796e-19 3.824732144856160414e-19
1.023523880418779299e+04 3.600362866851103868e-19 3.603476778428078863e-19
1.024024473212084740e+04 1.769473991286199188e-19 3.423073666237695712e-19
1.024525066005390181e+04 6.538389837036304997e-19 3.178143370993993564e-19
1.025025658798695804e+04 -1.732276535082789444e-19 2.890698696672863551e-19
1.025526251592001427e+04 2.919577604760323752e-20 2.813868547151091136e-19
1.026026844385307049e+04 5.366555887201734343e-20 2.806137914903160168e-19
1.026527437178612672e+04 3.742092824783839693e-19 2.683260692544378988e-19
1.027028029971918295e+04 -8.231313241243962502e-20 2.850445589413111219e-19
1.027528622765223736e+04 9.922919336406253697e-20 2.835022335741822146e-19
1.028029215558529177e+04 4.509919022189576570e-19 3.441978397397150006e-19
1.028529808351834799e+04 4.235830080386552418e-19 4.361140951473934645e-19
1.029030401145140422e+04 6.363196296221561648e-19 4.677349767052997168e-19
1.029530993938446045e+04 1.656646536756206719e-18 3.995115449717502338e-19
