#  wl flam flam_err
4.803806996822357178e+03 4.999558258377439128e-20 1.841679836342117468e-18
4.808812924755412496e+03 2.250614507250692942e-18 1.706093805545249296e-18
4.813818852688468723e+03 -7.067631109858015290e-19 1.566119907739448977e-18
4.818824780621524042e+03 2.718272946032737123e-18 1.428199083255950592e-18
4.823830708554580269e+03 6.240876701886868833e-19 1.276381350410678116e-18
4.828836636487635587e+03 -1.961396532354273752e-19 1.139538135331953033e-18
4.833842564420691815e+03 7.152437115654753463e-19 1.045889626748050493e-18
4.838848492353747133e+03 1.261798072072737512e-18 9.393298509118565970e-19
4.843854420286802451e+03 2.372422578879631319e-18 8.596212750244166205e-19
4.848860348219858679e+03 1.092281946387453149e-18 7.526041194866439633e-19
4.853866276152913997e+03 2.089582639708918483e-19 6.718854323730600358e-19
4.858872204085970225e+03 1.656088806138111355e-19 6.123837778992921048e-19
4.863878132019025543e+03 -3.203546435591811045e-19 6.042364935133026304e-19
4.868884059952080861e+03 3.921207579816871258e-19 5.963649611424699944e-19
4.873889987885137089e+03 9.812497386748873227e-19 5.855317146716258613e-19
4.878895915818192407e+03 -2.000065706513612121e-19 5.681631188845378159e-19
4.883901843751248634e+03 -2.624722791149300026e-19 5.359956845155889388e-19
4.888907771684303952e+03 8.779923417232282071e-21 5.086022994679660009e-19
4.893913699617360180e+03 -5.312723599082063359e-20 4.730911059677320756e-19
4.898919627550415498e+03 -1.255694025199995151e-19 4.446366543275046568e-19
4.903925555483470816e+03 5.486262246541318203e-20 4.168675982746899679e-19
4.908931483416527044e+03 2.565944292225184075e-19 4.025513505710607843e-19
4.913937411349582362e+03 -2.180971732908467511e-19 3.822839187940894400e-19
4.918943339282638590e+03 -9.420586406216196761e-19 3.725933211180456157e-19
4.923949267215693908e+03 -3.039901926537520394e-19 3.702440615262456064e-19
4.928955195148750136e+03 -3.703664300996900071e-19 3.583510080955172883e-19
4.933961123081805454e+03 -9.232097408099344315e-20 3.486036248485697425e-19
4.938967051014860772e+03 -1.996823081274430929e-19 3.359551258081268813e-19
4.943972978947916999e+03 1.226242545887117102e-20 3.246450511722540859e-19
4.948978906880972318e+03 7.262096261342688147e-20 3.131981429942547653e-19
4.953984834814028545e+03 1.034870948204377599e-19 3.020498488034286994e-19
4.958990762747083863e+03 3.803853876853549352e-20 2.944652287214181582e-19
4.963996690680139181e+03 -2.457046482619300126e-19 2.914630685989566832e-19
4.969002618613195409e+03 -1.447539308633513801e-19 2.832770299340967723e-19
4.974008546546250727e+03 -3.312120842142536983e-19 2.846460887745226753e-19
4.979014474479306955e+03 1.404170497839554973e-19 2.839910635865858140e-19
4.984020402412362273e+03 5.288731801820496010e-20 2.805748303746534515e-19
4.989026330345418501e+03 3.757210700803978360e-19 2.833860486284274507e-19
4.994032258278473819e+03 1.677559957029495758e-19 2.832915092851839836e-19
4.999038186211529137e+03 7.685365753292791904e-20 2.719493680360058324e-19
5.004044114144585365e+03 -2.527070239824654112e-19 2.585413175376992207e-19
5.009050042077640683e+03 -8.204230789636067685e-20 2.447207155550587647e-19
5.014055970010696910e+03 5.086156562858035639e-20 2.288212040271508101e-19
5.019061897943752228e+03 -1.012408512373461175e-19 2.198486834891655187e-19
5.024067825876807547e+03 -9.107398988167908676e-20 2.125728405018962269e-19
5.029073753809863774e+03 -1.132883044384081150e-19 2.071569191348029636e-19
5.034079681742919092e+03 8.447732439744297078e-20 2.035206787594519635e-19
5.039085609675975320e+03 6.143301884966271447e-20 2.007759351585480425e-19
5.044091537609030638e+03 1.348837193352712886e-19 2.012552423028419875e-19
5.049097465542086866e+03 7.236772340633549868e-20 2.009230894787358777e-19
5.054103393475142184e+03 -1.716731696797335871e-19 2.006296558489705707e-19
5.059109321408197502e+03 -1.815721177180114708e-19 2.031289475952068921e-19
5.064115249341253730e+03 -7.241050253819752810e-20 1.963585813550752553e-19
5.069121177274309048e+03 -2.491666647024556610e-20 1.914599885327722788e-19
5.074127105207365275e+03 1.875760508538405048e-19 1.859291749873635240e-19
5.079133033140420594e+03 2.688136546393602849e-19 1.848503516384738262e-19
5.084138961073476821e+03 -1.249297297716850089e-19 1.809729063173173909e-19
5.089144889006532139e+03 1.215816428896117303e-19 1.863308383990850143e-19
5.094150816939587457e+03 9.929793345139537171e-20 1.861255151417609263e-19
5.099156744872643685e+03 5.514601011052577277e-20 1.852157762034244105e-19
5.104162672805699003e+03 2.967363664809361797e-19 1.896925428946582366e-19
5.109168600738755231e+03 1.666058931699587669e-19 1.937702596701391859e-19
5.114174528671810549e+03 -4.258515053994366662e-20 1.998785580316889212e-19
5.119180456604865867e+03 5.449229999119022827e-20 2.059635945613079398e-19
5.124186384537922095e+03 3.161308374934335744e-19 2.040571354595604010e-19
5.129192312470977413e+03 -6.301401100359113528e-20 2.002420830705085192e-19
5.134198240404033641e+03 9.313592925589802281e-20 1.919932923799326099e-19
5.139204168337088959e+03 3.900363295367796447e-19 1.863256055078433784e-19
5.144210096270145186e+03 3.822910230557540281e-19 1.793370556631690641e-19
5.149216024203200504e+03 -5.193065917135686066e-20 1.713146988433983845e-19
5.154221952136255823e+03 3.882429903195782710e-20 1.668105188957706838e-19
5.159227880069312050e+03 -9.916948599756661033e-20 1.583995314190918809e-19
5.164233808002367368e+03 1.009719987901906139e-20 1.492619173070458961e-19
5.169239735935423596e+03 1.211689580505396574e-19 1.412277537654480820e-19
5.174245663868478914e+03 -8.297245914126634070e-20 1.385437646671670408e-19
5.179251591801534232e+03 -3.091131042924022992e-19 1.388706391960275069e-19
5.184257519734590460e+03 1.103996333190915344e-20 1.421492208114557535e-19
5.189263447667645778e+03 1.556277761241647339e-19 1.469427846507419278e-19
5.194269375600702006e+03 -1.159200129603233385e-19 1.534706515617934225e-19
5.199275303533757324e+03 3.081989793537339161e-20 1.579750462048923177e-19
5.204281231466813551e+03 1.823017425260774865e-19 1.615946142147128389e-19
5.209287159399868870e+03 1.382854670980627232e-20 1.562284584527159520e-19
5.214293087332924188e+03 1.640006736626783038e-19 1.575489449684382041e-19
5.219299015265980415e+03 -2.358416633782315057e-19 1.559359462180937475e-19
5.224304943199035733e+03 1.013662174089861469e-19 1.584839669340953677e-19
5.229310871132091961e+03 3.893330610102580487e-19 1.570514659183444624e-19
5.234316799065147279e+03 2.348907238640133384e-20 1.569984772182588730e-19
5.239322726998203507e+03 2.098967743233802852e-19 1.610898428932893317e-19
5.244328654931258825e+03 4.223263905358529923e-19 1.614191033799258852e-19
5.249334582864314143e+03 1.154646964290217187e-19 1.584461467078121120e-19
5.254340510797370371e+03 1.029065900462533367e-19 1.571545714422491217e-19
5.259346438730425689e+03 1.837624479134543429e-19 1.519902847308525645e-19
5.264352366663481916e+03 -2.244096427025411945e-19 1.409659700105338246e-19
5.269358294596537235e+03 -1.612989221953803310e-19 1.404203744874146464e-19
5.274364222529593462e+03 7.139242658297338010e-20 1.442194202428293574e-19
5.279370150462648780e+03 1.684405383841564334e-19 1.440142332858202662e-19
5.284376078395704099e+03 9.612781582214552104e-20 1.420491548063913563e-19
5.289382006328760326e+03 1.995533298313017579e-22 1.423592875737278040e-19
5.294387934261815644e+03 -1.357650142521421912e-19 1.421824559752006949e-19
5.299393862194871872e+03 3.512590936431228880e-20 1.429752924602886291e-19
5.304399790127927190e+03 1.238127793709534113e-20 1.396739947670382916e-19
5.309405718060982508e+03 4.423854464749137044e-20 1.369084695727574178e-19
5.314411645994038736e+03 5.623235729250261103e-20 1.349076973337568195e-19
5.319417573927094054e+03 -1.454333123900559051e-19 1.323307646754524895e-19
5.324423501860150282e+03 -8.765459755856718549e-21 1.299726498148219968e-19
5.329429429793205600e+03 1.690879441348735276e-19 1.291977697401730181e-19
5.334435357726260918e+03 1.294360095637582517e-19 1.292954888240803614e-19
5.339441285659317145e+03 -1.209868696138292194e-19 1.282904863333132018e-19
5.344447213592372464e+03 1.686026175054802282e-19 1.279787253363765477e-19
5.349453141525428691e+03 2.406086072129789751e-19 1.327884905623615293e-19
5.354459069458484009e+03 -1.330042140958789430e-19 1.347815292220396895e-19
5.359464997391540237e+03 2.268448752455251747e-19 1.362419267079253692e-19
5.364470925324595555e+03 -1.620543632053690398e-19 1.384211901974542589e-19
5.369476853257650873e+03 -2.349441799969698832e-20 1.405814166712377666e-19
5.374482781190707101e+03 -6.241757282014187517e-20 1.450017836016327044e-19
5.379488709123762419e+03 -7.468752676888171523e-20 1.465036059639419212e-19
5.384494637056818647e+03 7.586089142527296093e-20 1.439021510463049354e-19
5.389500564989873965e+03 -1.055897633650050763e-19 1.392599789428408420e-19
5.394506492922930192e+03 9.044596146138019701e-21 1.339875417041260944e-19
5.399512420855985511e+03 -8.173291590535621315e-20 1.312713480997687558e-19
5.404518348789040829e+03 -1.508581268511414445e-19 1.269664920674289839e-19
5.409524276722097056e+03 -8.799854926862424823e-20 1.236994061410490987e-19
5.414530204655152374e+03 -2.013992084794474137e-19 1.210638420250870723e-19
5.419536132588208602e+03 -1.470304533990786369e-19 1.220783160831463228e-19
5.424542060521263920e+03 -3.327675450990555701e-20 1.194393349286787675e-19
5.429547988454320148e+03 -3.682436650947576395e-20 1.188244432184104341e-19
5.434553916387375466e+03 1.720903990133392234e-19 1.191183796176275606e-19
5.439559844320430784e+03 1.123556424698679874e-20 1.183953310573504445e-19
5.444565772253487012e+03 1.251270058466424302e-19 1.177642942723196619e-19
5.449571700186542330e+03 4.023857946613013689e-20 1.172406620870410718e-19
5.454577628119598558e+03 9.266930450857091974e-20 1.187476914914790160e-19
5.459583556052653876e+03 9.074626430545874919e-20 1.197837443735468224e-19
5.464589483985709194e+03 1.297006021196278180e-19 1.210962183470759718e-19
5.469595411918765421e+03 2.861154086807615410e-19 1.222228426764575980e-19
5.474601339851820740e+03 1.548460191808731125e-19 1.220452659507522797e-19
5.479607267784876967e+03 1.184467207684111233e-19 1.239012198879842204e-19
5.484613195717932285e+03 -1.167298096272330313e-20 1.247447030787443493e-19
5.489619123650987603e+03 -1.484190672806351286e-19 1.265848297512212341e-19
5.494625051584043831e+03 3.064533066663460434e-21 1.289848312749290708e-19
5.499630979517099149e+03 5.866396659577193561e-20 1.328486124992893543e-19
5.504636907450155377e+03 1.422103509265833709e-19 1.343706876810029106e-19
5.509642835383210695e+03 -3.268547894503635756e-20 1.312113454036854680e-19
5.514648763316266923e+03 -6.613857632031473249e-20 1.288655826956459239e-19
5.519654691249322241e+03 6.570113311958653545e-20 1.273391171505933034e-19
5.524660619182377559e+03 -8.976236382889260457e-20 1.229454670102587656e-19
5.529666547115433787e+03 1.586060576807692798e-19 1.202931958914263652e-19
5.534672475048489105e+03 1.208140307656389720e-19 1.194295184162578785e-19
5.539678402981545332e+03 1.701847495091518357e-19 1.214098823079991964e-19
5.544684330914600650e+03 -8.164823613224120476e-20 1.231366473394780607e-19
5.549690258847656878e+03 -6.537715412617088162e-20 1.224567675973272255e-19
5.554696186780712196e+03 8.492991500672696081e-20 1.183957817830236652e-19
5.559702114713767514e+03 9.344796516099204249e-20 1.192402727392282715e-19
5.564708042646823742e+03 -1.562423276654886260e-20 1.240454406128255497e-19
5.569713970579879060e+03 -1.294565912601757704e-19 2.359660648633880226e-19
5.574719898512935288e+03 1.802183945153245509e-19 4.285177870658287867e-19
5.579725826445990606e+03 7.707491487448832727e-20 4.411734650665911024e-19
5.584731754379046833e+03 1.035922798623563260e-19 2.914234667214643544e-19
5.589737682312102152e+03 -5.924747841153968004e-20 1.305217569119341767e-19
5.594743610245157470e+03 2.049814767560546791e-20 1.157414609100655198e-19
5.599749538178213697e+03 -1.866595476138148883e-20 1.146616236886691448e-19
5.604755466111269016e+03 8.600031064483519180e-20 1.164846756357708770e-19
5.609761394044325243e+03 1.167175695682603909e-19 1.149562782392940863e-19
5.614767321977380561e+03 2.600697925250284334e-20 1.135866669616657225e-19
5.619773249910436789e+03 -3.632760168995548187e-20 1.157777836415420034e-19
5.624779177843492107e+03 1.113944070004783805e-20 1.178425966053480746e-19
5.629785105776547425e+03 1.504625335476047427e-20 1.165524433843966348e-19
5.634791033709603653e+03 -3.864816471938719742e-21 1.153039739711741601e-19
5.639796961642658971e+03 -2.170488845915708639e-19 1.147042389152788120e-19
5.644802889575714289e+03 9.005578339469052348e-20 1.145047842865152064e-19
5.649808817508770517e+03 3.162974659536817071e-20 1.109168638705223124e-19
5.654814745441825835e+03 1.719109118387522951e-20 1.054891301730600726e-19
5.659820673374882062e+03 2.673807930872862209e-19 1.069628537108447933e-19
5.664826601307937381e+03 1.732842761224881042e-19 1.068444822927651369e-19
5.669832529240993608e+03 8.615203607209320279e-20 1.059939029530811583e-19
5.674838457174048926e+03 1.614204158653667187e-20 1.050657201848687881e-19
5.679844385107104245e+03 3.512490751953128293e-20 1.048790519414155187e-19
5.684850313040160472e+03 7.544274342209280447e-20 1.052601373984855317e-19
5.689856240973215790e+03 1.329938618792303715e-19 1.060590496140885571e-19
5.694862168906272018e+03 -9.039230737618235851e-20 1.069698906824176321e-19
5.699868096839327336e+03 -1.857063981047305255e-19 1.065221003008248503e-19
5.704874024772383564e+03 -1.131613057667140383e-19 1.046255856973822020e-19
5.709879952705438882e+03 1.917129652483748618e-19 1.031434568869122919e-19
5.714885880638494200e+03 1.420890435855013288e-19 1.037249586454282115e-19
5.719891808571550428e+03 1.206619473240069957e-19 1.049171321942833664e-19
5.724897736504605746e+03 1.922931306367931782e-20 1.062926944325178894e-19
5.729903664437661973e+03 6.507014753852460679e-20 1.066748113926183742e-19
5.734909592370717291e+03 -3.181381337165307063e-20 1.044618273366702584e-19
5.739915520303773519e+03 2.219955257791575388e-20 1.047314594587205388e-19
5.744921448236828837e+03 1.011201363853143222e-19 1.063597035473535332e-19
5.749927376169884155e+03 -6.175701619173480749e-20 1.067763557886625277e-19
5.754933304102940383e+03 -9.191809790887155814e-20 1.070081244401476999e-19
5.759939232035995701e+03 5.100727163107821760e-20 1.098952732719011501e-19
5.764945159969051929e+03 -1.341808568234670348e-19 1.085665616416247195e-19
5.769951087902107247e+03 -3.360899538328925885e-20 1.054945888427548915e-19
5.774957015835163475e+03 2.185009636398282368e-19 1.029665664151602853e-19
5.779962943768218793e+03 3.798300203270921540e-20 9.902590715801143027e-20
5.784968871701274111e+03 1.891945960884570976e-19 9.663089946990356097e-20
5.789974799634330338e+03 -2.296714474437188748e-20 9.489244308064938642e-20
5.794980727567385657e+03 1.315422026587063698e-20 9.322096517270979141e-20
5.799986655500441884e+03 1.409002424682713391e-20 9.204354772108159097e-20
5.804992583433497202e+03 1.693124875326154570e-20 8.972198353731768264e-20
5.809998511366552520e+03 1.002504888078917418e-20 8.855591655789856837e-20
5.815004439299608748e+03 -8.036561224823447637e-21 8.782954585043927197e-20
5.820010367232664066e+03 -2.872367590258188841e-20 8.725036106531020714e-20
5.825016295165720294e+03 1.811419294197793663e-19 8.691189831112758009e-20
5.830022223098775612e+03 1.172987063650300320e-19 8.710347514137092168e-20
5.835028151031830930e+03 1.495539480842219579e-19 8.725290659727613746e-20
5.840034078964887158e+03 -2.018989193074787847e-20 8.774463926819008644e-20
5.845040006897942476e+03 9.579909292532156408e-20 8.870875140629830999e-20
5.850045934830998704e+03 -2.145949349125441112e-20 8.911578904141464659e-20
5.855051862764054022e+03 8.226219634374331422e-21 8.983351937335228087e-20
5.860057790697110249e+03 -5.742113828829376492e-20 9.697551128523424599e-20
5.865063718630165567e+03 -7.840664652547442217e-20 1.092909857823945293e-19
5.870069646563220886e+03 3.795145155082907750e-20 1.120495206694415796e-19
5.875075574496277113e+03 2.506043431492806268e-20 1.041024625525037492e-19
5.880081502429332431e+03 5.450587000158898509e-20 1.111776341878516742e-19
5.885087430362388659e+03 2.676642153062768053e-20 1.552419840836394832e-19
5.890093358295443977e+03 -4.838102442779796883e-19 1.774943022957376223e-19
5.895099286228500205e+03 2.655455189198933741e-19 1.626819280442596730e-19
5.900105214161555523e+03 5.724133855423557249e-20 1.275663854712954757e-19
5.905111142094610841e+03 1.407340853740274094e-19 1.059003211171977558e-19
5.910117070027667069e+03 3.651103025219134120e-20 1.084987943684620260e-19
5.915122997960722387e+03 -1.704281134147074811e-20 1.091516610758096896e-19
5.920128925893778614e+03 1.255480375766424574e-19 1.073046790250413573e-19
5.925134853826833933e+03 3.952651070746641500e-20 1.047216369036041954e-19
5.930140781759890160e+03 -5.273887518912788753e-20 1.086611116730004356e-19
5.935146709692945478e+03 8.342550686652865708e-20 1.049855713776962805e-19
5.940152637626000796e+03 1.488042427667590524e-19 9.814892943169370081e-20
5.945158565559057024e+03 1.161554630723981564e-19 9.706827796402126775e-20
5.950164493492112342e+03 -2.164373697817384842e-20 1.023215022444429368e-19
5.955170421425167660e+03 3.532594705892480050e-20 9.968009488832950386e-20
5.960176349358223888e+03 9.110720371155288350e-20 9.242727385581449604e-20
5.965182277291280116e+03 -1.142291478853814606e-20 9.056711706060177002e-20
5.970188205224335434e+03 -1.529243915007463515e-19 9.546959562523037518e-20
5.975194133157390752e+03 6.963986231446382280e-20 9.716033642881011825e-20
5.980200061090446980e+03 -1.340402382983319046e-20 9.500714175219728080e-20
5.985205989023502298e+03 5.492107548455801677e-21 8.997242431761822172e-20
5.990211916956557616e+03 1.010157780270109406e-19 8.908971242699350355e-20
5.995217844889613843e+03 -2.924959792657634954e-20 9.118825898966154117e-20
6.000223772822669162e+03 1.810141263894617710e-20 9.514060004406780559e-20
6.005229700755725389e+03 1.108936290754660658e-19 9.578407964473376858e-20
6.010235628688780707e+03 1.310548216658057960e-19 9.386574018276878272e-20
6.015241556621836935e+03 -5.097878252172725900e-20 9.297573376643343324e-20
6.020247484554892253e+03 1.330171506836683251e-20 9.297190980642196921e-20
6.025253412487947571e+03 -8.080713018400313249e-20 9.311401500014259001e-20
6.030259340421003799e+03 -3.070227665808772536e-20 9.338602722857127375e-20
6.035265268354059117e+03 1.096991902225116078e-19 9.139578821003023723e-20
6.040271196287115345e+03 1.302953108053794356e-19 8.860842058140716500e-20
6.045277124220170663e+03 4.907926239041166442e-20 8.582420246687186964e-20
6.050283052153226890e+03 -2.223618683494278647e-20 8.460420189713565205e-20
6.055288980086282209e+03 -1.647936559077818126e-20 8.354678702693976343e-20
6.060294908019337527e+03 -1.245380443133144696e-19 8.289302091401117694e-20
6.065300835952393754e+03 2.794318932742148359e-21 8.282074742340750109e-20
6.070306763885449072e+03 7.187068650405806520e-20 8.098519105834867258e-20
6.075312691818505300e+03 -1.021952409013561931e-19 7.999410142490920382e-20
6.080318619751560618e+03 -8.269400229518765515e-20 7.904979328351221681e-20
6.085324547684616846e+03 9.598208214146377214e-20 7.757341425465501713e-20
6.090330475617672164e+03 1.159646023203960905e-20 7.756470735201235513e-20
6.095336403550727482e+03 6.528560087520113327e-20 7.856658035874301308e-20
6.100342331483783710e+03 -1.021174390328386073e-19 7.835912497961114264e-20
6.105348259416839028e+03 -6.174546862346476655e-20 7.949966198114386044e-20
6.110354187349894346e+03 8.438457040058463956e-20 7.876804537244880319e-20
6.115360115282950574e+03 1.678180356718636700e-19 7.908537026078739304e-20
6.120366043216006801e+03 1.698663288335335295e-20 7.914675324996991286e-20
6.125371971149062119e+03 8.939100396576388243e-20 8.111230045485394090e-20
6.130377899082117438e+03 3.824263294613375216e-20 8.348560331728283288e-20
6.135383827015173665e+03 -8.410013727941006489e-20 8.857876754776688806e-20
6.140389754948228983e+03 -9.164381101083806626e-20 9.371591549890694138e-20
6.145395682881284301e+03 7.780848858023427521e-20 9.255542204561462318e-20
6.150401610814340529e+03 2.938618435925228121e-20 8.832487358405129344e-20
6.155407538747396757e+03 -8.350080962259803227e-21 8.417885306960117257e-20
6.160413466680452075e+03 4.220104245065769317e-20 8.326859753610418059e-20
6.165419394613507393e+03 5.506475157264064879e-20 8.370186401765368652e-20
6.170425322546563621e+03 1.355965568691389939e-19 8.580326955101321334e-20
6.175431250479618939e+03 1.641968195506899703e-19 8.322786792831226625e-20
6.180437178412674257e+03 -4.772650773469025118e-20 7.818389207281031281e-20
6.185443106345730484e+03 3.474241691934104465e-20 7.561981348428575046e-20
6.190449034278785803e+03 -5.067797788464307115e-21 7.521755269994846367e-20
6.195454962211842030e+03 -3.904290238968839517e-20 7.496867324917505849e-20
6.200460890144897348e+03 2.534887536118542957e-20 7.618474780761566955e-20
6.205466818077953576e+03 2.174973460592764726e-19 7.630328852129996381e-20
6.210472746011008894e+03 1.838438835702278582e-20 7.348385430837271852e-20
6.215478673944064212e+03 1.167464284228971052e-19 7.484175170417932187e-20
6.220484601877120440e+03 7.978209201556546633e-20 7.542618500757805523e-20
6.225490529810175758e+03 -3.961912593722363121e-20 7.617259413100566979e-20
6.230496457743231986e+03 1.560375651455074796e-19 9.052568883180858821e-20
6.235502385676287304e+03 1.070441013105653780e-19 1.006998972489688710e-19
6.240508313609343531e+03 1.037499534780502834e-19 9.720777273372068289e-20
6.245514241542398850e+03 -6.134244108479609347e-20 8.136302061320962297e-20
6.250520169475454168e+03 -1.681112171125431324e-20 8.424759671181548662e-20
6.255526097408510395e+03 1.706342977660372186e-20 9.761252644978519475e-20
6.260532025341565713e+03 -7.220935250196914266e-20 1.041047774295280169e-19
6.265537953274621032e+03 -5.451358230848163257e-20 9.373938452759733605e-20
6.270543881207677259e+03 7.728431182991459409e-21 8.837336094649008220e-20
6.275549809140733487e+03 1.608093730373027440e-19 8.425261470248749718e-20
6.280555737073788805e+03 -1.556646470653186594e-19 8.927839823382167039e-20
6.285561665006844123e+03 -1.004443363716693418e-19 9.285109036202516737e-20
6.290567592939900351e+03 3.012057258581919385e-20 1.038086782544584556e-19
6.295573520872955669e+03 8.367486216810157427e-20 1.605655648502970956e-19
6.300579448806010987e+03 -1.445732025057750898e-20 1.720361059575087400e-19
6.305585376739067215e+03 8.396207960295376039e-20 1.385784809840416148e-19
6.310591304672123442e+03 -3.169085209945445000e-20 8.677176086368137889e-20
6.315597232605178760e+03 -6.445269659950234150e-20 7.303014191085895871e-20
6.320603160538234079e+03 6.789553622365756442e-22 7.509037750294838381e-20
6.325609088471290306e+03 -1.041809465106915337e-19 8.476992406654442533e-20
6.330615016404345624e+03 7.131620967249408483e-20 8.253579549091490210e-20
6.335620944337400942e+03 1.112378426338373619e-19 7.350913956865110229e-20
6.340626872270457170e+03 1.267728048548865398e-19 6.740872269591411335e-20
6.345632800203512488e+03 1.768288597143608168e-20 7.033315509251565995e-20
6.350638728136568716e+03 5.597478978924854424e-20 7.760512452604645747e-20
6.355644656069624034e+03 2.029206235078005724e-20 8.914464204269631823e-20
6.360650584002680262e+03 1.245094707718091659e-20 1.089576601357243812e-19
6.365656511935735580e+03 -5.849799002350192835e-20 1.064700551999405126e-19
6.370662439868790898e+03 7.924693475481159350e-20 8.293770880751883946e-20
6.375668367801847126e+03 -2.859309086319777227e-21 7.230466636966569733e-20
6.380674295734902444e+03 -1.504253400158497346e-19 7.794943528742709858e-20
6.385680223667958671e+03 -3.041662984678374941e-20 7.964907589619784382e-20
6.390686151601013989e+03 5.365722486475124270e-20 7.837654441902452876e-20
6.395692079534070217e+03 8.721080295593626921e-20 7.491952652103856603e-20
6.400698007467125535e+03 3.466171971381877043e-20 7.438481821185868078e-20
6.405703935400180853e+03 1.397555008403206262e-19 7.371370404917631579e-20
6.410709863333237081e+03 -1.452495806192908980e-20 7.262105881586836292e-20
6.415715791266292399e+03 8.593306513837452330e-20 7.426618991749597684e-20
6.420721719199348627e+03 1.264114338024139486e-20 7.301615804729129450e-20
6.425727647132403945e+03 -2.319026804020488488e-20 6.850054121920876177e-20
6.430733575065460172e+03 7.002419343878115890e-20 6.613634566608299317e-20
6.435739502998515491e+03 -5.877540804443047657e-20 6.481993707247742590e-20
6.440745430931570809e+03 -1.528835873602887860e-20 6.421713196411529522e-20
6.445751358864627036e+03 6.858175397393591362e-20 6.573837841000179606e-20
6.450757286797682355e+03 3.905051521025713483e-20 6.664008624111595734e-20
6.455763214730737673e+03 4.115154079779582617e-20 6.895499732163868553e-20
6.460769142663793900e+03 2.241730348590659909e-19 7.930742606499073505e-20
6.465775070596850128e+03 7.378285404931600670e-20 8.676898832044220058e-20
6.470780998529905446e+03 2.402532376647550552e-19 8.361289415883088153e-20
6.475786926462960764e+03 1.950816663866479637e-19 7.434552744244027108e-20
6.480792854396016992e+03 7.534588446011238526e-20 6.676202497800232900e-20
6.485798782329072310e+03 -6.589555305049621262e-20 6.323445557176059936e-20
6.490804710262127628e+03 7.067274608712335450e-20 7.194047278878652041e-20
6.495810638195183856e+03 2.041939814230424953e-20 8.795783191245526362e-20
6.500816566128239174e+03 -4.336034901315210850e-20 9.381279787441225376e-20
6.505822494061295401e+03 -1.552507036468483606e-19 8.033555118589439483e-20
6.510828421994350720e+03 7.468758532622496020e-20 7.246538506288908625e-20
6.515834349927406947e+03 -2.728146905108960627e-20 7.143050697629236530e-20
6.520840277860462265e+03 6.595322812615007584e-20 7.570457281560924629e-20
6.525846205793517584e+03 6.059657156870321644e-20 8.425477367083990341e-20
6.530852133726573811e+03 -1.725332786309419273e-19 8.906453921610396225e-20
6.535858061659629129e+03 -9.303821817253652544e-20 8.742127985447797450e-20
6.540863989592685357e+03 -1.698316160286165902e-19 7.686654832907354326e-20
6.545869917525740675e+03 1.218372770462481053e-19 8.125731394733096672e-20
6.550875845458796903e+03 2.927915236239801327e-20 8.628388145286018887e-20
6.555881773391852221e+03 9.624739923389253069e-20 8.530750140078260695e-20
6.560887701324907539e+03 1.762684116347164098e-20 7.732837120482841923e-20
6.565893629257963767e+03 1.328290691333757556e-19 7.543621760740574487e-20
6.570899557191019085e+03 -3.827629830655266473e-20 7.488507225912795054e-20
6.575905485124075312e+03 8.586058660803828670e-21 7.530866246054331369e-20
6.580911413057130630e+03 4.562323230230442505e-20 7.121720504157923738e-20
6.585917340990186858e+03 -4.489657151722350264e-20 6.095314419215088952e-20
6.590923268923242176e+03 -1.947335999240894610e-20 6.109318731777949617e-20
6.595929196856297494e+03 1.375045558493947034e-19 6.365476095173982831e-20
6.600935124789353722e+03 -3.213215435230865869e-20 6.807384104932955887e-20
6.605941052722409040e+03 -3.785784193249401052e-20 6.609830917932786087e-20
6.610946980655464358e+03 1.040616041857002471e-19 6.022199280446946797e-20
6.615952908588520586e+03 5.316002306512552054e-20 5.819202994304758983e-20
6.620958836521576814e+03 2.734452122331099960e-20 5.993786412383363853e-20
6.625964764454632132e+03 1.013107232086775943e-19 6.324851827896690821e-20
6.630970692387687450e+03 1.714960075182228626e-19 6.671730669823652561e-20
6.635976620320743677e+03 -1.685126135157354513e-20 6.584653297254253744e-20
6.640982548253798996e+03 -3.582259256833015956e-20 6.389625224504198724e-20
6.645988476186854314e+03 3.281883670803668722e-20 6.432651658361708827e-20
6.650994404119910541e+03 -2.753955445086124189e-20 6.582408388581426450e-20
6.656000332052965859e+03 8.485624789448890302e-20 6.611621910035192884e-20
6.661006259986022087e+03 8.885315611691757922e-20 6.742786674311035491e-20
6.666012187919077405e+03 -5.976642487109696516e-20 6.622998540859591901e-20
6.671018115852133633e+03 5.429563747762262584e-20 6.366879522445078808e-20
6.676024043785188951e+03 1.152649790401680611e-19 6.131941556490950780e-20
6.681029971718244269e+03 5.869340824262135123e-21 5.983413230724322791e-20
6.686035899651300497e+03 2.582655934807025760e-20 5.903994378371218926e-20
6.691041827584355815e+03 -5.061865117463266881e-20 5.844512626030195272e-20
6.696047755517412043e+03 -8.317018355057809235e-20 5.870750695206453723e-20
6.701053683450467361e+03 7.121040927207444457e-20 5.931132908146003678e-20
6.706059611383523588e+03 -9.311686443657880909e-20 5.759172384609581579e-20
6.711065539316578906e+03 2.740198926284751901e-20 5.701497946499932213e-20
6.716071467249634225e+03 -7.459065607602871024e-21 5.687954469363520028e-20
6.721077395182690452e+03 -7.072884924109040267e-20 5.609638243176348014e-20
6.726083323115745770e+03 2.174212635086383651e-20 5.540905500126229378e-20
6.731089251048801998e+03 4.828354947689157240e-20 5.571742779376872402e-20
6.736095178981857316e+03 1.139299568514250984e-19 5.640784064962209174e-20
6.741101106914913544e+03 -3.205072671061666277e-20 5.652971379225509793e-20
6.746107034847968862e+03 -9.698325795561820786e-20 5.640249543645985131e-20
6.751112962781024180e+03 -5.750288524453137224e-20 5.619544534868930364e-20
6.756118890714080408e+03 4.595793255718864787e-20 5.642651220471890145e-20
6.761124818647135726e+03 3.902712672546394628e-20 5.649691602099206302e-20
6.766130746580191044e+03 -2.274214970676677458e-20 5.777227998847795289e-20
6.771136674513247272e+03 -1.830150274736073400e-20 5.815771452572176584e-20
6.776142602446303499e+03 -9.829686833248537456e-21 5.923465844300412313e-20
6.781148530379358817e+03 5.499604013191702237e-20 6.089153466901808061e-20
6.786154458312414135e+03 -3.808421651972761373e-20 6.095898709656556957e-20
6.791160386245470363e+03 1.315159535961895179e-19 5.990225226649321915e-20
6.796166314178525681e+03 5.341654801189620114e-20 5.808603309946664690e-20
6.801172242111580999e+03 -2.329203387241234029e-20 5.685660884168894234e-20
6.806178170044637227e+03 4.179547220798287689e-20 5.651598482403801196e-20
6.811184097977693455e+03 -6.590970070799233636e-20 5.508485447698392131e-20
6.816190025910748773e+03 5.562430082771470169e-21 5.562085601193093985e-20
6.821195953843804091e+03 1.602620892455023431e-19 6.963822414765558147e-20
6.826201881776860318e+03 1.345156472722290786e-19 9.449562050729817765e-20
6.831207809709915637e+03 2.403719339816894344e-20 1.053057825920967033e-19
6.836213737642970955e+03 1.238934690369510022e-19 9.234711286954423593e-20
6.841219665576027182e+03 3.884667071677882284e-20 7.066034801395316930e-20
6.846225593509082501e+03 2.878001717404254843e-21 6.025930855460982089e-20
6.851231521442138728e+03 4.188230302094671995e-20 5.626337811663817497e-20
6.856237449375194046e+03 1.234546328824378778e-19 7.524047284247397346e-20
6.861243377308250274e+03 1.040434290655223983e-19 1.063126602172283029e-19
6.866249305241305592e+03 -4.363283889943605060e-20 1.297414054227329026e-19
6.871255233174360910e+03 4.106235873947936437e-21 9.326168410493578855e-20
6.876261161107417138e+03 6.155461593569571253e-20 8.451346507637680004e-20
6.881267089040473365e+03 4.356766303147349055e-20 7.506804096458747779e-20
6.886273016973527774e+03 2.194850074824615996e-19 8.009814448354438623e-20
6.891278944906584002e+03 5.838165902277881918e-20 7.981109249755702194e-20
6.896284872839640229e+03 3.102142067716012144e-20 9.022280085535657674e-20
6.901290800772695547e+03 1.088325634440804276e-19 7.405106483079813242e-20
6.906296728705750866e+03 3.216000643287689745e-20 7.865660932560978964e-20
6.911302656638807093e+03 1.087204404686192067e-19 7.810868382518514610e-20
6.916308584571862411e+03 -3.125929561697152391e-20 8.587088508197070532e-20
6.921314512504917730e+03 1.667431622734981874e-19 9.067597896327794452e-20
6.926320440437973957e+03 8.691236460468052772e-20 8.956244448041103416e-20
6.931326368371030185e+03 2.489976377915204244e-20 7.015244392532645180e-20
6.936332296304085503e+03 -2.707702166906923135e-20 6.983394467312660862e-20
6.941338224237140821e+03 -3.008719906688381769e-20 8.674063744507698910e-20
6.946344152170197049e+03 -2.790722960165428393e-20 1.093056980459751321e-19
6.951350080103252367e+03 2.940475109302991781e-20 8.400353228438869144e-20
6.956356008036307685e+03 1.705790673987757340e-19 6.408155267933091956e-20
6.961361935969363913e+03 7.849957800354794003e-20 5.817954255900157562e-20
6.966367863902420140e+03 -4.189881206962510096e-20 6.481872026271496456e-20
6.971373791835475458e+03 5.837234835532011590e-20 7.351536766787866894e-20
6.976379719768530776e+03 -8.674083840488743175e-21 7.745094996678299121e-20
6.981385647701587004e+03 1.224332244273371106e-19 7.399338336057556395e-20
6.986391575634642322e+03 1.614800853167083333e-20 5.849304220888330803e-20
6.991397503567697640e+03 -3.873977371944303106e-20 5.535320459194828732e-20
6.996403431500753868e+03 1.088505324476226919e-19 5.804893214250808775e-20
7.001409359433810096e+03 -3.700801087453230839e-20 6.212186045051300449e-20
7.006415287366865414e+03 -1.351681782483216503e-19 6.827765301789947509e-20
7.011421215299920732e+03 -1.704967953957700680e-20 6.542204095209558509e-20
7.016427143232976960e+03 -3.483895266152337776e-20 5.953258457238533365e-20
7.021433071166032278e+03 -4.907567465302049103e-20 5.392051680699482295e-20
7.026438999099087596e+03 7.128457364883931643e-20 5.589493327058023305e-20
7.031444927032143823e+03 -1.733818052396050754e-20 5.700110781364289104e-20
7.036450854965200051e+03 3.783827569975815383e-20 6.005151918788693387e-20
7.041456782898254460e+03 -4.205594103299715944e-22 6.670132306117853076e-20
7.046462710831310687e+03 4.864849778823044717e-21 7.146963014045600572e-20
7.051468638764366915e+03 -3.831667254695677059e-20 6.875828692791721799e-20
7.056474566697422233e+03 3.790437413092951830e-20 6.149667933263616846e-20
7.061480494630477551e+03 -4.860498755421867094e-20 6.000526327021728759e-20
7.066486422563533779e+03 1.914249810432128236e-19 6.216919366283385951e-20
7.071492350496589097e+03 6.989959792039501853e-20 6.036623462778310823e-20
7.076498278429644415e+03 -3.680098551751861525e-20 5.991739297293783464e-20
7.081504206362700643e+03 -8.266170616116761726e-20 6.092674775088436247e-20
7.086510134295756870e+03 -1.234247241459235915e-19 6.144520552788780744e-20
7.091516062228812189e+03 -6.113675715670272269e-20 5.812714843983194211e-20
7.096521990161867507e+03 5.126059243469405513e-20 5.481380973563654344e-20
7.101527918094923734e+03 -3.844296389618157225e-20 5.279827371501326595e-20
7.106533846027979052e+03 -5.808434795802602797e-20 5.237156193649704297e-20
7.111539773961034371e+03 2.194898138375684761e-20 5.225883456732868709e-20
7.116545701894090598e+03 4.507593580026533560e-21 5.204470086298200798e-20
7.121551629827146826e+03 5.357810934990929342e-20 5.287217258246710378e-20
7.126557557760202144e+03 1.224673783728982557e-20 5.483126664952377299e-20
7.131563485693257462e+03 -4.133674436666248307e-20 5.538457442622123560e-20
7.136569413626313690e+03 6.590882848052198175e-20 5.622115289006999638e-20
7.141575341559369008e+03 9.903942601723452753e-20 5.978340240294464346e-20
7.146581269492424326e+03 3.451187083009550125e-20 6.105020644812127051e-20
7.151587197425480554e+03 4.714455486662853393e-20 5.914697636939182838e-20
7.156593125358536781e+03 2.021820334255785162e-20 5.951963940033889091e-20
7.161599053291592099e+03 2.587899661649335694e-20 6.309439089429863768e-20
7.166604981224647418e+03 -9.742305397622168690e-20 6.393982031229765976e-20
7.171610909157703645e+03 -1.482191477663860655e-20 6.402994255601113016e-20
7.176616837090758963e+03 5.640747491254454627e-21 6.363957990919425044e-20
7.181622765023814281e+03 4.905935077937119799e-20 6.041251584294556284e-20
7.186628692956870509e+03 2.657546650986917749e-20 5.710488492662070167e-20
7.191634620889926737e+03 -9.097184288235628120e-20 5.479764575191611282e-20
7.196640548822981145e+03 -6.751539209312334795e-20 5.361922661216071208e-20
7.201646476756037373e+03 4.153794640328980924e-20 5.398013248505875562e-20
7.206652404689093601e+03 -1.372006221660712870e-20 5.215115605352373415e-20
7.211658332622148919e+03 -1.006945115289056424e-19 5.065984351090077418e-20
7.216664260555204237e+03 -3.975941304143402247e-20 5.145470406829692602e-20
7.221670188488260465e+03 -1.141273584617031067e-20 5.308315249191591020e-20
7.226676116421315783e+03 6.314095073524491751e-20 5.523509890865971276e-20
7.231682044354371101e+03 2.705825210229227502e-19 7.692621404492903232e-20
7.236687972287427328e+03 2.012651892752117113e-19 1.179182472567415344e-19
7.241693900220483556e+03 6.332001202948922053e-20 1.401148706144148386e-19
7.246699828153538874e+03 1.972339651743325749e-19 1.219697755898681890e-19
7.251705756086594192e+03 1.370004718723327483e-20 9.096438647448110148e-20
7.256711684019650420e+03 2.495549454592605835e-22 7.082623700261865336e-20
7.261717611952705738e+03 3.035421747049326997e-20 6.296095751079543060e-20
7.266723539885761056e+03 -3.520952435902868977e-20 7.533870540273930229e-20
7.271729467818817284e+03 1.242824390226414550e-19 1.307610640873218242e-19
7.276735395751873511e+03 1.419758533700716551e-20 1.532091337627745036e-19
7.281741323684928830e+03 -1.690433704440720385e-20 1.426591708242143248e-19
7.286747251617984148e+03 1.317940183710661639e-20 1.069842905239958298e-19
7.291753179551040375e+03 5.400426181678926624e-20 8.818307238794284555e-20
7.296759107484095694e+03 -3.563175820992995216e-20 9.043210618608387377e-20
7.301765035417151012e+03 2.870690787679552321e-20 9.347613933964282365e-20
7.306770963350207239e+03 -4.176988293640706527e-20 9.615731650924981608e-20
7.311776891283263467e+03 2.139182085502448138e-19 1.213582872821422829e-19
7.316782819216318785e+03 8.456896634779534263e-20 1.184083205006462400e-19
7.321788747149374103e+03 1.555050524057721610e-20 9.740688519726238062e-20
7.326794675082430331e+03 -7.920102733738646581e-20 8.441276088411508073e-20
7.331800603015485649e+03 2.352673262095613185e-20 9.379626194219452411e-20
7.336806530948540967e+03 2.138530796549020165e-19 1.149024595908020337e-19
7.341812458881597195e+03 9.846748243773769606e-20 1.158142678936898488e-19
7.346818386814653422e+03 -2.833256049358750644e-20 9.092520982636320081e-20
7.351824314747707831e+03 -1.090525268332846727e-19 7.023357322794198415e-20
7.356830242680764059e+03 -1.027308355321676719e-19 8.288193702355741014e-20
7.361836170613820286e+03 2.132376758015633184e-19 9.891577646994665725e-20
7.366842098546875604e+03 2.524400377831341232e-19 1.150618803537034019e-19
7.371848026479930923e+03 -6.788867457077939570e-21 1.125451566637090217e-19
7.376853954412987150e+03 8.955484229635790569e-20 7.409703702065953216e-20
7.381859882346043378e+03 2.056005607902162310e-20 5.878422212827766615e-20
7.386865810279097786e+03 5.242525464123928378e-20 7.615934914782128553e-20
7.391871738212154014e+03 -6.855781572889943401e-20 8.401846371530968411e-20
7.396877666145210242e+03 -1.158089293916504407e-19 1.033397936001923671e-19
7.401883594078265560e+03 6.289692767560864012e-20 9.885633166816463878e-20
7.406889522011320878e+03 8.489042753375663290e-20 8.245471643269813639e-20
7.411895449944377106e+03 2.181466544659040064e-21 5.877597377440297835e-20
7.416901377877432424e+03 7.733643976119201799e-20 5.764720640403053854e-20
7.421907305810487742e+03 7.476404456840903256e-20 6.166960662448784107e-20
7.426913233743543969e+03 4.384588989702605914e-20 6.920660110886031127e-20
7.431919161676600197e+03 1.142847995605061679e-19 8.037094121742592738e-20
7.436925089609655515e+03 -1.161671832533023877e-19 8.219373550160763831e-20
7.441931017542710833e+03 -6.361213036342249861e-20 7.528459896748938039e-20
7.446936945475767061e+03 1.370332022247197528e-19 5.667974643190496402e-20
7.451942873408822379e+03 5.776387547130750377e-20 5.406157875459481631e-20
7.456948801341877697e+03 -5.060369976165214368e-20 5.998058366008111033e-20
7.461954729274933925e+03 1.354157932358434585e-19 7.166115966746858225e-20
7.466960657207990153e+03 7.083909930173342951e-20 8.438612646625703206e-20
7.471966585141045471e+03 4.668292906810647483e-20 8.982866338771848712e-20
7.476972513074100789e+03 7.007041920928460113e-20 9.538538583545233910e-20
7.481978441007157016e+03 -1.813997263277974487e-20 8.711481270162493737e-20
7.486984368940212335e+03 2.948033673070012023e-20 7.427230753247036668e-20
7.491990296873267653e+03 -1.680963416015176187e-20 5.972505998424487622e-20
7.496996224806323880e+03 1.069832076242842825e-19 5.583142872282007376e-20
7.502002152739380108e+03 2.090498733029275961e-20 5.065671798408028713e-20
7.507008080672435426e+03 -8.091269385195532409e-21 4.864170211125578643e-20
7.512014008605490744e+03 -6.585858585107473650e-21 5.476339642203716669e-20
7.517019936538546972e+03 -2.952559371430372924e-20 8.046673692037082694e-20
7.522025864471602290e+03 -7.316115588625857031e-20 1.084752643631102903e-19
7.527031792404657608e+03 -2.614558023037097038e-20 1.139279673053884982e-19
7.532037720337713836e+03 1.104833796825171694e-19 8.652477428855014392e-20
7.537043648270770063e+03 -4.179209466705969094e-20 7.254214485917359200e-20
7.542049576203824472e+03 2.350097038803902058e-20 6.629571040481390749e-20
7.547055504136880700e+03 2.361721060645482758e-20 6.551620642763578391e-20
7.552061432069936927e+03 2.527653047374122603e-20 7.334324133145016834e-20
7.557067360002992245e+03 1.280880444147986334e-21 7.587463994847722625e-20
7.562073287936047564e+03 -1.121769269521523292e-19 7.660893199931040067e-20
7.567079215869103791e+03 6.881758087354606795e-21 9.674962920557766340e-20
7.572085143802159109e+03 -5.630465596349680087e-20 9.748406149669724702e-20
7.577091071735214427e+03 8.434981199324905107e-20 7.727381112347365441e-20
7.582096999668270655e+03 -1.228539320643301849e-19 6.497156130258380711e-20
7.587102927601326883e+03 -4.778100239218276530e-20 6.391800037706688456e-20
7.592108855534382201e+03 -1.486655489960986225e-19 1.269658065926585748e-19
7.597114783467437519e+03 3.554329371575175152e-19 2.998158630067393082e-19
7.602120711400493747e+03 -2.275667064337788642e-20 6.516786443948830855e-19
7.607126639333549065e+03 -1.005162880121799436e-19 3.022871754789093122e-19
7.612132567266604383e+03 2.044521688480362223e-19 1.463883410024092696e-19
7.617138495199660611e+03 1.514453559957969018e-19 8.556060712102244384e-20
7.622144423132716838e+03 2.459441964115425483e-19 1.186273461833349914e-19
7.627150351065772156e+03 2.247012940043094922e-20 1.907146548263045996e-19
7.632156278998827474e+03 -5.856501214863173294e-20 2.023463646613702434e-19
7.637162206931883702e+03 2.681920623706270896e-20 1.399022740698865678e-19
7.642168134864939020e+03 -1.712358365922922304e-20 1.142371014813166509e-19
7.647174062797994338e+03 5.352903998495233532e-20 9.175522987766240031e-20
7.652179990731050566e+03 1.157408852004277250e-19 1.021010212031218676e-19
7.657185918664106794e+03 6.605180933988278092e-20 1.038807933826460196e-19
7.662191846597162112e+03 -1.233438274237190318e-19 9.796445345845359622e-20
7.667197774530217430e+03 -3.093760894860483861e-20 7.931102985214692967e-20
7.672203702463273657e+03 -1.223629143253357602e-19 5.851709400882396859e-20
7.677209630396328976e+03 1.282047588915093304e-20 5.889058108857959777e-20
7.682215558329384294e+03 -7.133626054183226015e-20 6.455293543970632392e-20
7.687221486262440521e+03 -1.716509633389084875e-20 6.944889142201736939e-20
7.692227414195496749e+03 -2.070813711670596170e-20 7.407734503402666904e-20
7.697233342128551158e+03 -2.022187964994333247e-19 7.694402708498574755e-20
7.702239270061607385e+03 -1.224607370676423465e-19 7.578259146804892946e-20
7.707245197994663613e+03 7.937831363761498693e-20 1.459361674835651424e-19
7.712251125927718931e+03 3.098590370038161975e-19 1.754370702554354815e-19
7.717257053860774249e+03 8.083214262226199969e-20 1.649856603525561049e-19
7.722262981793830477e+03 8.593062871991779676e-20 1.185716523379069969e-19
7.727268909726885795e+03 -8.045085986447905583e-20 8.448265409750154398e-20
7.732274837659941113e+03 -7.350830447516799180e-20 6.797812317084362650e-20
7.737280765592997341e+03 1.593613535266753572e-20 6.161520620646734320e-20
7.742286693526053568e+03 -1.314992174013649607e-19 9.101837984309511397e-20
7.747292621459108886e+03 -5.210538321169391384e-20 1.345306283433964588e-19
7.752298549392164205e+03 -1.587652262486082938e-19 1.450544249494613326e-19
7.757304477325220432e+03 -9.241500367445850305e-20 1.230713152273230562e-19
7.762310405258275750e+03 -8.575540984980746935e-20 9.629971712069960690e-20
7.767316333191331069e+03 -8.709890556622228116e-20 8.576358402096835884e-20
7.772322261124387296e+03 5.972883984277109175e-20 9.467560063075965707e-20
7.777328189057443524e+03 -1.115545879107800414e-20 1.066676570380381004e-19
7.782334116990498842e+03 3.159881173256664603e-20 9.870055889661328165e-20
7.787340044923554160e+03 4.739868774782296519e-20 1.255791974587328719e-19
7.792345972856610388e+03 -3.710080469037930359e-20 1.468641204551496410e-19
7.797351900789665706e+03 -9.949015533075299538e-20 1.338755858994499854e-19
7.802357828722721024e+03 1.142592255474556660e-19 1.021851571540498108e-19
7.807363756655777252e+03 1.432556489112881912e-19 1.048888321147171526e-19
7.812369684588833479e+03 -8.851231554259743573e-20 1.135675704989867560e-19
7.817375612521888797e+03 -9.121194203785370236e-20 1.417136553137996635e-19
7.822381540454944115e+03 -2.394648249855650820e-20 1.439340197396592563e-19
7.827387468388000343e+03 -8.448781849922992797e-20 1.072831802336184177e-19
7.832393396321055661e+03 -9.464649128638137258e-20 7.025592814108556812e-20
7.837399324254110979e+03 9.311436954473673220e-20 9.290033522608218937e-20
7.842405252187167207e+03 1.216126773125506849e-19 1.043236261410159135e-19
7.847411180120223435e+03 2.755201433727767930e-19 1.438739669938730230e-19
7.852417108053277843e+03 2.028251322771483264e-19 1.666866692526561988e-19
7.857423035986334071e+03 1.510182677209863945e-20 1.581433626208903887e-19
7.862428963919390299e+03 -3.897852024759511987e-20 1.257841167168396045e-19
7.867434891852445617e+03 9.371736923597011461e-20 1.209571465006925797e-19
7.872440819785500935e+03 2.691628756276072703e-19 1.185204497384620144e-19
7.877446747718557162e+03 -1.351783117711843719e-19 1.069589933570505129e-19
7.882452675651613390e+03 5.184737882802178673e-20 1.132760201784548525e-19
7.887458603584667799e+03 2.847831714616045055e-19 1.169083212946966099e-19
7.892464531517724026e+03 -4.125913962512855923e-21 1.073780054943567233e-19
7.897470459450780254e+03 3.883872242585305938e-20 7.838447676862051946e-20
7.902476387383835572e+03 -4.582363984356964565e-20 7.089428538318202221e-20
7.907482315316890890e+03 3.023910747868393349e-19 1.370779144791187648e-19
7.912488243249947118e+03 1.947159650968257047e-19 1.827615908003500321e-19
7.917494171183002436e+03 5.253692916961917160e-20 1.928874274440070159e-19
7.922500099116057754e+03 -1.588056852530464850e-21 1.463201427291927037e-19
7.927506027049113982e+03 -4.691228775545197023e-20 1.307993029948551083e-19
7.932511954982170209e+03 -7.616296734143616800e-20 1.149239359544464924e-19
7.937517882915225528e+03 4.113857873768212696e-20 8.807030610471352494e-20
7.942523810848280846e+03 9.576237205458229169e-20 8.700580323992801551e-20
7.947529738781337073e+03 -2.205293201503208456e-20 9.480801198983301771e-20
7.952535666714392391e+03 -6.994572574812795274e-20 8.564002549048722423e-20
7.957541594647447710e+03 9.423035265280864062e-21 1.063466173795090465e-19
7.962547522580503937e+03 1.509729619045752447e-19 1.376734315797652233e-19
7.967553450513560165e+03 -3.830205423030830890e-20 1.337203594239056087e-19
7.972559378446615483e+03 -1.178919408320782428e-21 1.058473135822074192e-19
7.977565306379670801e+03 -8.097936334855046469e-20 1.075811483685655665e-19
7.982571234312727029e+03 3.011343315442110436e-19 1.066574530050313544e-19
7.987577162245782347e+03 3.341648181340414171e-19 1.340961891948657586e-19
7.992583090178837665e+03 6.207112231554218059e-19 1.530480651317520290e-19
7.997589018111893893e+03 3.401808923089638975e-19 1.312028038975823742e-19
8.002594946044950120e+03 3.094130906120971503e-19 7.092127712838647207e-20
8.007600873978005438e+03 1.287547154440997672e-19 8.058563952411635177e-20
8.012606801911060757e+03 2.242454315843179584e-19 9.260881820400897336e-20
8.017612729844116984e+03 4.541760045700352895e-20 1.094500569175867237e-19
8.022618657777172302e+03 7.497094974975332771e-20 1.279345264251175507e-19
8.027624585710227620e+03 3.139821408607366698e-19 1.271555822228155924e-19
8.032630513643283848e+03 1.493808328882918578e-19 9.377179417046432454e-20
8.037636441576340076e+03 4.611061204804549177e-20 6.163076850276611240e-20
8.042642369509394484e+03 3.908838352358146604e-20 6.460112008903877731e-20
8.047648297442450712e+03 3.991438804180224873e-20 8.452672604884973028e-20
8.052654225375506940e+03 2.304591362802455916e-20 9.569503898822725964e-20
8.057660153308562258e+03 2.403380586978615680e-20 1.159988854786453287e-19
8.062666081241617576e+03 3.650740118641970050e-19 1.143392852452383928e-19
8.067672009174673803e+03 3.980467816621163798e-20 8.813099101511751884e-20
8.072677937107729122e+03 1.237307844106397408e-19 6.399938189511244329e-20
8.077683865040784440e+03 2.422919365370265566e-20 6.421893728499250332e-20
8.082689792973840667e+03 6.774522145604675168e-20 6.262748868780062223e-20
8.087695720906896895e+03 1.377085601974104535e-19 6.610261135670195624e-20
8.092701648839952213e+03 -5.164443597521038854e-20 6.896742594046810808e-20
8.097707576773007531e+03 1.489717836539481569e-19 7.830918433038693127e-20
8.102713504706063759e+03 2.575532484452803051e-20 7.741533776999981450e-20
8.107719432639119077e+03 8.314120274209019671e-20 6.850837506283858322e-20
8.112725360572174395e+03 1.499714939085079997e-19 5.608096982585844245e-20
8.117731288505230623e+03 3.679083409588890756e-20 5.501711990886259757e-20
8.122737216438286850e+03 1.076878038864521909e-19 5.624074450364236493e-20
8.127743144371342169e+03 7.526257699448630156e-20 5.825811178119838150e-20
8.132749072304397487e+03 5.944629154254823393e-20 6.266171357591621774e-20
8.137755000237453714e+03 3.726110849134096104e-20 6.523333088538337860e-20
8.142760928170509032e+03 1.117940018371644553e-19 6.916282124560371435e-20
8.147766856103564351e+03 9.852895205313497298e-20 6.402072866137918640e-20
8.152772784036620578e+03 -6.167685084166144784e-20 5.715097480691612783e-20
8.157778711969676806e+03 4.255882223975855466e-20 5.284773050894433613e-20
8.162784639902732124e+03 1.417501058559404746e-19 5.397014448435511993e-20
8.167790567835787442e+03 1.008245061545133021e-19 5.455203443128963762e-20
8.172796495768843670e+03 6.029306799201823755e-20 5.685247614556586664e-20
8.177802423701898988e+03 4.023967056708944793e-20 5.901006157692183876e-20
8.182808351634954306e+03 2.210934742675676964e-20 6.271531431629452727e-20
8.187814279568010534e+03 4.593622477948704957e-20 6.864927303010272811e-20
8.192820207501066761e+03 1.480438328724069927e-19 6.880375572748270925e-20
8.197826135434121170e+03 1.073431277445810364e-19 6.434908884960680862e-20
8.202832063367177398e+03 5.673532676119501491e-20 6.059453897707745506e-20
8.207837991300233625e+03 1.889321282667613614e-19 5.932526937200208938e-20
8.212843919233288034e+03 4.169056831638843356e-20 5.702906270925797607e-20
8.217849847166344261e+03 4.387365697147004058e-20 5.512259378645641689e-20
8.222855775099400489e+03 6.890156043209868112e-20 5.360139156547698873e-20
8.227861703032456717e+03 8.413597431403192970e-20 5.274754771955538037e-20
8.232867630965511125e+03 7.625158665386035546e-20 5.302258720879977981e-20
8.237873558898567353e+03 7.571331417723008302e-20 5.684713080460639012e-20
8.242879486831623581e+03 9.619295955476417361e-20 6.038627772933386955e-20
8.247885414764677989e+03 1.572581499670801366e-19 6.057342070556863393e-20
8.252891342697734217e+03 1.417123460649432155e-19 5.850869634269884568e-20
8.257897270630790445e+03 5.259951359777010931e-20 5.579859789367601066e-20
8.262903198563846672e+03 3.149185209285429278e-20 5.469668949741004230e-20
8.267909126496901081e+03 -3.224453620027226685e-20 5.928711060185152798e-20
8.272915054429957308e+03 -2.696288588204099094e-21 9.508551074836379844e-20
8.277920982363013536e+03 8.879189129241765867e-20 1.364295053181089432e-19
8.282926910296067945e+03 1.220810548206734107e-19 1.688844332169547420e-19
8.287932838229124172e+03 7.598109848467874750e-20 1.680337068166135188e-19
8.292938766162180400e+03 2.198398148897598804e-19 1.786574163934374961e-19
8.297944694095236628e+03 4.792667543853915273e-20 1.710693392827668697e-19
8.302950622028291036e+03 6.812703538044043720e-20 1.544011126678241379e-19
8.307956549961347264e+03 2.775613222810407032e-19 1.151716022880277159e-19
8.312962477894403492e+03 -1.704995512985864219e-20 1.081489397661639503e-19
8.317968405827457900e+03 7.815958564634467288e-20 8.104314774558487609e-20
8.322974333760514128e+03 8.466760149795330760e-20 6.624683686446864386e-20
8.327980261693570355e+03 1.486203884875775356e-19 6.092840982446686132e-20
8.332986189626626583e+03 1.709148707700016542e-19 8.231257086715304442e-20
8.337992117559680992e+03 2.672518738937557707e-19 1.837143804439055820e-19
8.342998045492737219e+03 4.457272376657363797e-19 2.279556818015859973e-19
8.348003973425793447e+03 -4.099974397813349859e-20 2.240897018457085656e-19
8.353009901358847856e+03 7.247902921311396208e-20 1.527557621549036677e-19
8.358015829291904083e+03 1.930827112918068410e-19 1.229727235708330122e-19
8.363021757224960311e+03 1.034289493368853339e-19 9.914090549634308719e-20
8.368027685158016538e+03 6.322915196689812946e-20 8.953061777403127670e-20
8.373033613091070947e+03 -1.908185899912394938e-20 7.889965036226570602e-20
8.378039541024127175e+03 1.577756618854434183e-19 1.121337778049695936e-19
8.383045468957181583e+03 8.031623116015941216e-20 1.162257427649509426e-19
8.388051396890237811e+03 8.165537351283337154e-20 9.941780541273383765e-20
8.393057324823294039e+03 1.460285581061094962e-19 1.541308871821188720e-19
8.398063252756350266e+03 1.331136929124162221e-19 1.856610654285706545e-19
8.403069180689406494e+03 2.281137668534925820e-20 1.620128539957329708e-19
8.408075108622460903e+03 8.233186959888623223e-20 1.089168032371519231e-19
8.413081036555517130e+03 1.538041496010361425e-19 1.270991048957887583e-19
8.418086964488571539e+03 2.949683749480487164e-19 1.302282303815993545e-19
8.423092892421627766e+03 2.433149046880685877e-20 1.619210352157727654e-19
8.428098820354683994e+03 1.185392125043167320e-19 2.197956998252004483e-19
8.433104748287740222e+03 -1.098755734167722268e-19 2.080606352671974238e-19
8.438110676220796449e+03 4.445047605761568675e-20 1.099011183446189423e-19
8.443116604153850858e+03 -3.288614307622570972e-20 8.900594999944161202e-20
8.448122532086907086e+03 5.016511072936603951e-20 1.327103473333516526e-19
8.453128460019961494e+03 1.546311028717635705e-19 1.338421495579911950e-19
8.458134387953017722e+03 8.006773330906640528e-20 1.539507601154470394e-19
8.463140315886073950e+03 7.241105008840613338e-21 1.788243274269476599e-19
8.468146243819130177e+03 2.889863668018949403e-19 1.660260097220847697e-19
8.473152171752186405e+03 1.564720875982261258e-19 9.202800225508694938e-20
8.478158099685240813e+03 2.999039716320239947e-20 6.062180043491435688e-20
8.483164027618297041e+03 4.606465788984230267e-20 6.288083610824165469e-20
8.488169955551351450e+03 6.825640319277223898e-20 9.370389206040982290e-20
8.493175883484407677e+03 -5.955551763035713139e-20 1.060923086374657577e-19
8.498181811417463905e+03 6.399378982461899969e-20 1.303286695200611259e-19
8.503187739350520133e+03 7.908553058046451371e-21 1.361786724316521655e-19
8.508193667283574541e+03 -5.133346730541009009e-20 1.200606586412116631e-19
8.513199595216630769e+03 -3.363445345342371578e-20 6.956394391037119576e-20
8.518205523149686996e+03 2.863242500408800910e-20 5.554311611340366220e-20
8.523211451082741405e+03 1.598787599223846798e-20 5.566750581407518060e-20
8.528217379015797633e+03 6.099908959878804113e-20 5.591449960199897064e-20
8.533223306948853860e+03 -4.163185951012646002e-20 7.178938616843554765e-20
8.538229234881910088e+03 -1.568996099673918873e-19 8.317997088296540169e-20
8.543235162814964497e+03 -1.165978267969664565e-19 1.037802513464965304e-19
8.548241090748020724e+03 -7.779127445266600927e-20 1.062013538709064276e-19
8.553247018681076952e+03 -8.074293859425937374e-21 9.377244052616905875e-20
8.558252946614131361e+03 4.529491669848798582e-20 6.243027725360979358e-20
8.563258874547187588e+03 1.577154071504119905e-20 6.021011881868445453e-20
8.568264802480243816e+03 1.094638319181154478e-20 6.597595283682320232e-20
8.573270730413300043e+03 8.803801165435197687e-20 6.773380302228247824e-20
8.578276658346354452e+03 1.847592082457748152e-20 6.631851346708395659e-20
8.583282586279410680e+03 2.562859071359955246e-20 7.275118289180156018e-20
8.588288514212466907e+03 -1.013589949613134961e-21 7.856893299543817490e-20
8.593294442145521316e+03 1.443461277076953538e-19 8.492526911372073552e-20
8.598300370078577544e+03 1.386076906034274124e-19 7.886644579899793854e-20
8.603306298011633771e+03 7.656618272992749889e-20 7.102307136025051289e-20
8.608312225944689999e+03 6.561504890643576508e-20 7.875957834821709485e-20
8.613318153877744408e+03 9.814369336464724793e-20 1.053125749722714742e-19
8.618324081810800635e+03 2.326794803997656147e-19 1.382260267952502923e-19
8.623330009743856863e+03 3.085357588113266735e-19 1.632665196764653435e-19
8.628335937676911271e+03 2.329310382954390866e-19 1.699971014079939482e-19
8.633341865609967499e+03 1.028319191113544689e-19 1.588919393109358600e-19
8.638347793543023727e+03 1.859159253456719975e-19 1.337784195535734101e-19
8.643353721476079954e+03 1.079361300289859771e-19 1.219744617783617752e-19
8.648359649409134363e+03 9.507389061935502957e-20 1.405516616268956281e-19
8.653365577342190591e+03 -1.962206885470976083e-21 1.658826763017250884e-19
8.658371505275246818e+03 6.258524278128720689e-20 1.770730049547795597e-19
8.663377433208301227e+03 2.600896780863544206e-20 1.722894929967022205e-19
8.668383361141357454e+03 -8.918708780216639894e-20 1.602783887209648760e-19
8.673389289074413682e+03 2.661176895099640039e-19 1.425497959447266941e-19
8.678395217007469910e+03 1.302292483965053804e-19 1.252909569398734934e-19
8.683401144940524318e+03 4.182073503089970871e-19 1.096302099002335894e-19
8.688407072873580546e+03 1.236305998607272455e-19 9.564086459868467582e-20
8.693413000806636774e+03 3.525985982324628150e-19 8.928183453286623181e-20
8.698418928739691182e+03 2.562855630849257230e-20 8.603788437114966036e-20
8.703424856672747410e+03 -4.715477979616999028e-20 8.578735016435111056e-20
8.708430784605803638e+03 1.574119071532062214e-19 7.963962579766250680e-20
8.713436712538859865e+03 8.147064177759122211e-20 7.036289884756696825e-20
8.718442640471914274e+03 7.596772278941661062e-21 6.631442478104691091e-20
8.723448568404970501e+03 1.953457934876336711e-19 6.759816932934445751e-20
8.728454496338024910e+03 8.033148521869986507e-20 6.698988679104916274e-20
8.733460424271081138e+03 7.519911034422409427e-20 6.743884235569406149e-20
8.738466352204137365e+03 3.451552537530754028e-20 6.814002541106180996e-20
8.743472280137193593e+03 -4.497593665691683647e-20 6.731259195451309625e-20
8.748478208070249821e+03 6.824728235375144412e-20 7.544779174943335337e-20
8.753484136003304229e+03 2.179228682186186439e-20 1.352778387323652758e-19
8.758490063936360457e+03 1.511040918445654493e-19 1.990980818566329302e-19
8.763495991869414866e+03 -3.404135618925063581e-20 2.456769682047036032e-19
8.768501919802471093e+03 3.287692272524133642e-19 2.305806850596663399e-19
8.773507847735527321e+03 3.398730716055741147e-19 2.386606203259706239e-19
8.778513775668583548e+03 3.743335741491855322e-19 2.197601860503615452e-19
8.783519703601639776e+03 2.119299230629047167e-19 1.745961352695528821e-19
8.788525631534694185e+03 1.862545248192881125e-19 1.370657632373757602e-19
8.793531559467750412e+03 8.127992718174319749e-20 1.282666358602037550e-19
8.798537487400804821e+03 -3.913058009404938734e-20 8.742851385473802012e-20
8.803543415333861049e+03 6.782618234687533562e-20 7.344759612730369554e-20
8.808549343266917276e+03 8.264284713215143314e-20 7.950872323003764986e-20
8.813555271199973504e+03 1.650825902957165859e-19 8.303206214938023515e-20
8.818561199133029731e+03 1.589525879276209125e-20 1.813653937501742608e-19
8.823567127066084140e+03 4.038469618933913210e-19 3.229143078208511507e-19
8.828573054999140368e+03 1.010134369333545476e-19 3.549054384538572286e-19
8.833578982932194776e+03 -3.030404850392727827e-19 2.856060562258987158e-19
8.838584910865251004e+03 4.823755966930241922e-19 2.072601386125784714e-19
8.843590838798307232e+03 7.326566533000084786e-20 1.482897058167421219e-19
8.848596766731363459e+03 -2.013910651804797568e-19 1.283805704140674441e-19
8.853602694664417868e+03 1.212341858407771401e-19 1.130007644489430441e-19
8.858608622597474096e+03 1.092780439781955516e-19 1.093540650265571111e-19
8.863614550530530323e+03 6.779931717516263098e-20 1.535634703301321265e-19
8.868620478463584732e+03 1.406673156720285952e-19 1.524803499694999134e-19
8.873626406396640959e+03 5.163396992572875613e-20 1.170290946541595507e-19
8.878632334329697187e+03 -2.428411280777442428e-20 1.829416016809259641e-19
8.883638262262753415e+03 -6.708631570904014457e-19 2.526064063927331820e-19
8.888644190195807823e+03 -3.156832206928994008e-19 2.413276486734565006e-19
8.893650118128864051e+03 -2.595470975598579289e-19 1.477118953525364087e-19
8.898656046061920279e+03 -1.179745464135514434e-19 1.663217997038447173e-19
8.903661973994974687e+03 2.285846417598253236e-20 1.755861347409543776e-19
8.908667901928030915e+03 2.274078145507674511e-19 1.552361763954979996e-19
8.913673829861087142e+03 -7.924714576817441872e-21 2.217178204482025369e-19
8.918679757794143370e+03 -1.717295128315450530e-19 2.706514980640665059e-19
8.923685685727199598e+03 7.518041590219917978e-19 2.452433338845346772e-19
8.928691613660254006e+03 2.532457921943651194e-20 1.222396468884865586e-19
8.933697541593308415e+03 1.305655129608224783e-19 1.067185399347775098e-19
8.938703469526364643e+03 1.225643807626813819e-19 1.685222344699493206e-19
8.943709397459420870e+03 -5.975525283248317499e-20 1.839006647002551772e-19
8.948715325392477098e+03 1.134010725074636080e-19 1.868762264420855954e-19
8.953721253325533326e+03 1.324300045707154846e-19 2.568535632585196591e-19
8.958727181258589553e+03 -3.982797016381929124e-20 2.642999956725113559e-19
8.963733109191643962e+03 1.052651212636441828e-19 1.878858156715483870e-19
8.968739037124698370e+03 1.503600371333661087e-19 8.999120691498214290e-20
8.973744965057754598e+03 -7.634246957449556865e-20 8.640982661019582537e-20
8.978750892990810826e+03 1.000945491865532666e-19 9.904938674094750475e-20
8.983756820923867053e+03 1.598636668798179430e-19 1.455617271799939076e-19
8.988762748856923281e+03 7.583999476139242787e-20 1.643627130983815140e-19
8.993768676789977690e+03 1.084064323551549563e-19 1.723652515709382378e-19
8.998774604723033917e+03 -1.215891982355180688e-19 2.073057974866301947e-19
9.003780532656088326e+03 1.057529203352319872e-19 1.858388874842700160e-19
9.008786460589144554e+03 -1.404478292992668646e-20 1.046726736870106238e-19
9.013792388522200781e+03 1.351617909151525904e-19 6.518056717807919041e-20
9.018798316455257009e+03 1.774876983391969324e-19 6.739931328778651038e-20
9.023804244388313236e+03 1.543309959997081400e-20 7.223145263287427700e-20
9.028810172321367645e+03 2.617200639894789513e-20 8.144443821191054563e-20
9.033816100254423873e+03 2.329720703970813103e-19 1.115803658796152632e-19
9.038822028187478281e+03 1.410900093221213297e-19 1.240605407980312304e-19
9.043827956120534509e+03 2.758846954505034085e-19 1.491669475635791248e-19
9.048833884053590737e+03 -2.382334168456156069e-19 1.549237516869479176e-19
9.053839811986646964e+03 4.476670924834356000e-20 1.409376870055869899e-19
9.058845739919703192e+03 2.297293313410686941e-19 8.941719225118531640e-20
9.063851667852757600e+03 1.691973836689869475e-19 9.540363577208157427e-20
9.068857595785813828e+03 -2.592098183431658608e-20 9.544890129380642357e-20
9.073863523718868237e+03 2.180696384223024128e-20 8.335663687643332595e-20
9.078869451651924464e+03 1.048780342979012371e-19 8.206369029556440157e-20
9.083875379584980692e+03 3.197043877660412286e-20 9.123942381428267768e-20
9.088881307518036920e+03 1.387234384586796300e-22 1.126689957273114436e-19
9.093887235451093147e+03 9.432270197705898155e-20 1.265123495193008185e-19
9.098893163384147556e+03 1.259667627899562320e-20 1.296620997824790350e-19
9.103899091317203784e+03 1.937333844010898728e-19 1.202207294378063480e-19
9.108905019250258192e+03 -8.646800185248285630e-21 9.007954172461136126e-20
9.113910947183314420e+03 1.165742276140016073e-19 7.039211875371414869e-20
9.118916875116370647e+03 8.923251823174816903e-20 6.481697001303138774e-20
9.123922803049426875e+03 -5.307305998257250427e-20 6.390818315721705563e-20
9.128928730982483103e+03 1.457765168277399229e-20 8.172762537547230758e-20
9.133934658915537511e+03 1.373145146798745552e-19 7.300117944019887688e-20
9.138940586848593739e+03 5.247151501711077563e-20 7.139941092414191371e-20
9.143946514781648148e+03 -7.679901081181752073e-20 7.984693161483157295e-20
9.148952442714704375e+03 1.528199374677069071e-19 9.588438475656945853e-20
9.153958370647760603e+03 1.713790156368011331e-19 1.062391381027608391e-19
9.158964298580816831e+03 1.040260752949126100e-20 1.048188260798542508e-19
9.163970226513873058e+03 1.744885912041714161e-19 9.246010488659770671e-20
9.168976154446927467e+03 -1.941529263887169983e-20 7.664583617136340150e-20
9.173982082379983694e+03 1.528516337026179519e-19 7.436368405228430358e-20
9.178988010313038103e+03 8.545392669842727510e-21 7.531499758466365955e-20
9.183993938246094331e+03 4.048961274531558769e-20 7.559495036983784527e-20
9.188999866179150558e+03 4.097539930186401370e-20 7.675110648499084482e-20
9.194005794112206786e+03 1.241835661785515101e-19 7.613637038075092481e-20
9.199011722045263014e+03 2.169313409452834727e-19 7.746130595545556458e-20
9.204017649978317422e+03 5.034499995828044113e-20 8.172087885835190601e-20
9.209023577911373650e+03 -7.703166863180052161e-21 8.698439725934687517e-20
9.214029505844428058e+03 3.063979356564666672e-20 9.756734979007116569e-20
9.219035433777484286e+03 2.352787740489060191e-19 1.110237046499478729e-19
9.224041361710540514e+03 5.431948100579191996e-20 1.042729162745474353e-19
9.229047289643596741e+03 -2.091024058273439258e-20 9.401289464754141500e-20
9.234053217576652969e+03 5.836812968628172215e-20 7.743489593419253336e-20
9.239059145509707378e+03 -1.727526753292837795e-20 7.601834877808200798e-20
9.244065073442761786e+03 1.864232115322316652e-19 8.314072413953088758e-20
9.249071001375818014e+03 1.968812266693582180e-19 8.573988641167931030e-20
9.254076929308874242e+03 9.037226582463301646e-20 8.167160447832091084e-20
9.259082857241930469e+03 1.153287889007800163e-19 7.760621543283089947e-20
9.264088785174986697e+03 2.139821296740555257e-19 7.651000481826783883e-20
9.269094713108042924e+03 -9.085920714857848078e-22 7.299431878103706096e-20
9.274100641041097333e+03 -6.454779364142512527e-20 7.292085204145660938e-20
9.279106568974151742e+03 -3.163560301075586739e-20 8.001118131437532489e-20
9.284112496907207969e+03 5.098070474963126219e-20 9.352793718114059247e-20
9.289118424840264197e+03 1.327306574484447269e-19 1.093174250197753997e-19
9.294124352773320425e+03 6.592091282855478918e-20 1.226982514629108597e-19
9.299130280706376652e+03 -2.603654952856355617e-19 2.940629346894293593e-19
9.304136208639432880e+03 5.270808599831869616e-19 6.736673630187825601e-19
9.309142136572487289e+03 3.467152408432400554e-19 6.161140973894060736e-19
9.314148064505541697e+03 1.030683321574554816e-19 4.711039586230382645e-19
9.319153992438597925e+03 6.011039307288323788e-19 3.893251286724436576e-19
9.324159920371654152e+03 8.686196904555908465e-20 3.281007118167540305e-19
9.329165848304710380e+03 8.884125128567912512e-20 3.395973846070186856e-19
9.334171776237766608e+03 1.801115291544003103e-19 4.583920818412251594e-19
9.339177704170821016e+03 1.514581613016164417e-19 5.528909879395796141e-19
9.344183632103877244e+03 -6.483436348171906731e-20 2.472846654319224363e-19
9.349189560036931653e+03 -1.253585834659913750e-19 1.677827968794192448e-19
9.354195487969987880e+03 -1.342440708888700662e-19 2.012219678273533349e-19
9.359201415903044108e+03 1.250241867033894869e-19 1.857478968379070465e-19
9.364207343836100335e+03 -4.200306134936122711e-20 2.265717329316797082e-19
9.369213271769156563e+03 -2.660474851282277018e-20 1.212629693165501235e-18
9.374219199702210972e+03 -1.099262173585637362e-19 1.034749101184291261e-18
9.379225127635267199e+03 -2.345977601358133646e-19 6.982561312518335270e-19
9.384231055568321608e+03 -4.363525447530929872e-19 3.061583104675450794e-19
9.389236983501377836e+03 4.982020017729933508e-19 2.202497037050742763e-19
9.394242911434434063e+03 -7.463899405392551398e-20 2.333734154773489358e-19
9.399248839367490291e+03 5.826700945073726003e-20 3.233183271276787283e-19
9.404254767300546519e+03 3.237464804082777633e-19 2.678400564176792081e-19
9.409260695233600927e+03 1.848585076785609101e-20 1.697484411228157515e-19
9.414266623166657155e+03 9.822299368187839978e-20 1.972523514783002643e-19
9.419272551099711563e+03 2.371905882731003648e-19 2.267197631914560415e-19
9.424278479032767791e+03 1.900476994017213007e-19 2.227769282002537217e-19
9.429284406965824019e+03 3.763907652231480559e-19 5.713683252063149725e-19
9.434290334898880246e+03 4.699864188171340642e-19 1.573192568063105753e-18
9.439296262831936474e+03 -5.036638890635849382e-19 4.940840025513275891e-19
9.444302190764990883e+03 7.917771559747689654e-20 3.007175755646219606e-19
9.449308118698047110e+03 2.614537101544209478e-19 2.584107671222128595e-19
9.454314046631101519e+03 -4.904441266030911576e-19 6.826007535270250832e-19
9.459319974564157746e+03 1.182903915931128866e-19 4.864709730494608756e-19
9.464325902497213974e+03 -6.142212058328394942e-20 3.436146349488642141e-19
9.469331830430270202e+03 5.104067866137575379e-20 3.492505209167659597e-19
9.474337758363326429e+03 1.465665396671479690e-18 7.979454041614889600e-19
9.479343686296380838e+03 5.213923619394585585e-19 5.674544003158955571e-19
9.484349614229437066e+03 -2.777811432134933116e-20 2.755869461699935199e-19
9.489355542162491474e+03 5.260557777581166804e-20 1.831139826044600757e-19
9.494361470095547702e+03 1.107350103994877814e-19 3.176430307772211608e-19
9.499367398028603930e+03 3.952124468455052583e-19 3.473693149216425817e-19
9.504373325961660157e+03 -1.445015581918615379e-19 2.773991950281162538e-19
9.509379253894716385e+03 4.729959136247724301e-20 2.197704942808455209e-19
9.514385181827770793e+03 2.305534091254221422e-19 5.426023121460264343e-19
9.519391109760827021e+03 1.724572995974314912e-19 3.580538400619543148e-19
9.524397037693881430e+03 -4.538915276337055897e-20 3.087307869024061962e-19
9.529402965626937657e+03 1.159579327792978134e-19 2.229644809401733913e-19
9.534408893559993885e+03 1.774124843238796915e-19 1.983419021837427406e-19
9.539414821493050113e+03 1.478595572823655663e-19 2.190201145010671097e-19
9.544420749426106340e+03 1.079827321679495469e-20 2.283553239428340701e-19
9.549426677359160749e+03 -1.297005575632262287e-19 4.255561111579177999e-19
9.554432605292216977e+03 4.039784734275459643e-19 3.978303609277790414e-19
9.559438533225271385e+03 2.316266996922291325e-19 3.751043029171944266e-19
9.564444461158327613e+03 1.346010692773162035e-19 3.948990377278744728e-19
9.569450389091383840e+03 2.183708598890389620e-19 4.364441480766393252e-19
9.574456317024440068e+03 1.198716811352670185e-19 2.814185009535225924e-19
9.579462244957496296e+03 1.333861440148964379e-19 1.841682434441345621e-19
9.584468172890550704e+03 7.550115537531172801e-20 1.602558254483713028e-19
9.589474100823605113e+03 -1.940074363855760379e-20 1.887729662243418387e-19
9.594480028756661341e+03 7.250981079516987044e-20 1.880956490006320244e-19
9.599485956689717568e+03 3.143859150953676032e-19 2.056036726740702371e-19
9.604491884622773796e+03 2.423417723911790108e-19 3.309660308515336475e-19
9.609497812555830023e+03 3.670822577224582614e-19 2.978076201538177263e-19
9.614503740488886251e+03 2.415429218551553051e-19 3.002532306441455060e-19
9.619509668421940660e+03 2.357309692650956095e-20 3.605371876529816953e-19
9.624515596354995068e+03 -1.041719228555263646e-20 3.443068280434631393e-19
9.629521524288051296e+03 -9.455621971029550297e-22 6.986125052425849003e-20
9.634527452221107524e+03 0.000000000000000000e+00 0.000000000000000000e+00
9.639533380154163751e+03 0.000000000000000000e+00 0.000000000000000000e+00
9.644539308087219979e+03 0.000000000000000000e+00 0.000000000000000000e+00
9.649545236020274388e+03 0.000000000000000000e+00 0.000000000000000000e+00
9.654551163953330615e+03 0.000000000000000000e+00 0.000000000000000000e+00
9.659557091886385024e+03 0.000000000000000000e+00 0.000000000000000000e+00
9.664563019819441251e+03 0.000000000000000000e+00 0.000000000000000000e+00
9.669568947752497479e+03 0.000000000000000000e+00 0.000000000000000000e+00
9.674574875685553707e+03 0.000000000000000000e+00 0.000000000000000000e+00
9.679580803618609934e+03 0.000000000000000000e+00 0.000000000000000000e+00
9.684586731551664343e+03 0.000000000000000000e+00 0.000000000000000000e+00
9.689592659484720571e+03 0.000000000000000000e+00 0.000000000000000000e+00
9.694598587417774979e+03 0.000000000000000000e+00 0.000000000000000000e+00
9.699604515350831207e+03 0.000000000000000000e+00 0.000000000000000000e+00
9.704610443283887435e+03 0.000000000000000000e+00 0.000000000000000000e+00
9.709616371216943662e+03 0.000000000000000000e+00 0.000000000000000000e+00
9.714622299149999890e+03 0.000000000000000000e+00 0.000000000000000000e+00
9.719628227083054298e+03 0.000000000000000000e+00 0.000000000000000000e+00
9.724634155016110526e+03 0.000000000000000000e+00 0.000000000000000000e+00
9.729640082949164935e+03 0.000000000000000000e+00 0.000000000000000000e+00
9.734646010882221162e+03 0.000000000000000000e+00 0.000000000000000000e+00
9.739651938815277390e+03 0.000000000000000000e+00 0.000000000000000000e+00
9.744657866748333618e+03 0.000000000000000000e+00 0.000000000000000000e+00
9.749663794681389845e+03 0.000000000000000000e+00 0.000000000000000000e+00
9.754669722614444254e+03 0.000000000000000000e+00 0.000000000000000000e+00
9.759675650547500481e+03 0.000000000000000000e+00 0.000000000000000000e+00
9.764681578480554890e+03 0.000000000000000000e+00 0.000000000000000000e+00
9.769687506413611118e+03 0.000000000000000000e+00 0.000000000000000000e+00
9.774693434346667345e+03 0.000000000000000000e+00 0.000000000000000000e+00
9.779699362279723573e+03 0.000000000000000000e+00 0.000000000000000000e+00
9.784705290212779801e+03 0.000000000000000000e+00 0.000000000000000000e+00
9.789711218145834209e+03 0.000000000000000000e+00 0.000000000000000000e+00
9.794717146078890437e+03 0.000000000000000000e+00 0.000000000000000000e+00
9.799723074011944846e+03 0.000000000000000000e+00 0.000000000000000000e+00
9.804729001945001073e+03 0.000000000000000000e+00 0.000000000000000000e+00
9.809734929878057301e+03 0.000000000000000000e+00 0.000000000000000000e+00
9.814740857811113528e+03 0.000000000000000000e+00 0.000000000000000000e+00
9.819746785744169756e+03 0.000000000000000000e+00 0.000000000000000000e+00
9.824752713677224165e+03 0.000000000000000000e+00 0.000000000000000000e+00
9.829758641610280392e+03 0.000000000000000000e+00 0.000000000000000000e+00
9.834764569543334801e+03 0.000000000000000000e+00 0.000000000000000000e+00
9.839770497476391029e+03 0.000000000000000000e+00 0.000000000000000000e+00
9.844776425409447256e+03 0.000000000000000000e+00 0.000000000000000000e+00
9.849782353342503484e+03 0.000000000000000000e+00 0.000000000000000000e+00
9.854788281275559712e+03 0.000000000000000000e+00 0.000000000000000000e+00
9.859794209208614120e+03 0.000000000000000000e+00 0.000000000000000000e+00
9.864800137141670348e+03 0.000000000000000000e+00 0.000000000000000000e+00
9.869806065074724756e+03 0.000000000000000000e+00 0.000000000000000000e+00
9.874811993007780984e+03 0.000000000000000000e+00 0.000000000000000000e+00
9.879817920940837212e+03 0.000000000000000000e+00 0.000000000000000000e+00
9.884823848873893439e+03 0.000000000000000000e+00 0.000000000000000000e+00
9.889829776806949667e+03 0.000000000000000000e+00 0.000000000000000000e+00
9.894835704740004076e+03 0.000000000000000000e+00 0.000000000000000000e+00
9.899841632673058484e+03 0.000000000000000000e+00 0.000000000000000000e+00
9.904847560606114712e+03 0.000000000000000000e+00 0.000000000000000000e+00
9.909853488539170939e+03 0.000000000000000000e+00 0.000000000000000000e+00
9.914859416472227167e+03 0.000000000000000000e+00 0.000000000000000000e+00
9.919865344405283395e+03 0.000000000000000000e+00 0.000000000000000000e+00
9.924871272338339622e+03 0.000000000000000000e+00 0.000000000000000000e+00
9.929877200271394031e+03 0.000000000000000000e+00 0.000000000000000000e+00
9.934883128204448440e+03 0.000000000000000000e+00 0.000000000000000000e+00
9.939889056137504667e+03 0.000000000000000000e+00 0.000000000000000000e+00
9.944894984070560895e+03 0.000000000000000000e+00 0.000000000000000000e+00
9.949900912003617123e+03 0.000000000000000000e+00 0.000000000000000000e+00
9.954906839936673350e+03 0.000000000000000000e+00 0.000000000000000000e+00
9.959912767869729578e+03 0.000000000000000000e+00 0.000000000000000000e+00
9.964918695802783986e+03 0.000000000000000000e+00 0.000000000000000000e+00
9.969924623735838395e+03 0.000000000000000000e+00 0.000000000000000000e+00
9.974930551668894623e+03 0.000000000000000000e+00 0.000000000000000000e+00
9.979936479601950850e+03 0.000000000000000000e+00 0.000000000000000000e+00
9.984942407535007078e+03 0.000000000000000000e+00 0.000000000000000000e+00
9.989948335468063306e+03 0.000000000000000000e+00 0.000000000000000000e+00
9.994954263401117714e+03 0.000000000000000000e+00 0.000000000000000000e+00
9.999960191334173942e+03 0.000000000000000000e+00 0.000000000000000000e+00
1.000496611926722835e+04 0.000000000000000000e+00 0.000000000000000000e+00
1.000997204720028458e+04 0.000000000000000000e+00 0.000000000000000000e+00
1.001497797513334081e+04 0.000000000000000000e+00 0.000000000000000000e+00
1.001998390306639703e+04 0.000000000000000000e+00 0.000000000000000000e+00
1.002498983099945326e+04 0.000000000000000000e+00 0.000000000000000000e+00
1.002999575893250767e+04 0.000000000000000000e+00 0.000000000000000000e+00
1.003500168686556390e+04 0.000000000000000000e+00 0.000000000000000000e+00
1.004000761479861831e+04 0.000000000000000000e+00 0.000000000000000000e+00
1.004501354273167453e+04 0.000000000000000000e+00 0.000000000000000000e+00
1.005001947066473076e+04 0.000000000000000000e+00 0.000000000000000000e+00
1.005502539859778699e+04 0.000000000000000000e+00 0.000000000000000000e+00
1.006003132653084322e+04 0.000000000000000000e+00 0.000000000000000000e+00
1.006503725446389763e+04 0.000000000000000000e+00 0.000000000000000000e+00
1.007004318239695385e+04 0.000000000000000000e+00 0.000000000000000000e+00
1.007504911033000826e+04 0.000000000000000000e+00 0.000000000000000000e+00
1.008005503826306449e+04 0.000000000000000000e+00 0.000000000000000000e+00
1.008506096619612072e+04 0.000000000000000000e+00 0.000000000000000000e+00
1.009006689412917694e+04 0.000000000000000000e+00 0.000000000000000000e+00
1.009507282206223317e+04 0.000000000000000000e+00 0.000000000000000000e+00
1.010007874999528758e+04 0.000000000000000000e+00 0.000000000000000000e+00
1.010508467792834381e+04 0.000000000000000000e+00 0.000000000000000000e+00
1.011009060586139822e+04 0.000000000000000000e+00 0.000000000000000000e+00
1.011509653379445444e+04 0.000000000000000000e+00 0.000000000000000000e+00
1.012010246172751067e+04 0.000000000000000000e+00 0.000000000000000000e+00
1.012510838966056690e+04 0.000000000000000000e+00 0.000000000000000000e+00
1.013011431759362313e+04 0.000000000000000000e+00 0.000000000000000000e+00
1.013512024552667754e+04 0.000000000000000000e+00 0.000000000000000000e+00
1.014012617345973376e+04 0.000000000000000000e+00 0.000000000000000000e+00
1.014513210139278817e+04 0.000000000000000000e+00 0.000000000000000000e+00
1.015013802932584440e+04 0.000000000000000000e+00 0.000000000000000000e+00
1.015514395725890063e+04 0.000000000000000000e+00 0.000000000000000000e+00
1.016014988519195686e+04 0.000000000000000000e+00 0.000000000000000000e+00
1.016515581312501308e+04 0.000000000000000000e+00 0.000000000000000000e+00
1.017016174105806749e+04 0.000000000000000000e+00 0.000000000000000000e+00
1.017516766899112372e+04 0.000000000000000000e+00 0.000000000000000000e+00
1.018017359692417813e+04 0.000000000000000000e+00 0.000000000000000000e+00
1.018517952485723436e+04 0.000000000000000000e+00 0.000000000000000000e+00
1.019018545279029058e+04 0.000000000000000000e+00 0.000000000000000000e+00
1.019519138072334681e+04 0.000000000000000000e+00 0.000000000000000000e+00
1.020019730865640304e+04 0.000000000000000000e+00 0.000000000000000000e+00
1.020520323658945745e+04 0.000000000000000000e+00 0.000000000000000000e+00
1.021020916452251367e+04 0.000000000000000000e+00 0.000000000000000000e+00
1.021521509245556808e+04 0.000000000000000000e+00 0.000000000000000000e+00
1.022022102038862431e+04 0.000000000000000000e+00 0.000000000000000000e+00
1.022522694832168054e+04 0.000000000000000000e+00 0.000000000000000000e+00
1.023023287625473677e+04 0.000000000000000000e+00 0.000000000000000000e+00
1.023523880418779299e+04 0.000000000000000000e+00 0.000000000000000000e+00
1.024024473212084740e+04 0.000000000000000000e+00 0.000000000000000000e+00
1.024525066005390181e+04 0.000000000000000000e+00 0.000000000000000000e+00
1.025025658798695804e+04 0.000000000000000000e+00 0.000000000000000000e+00
1.025526251592001427e+04 0.000000000000000000e+00 0.000000000000000000e+00
1.026026844385307049e+04 0.000000000000000000e+00 0.000000000000000000e+00
1.026527437178612672e+04 0.000000000000000000e+00 0.000000000000000000e+00
1.027028029971918295e+04 0.000000000000000000e+00 0.000000000000000000e+00
1.027528622765223736e+04 0.000000000000000000e+00 0.000000000000000000e+00
1.028029215558529177e+04 0.000000000000000000e+00 0.000000000000000000e+00
1.028529808351834799e+04 0.000000000000000000e+00 0.000000000000000000e+00
1.029030401145140422e+04 0.000000000000000000e+00 0.000000000000000000e+00
1.029530993938446045e+04 0.000000000000000000e+00 0.000000000000000000e+00
