#  wl flam flam_err
4.803806996822357178e+03 -7.709842730778689974e-20 6.096216137310239895e-19
4.808812924755412496e+03 -8.253339156071685875e-20 5.494018760986009859e-19
4.813818852688468723e+03 -4.668181554290801256e-20 5.058400544016080914e-19
4.818824780621524042e+03 -4.324093173169142764e-20 4.756953633515473157e-19
4.823830708554580269e+03 -7.454480972657025299e-20 4.332954485842559799e-19
4.828836636487635587e+03 -7.996686351136775413e-20 3.837554722436413555e-19
4.833842564420691815e+03 -3.158576047289222136e-20 3.383199661788817323e-19
4.838848492353747133e+03 6.239083271502545105e-19 3.141133404067650781e-19
4.843854420286802451e+03 -5.284272199259329378e-20 3.322109905210539358e-19
4.848860348219858679e+03 -1.045609658202708244e-19 3.264925482627290712e-19
4.853866276152913997e+03 -2.742682501165643122e-20 2.845216403621736001e-19
4.858872204085970225e+03 -2.501296562046152380e-20 2.481045590700660931e-19
4.863878132019025543e+03 2.802367089422109854e-20 2.296127167559111708e-19
4.868884059952080861e+03 -4.986998931897849910e-20 2.175185109057922995e-19
4.873889987885137089e+03 -2.612201454684810799e-19 2.186993826178480082e-19
4.878895915818192407e+03 3.483600804832289703e-19 2.232274872672504990e-19
4.883901843751248634e+03 -1.002820537319801847e-19 2.132556823697643819e-19
4.888907771684303952e+03 -1.626252915085269381e-20 2.008702912182358061e-19
4.893913699617360180e+03 4.750803073730570998e-20 1.905822659930288531e-19
4.898919627550415498e+03 -1.441584947206694283e-20 1.817327781746597970e-19
4.903925555483470816e+03 -3.984055585751187502e-21 1.746643849029561854e-19
4.908931483416527044e+03 3.855623295559171905e-19 1.671968934781846032e-19
4.913937411349582362e+03 -4.404062067316907645e-20 1.479309664664495396e-19
4.918943339282638590e+03 6.470565266208612628e-20 1.385643640526785679e-19
4.923949267215693908e+03 3.342911811578155226e-19 1.357669261810419578e-19
4.928955195148750136e+03 3.299146601072563376e-19 1.332785290566603444e-19
4.933961123081805454e+03 1.433450009678547174e-19 1.309402525858518210e-19
4.938967051014860772e+03 1.838178042063513474e-19 1.278644744015468802e-19
4.943972978947916999e+03 -3.488694576803211138e-20 1.271797025889807149e-19
4.948978906880972318e+03 1.548837134927987029e-19 1.264096268378539209e-19
4.953984834814028545e+03 3.154417611099528149e-20 1.247342792771004709e-19
4.958990762747083863e+03 1.199784546075402682e-19 1.233324882542271195e-19
4.963996690680139181e+03 1.055175852050412710e-20 1.221139650645119090e-19
4.969002618613195409e+03 -9.721535532044468001e-21 1.209034359769401501e-19
4.974008546546250727e+03 -7.502930397616297901e-20 1.166031049264287005e-19
4.979014474479306955e+03 -6.565347522294483813e-20 1.083710120620575468e-19
4.984020402412362273e+03 3.077391142422222942e-20 1.071359951563931189e-19
4.989026330345418501e+03 2.392471164463079765e-19 1.084900981264997326e-19
4.994032258278473819e+03 -1.384794480394621084e-19 1.100005649517191537e-19
4.999038186211529137e+03 1.724831188184906911e-19 1.059989833315401302e-19
5.004044114144585365e+03 1.368328383961062551e-19 1.027590947444801142e-19
5.009050042077640683e+03 9.956030936207089806e-20 9.850710310694297646e-20
5.014055970010696910e+03 2.185428388803357522e-20 9.252046266604918766e-20
5.019061897943752228e+03 3.465336344911101047e-20 8.948138201850077264e-20
5.024067825876807547e+03 1.435032775683642802e-19 9.014940285177562091e-20
5.029073753809863774e+03 3.424529750303653695e-20 9.200356337733760019e-20
5.034079681742919092e+03 -2.215530943261648801e-19 9.012601522472742390e-20
5.039085609675975320e+03 -3.020972832937377362e-20 8.784991436708906795e-20
5.044091537609030638e+03 5.988624217679376964e-21 8.627854280291920745e-20
5.049097465542086866e+03 4.282712957321535965e-20 8.540554670920838584e-20
5.054103393475142184e+03 7.013060814284080474e-20 8.373052455867247231e-20
5.059109321408197502e+03 1.962296210364970651e-20 8.216564061774678201e-20
5.064115249341253730e+03 8.446896122698001675e-20 7.910854512806163343e-20
5.069121177274309048e+03 6.709063970851361129e-20 7.681109985073010181e-20
5.074127105207365275e+03 8.038761677824093346e-20 7.367741241221539990e-20
5.079133033140420594e+03 7.822506600344238464e-20 7.100294464394313161e-20
5.084138961073476821e+03 4.282327810724296495e-20 7.229212789618567831e-20
5.089144889006532139e+03 8.573851191524914060e-20 7.339184470300233193e-20
5.094150816939587457e+03 -1.600828091559353459e-20 7.478276998297356566e-20
5.099156744872643685e+03 -7.712760847548516150e-20 7.427905425003603185e-20
5.104162672805699003e+03 1.448090350141603223e-19 7.762181830730026020e-20
5.109168600738755231e+03 1.141866845879298493e-19 7.948448265902910652e-20
5.114174528671810549e+03 1.434460839523485208e-19 8.109074900929190854e-20
5.119180456604865867e+03 9.905468995572498574e-20 8.127410496174063574e-20
5.124186384537922095e+03 2.925182345757374412e-20 7.871548140430230496e-20
5.129192312470977413e+03 2.346070162361869222e-20 7.771352055572750721e-20
5.134198240404033641e+03 2.178942431921956548e-19 7.663151934967813260e-20
5.139204168337088959e+03 -9.279651006189004190e-21 7.547394133408261948e-20
5.144210096270145186e+03 9.026658022766569281e-20 7.381577939367138824e-20
5.149216024203200504e+03 9.570425542821202078e-20 7.266044526999782846e-20
5.154221952136255823e+03 1.016138213269317629e-19 7.020413026040110735e-20
5.159227880069312050e+03 1.279773458757086062e-19 6.582308182227399617e-20
5.164233808002367368e+03 -2.888551842146790333e-20 5.982254118636068740e-20
5.169239735935423596e+03 1.330327239390321563e-19 5.616020067324107108e-20
5.174245663868478914e+03 -3.489559495167325123e-20 5.547953317837596235e-20
5.179251591801534232e+03 3.310042290695413217e-20 5.548183488430986525e-20
5.184257519734590460e+03 3.681927916154146555e-20 5.619320017426007435e-20
5.189263447667645778e+03 1.415212763100136120e-19 5.809094807649234681e-20
5.194269375600702006e+03 5.988777381227063288e-20 6.072495937905101939e-20
5.199275303533757324e+03 7.352151424731690252e-20 6.290103911857659601e-20
5.204281231466813551e+03 1.031430212554992339e-19 6.328275750784728782e-20
5.209287159399868870e+03 1.502509516166873533e-19 6.260568774827521591e-20
5.214293087332924188e+03 1.955741596257232980e-19 6.399441181717489360e-20
5.219299015265980415e+03 1.466139735757347941e-19 6.493176043102387908e-20
5.224304943199035733e+03 1.710078876906072465e-19 6.424122773061472924e-20
5.229310871132091961e+03 9.744435592359273648e-20 6.231135699931180191e-20
5.234316799065147279e+03 1.138705350371575176e-19 6.314729167631551157e-20
5.239322726998203507e+03 6.647264250886448098e-20 6.188400374424014684e-20
5.244328654931258825e+03 -2.071284124323238478e-20 6.155667190828076950e-20
5.249334582864314143e+03 4.903788388653522646e-20 6.171955456994696681e-20
5.254340510797370371e+03 1.110015439620825668e-19 6.161669383457786636e-20
5.259346438730425689e+03 1.969654312315290671e-19 5.864046404310355875e-20
5.264352366663481916e+03 1.189555460921026296e-19 5.508610764799757000e-20
5.269358294596537235e+03 8.631736687705775910e-20 5.447742748597956399e-20
5.274364222529593462e+03 5.835030967695039236e-20 5.566027396137819643e-20
5.279370150462648780e+03 9.588051065587013407e-20 5.566897624134582339e-20
5.284376078395704099e+03 7.234056515759684865e-20 5.687802151480356242e-20
5.289382006328760326e+03 -3.053226195107050161e-20 5.848664625943295078e-20
5.294387934261815644e+03 -6.516109356591631473e-20 5.725057468770363898e-20
5.299393862194871872e+03 8.545614299414363217e-20 5.657641988235364393e-20
5.304399790127927190e+03 1.097699006607029207e-19 5.654845966138933180e-20
5.309405718060982508e+03 -6.301734832280722694e-21 5.626676977308748849e-20
5.314411645994038736e+03 5.787150160072069488e-20 5.543144303447461811e-20
5.319417573927094054e+03 7.875316770624109269e-20 5.425205502602351440e-20
5.324423501860150282e+03 -4.517169045971180524e-20 5.338542855932623789e-20
5.329429429793205600e+03 6.494450204505142211e-20 5.400331331839075071e-20
5.334435357726260918e+03 -3.727474883201445211e-20 5.404266489916828941e-20
5.339441285659317145e+03 3.246381413431547610e-20 5.415622301822969425e-20
5.344447213592372464e+03 1.170057060534130415e-19 5.481748790766326557e-20
5.349453141525428691e+03 -9.120885058391492381e-20 5.522221496907927442e-20
5.354459069458484009e+03 1.173085309532028747e-19 5.559019921815506019e-20
5.359464997391540237e+03 -2.867649577770762140e-20 5.494892927392304675e-20
5.364470925324595555e+03 4.539501017106679277e-20 5.487099567101788925e-20
5.369476853257650873e+03 -4.542364628511945464e-20 5.504454023528015346e-20
5.374482781190707101e+03 1.247870576488573563e-20 5.647541623395780900e-20
5.379488709123762419e+03 1.553458341733392193e-19 5.699677734597605489e-20
5.384494637056818647e+03 4.961128189119299234e-20 5.633054152387615326e-20
5.389500564989873965e+03 1.614814704948052728e-19 5.590868590052465228e-20
5.394506492922930192e+03 -8.328551643474268248e-20 5.407594419548049698e-20
5.399512420855985511e+03 6.798029980552234731e-20 5.293395674134280112e-20
5.404518348789040829e+03 2.823195046685366114e-20 5.207213609232757834e-20
5.409524276722097056e+03 1.222657788023779453e-19 5.176437562978665967e-20
5.414530204655152374e+03 1.063656676835449611e-19 5.137347728207137425e-20
5.419536132588208602e+03 -2.973958203079199668e-20 5.085755879729739731e-20
5.424542060521263920e+03 -1.110543721131370940e-19 4.955349111397671869e-20
5.429547988454320148e+03 3.119886042339421480e-20 4.916202441321432046e-20
5.434553916387375466e+03 2.186336112792782160e-20 4.881457271000945105e-20
5.439559844320430784e+03 8.541162010975108875e-20 4.908166399484661987e-20
5.444565772253487012e+03 1.016961596540816507e-19 4.889515567929543058e-20
5.449571700186542330e+03 1.181711396735116979e-19 4.897211940952997318e-20
5.454577628119598558e+03 8.546792516241010777e-20 5.009906693820000619e-20
5.459583556052653876e+03 7.162293078729796747e-20 5.094525246577735424e-20
5.464589483985709194e+03 1.501116302825905910e-19 5.160602513753184361e-20
5.469595411918765421e+03 1.652586510174588052e-19 5.132500258141316592e-20
5.474601339851820740e+03 1.275201030648448771e-19 5.216621864122264063e-20
5.479607267784876967e+03 1.514749979147533240e-19 5.327771813073668627e-20
5.484613195717932285e+03 2.269449414725599073e-20 5.498867921947604245e-20
5.489619123650987603e+03 5.770555332035322898e-20 5.673118783661595555e-20
5.494625051584043831e+03 1.186062689299976991e-20 5.812641089800815507e-20
5.499630979517099149e+03 1.868741751923833816e-19 5.904234240099069255e-20
5.504636907450155377e+03 1.292410384803135609e-19 5.884961567938790406e-20
5.509642835383210695e+03 5.397629983319333377e-20 5.696119681301314488e-20
5.514648763316266923e+03 1.316820207119377769e-19 5.478665608803533815e-20
5.519654691249322241e+03 1.288509512525133532e-20 5.234441026407039037e-20
5.524660619182377559e+03 1.044984722407091001e-19 5.071615276361327515e-20
5.529666547115433787e+03 1.742468500158020954e-19 4.896671418275848817e-20
5.534672475048489105e+03 8.626613019214182373e-20 4.848259452246465965e-20
5.539678402981545332e+03 5.610093815465625305e-20 4.917548225065408393e-20
5.544684330914600650e+03 3.253969124461271660e-20 4.883475719794537123e-20
5.549690258847656878e+03 4.779916155145140423e-20 4.708002536064513507e-20
5.554696186780712196e+03 2.724305934407675058e-20 4.590842957167278209e-20
5.559702114713767514e+03 -5.586047330035529972e-20 4.748614688125727112e-20
5.564708042646823742e+03 6.047489669496339917e-20 5.016953083045249804e-20
5.569713970579879060e+03 2.865891685873061473e-20 1.244452018446011572e-19
5.574719898512935288e+03 -6.006939477943164638e-20 1.984209416243668427e-19
5.579725826445990606e+03 3.446268013531405599e-20 1.945372290750882545e-19
5.584731754379046833e+03 1.030834938821323526e-19 9.649264917615827076e-20
5.589737682312102152e+03 2.969760719883498145e-20 4.741769375506139224e-20
5.594743610245157470e+03 -2.828823542161949952e-20 4.681327783156501693e-20
5.599749538178213697e+03 6.076896108120056098e-20 4.778713826150176792e-20
5.604755466111269016e+03 9.802483323498264454e-20 4.804338190224117493e-20
5.609761394044325243e+03 2.003842785436319426e-19 4.752642023108332621e-20
5.614767321977380561e+03 3.473085134343337653e-20 4.675449205539578562e-20
5.619773249910436789e+03 1.956693588343678771e-19 4.824050248895750039e-20
5.624779177843492107e+03 8.898193268857207046e-20 4.858465260861553776e-20
5.629785105776547425e+03 -5.137149967490293077e-20 4.805031381233167151e-20
5.634791033709603653e+03 -5.871144404076100402e-20 4.797729494461721118e-20
5.639796961642658971e+03 5.528798504931836239e-20 4.837508779726712402e-20
5.644802889575714289e+03 -1.957289659555206914e-20 4.784056242204334794e-20
5.649808817508770517e+03 2.030047274748090805e-20 4.686586662768484754e-20
5.654814745441825835e+03 -8.371334941628493407e-21 4.532301848463171691e-20
5.659820673374882062e+03 7.745344627721172891e-20 4.544659709940300841e-20
5.664826601307937381e+03 -4.573415374749509454e-20 4.567464869001273424e-20
5.669832529240993608e+03 6.175767523062247153e-21 4.566028693924099005e-20
5.674838457174048926e+03 1.119952429744618041e-19 4.542764004867583628e-20
5.679844385107104245e+03 9.580823713237836367e-20 4.492228530524937764e-20
5.684850313040160472e+03 5.830047327786815769e-20 4.484409736957989075e-20
5.689856240973215790e+03 4.827332446021373887e-20 4.534453527113508809e-20
5.694862168906272018e+03 1.739489683712103804e-19 4.617201402107157795e-20
5.699868096839327336e+03 2.650268161407861751e-20 4.583748555551856701e-20
5.704874024772383564e+03 5.730773342081671880e-20 4.550232003114955366e-20
5.709879952705438882e+03 1.436951638945592212e-20 4.504715310002914474e-20
5.714885880638494200e+03 9.132836969244357284e-20 4.537337468243494676e-20
5.719891808571550428e+03 -3.026708177129621099e-20 4.573829510169395896e-20
5.724897736504605746e+03 1.377122799279184649e-20 4.618240345842566946e-20
5.729903664437661973e+03 5.119704100785441242e-21 4.601785890510575660e-20
5.734909592370717291e+03 9.964357810405304766e-20 4.620143971353795375e-20
5.739915520303773519e+03 6.201653574901246397e-20 4.654175466101804304e-20
5.744921448236828837e+03 2.919020009799832467e-20 4.714887625670817040e-20
5.749927376169884155e+03 6.048437566783499280e-20 4.822870186623775884e-20
5.754933304102940383e+03 7.500379662499197476e-20 5.033070073115525836e-20
5.759939232035995701e+03 8.088371551973470423e-20 5.191400164675830205e-20
5.764945159969051929e+03 1.673174845173067624e-20 5.231839061795698093e-20
5.769951087902107247e+03 7.168276920920731032e-20 5.207852128731186857e-20
5.774957015835163475e+03 3.386057843331032651e-20 5.140588225963718967e-20
5.779962943768218793e+03 -8.263814263726531740e-21 5.065814085681251782e-20
5.784968871701274111e+03 -8.246060579557431125e-21 5.091020442658219853e-20
5.789974799634330338e+03 1.255732238391611662e-19 5.128787462119468009e-20
5.794980727567385657e+03 1.192354976804931687e-20 5.125347055490134890e-20
5.799986655500441884e+03 1.291078835694304474e-19 5.180956933548950619e-20
5.804992583433497202e+03 8.354352125636439375e-20 5.188357158694145704e-20
5.809998511366552520e+03 7.302881762396360142e-20 5.259909123438396013e-20
5.815004439299608748e+03 3.027598148124496999e-20 5.335171843086475271e-20
5.820010367232664066e+03 4.407076301160200480e-20 5.276877601000856901e-20
5.825016295165720294e+03 2.501332019390919008e-20 5.113665299380029186e-20
5.830022223098775612e+03 7.062121911665120185e-20 5.011516921004410851e-20
5.835028151031830930e+03 9.055723365418387678e-20 4.868966626106648928e-20
5.840034078964887158e+03 6.066528261473371748e-20 4.784483588435547273e-20
5.845040006897942476e+03 1.062481511530804222e-19 4.724717977214096416e-20
5.850045934830998704e+03 1.167598690713772015e-19 4.692505673284270102e-20
5.855051862764054022e+03 -1.668774421049530836e-20 4.674824258194163174e-20
5.860057790697110249e+03 -2.290073654186488029e-20 5.023133018464801715e-20
5.865063718630165567e+03 2.957992000279582681e-20 5.483370992142200760e-20
5.870069646563220886e+03 7.320928192004054246e-20 5.513891130829388325e-20
5.875075574496277113e+03 1.428974731528794570e-19 5.091599213036396934e-20
5.880081502429332431e+03 9.617647106786130641e-20 5.580831627698972042e-20
5.885087430362388659e+03 4.176958009566985202e-20 8.872450920050740311e-20
5.890093358295443977e+03 -2.320282730558563699e-20 1.043387775951352855e-19
5.895099286228500205e+03 1.912610511212851345e-19 9.385626856842073434e-20
5.900105214161555523e+03 -1.217335304130017723e-19 6.990674653778247352e-20
5.905111142094610841e+03 8.903686210335190665e-20 5.334274034842542148e-20
5.910117070027667069e+03 1.455579973125919617e-19 5.563196331259054844e-20
5.915122997960722387e+03 4.330337627571784975e-20 5.491639451990382903e-20
5.920128925893778614e+03 2.248096860339498560e-20 5.404753064106427529e-20
5.925134853826833933e+03 -3.544192179786642623e-20 5.341865738776392225e-20
5.930140781759890160e+03 1.340302373201625649e-19 5.566246971903836557e-20
5.935146709692945478e+03 1.517195178277384492e-19 5.434562638339626546e-20
5.940152637626000796e+03 5.445552811237094026e-20 5.139492405695476217e-20
5.945158565559057024e+03 1.245752604085436680e-19 5.304716756634809528e-20
5.950164493492112342e+03 1.347064374319116888e-19 5.596318667617574401e-20
5.955170421425167660e+03 1.084193482405459303e-19 5.362516528768786620e-20
5.960176349358223888e+03 9.523689090377752136e-20 4.873072407377196805e-20
5.965182277291280116e+03 1.298287015064950806e-19 4.777497075040919457e-20
5.970188205224335434e+03 9.290763241721384645e-21 4.834339336285888502e-20
5.975194133157390752e+03 1.111791032120727770e-20 4.836904681278128467e-20
5.980200061090446980e+03 5.568852467480180106e-20 4.688308631497485229e-20
5.985205989023502298e+03 9.719002746060582388e-20 4.441154540923808415e-20
5.990211916956557616e+03 7.467842530678080596e-20 4.378573965760151925e-20
5.995217844889613843e+03 5.573273201320817954e-20 4.418348555980241513e-20
6.000223772822669162e+03 6.941331195659641644e-20 4.519157136802015241e-20
6.005229700755725389e+03 2.904577533780323811e-20 4.382585165274950848e-20
6.010235628688780707e+03 4.043822359200973376e-20 4.215596278375695486e-20
6.015241556621836935e+03 2.216799015591821677e-20 4.123045795322470552e-20
6.020247484554892253e+03 1.554177394095270205e-19 4.072174394475590984e-20
6.025253412487947571e+03 5.365498450959616977e-20 4.036728653409517459e-20
6.030259340421003799e+03 8.787465249537994453e-20 4.033983165130436019e-20
6.035265268354059117e+03 5.080600612542545145e-20 3.950908291658854935e-20
6.040271196287115345e+03 6.999259739437185366e-20 3.802278373447765484e-20
6.045277124220170663e+03 4.550622911508582728e-20 3.704662552166971144e-20
6.050283052153226890e+03 1.191695515875025604e-19 3.648834080489849006e-20
6.055288980086282209e+03 1.175993636439533647e-19 3.624976245026750438e-20
6.060294908019337527e+03 1.460276305761718620e-19 3.611996008110718583e-20
6.065300835952393754e+03 8.351912621521400333e-20 3.595292545393039373e-20
6.070306763885449072e+03 6.404113066536662886e-20 3.496481763844862720e-20
6.075312691818505300e+03 1.027314319764391092e-19 3.420907072872933088e-20
6.080318619751560618e+03 5.964068172002549062e-20 3.358218953486549641e-20
6.085324547684616846e+03 3.948638260741207420e-20 3.311394650170048651e-20
6.090330475617672164e+03 4.169750523910769595e-20 3.340577511946744461e-20
6.095336403550727482e+03 7.857520182992047566e-20 3.372522956707383220e-20
6.100342331483783710e+03 4.513703948670005348e-20 3.424617427485844836e-20
6.105348259416839028e+03 4.301126387146764861e-20 3.449048393076736523e-20
6.110354187349894346e+03 2.565292267497346067e-20 3.484369205113812024e-20
6.115360115282950574e+03 -1.978285621871783865e-20 3.460225356215230626e-20
6.120366043216006801e+03 -1.367807607796717596e-20 3.425720936519477128e-20
6.125371971149062119e+03 2.673692116188374906e-20 3.440122407297757010e-20
6.130377899082117438e+03 1.422631945371265224e-20 3.562846994333776758e-20
6.135383827015173665e+03 1.443494038863982891e-19 3.777711955821897900e-20
6.140389754948228983e+03 1.116454222104017061e-19 3.955741004561808448e-20
6.145395682881284301e+03 -4.311461242928255987e-21 3.845768478686125233e-20
6.150401610814340529e+03 3.443794113948673596e-20 3.627071673782554265e-20
6.155407538747396757e+03 5.667418039097231640e-20 3.471955426722344857e-20
6.160413466680452075e+03 -2.315628994396253930e-20 3.390760180018023254e-20
6.165419394613507393e+03 2.290632606623226972e-20 3.584656495452371373e-20
6.170425322546563621e+03 1.477027627871106318e-19 3.662329888431909485e-20
6.175431250479618939e+03 5.140546866135279651e-20 3.505470413274157855e-20
6.180437178412674257e+03 7.030363676989316462e-20 3.365642375347549219e-20
6.185443106345730484e+03 1.658419901436910720e-19 3.347815456987301346e-20
6.190449034278785803e+03 7.456044992335850357e-20 3.319362181658886244e-20
6.195454962211842030e+03 1.128701201629875235e-19 3.361737557689211647e-20
6.200460890144897348e+03 7.914217627053440567e-20 3.423146686252680249e-20
6.205466818077953576e+03 1.021843470542534729e-19 3.404212914413288180e-20
6.210472746011008894e+03 1.534756186801067117e-20 3.284387073900701326e-20
6.215478673944064212e+03 7.751139438062974909e-20 3.424163540234345189e-20
6.220484601877120440e+03 1.348749636392003166e-20 3.445936631804657139e-20
6.225490529810175758e+03 4.826593604509467217e-20 3.523572539772884925e-20
6.230496457743231986e+03 7.166860369304211605e-20 4.205195732007251864e-20
6.235502385676287304e+03 2.884613851286939229e-20 4.632434067285484286e-20
6.240508313609343531e+03 7.923987294478434300e-20 4.401732406877953519e-20
6.245514241542398850e+03 2.854390786581808762e-20 3.794969571996255876e-20
6.250520169475454168e+03 3.857508987237866869e-20 3.991484325071150339e-20
6.255526097408510395e+03 5.846851033405749040e-20 4.551865561841443814e-20
6.260532025341565713e+03 5.108030609311243174e-20 4.850008517463756344e-20
6.265537953274621032e+03 6.288393933410902008e-21 4.323077594249637645e-20
6.270543881207677259e+03 1.301609477356479285e-19 4.185055167128432147e-20
6.275549809140733487e+03 -1.092722411143496744e-20 4.004799032571492652e-20
6.280555737073788805e+03 -4.049970931688806728e-21 4.308216914028470007e-20
6.285561665006844123e+03 4.770013117280435995e-20 4.500421083808453535e-20
6.290567592939900351e+03 -2.806574548902301661e-20 5.061968308123498352e-20
6.295573520872955669e+03 -7.168850134158501032e-20 7.539204003047131662e-20
6.300579448806010987e+03 -7.343686584110629595e-20 7.971794254592566081e-20
6.305585376739067215e+03 1.185932096163119551e-19 6.273733645772095011e-20
6.310591304672123442e+03 4.040193172921741427e-20 4.086412812617788508e-20
6.315597232605178760e+03 -2.233595440114615917e-20 3.619753305673085357e-20
6.320603160538234079e+03 4.704583816194721574e-20 3.748272338759758325e-20
6.325609088471290306e+03 -6.084641882732616541e-21 4.146415869577974370e-20
6.330615016404345624e+03 -6.170271538611566430e-20 3.966247701374250114e-20
6.335620944337400942e+03 8.318092995066569882e-20 3.493772617438204359e-20
6.340626872270457170e+03 5.356519165575390611e-20 3.277758027797553644e-20
6.345632800203512488e+03 -3.893687002356018290e-20 3.401463407406557203e-20
6.350638728136568716e+03 1.670768605580381981e-21 3.708338469350211867e-20
6.355644656069624034e+03 5.913747339275771005e-20 4.174895163790571322e-20
6.360650584002680262e+03 6.388419176590818331e-20 4.962883088352481388e-20
6.365656511935735580e+03 -1.462114013116598483e-20 4.729981012643865377e-20
6.370662439868790898e+03 -1.277461315300293940e-20 3.651028114472259276e-20
6.375668367801847126e+03 6.169524294835189092e-20 3.385656901764849271e-20
6.380674295734902444e+03 3.592296738761453237e-20 3.650271911465819253e-20
6.385680223667958671e+03 5.740975870261645004e-20 3.691252128674775928e-20
6.390686151601013989e+03 3.738901155978056823e-20 3.554209726217952226e-20
6.395692079534070217e+03 1.021204510601949946e-20 3.426747968803541131e-20
6.400698007467125535e+03 3.193199977853776885e-20 3.405003288090516384e-20
6.405703935400180853e+03 3.805238055875739098e-20 3.383554044583520168e-20
6.410709863333237081e+03 1.587790065122110985e-19 3.379899568064538680e-20
6.415715791266292399e+03 1.021338811199144685e-19 3.396381079333941188e-20
6.420721719199348627e+03 4.130443816513279113e-20 3.273951116755924631e-20
6.425727647132403945e+03 1.084431833367943895e-19 3.129019526512407909e-20
6.430733575065460172e+03 7.344196839042286442e-20 3.003902264610507719e-20
6.435739502998515491e+03 9.110043427023070419e-20 2.952589120101808519e-20
6.440745430931570809e+03 1.204647928300472907e-19 2.925929548338502647e-20
6.445751358864627036e+03 1.198168147037673250e-19 2.943453579032776664e-20
6.450757286797682355e+03 1.159065635537155795e-19 2.995690155981620329e-20
6.455763214730737673e+03 1.119193115836393469e-19 3.127544516789540432e-20
6.460769142663793900e+03 1.152000021591301331e-19 3.548019704306603787e-20
6.465775070596850128e+03 3.287981214023649686e-20 3.847222948711218530e-20
6.470780998529905446e+03 7.317742794943038140e-20 3.645831729942411877e-20
6.475786926462960764e+03 7.259251454705128978e-20 3.233609651437727700e-20
6.480792854396016992e+03 7.764950188920229704e-20 2.940019926215422579e-20
6.485798782329072310e+03 1.036060508720467373e-19 2.824680532208956534e-20
6.490804710262127628e+03 9.458766090061258120e-20 3.238115329246061418e-20
6.495810638195183856e+03 1.272365788800122447e-19 3.934944415520882307e-20
6.500816566128239174e+03 2.171888749734459788e-19 4.142227795021700588e-20
6.505822494061295401e+03 1.056017231921885630e-19 3.537955120244199543e-20
6.510828421994350720e+03 1.043757703770061998e-19 3.215108199015485332e-20
6.515834349927406947e+03 1.049030845226833128e-19 3.287070894221455725e-20
6.520840277860462265e+03 1.281053906950332004e-19 3.403548555342204266e-20
6.525846205793517584e+03 8.904859634045186904e-20 3.857721656470117482e-20
6.530852133726573811e+03 9.661858084325244314e-20 4.030924243779985975e-20
6.535858061659629129e+03 4.626457298603788307e-20 4.004883931513517538e-20
6.540863989592685357e+03 1.258443302001816323e-19 3.916770955555376718e-20
6.545869917525740675e+03 1.223366097175356265e-19 4.760916420172951543e-20
6.550875845458796903e+03 1.341134883762985102e-19 4.468002779989839213e-20
6.555881773391852221e+03 5.092579509974380812e-20 3.596450036825206409e-20
6.560887701324907539e+03 6.186235082099315769e-20 2.871112009582185343e-20
6.565893629257963767e+03 8.165873482742557109e-20 2.991860042919214595e-20
6.570899557191019085e+03 3.831235323260521143e-20 3.307709496777894685e-20
6.575905485124075312e+03 3.166659232969765209e-20 3.458905520635984915e-20
6.580911413057130630e+03 5.349031845081940514e-20 3.271167915820636910e-20
6.585917340990186858e+03 3.628795586309388214e-20 2.783113146819354429e-20
6.590923268923242176e+03 2.646834000734082026e-20 2.838611222758370654e-20
6.595929196856297494e+03 1.015101374034928010e-19 2.988718946368924061e-20
6.600935124789353722e+03 1.512689692400348647e-19 3.142224183398300426e-20
6.605941052722409040e+03 1.022440071680739224e-19 3.027603372910461501e-20
6.610946980655464358e+03 1.438315669273555438e-19 2.751310285183850108e-20
6.615952908588520586e+03 1.179080399989618665e-19 2.665833618971277894e-20
6.620958836521576814e+03 1.419217811622868425e-19 2.759567928150142919e-20
6.625964764454632132e+03 1.404050901005268522e-19 2.901854545144104271e-20
6.630970692387687450e+03 1.061580120577800705e-19 3.033904838398784353e-20
6.635976620320743677e+03 1.452469144292719891e-19 2.968901339194625534e-20
6.640982548253798996e+03 1.229593245334445025e-19 2.857899226223720284e-20
6.645988476186854314e+03 1.378922434618668510e-19 2.859167602142591622e-20
6.650994404119910541e+03 1.461852517909662559e-19 2.933297080140928992e-20
6.656000332052965859e+03 1.321269489177836618e-19 2.981686989209028323e-20
6.661006259986022087e+03 1.209487606844067815e-19 3.001662974112866985e-20
6.666012187919077405e+03 9.495243339480575404e-20 2.933639123148053835e-20
6.671018115852133633e+03 1.519244292891860918e-19 2.841901707432080258e-20
6.676024043785188951e+03 1.197441617289129897e-19 2.715795724950609115e-20
6.681029971718244269e+03 1.020171368908315853e-19 2.672591235973829393e-20
6.686035899651300497e+03 1.151174690119146395e-19 2.604881404075381394e-20
6.691041827584355815e+03 1.022604415910230210e-19 2.592797948068765536e-20
6.696047755517412043e+03 9.581205877526175504e-20 2.605072365575404053e-20
6.701053683450467361e+03 9.762487176172805822e-20 2.609261904365416645e-20
6.706059611383523588e+03 1.432156321672826768e-19 2.561066853371367021e-20
6.711065539316578906e+03 9.158671569703664352e-20 2.539094667709801803e-20
6.716071467249634225e+03 1.180583955372408444e-19 2.507371960474576334e-20
6.721077395182690452e+03 1.007610213411744123e-19 2.469573449723133314e-20
6.726083323115745770e+03 1.018342807501363110e-19 2.454383762213480334e-20
6.731089251048801998e+03 1.311263280779595917e-19 2.460418727180868837e-20
6.736095178981857316e+03 1.836346058787205208e-19 2.476855236394090097e-20
6.741101106914913544e+03 8.193732866974916379e-20 2.501454792909550500e-20
6.746107034847968862e+03 7.042743515762553004e-20 2.492079895955261259e-20
6.751112962781024180e+03 1.571348872363978618e-19 2.480202831785210354e-20
6.756118890714080408e+03 1.419606035815513357e-19 2.483336590683486539e-20
6.761124818647135726e+03 1.227228357794696629e-19 2.503480500425543338e-20
6.766130746580191044e+03 6.112547062896616157e-20 2.532161360599805871e-20
6.771136674513247272e+03 7.747286186181925021e-20 2.550838448947573371e-20
6.776142602446303499e+03 9.878052887117614684e-20 2.599092565583052282e-20
6.781148530379358817e+03 1.441085520152967995e-19 2.686618818541323488e-20
6.786154458312414135e+03 1.176107033561400037e-19 2.674060146120798596e-20
6.791160386245470363e+03 8.936295596530440319e-20 2.599428831057858250e-20
6.796166314178525681e+03 9.477385135648365857e-20 2.522044854241003675e-20
6.801172242111580999e+03 7.658862510811354110e-20 2.478252543455018220e-20
6.806178170044637227e+03 9.576554145889420756e-20 2.458097818102113329e-20
6.811184097977693455e+03 2.592683145850681730e-20 2.412220993262447089e-20
6.816190025910748773e+03 9.459051068385040351e-20 2.417974908277958676e-20
6.821195953843804091e+03 9.310301029179897870e-20 3.121472121331990292e-20
6.826201881776860318e+03 1.761969808717815825e-19 4.146834338778497894e-20
6.831207809709915637e+03 1.509987322627512809e-19 4.496776335717539019e-20
6.836213737642970955e+03 1.637308954988255158e-19 3.843799941514306440e-20
6.841219665576027182e+03 1.633061441100236467e-19 2.950267107087416195e-20
6.846225593509082501e+03 1.574455861656861570e-19 2.621393416918525477e-20
6.851231521442138728e+03 1.674479701433833060e-19 2.429716532202234672e-20
6.856237449375194046e+03 1.921162653145140461e-19 3.311560090700253963e-20
6.861243377308250274e+03 2.104791253006985620e-19 4.938903524789826465e-20
6.866249305241305592e+03 1.828178009413760129e-19 5.596502926176310047e-20
6.871255233174360910e+03 1.547674738389502496e-19 4.071735825327032719e-20
6.876261161107417138e+03 1.383645250584551043e-19 3.562336734190456584e-20
6.881267089040473365e+03 1.012590234229163322e-19 3.575845477812394499e-20
6.886273016973527774e+03 2.966747745988690679e-20 3.871240842064476091e-20
6.891278944906584002e+03 6.242618526855641819e-20 3.760259193663671876e-20
6.896284872839640229e+03 1.517113998036297710e-19 3.858835851189774023e-20
6.901290800772695547e+03 1.616898233474182728e-19 3.800112826695754270e-20
6.906296728705750866e+03 1.414058377429670020e-19 3.947159045445387729e-20
6.911302656638807093e+03 9.438727019513904642e-20 3.851366341565341938e-20
6.916308584571862411e+03 1.748831003107215709e-19 4.440437784504997805e-20
6.921314512504917730e+03 1.420352514114482615e-19 4.368838659838207508e-20
6.926320440437973957e+03 1.470212204844559976e-19 3.855295604962972274e-20
6.931326368371030185e+03 1.313001897460232388e-19 2.913697995547826387e-20
6.936332296304085503e+03 1.987933132568272435e-19 3.163463620871048530e-20
6.941338224237140821e+03 2.066870486833633975e-19 3.655652276664843267e-20
6.946344152170197049e+03 1.759583110290278657e-19 3.853233577569308870e-20
6.951350080103252367e+03 6.239929084589466095e-20 3.657951020381295672e-20
6.956356008036307685e+03 1.359639761877310664e-19 2.641074587111569400e-20
6.961361935969363913e+03 9.582185153372033498e-20 2.567253342815788123e-20
6.966367863902420140e+03 9.670000866291444929e-20 2.816665855070642160e-20
6.971373791835475458e+03 1.358615918675122999e-19 3.213154202766325174e-20
6.976379719768530776e+03 1.794384111726616342e-20 3.239144894009150144e-20
6.981385647701587004e+03 3.229264460873421543e-21 3.071543521316891867e-20
6.986391575634642322e+03 4.973023767353200463e-20 2.448402957480668210e-20
6.991397503567697640e+03 8.886050505698345836e-20 2.368036504143034514e-20
6.996403431500753868e+03 1.137716443260125818e-19 2.492230402408619447e-20
7.001409359433810096e+03 4.765627706497530372e-20 2.636113445396227841e-20
7.006415287366865414e+03 9.339608911533105589e-20 2.929253750098881897e-20
7.011421215299920732e+03 8.746504196336364721e-20 2.825084686834284578e-20
7.016427143232976960e+03 7.922081788951711220e-20 2.600704089486364511e-20
7.021433071166032278e+03 1.051698045922118448e-19 2.392736479159369464e-20
7.026438999099087596e+03 1.364972616764423628e-19 2.511688203006469527e-20
7.031444927032143823e+03 1.758271226539584675e-19 2.584956034107681413e-20
7.036450854965200051e+03 1.164616265176167109e-19 2.723667953765480685e-20
7.041456782898254460e+03 1.263744416078423317e-19 3.004159759141951656e-20
7.046462710831310687e+03 9.224591067796784441e-20 3.165491873096497628e-20
7.051468638764366915e+03 1.236155941971319179e-19 3.030123357111533060e-20
7.056474566697422233e+03 1.138586785165222073e-19 2.692443131456528080e-20
7.061480494630477551e+03 1.159715041459870649e-19 2.654991885170875841e-20
7.066486422563533779e+03 8.244549169213566625e-20 2.699793102125674641e-20
7.071492350496589097e+03 4.404359972116112366e-20 2.636822170826579698e-20
7.076498278429644415e+03 9.471508378356199407e-20 2.626799615379493483e-20
7.081504206362700643e+03 9.844093141355553107e-20 2.660365460392753256e-20
7.086510134295756870e+03 1.301284650702665394e-19 2.669508529114209623e-20
7.091516062228812189e+03 1.359841890213688402e-19 2.561586254548095257e-20
7.096521990161867507e+03 1.299027072504019893e-19 2.388552307230032558e-20
7.101527918094923734e+03 8.874411640923491564e-20 2.339726593716502832e-20
7.106533846027979052e+03 9.847029332362749685e-20 2.352692588140184817e-20
7.111539773961034371e+03 1.214309808588659342e-19 2.352904247090612705e-20
7.116545701894090598e+03 1.234339830693622815e-19 2.357688071623299515e-20
7.121551629827146826e+03 1.183990507567272007e-19 2.407654194501561041e-20
7.126557557760202144e+03 8.663489356973415903e-20 2.515051596592438967e-20
7.131563485693257462e+03 1.017137261160139332e-19 2.545339727544698640e-20
7.136569413626313690e+03 1.440471607587956836e-19 2.613691165011989021e-20
7.141575341559369008e+03 1.168694752132663455e-19 2.775259001959359694e-20
7.146581269492424326e+03 1.127864918932512223e-19 2.818960952921465969e-20
7.151587197425480554e+03 1.382828607573336489e-19 2.684634913666837602e-20
7.156593125358536781e+03 1.003408344347145279e-19 2.698066059418394603e-20
7.161599053291592099e+03 1.322190459085775756e-19 2.795514538510348080e-20
7.166604981224647418e+03 8.615419198375816272e-20 2.815674606350699609e-20
7.171610909157703645e+03 1.120046669536557264e-19 2.773754135371925229e-20
7.176616837090758963e+03 1.026663295130222956e-19 2.702674978823972113e-20
7.181622765023814281e+03 1.270678460116343477e-19 2.552490928557679493e-20
7.186628692956870509e+03 6.842154105008300730e-20 2.365524010416360104e-20
7.191634620889926737e+03 7.660600005475882156e-20 2.279674922708896278e-20
7.196640548822981145e+03 1.192595831335651370e-19 2.267495290140311975e-20
7.201646476756037373e+03 1.842236378717317329e-19 2.255273807306413668e-20
7.206652404689093601e+03 9.761394922946767897e-20 2.219051093236894378e-20
7.211658332622148919e+03 1.178539087917225790e-19 2.202773296747624304e-20
7.216664260555204237e+03 7.675107369950451276e-20 2.266977667466725936e-20
7.221670188488260465e+03 1.061152985705799386e-19 2.357576430277447503e-20
7.226676116421315783e+03 1.463406983307952125e-19 2.457365388238594916e-20
7.231682044354371101e+03 1.962191456055736037e-19 3.346512101948666476e-20
7.236687972287427328e+03 2.423465477306661962e-19 5.303517536813220747e-20
7.241693900220483556e+03 9.493571642215196143e-20 6.360409424805839185e-20
7.246699828153538874e+03 1.525043199042052636e-19 5.576436168516387843e-20
7.251705756086594192e+03 6.305500890777902902e-20 3.986925607494330577e-20
7.256711684019650420e+03 1.067774685762263546e-19 3.226787855731539113e-20
7.261717611952705738e+03 8.371484871580504325e-20 2.795698734187135810e-20
7.266723539885761056e+03 8.645765368551689531e-20 3.269607702086608112e-20
7.271729467818817284e+03 2.858078659294447657e-19 5.819462788197611566e-20
7.276735395751873511e+03 2.386282905108395667e-19 6.473453389816767199e-20
7.281741323684928830e+03 1.512355612381254846e-19 5.792401425709945402e-20
7.286747251617984148e+03 2.117733300222776242e-20 4.476864536005468321e-20
7.291753179551040375e+03 9.650733344642584219e-20 3.661977948133818670e-20
7.296759107484095694e+03 6.921071499759895083e-20 3.860788928792760709e-20
7.301765035417151012e+03 5.917965016769621169e-20 3.898111554075155908e-20
7.306770963350207239e+03 9.689164743010063370e-20 4.026170136990845391e-20
7.311776891283263467e+03 1.173974695054242871e-19 5.197005823169101429e-20
7.316782819216318785e+03 5.201198397633320399e-20 5.165398150427366076e-20
7.321788747149374103e+03 1.781386049598093015e-19 4.286728651244926149e-20
7.326794675082430331e+03 2.469479583447288828e-19 3.776618503198412843e-20
7.331800603015485649e+03 1.275254987200826355e-19 4.182200187573073112e-20
7.336806530948540967e+03 6.671031492311213843e-20 5.235690070001524876e-20
7.341812458881597195e+03 2.191038520056612115e-19 5.222952814496486009e-20
7.346818386814653422e+03 1.747013808162130991e-19 3.835753807846006397e-20
7.351824314747707831e+03 8.628509392692386394e-20 3.203431305954992560e-20
7.356830242680764059e+03 1.198134668930211420e-19 3.641396536868732184e-20
7.361836170613820286e+03 9.544965639740338574e-20 4.331791899286582645e-20
7.366842098546875604e+03 1.008933080659672692e-19 4.871091320320761604e-20
7.371848026479930923e+03 1.488153395390381000e-19 4.752004884943984600e-20
7.376853954412987150e+03 9.825397673843771706e-20 3.042905063603054430e-20
7.381859882346043378e+03 1.247304711641061467e-19 2.542494701593304279e-20
7.386865810279097786e+03 3.085250535280351722e-20 3.290277498478798564e-20
7.391871738212154014e+03 1.066418823899189317e-19 3.629716760186946334e-20
7.396877666145210242e+03 6.694138292825229127e-20 4.581773779345241848e-20
7.401883594078265560e+03 1.696178778631407408e-19 4.450801470773850259e-20
7.406889522011320878e+03 1.443634185610274009e-19 3.808440726033092030e-20
7.411895449944377106e+03 6.188942762040040685e-20 2.751539833317296864e-20
7.416901377877432424e+03 1.460224560513476580e-19 2.780312921279208731e-20
7.421907305810487742e+03 1.127369108136197035e-19 2.959687652148556940e-20
7.426913233743543969e+03 9.598858850773897014e-20 3.285247239437878146e-20
7.431919161676600197e+03 6.727433205887102681e-20 3.822975318867017686e-20
7.436925089609655515e+03 1.438205017991976051e-19 3.713575082966653868e-20
7.441931017542710833e+03 1.356659945211357902e-19 3.358145710174508722e-20
7.446936945475767061e+03 1.030996089028310606e-19 2.445325972569257563e-20
7.451942873408822379e+03 8.289393059639932584e-20 2.377553334929380455e-20
7.456948801341877697e+03 1.283805045031669170e-19 2.610777357970230390e-20
7.461954729274933925e+03 1.313598892142025476e-19 2.972454760930686144e-20
7.466960657207990153e+03 1.214735068356092367e-19 3.498136404215065009e-20
7.471966585141045471e+03 1.195562478763006217e-19 3.714717997894231591e-20
7.476972513074100789e+03 6.059242558262447322e-20 4.001186319540523180e-20
7.481978441007157016e+03 1.878995717878854121e-19 3.753325923590019864e-20
7.486984368940212335e+03 1.728087355120799006e-19 3.295942098298151726e-20
7.491990296873267653e+03 8.988465956811516596e-20 2.719345741317540008e-20
7.496996224806323880e+03 1.374952165019076341e-19 2.632279644605622623e-20
7.502002152739380108e+03 1.452038535404668772e-19 2.411179232085841788e-20
7.507008080672435426e+03 1.117984130939953270e-19 2.384777909185472704e-20
7.512014008605490744e+03 1.170221852404381397e-19 2.612916610698638406e-20
7.517019936538546972e+03 1.468112211665714535e-19 3.935471903176186141e-20
7.522025864471602290e+03 7.339103383323875045e-20 4.970325918467529337e-20
7.527031792404657608e+03 1.521069758626877101e-19 5.142985350345052554e-20
7.532037720337713836e+03 7.117505751204360363e-20 3.686795569322520955e-20
7.537043648270770063e+03 1.124850453090307525e-19 3.137303119778016550e-20
7.542049576203824472e+03 1.310665060043058956e-19 2.930434197081683104e-20
7.547055504136880700e+03 9.247273082253156560e-20 2.822042625409666872e-20
7.552061432069936927e+03 1.262690709905555562e-19 3.209960804085542310e-20
7.557067360002992245e+03 1.549162053720093816e-19 3.266724394641520449e-20
7.562073287936047564e+03 1.466123342783589114e-19 3.283156593576724869e-20
7.567079215869103791e+03 9.687948208166136672e-20 4.202810755535099249e-20
7.572085143802159109e+03 4.500946641195579347e-20 4.257997956039965753e-20
7.577091071735214427e+03 2.257043613100703497e-20 3.507170730420864198e-20
7.582096999668270655e+03 7.857931218802191612e-20 3.023390306528548971e-20
7.587102927601326883e+03 1.312494531280478101e-19 2.997966995790975737e-20
7.592108855534382201e+03 1.411699550205858353e-19 3.876414050730242919e-20
7.597114783467437519e+03 5.675060642250781682e-20 5.488325567350523750e-20
7.602120711400493747e+03 1.100250914980922767e-19 6.925666846254386150e-20
7.607126639333549065e+03 1.525994236399021029e-19 5.492187699888234371e-20
7.612132567266604383e+03 1.468359539150852033e-19 5.052791170717799400e-20
7.617138495199660611e+03 1.223179887683322507e-19 4.446988809955554913e-20
7.622144423132716838e+03 8.579835671479227907e-21 4.999816109821948923e-20
7.627150351065772156e+03 2.799866654249049142e-20 5.419102594207976155e-20
7.632156278998827474e+03 2.544212021786042808e-19 5.244975306087148450e-20
7.637162206931883702e+03 2.092404128132297355e-19 3.955382695763541859e-20
7.642168134864939020e+03 1.615195355850651827e-19 3.613845521404678577e-20
7.647174062797994338e+03 1.068356231709363957e-19 3.693245676753674486e-20
7.652179990731050566e+03 8.189669985533317657e-20 3.643140775637029656e-20
7.657185918664106794e+03 1.075710887466559332e-19 4.087927596685993017e-20
7.662191846597162112e+03 7.646831255541450713e-20 4.021154016773247681e-20
7.667197774530217430e+03 6.474152376063573230e-20 3.736286241316001792e-20
7.672203702463273657e+03 7.448499730444857454e-20 3.025394596759137742e-20
7.677209630396328976e+03 1.427151201574041456e-19 3.057120167566962096e-20
7.682215558329384294e+03 9.947999053369508396e-20 3.188900712960661661e-20
7.687221486262440521e+03 7.886130979797412571e-20 3.305804219304457393e-20
7.692227414195496749e+03 1.596660429721661080e-19 3.413121614986581943e-20
7.697233342128551158e+03 1.399973089882794547e-19 3.507403366383786873e-20
7.702239270061607385e+03 1.383987986372873422e-19 3.501191689217861733e-20
7.707245197994663613e+03 1.186803758039687098e-19 5.705562581076056080e-20
7.712251125927718931e+03 1.630257773132708777e-19 7.408890647650095671e-20
7.717257053860774249e+03 6.763414889912377070e-20 7.262483281786894953e-20
7.722262981793830477e+03 2.102341034159089519e-19 5.455837328663725203e-20
7.727268909726885795e+03 9.830991352260182002e-20 3.929368408601237416e-20
7.732274837659941113e+03 1.562252360358674965e-19 3.288570695067169017e-20
7.737280765592997341e+03 8.802405923404382008e-20 2.986645211207553274e-20
7.742286693526053568e+03 1.397553133952635509e-19 4.114565168209591681e-20
7.747292621459108886e+03 1.117767869696296862e-19 6.470671063463384529e-20
7.752298549392164205e+03 2.556898661683452894e-19 6.836461575214072432e-20
7.757304477325220432e+03 2.424521344666483820e-19 5.385009418292248225e-20
7.762310405258275750e+03 9.950620361995060849e-20 4.309557809377062112e-20
7.767316333191331069e+03 8.285028495365330931e-20 3.566260103476511144e-20
7.772322261124387296e+03 1.690364546461928494e-19 3.819505819907540283e-20
7.777328189057443524e+03 8.859304541338037680e-20 4.373966220552987139e-20
7.782334116990498842e+03 8.023367285955075347e-20 4.072799306324581568e-20
7.787340044923554160e+03 1.228219661081815007e-19 5.190187730391023601e-20
7.792345972856610388e+03 4.647363649150448193e-20 6.245648012394293681e-20
7.797351900789665706e+03 2.257020480826607447e-19 5.994250895396713132e-20
7.802357828722721024e+03 1.572200497070289281e-19 4.541692405240948556e-20
7.807363756655777252e+03 1.173178793759724556e-19 4.833680980473287033e-20
7.812369684588833479e+03 1.477549291432883452e-19 5.114240949394875708e-20
7.817375612521888797e+03 2.127635259279875544e-20 6.760957669334702366e-20
7.822381540454944115e+03 1.969706307238910308e-19 6.801736671617142794e-20
7.827387468388000343e+03 7.741988340100646213e-20 4.961011041055044051e-20
7.832393396321055661e+03 9.722989837871991362e-20 3.247561557356529634e-20
7.837399324254110979e+03 4.008030191086747826e-20 4.269976288608748294e-20
7.842405252187167207e+03 9.887573282995887237e-20 4.553685655750152214e-20
7.847411180120223435e+03 1.826121360308163084e-19 6.369723824698794930e-20
7.852417108053277843e+03 2.032194795673224598e-19 7.223853041630146440e-20
7.857423035986334071e+03 3.846509373419245912e-20 6.964266198361759389e-20
7.862428963919390299e+03 1.055004174264477117e-19 5.467822181421292424e-20
7.867434891852445617e+03 7.795440282376510725e-20 5.338559773360712355e-20
7.872440819785500935e+03 1.074181727146597775e-19 5.354226600356776382e-20
7.877446747718557162e+03 1.365902147877739908e-19 4.847403733737504277e-20
7.882452675651613390e+03 1.089718654290706457e-19 5.147987370196264185e-20
7.887458603584667799e+03 7.755372095585937266e-20 5.336596670668449897e-20
7.892464531517724026e+03 6.208291129523489271e-20 5.012071099422460959e-20
7.897470459450780254e+03 1.873519740085182766e-19 3.463580639648489933e-20
7.902476387383835572e+03 1.404444586765800483e-19 3.046406321613414501e-20
7.907482315316890890e+03 1.150125457120134122e-19 6.222057486979675835e-20
7.912488243249947118e+03 -5.208369062789684362e-20 7.930923636746563821e-20
7.917494171183002436e+03 1.310661453737814588e-19 8.542812108639802141e-20
7.922500099116057754e+03 1.202562919744225336e-19 6.240814539967657548e-20
7.927506027049113982e+03 4.524087237508074389e-20 5.871294023455204859e-20
7.932511954982170209e+03 4.904810670282684387e-20 5.214550688276557096e-20
7.937517882915225528e+03 5.658211392603977819e-20 4.052623068906329366e-20
7.942523810848280846e+03 1.888146031629643648e-19 4.080351273851786366e-20
7.947529738781337073e+03 1.251524265546700661e-19 4.507031620006522163e-20
7.952535666714392391e+03 1.275535965505785826e-19 4.067829364861344320e-20
7.957541594647447710e+03 7.364421785289807146e-20 4.954017459091040181e-20
7.962547522580503937e+03 1.202457786174143735e-19 6.388759085931089185e-20
7.967553450513560165e+03 1.381803624663930616e-19 6.097785801044282652e-20
7.972559378446615483e+03 1.798396122275979192e-19 4.523191747388173089e-20
7.977565306379670801e+03 7.054987470645125821e-20 4.680633095688224343e-20
7.982571234312727029e+03 8.246232144305519158e-20 4.532325419330969957e-20
7.987577162245782347e+03 1.353409577585861649e-19 5.746440565998226352e-20
7.992583090178837665e+03 1.636468851096285151e-19 6.454500627313573851e-20
7.997589018111893893e+03 2.568653906792672431e-19 5.865783697972495733e-20
8.002594946044950120e+03 1.286019280456615913e-19 3.093287762822073075e-20
8.007600873978005438e+03 1.583037778768491767e-19 3.606104915392321249e-20
8.012606801911060757e+03 7.662932120717061895e-20 4.241293707143089510e-20
8.017612729844116984e+03 1.258010638534398519e-19 4.922506451117618052e-20
8.022618657777172302e+03 8.220901810235996782e-20 6.107360423996055140e-20
8.027624585710227620e+03 2.007687006789517189e-19 6.149416896390634527e-20
8.032630513643283848e+03 2.183080154631941870e-19 4.283262936078590591e-20
8.037636441576340076e+03 6.911186697009762468e-20 2.887831287736973809e-20
8.042642369509394484e+03 1.158167827720505035e-19 2.936243170223555312e-20
8.047648297442450712e+03 8.854756945256881024e-20 3.816180587862447543e-20
8.052654225375506940e+03 6.124638448334144562e-20 4.123879966605031033e-20
8.057660153308562258e+03 1.058176419045829720e-19 5.066854901504246728e-20
8.062666081241617576e+03 5.402024253162778006e-20 4.892656478320905865e-20
8.067672009174673803e+03 8.883073209056146337e-20 3.938741476424003917e-20
8.072677937107729122e+03 4.670372077586020767e-20 2.827860565279091760e-20
8.077683865040784440e+03 8.599530581644809811e-20 2.874160719343571176e-20
8.082689792973840667e+03 9.608436137683319528e-20 2.880240321398998562e-20
8.087695720906896895e+03 6.947792955528029657e-20 3.103816373451318757e-20
8.092701648839952213e+03 2.873738527949616510e-20 3.191451957185470128e-20
8.097707576773007531e+03 5.040343128177147573e-20 3.790179280463213628e-20
8.102713504706063759e+03 7.900378259879579276e-20 3.606741376962393757e-20
8.107719432639119077e+03 7.817898497724363815e-20 3.227590660015898973e-20
8.112725360572174395e+03 1.161462682145321913e-19 2.589489643403442218e-20
8.117731288505230623e+03 1.006056523601269130e-19 2.499632482644895534e-20
8.122737216438286850e+03 9.465205888017514451e-20 2.517149052425270470e-20
8.127743144371342169e+03 7.544026830590461642e-20 2.561226647829838816e-20
8.132749072304397487e+03 1.118098392589056074e-19 2.783288184060952256e-20
8.137755000237453714e+03 8.260194107198030938e-20 2.972822865798163200e-20
8.142760928170509032e+03 5.959154583974847730e-21 3.210797159959173403e-20
8.147766856103564351e+03 1.075064185000711557e-19 3.023083531652715267e-20
8.152772784036620578e+03 1.059419048529656564e-19 2.722978670138854260e-20
8.157778711969676806e+03 9.390948925235058961e-20 2.516822229207710512e-20
8.162784639902732124e+03 1.401645658491404129e-19 2.539075736195517874e-20
8.167790567835787442e+03 8.746082979104403112e-20 2.490811716339011614e-20
8.172796495768843670e+03 1.163970027191987579e-19 2.557489249141483883e-20
8.177802423701898988e+03 1.454397559263156830e-19 2.637824294789476384e-20
8.182808351634954306e+03 1.340974541371710996e-19 2.826574505842036832e-20
8.187814279568010534e+03 7.933950750414198522e-20 2.999233409065484278e-20
8.192820207501066761e+03 5.425789646936423110e-20 3.039093579167274167e-20
8.197826135434121170e+03 8.276005070695559234e-20 2.881450737343566390e-20
8.202832063367177398e+03 9.126663276444117570e-20 2.746815689481611893e-20
8.207837991300233625e+03 1.254047906216888347e-19 2.864160500521340705e-20
8.212843919233288034e+03 1.307565564507080483e-19 2.864534867681826332e-20
8.217849847166344261e+03 1.476541878628867460e-19 2.593252050803160599e-20
8.222855775099400489e+03 7.596680547769743938e-20 2.415787010700291209e-20
8.227861703032456717e+03 7.101640670301760771e-20 2.341847891340828417e-20
8.232867630965511125e+03 7.024421110484727319e-20 2.313184903737802522e-20
8.237873558898567353e+03 8.240332804755636209e-20 2.426097095460099665e-20
8.242879486831623581e+03 7.794636126950018368e-20 2.560851754003369159e-20
8.247885414764677989e+03 5.223697840680781516e-20 2.565363171317176574e-20
8.252891342697734217e+03 1.081884196076621996e-19 2.518562531005704475e-20
8.257897270630790445e+03 8.711447698212989883e-20 2.442413391379694618e-20
8.262903198563846672e+03 1.145280128047681638e-19 2.437444282463498140e-20
8.267909126496901081e+03 1.259071098358882872e-19 2.549485549364955050e-20
8.272915054429957308e+03 1.058070267919967855e-19 4.077184388655197754e-20
8.277920982363013536e+03 3.582743238494884065e-20 6.065748869290514026e-20
8.282926910296067945e+03 2.229424426272441802e-19 7.726990149705696186e-20
8.287932838229124172e+03 1.577200540449634828e-19 7.279222707689232015e-20
8.292938766162180400e+03 1.667012046900255862e-19 7.969331682041621961e-20
8.297944694095236628e+03 1.065897084078995718e-19 7.368099464957192522e-20
8.302950622028291036e+03 6.925699955124064156e-20 6.530907529816764516e-20
8.307956549961347264e+03 1.122565253939400933e-19 4.686510537571061231e-20
8.312962477894403492e+03 2.043799584391165509e-19 4.559233904474038812e-20
8.317968405827457900e+03 4.016155536186343240e-20 3.323746310051526987e-20
8.322974333760514128e+03 6.111834467547129952e-20 2.763468427636709959e-20
8.327980261693570355e+03 1.115586659834239861e-19 2.575185413568406595e-20
8.332986189626626583e+03 8.773196654328331604e-20 2.943146459038480323e-20
8.337992117559680992e+03 9.160647642666732624e-20 7.672769504330243531e-20
8.342998045492737219e+03 1.816381117542962996e-19 9.844604909273376344e-20
8.348003973425793447e+03 -9.644994478418561099e-21 1.006573150431180045e-19
8.353009901358847856e+03 4.413592710910539185e-20 6.362108227844301057e-20
8.358015829291904083e+03 9.711925696984913235e-20 5.342882194909445432e-20
8.363021757224960311e+03 7.999680447216784235e-20 4.245728384117239119e-20
8.368027685158016538e+03 3.926893747205115377e-20 3.830538895305502815e-20
8.373033613091070947e+03 2.958557730097130761e-20 3.154678630265243751e-20
8.378039541024127175e+03 9.875173385752866017e-20 4.691698408684361367e-20
8.383045468957181583e+03 9.941566270183114247e-20 4.821419156218059923e-20
8.388051396890237811e+03 4.908082569418658750e-20 3.894050099142447167e-20
8.393057324823294039e+03 -3.713380295137357880e-20 6.318670418016839386e-20
8.398063252756350266e+03 1.351003129787212553e-19 7.683620504779197270e-20
8.403069180689406494e+03 1.744394437487334321e-19 7.137528858706155301e-20
8.408075108622460903e+03 1.812255511884395696e-19 4.422844103977503919e-20
8.413081036555517130e+03 1.706546854933032768e-19 5.419584368190589459e-20
8.418086964488571539e+03 7.011208638148535422e-20 5.497007841345092413e-20
8.423092892421627766e+03 -2.244730696984279845e-20 6.741036249869019684e-20
8.428098820354683994e+03 4.980917960369091407e-20 9.287721760498594801e-20
8.433104748287740222e+03 1.173262644185963784e-19 9.107621970283944066e-20
8.438110676220796449e+03 5.473959870055769936e-20 4.282332844542321709e-20
8.443116604153850858e+03 1.014917082263914455e-19 3.420093005394998405e-20
8.448122532086907086e+03 6.514704193475440962e-20 5.530840110903254792e-20
8.453128460019961494e+03 1.820977959047476649e-19 5.500166061061490926e-20
8.458134387953017722e+03 1.608407145388837362e-19 6.360008031260927471e-20
8.463140315886073950e+03 1.237947955613456275e-19 7.493183112738002209e-20
8.468146243819130177e+03 5.047483104217508143e-20 7.051132176625016111e-20
8.473152171752186405e+03 8.700106146734807966e-21 3.607519312827125364e-20
8.478158099685240813e+03 6.493736837742341171e-20 2.538521243965949710e-20
8.483164027618297041e+03 1.212571409166696774e-19 2.501516279487693581e-20
8.488169955551351450e+03 1.034344646189559970e-19 3.972265846246269502e-20
8.493175883484407677e+03 1.204798156786049156e-19 4.400858674223552877e-20
8.498181811417463905e+03 1.179455199701840896e-19 5.411261429266655651e-20
8.503187739350520133e+03 6.848459236094216358e-20 5.694920728937630843e-20
8.508193667283574541e+03 4.324505228905701466e-20 5.267129575944744371e-20
8.513199595216630769e+03 1.058844343880671959e-19 2.831705436319933553e-20
8.518205523149686996e+03 1.063962196197915004e-19 2.433320828376497937e-20
8.523211451082741405e+03 1.388438859937545854e-20 2.385764703542328730e-20
8.528217379015797633e+03 1.155666849229671382e-19 2.338683652751215550e-20
8.533223306948853860e+03 1.446668063341265811e-19 3.077591324156826624e-20
8.538229234881910088e+03 1.207192512923441576e-19 3.411067904186133138e-20
8.543235162814964497e+03 1.288861539151043083e-19 4.297654400060038794e-20
8.548241090748020724e+03 1.241008786587889841e-19 4.278036552887987892e-20
8.553247018681076952e+03 5.262753680111137519e-20 3.896880419182191468e-20
8.558252946614131361e+03 1.257192817863625421e-19 2.565959628066548176e-20
8.563258874547187588e+03 5.308781320061855360e-20 2.500204768327173843e-20
8.568264802480243816e+03 7.588024227836068815e-20 2.731586700779787775e-20
8.573270730413300043e+03 1.159756460226387051e-19 2.887713158169547660e-20
8.578276658346354452e+03 8.943031383410278472e-20 2.841529708012772202e-20
8.583282586279410680e+03 1.160493349630005129e-19 3.147413253288817002e-20
8.588288514212466907e+03 5.731211416139895239e-20 3.341795772009989494e-20
8.593294442145521316e+03 6.763224247684996686e-20 3.639219424698035877e-20
8.598300370078577544e+03 9.605410573554035909e-20 3.328268614321989160e-20
8.603306298011633771e+03 1.472125908907695468e-19 2.904840186790368066e-20
8.608312225944689999e+03 9.668512627650277988e-20 3.172654100058206371e-20
8.613318153877744408e+03 1.585378887395159133e-19 4.260215040582964545e-20
8.618324081810800635e+03 1.759702647942792884e-19 5.511806086502199432e-20
8.623330009743856863e+03 1.184212519815620522e-19 6.565886221479721758e-20
8.628335937676911271e+03 1.410208460321163816e-19 6.989349940498523649e-20
8.633341865609967499e+03 6.814643219772119206e-20 6.677102591183740598e-20
8.638347793543023727e+03 1.764721210138336208e-19 5.587304138900858686e-20
8.643353721476079954e+03 2.311846196095019339e-19 5.062908094914649667e-20
8.648359649409134363e+03 5.237618634512921463e-20 5.966601261855083305e-20
8.653365577342190591e+03 6.678251790874543961e-20 7.118783781133256086e-20
8.658371505275246818e+03 1.562050555230517880e-19 7.424014293523036235e-20
8.663377433208301227e+03 1.775984460023936952e-19 7.176310740959971273e-20
8.668383361141357454e+03 1.598984587230279345e-19 6.639415894841151519e-20
8.673389289074413682e+03 9.204313309990833577e-20 5.876593761723747834e-20
8.678395217007469910e+03 8.991409774416932701e-21 5.099426295031890115e-20
8.683401144940524318e+03 2.041043732998074553e-20 4.379901473917547615e-20
8.688407072873580546e+03 1.161799714831323578e-19 3.833990066105721119e-20
8.693413000806636774e+03 1.372663524555833306e-19 3.569770414913276137e-20
8.698418928739691182e+03 1.131311435455052643e-19 3.511715595707362068e-20
8.703424856672747410e+03 7.047462775352970958e-20 3.522241409365322320e-20
8.708430784605803638e+03 2.241779373657771469e-20 3.174421248905415037e-20
8.713436712538859865e+03 7.878473052671644827e-20 2.831108779543074987e-20
8.718442640471914274e+03 5.846422016581815492e-20 2.639953641353553709e-20
8.723448568404970501e+03 6.784097278740930492e-20 2.662438307206359667e-20
8.728454496338024910e+03 4.496987091278976149e-20 2.620302414655677368e-20
8.733460424271081138e+03 4.393546302424209602e-20 2.636094713631960946e-20
8.738466352204137365e+03 2.770167599748281468e-20 2.661035083633986602e-20
8.743472280137193593e+03 6.834442078494816783e-20 2.660577694710771072e-20
8.748478208070249821e+03 4.044243079847327330e-20 2.734642933690219303e-20
8.753484136003304229e+03 1.252522610091890099e-19 5.331535173077207282e-20
8.758490063936360457e+03 4.932005566769322930e-20 7.919139585455104743e-20
8.763495991869414866e+03 1.102038755762577245e-19 9.923463591448418684e-20
8.768501919802471093e+03 8.652177723049662650e-21 9.102979101916033308e-20
8.773507847735527321e+03 1.518279589800895948e-19 9.540577095123846832e-20
8.778513775668583548e+03 7.820183897777481830e-20 8.609157361994073661e-20
8.783519703601639776e+03 1.446868484692950844e-19 6.959696289384436499e-20
8.788525631534694185e+03 1.261946537475719936e-19 5.377846214933186345e-20
8.793531559467750412e+03 1.306468438856859816e-19 5.266019967792923696e-20
8.798537487400804821e+03 1.090146569142019864e-19 3.408374823089146043e-20
8.803543415333861049e+03 7.013728095618867770e-20 2.942552100271124481e-20
8.808549343266917276e+03 1.496287080089273534e-19 3.149308811693550229e-20
8.813555271199973504e+03 1.646405921989172383e-19 3.160808718341440488e-20
8.818561199133029731e+03 1.398643091848608347e-19 6.874102211842434196e-20
8.823567127066084140e+03 -1.539695149214294210e-19 1.263094809172454147e-19
8.828573054999140368e+03 4.602135976354324333e-19 1.372687746500450075e-19
8.833578982932194776e+03 2.069151374554828935e-19 1.098515994186232889e-19
8.838584910865251004e+03 1.608822921826798323e-19 8.059060453713125662e-20
8.843590838798307232e+03 9.887920452348555213e-20 5.650204896694010790e-20
8.848596766731363459e+03 1.288839480516300918e-20 5.077014209464794608e-20
8.853602694664417868e+03 8.136094567551405077e-20 4.613006473673037256e-20
8.858608622597474096e+03 6.128822589723998904e-20 4.159203385849106529e-20
8.863614550530530323e+03 1.338619403903549279e-19 6.525665506000252999e-20
8.868620478463584732e+03 -3.047512771378189227e-21 6.380246199460400836e-20
8.873626406396640959e+03 3.288641252951294695e-20 4.427641943745956057e-20
8.878632334329697187e+03 -1.064180292030665873e-19 7.066530510649151379e-20
8.883638262262753415e+03 1.458686320423748007e-19 9.728411435457798228e-20
8.888644190195807823e+03 2.969882633925183542e-19 9.265671166281730644e-20
8.893650118128864051e+03 1.705223606398511615e-19 5.066590308985860958e-20
8.898656046061920279e+03 1.535292338416056814e-20 6.343565276289604872e-20
8.903661973994974687e+03 1.962440166240189821e-19 6.791023268388377002e-20
8.908667901928030915e+03 1.661543671972220716e-19 5.766863225073282870e-20
8.913673829861087142e+03 -4.077874529875518875e-20 9.144741153933621985e-20
8.918679757794143370e+03 1.739432442053096682e-19 1.116623488555902240e-19
8.923685685727199598e+03 2.319144166221117885e-19 1.036191339540853298e-19
8.928691613660254006e+03 1.179292102736342526e-19 4.348171261114694894e-20
8.933697541593308415e+03 7.639600924774793636e-20 3.846906736180165571e-20
8.938703469526364643e+03 2.156833156411637734e-20 6.692490263905374159e-20
8.943709397459420870e+03 5.474411862921132077e-20 7.102178450904203384e-20
8.948715325392477098e+03 1.007201726645094935e-19 6.749863342756642680e-20
8.953721253325533326e+03 3.291853460813483369e-19 1.017724694206129877e-19
8.958727181258589553e+03 1.741448012701643568e-19 1.062095039227289179e-19
8.963733109191643962e+03 1.958163527722042813e-19 7.703810163079110534e-20
8.968739037124698370e+03 7.494683464749104676e-20 3.402870469541597757e-20
8.973744965057754598e+03 3.907925143381857470e-20 3.388585282979598413e-20
8.978750892990810826e+03 1.430370067355979085e-19 3.807540745303094246e-20
8.983756820923867053e+03 1.736201031943343573e-19 5.880881370115235698e-20
8.988762748856923281e+03 7.591725733538669541e-20 6.167301086254676636e-20
8.993768676789977690e+03 3.759800891054423964e-20 6.706794692470772999e-20
8.998774604723033917e+03 7.845019980647772088e-20 7.810435021540104094e-20
9.003780532656088326e+03 7.465565900995751165e-20 7.493596472016953257e-20
9.008786460589144554e+03 1.150332851094001136e-19 3.875958220464381711e-20
9.013792388522200781e+03 8.011600950862929159e-20 2.614979157218246033e-20
9.018798316455257009e+03 7.701172818209300516e-20 2.694580772823970489e-20
9.023804244388313236e+03 3.029322171904686181e-20 2.893309045861352480e-20
9.028810172321367645e+03 9.557242449364538324e-20 3.077707449287886064e-20
9.033816100254423873e+03 -3.212356827324969662e-21 4.327941666453705024e-20
9.038822028187478281e+03 5.641366531618520918e-20 4.685031281475924514e-20
9.043827956120534509e+03 -4.102844409084987034e-20 5.773400820670218020e-20
9.048833884053590737e+03 5.909149701306842100e-20 6.025556202579546554e-20
9.053839811986646964e+03 1.060081076750937567e-19 5.502636807701048929e-20
9.058845739919703192e+03 1.014422757415129732e-19 3.401946622893510527e-20
9.063851667852757600e+03 1.687877894818469038e-19 3.429613444019919224e-20
9.068857595785813828e+03 1.154365316422507893e-19 3.454867570099389312e-20
9.073863523718868237e+03 6.968232319473476517e-20 3.204255239098756720e-20
9.078869451651924464e+03 1.105234954680451325e-19 3.088767460903786782e-20
9.083875379584980692e+03 6.914046073168718878e-20 3.399629251480964963e-20
9.088881307518036920e+03 1.057826670423116642e-19 4.270564825709156601e-20
9.093887235451093147e+03 1.414729741575173136e-19 4.537922322397166740e-20
9.098893163384147556e+03 2.579496238907920125e-20 5.017410905247612197e-20
9.103899091317203784e+03 2.286480975478212306e-19 4.729152383054860072e-20
9.108905019250258192e+03 7.549793377053647250e-20 3.622983525484448079e-20
9.113910947183314420e+03 9.581005341171406813e-20 2.730236513963069536e-20
9.118916875116370647e+03 7.792996173147260870e-20 2.698185072566508283e-20
9.123922803049426875e+03 6.047911782380661975e-20 2.640814077723235067e-20
9.128928730982483103e+03 1.269940279750543079e-19 2.705792982740661386e-20
9.133934658915537511e+03 1.472560871485963729e-19 2.765909177759532505e-20
9.138940586848593739e+03 8.189912319878962392e-20 2.720854543938154478e-20
9.143946514781648148e+03 9.183212910898166286e-20 2.906936347387524530e-20
9.148952442714704375e+03 1.345210231719014928e-19 3.527189703975967806e-20
9.153958370647760603e+03 4.869238667909172106e-20 4.159763179307993324e-20
9.158964298580816831e+03 -5.789226346938643546e-20 4.155172547075187890e-20
9.163970226513873058e+03 9.791901350088685429e-20 3.772666725535407042e-20
9.168976154446927467e+03 8.335612365983561115e-20 2.973776287805908112e-20
9.173982082379983694e+03 4.864693126299404752e-20 2.927397806418371587e-20
9.178988010313038103e+03 5.237256230733960771e-20 2.922568931170485359e-20
9.183993938246094331e+03 2.390127952638635655e-20 2.881275344066186665e-20
9.188999866179150558e+03 1.086704641800463402e-19 2.829472512577638656e-20
9.194005794112206786e+03 7.293155265573923357e-20 2.835622725986983981e-20
9.199011722045263014e+03 1.075846857421722603e-19 2.940111698012105485e-20
9.204017649978317422e+03 1.027388511312828714e-19 3.041545222016814713e-20
9.209023577911373650e+03 5.788242535670327465e-20 3.382063558072746000e-20
9.214029505844428058e+03 1.703726669428292664e-19 3.841964055474470375e-20
9.219035433777484286e+03 8.264834379562726791e-20 4.275494425637021105e-20
9.224041361710540514e+03 2.370112455320097824e-20 4.109095986229743331e-20
9.229047289643596741e+03 1.000671983733938523e-19 3.747445549284179879e-20
9.234053217576652969e+03 9.895503055750109582e-20 3.004441323033093594e-20
9.239059145509707378e+03 6.471888063189919448e-20 2.915535142073314359e-20
9.244065073442761786e+03 9.299761089675360551e-20 3.186425844708203108e-20
9.249071001375818014e+03 8.579375951160875480e-20 3.381123063975117406e-20
9.254076929308874242e+03 1.251216195686792579e-19 3.247309753411486214e-20
9.259082857241930469e+03 8.263111504321524180e-20 3.030496576668788513e-20
9.264088785174986697e+03 6.338091043091433939e-20 2.913362208310435532e-20
9.269094713108042924e+03 2.973307931647572175e-20 2.734787218179858831e-20
9.274100641041097333e+03 5.636190231292079900e-20 2.677199003203048554e-20
9.279106568974151742e+03 5.417664873414315387e-20 3.054020768185408119e-20
9.284112496907207969e+03 1.380593777346126712e-19 3.665300845296936428e-20
9.289118424840264197e+03 1.245088736336253291e-19 4.307728641492471285e-20
9.294124352773320425e+03 6.330141782426847576e-20 4.326440444636041405e-20
9.299130280706376652e+03 1.465159335554502507e-19 7.670090303200731169e-20
9.304136208639432880e+03 1.086642003759994540e-19 1.357809909725639332e-19
9.309142136572487289e+03 1.057918238307073981e-19 1.904231520933933304e-19
9.314148064505541697e+03 1.681452968230705791e-19 1.854632439018250530e-19
9.319153992438597925e+03 6.028432958008194886e-20 1.849923402982826642e-19
9.324159920371654152e+03 1.854806555406261131e-20 1.614312633724109241e-19
9.329165848304710380e+03 2.734948175689584514e-20 1.285275908685602531e-19
9.334171776237766608e+03 2.124364894651422049e-19 1.043450195184128137e-19
9.339177704170821016e+03 2.002039904026836074e-19 1.065480839189603720e-19
9.344183632103877244e+03 2.840862043478354313e-19 9.047913836302259954e-20
9.349189560036931653e+03 2.551574296296523031e-20 6.491562177074934242e-20
9.354195487969987880e+03 6.033623250995793042e-20 6.296605040394183662e-20
9.359201415903044108e+03 7.427194582668013911e-20 5.790027350927566063e-20
9.364207343836100335e+03 2.018091308225847063e-19 7.134719397200426776e-20
9.369213271769156563e+03 1.399058177348420163e-19 1.955615801603070176e-19
9.374219199702210972e+03 3.577703849764288676e-19 2.407405420575765464e-19
9.379225127635267199e+03 4.323703001294120957e-19 2.172218668157537660e-19
9.384231055568321608e+03 1.890229523501101558e-19 1.012588757104259553e-19
9.389236983501377836e+03 1.405985191519000400e-19 6.413412924951049346e-20
9.394242911434434063e+03 1.999304710964983188e-19 6.081540397247794055e-20
9.399248839367490291e+03 2.835202875025031970e-19 7.918612378536069166e-20
9.404254767300546519e+03 -1.569271846704708637e-20 7.867892922684828315e-20
9.409260695233600927e+03 1.042698745969056485e-19 5.838664388067041008e-20
9.414266623166657155e+03 2.525042115386195281e-19 9.387680846924385379e-20
9.419272551099711563e+03 1.522892529151050901e-19 1.106058368372850491e-19
9.424278479032767791e+03 1.517737174436106216e-19 1.025987351053877497e-19
9.429284406965824019e+03 4.721944864059502542e-20 7.306120112758938360e-20
9.434290334898880246e+03 3.817375064773383831e-19 1.670207432646024940e-19
9.439296262831936474e+03 3.453976341269804767e-19 2.041176116571559017e-19
9.444302190764990883e+03 1.643861653308703429e-19 1.818629443692803779e-19
9.449308118698047110e+03 2.047077202907304921e-19 9.128849332001948137e-20
9.454314046631101519e+03 8.089993115373065245e-20 1.407087909366285507e-19
9.459319974564157746e+03 2.059797339275770801e-19 1.536332581474685906e-19
9.464325902497213974e+03 -7.564679096448026965e-20 1.171636931814046224e-19
9.469331830430270202e+03 -5.970256622601571081e-20 1.333646463750653252e-19
9.474337758363326429e+03 -1.017685237865667780e-19 2.017203438941195428e-19
9.479343686296380838e+03 -1.992551194387627850e-19 1.970626254319323220e-19
9.484349614229437066e+03 1.355217864130901025e-19 1.008666161846817858e-19
9.489355542162491474e+03 5.242099459300144613e-20 5.751835352498101677e-20
9.494361470095547702e+03 8.574940372596374328e-20 8.445511159617884091e-20
9.499367398028603930e+03 2.070476626695911826e-19 1.333402559891881999e-19
9.504373325961660157e+03 3.883891700932282754e-19 1.217921770211844952e-19
9.509379253894716385e+03 6.321361859961683652e-20 8.658419344443030951e-20
9.514385181827770793e+03 -2.343999508222545719e-19 1.286909904077080944e-19
9.519391109760827021e+03 -2.512095940690079990e-19 1.534920602473524262e-19
9.524397037693881430e+03 1.219584992437177357e-19 1.324413518442405727e-19
9.529402965626937657e+03 2.644981078620182784e-19 6.793187854368914812e-20
9.534408893559993885e+03 1.862082318537621916e-19 6.438149560329704475e-20
9.539414821493050113e+03 3.264381433966288377e-20 5.921079541296542346e-20
9.544420749426106340e+03 3.829080291868209487e-20 7.064284425478447002e-20
9.549426677359160749e+03 1.726970494267167287e-19 1.054824959383292997e-19
9.554432605292216977e+03 -3.838028446404803979e-21 1.117233727172629097e-19
9.559438533225271385e+03 1.106843462765090527e-19 1.137027956190293682e-19
9.564444461158327613e+03 3.606616580611380065e-20 1.551789276143622694e-19
9.569450389091383840e+03 -2.383308552670342763e-19 1.570589217252794735e-19
9.574456317024440068e+03 -8.791283934134105938e-20 9.854149503782725281e-20
9.579462244957496296e+03 1.097271039441539165e-19 5.692773797714106891e-20
9.584468172890550704e+03 1.196132825384994603e-19 5.500186296591283929e-20
9.589474100823605113e+03 1.228638305683624164e-19 5.957583037932888638e-20
9.594480028756661341e+03 7.228216655800041899e-20 5.940346497605569121e-20
9.599485956689717568e+03 1.472061484437802843e-19 6.884658957366302163e-20
9.604491884622773796e+03 9.533459345991811462e-20 9.136823224779835624e-20
9.609497812555830023e+03 1.832621395950294093e-19 9.078782370947630553e-20
9.614503740488886251e+03 2.534611006598025969e-19 9.529008186859281294e-20
9.619509668421940660e+03 2.052639330909732824e-19 1.055779870619259792e-19
9.624515596354995068e+03 2.483427886853296400e-20 1.006954466488801401e-19
9.629521524288051296e+03 1.108532982429675043e-19 6.583816670015607512e-20
9.634527452221107524e+03 8.027820908933588285e-20 5.624000943980070469e-20
9.639533380154163751e+03 6.046311837748527307e-20 5.368002831087732374e-20
9.644539308087219979e+03 8.835824389226460421e-20 5.444845660634205809e-20
9.649545236020274388e+03 -7.208320729668304227e-20 5.970927926608785496e-20
9.654551163953330615e+03 7.408789163880376283e-20 6.416439934488056316e-20
9.659557091886385024e+03 -4.034660490444183685e-20 6.921988393919109895e-20
9.664563019819441251e+03 -1.137353509159007366e-19 9.085100051768900611e-20
9.669568947752497479e+03 2.090923646588202260e-19 9.835425390730902334e-20
9.674574875685553707e+03 1.361911332927538182e-19 1.114093562870729787e-19
9.679580803618609934e+03 4.120721553824468800e-21 1.248886828947486157e-19
9.684586731551664343e+03 9.799375750379967606e-20 1.244790403864417386e-19
9.689592659484720571e+03 1.870365263349378296e-19 9.977484273418962277e-20
9.694598587417774979e+03 1.806209493559177633e-19 1.280256245601033457e-19
9.699604515350831207e+03 -3.071311263467059794e-20 1.342706437321066929e-19
9.704610443283887435e+03 -5.731193148948668905e-21 1.261649667680667672e-19
9.709616371216943662e+03 -1.161787990784787951e-19 1.089441748669777271e-19
9.714622299149999890e+03 1.266154101004897138e-19 1.549466442978762326e-19
9.719628227083054298e+03 4.996051571044050769e-19 1.606374562512952481e-19
9.724634155016110526e+03 -3.702674154637975620e-20 1.400711423195235736e-19
9.729640082949164935e+03 1.276748423998074865e-19 9.989078544646336082e-20
9.734646010882221162e+03 6.280939781350060017e-20 1.211122109039847233e-19
9.739651938815277390e+03 2.998433537679616507e-19 1.261334929696821946e-19
9.744657866748333618e+03 3.187512205614682404e-19 1.042397698651769534e-19
9.749663794681389845e+03 1.436822069095292829e-19 8.267440132902766776e-20
9.754669722614444254e+03 2.075198137693255221e-19 6.433934621126917953e-20
9.759675650547500481e+03 5.032105282798232285e-20 6.042937416677492790e-20
9.764681578480554890e+03 6.260463499158173258e-20 5.804554819617729754e-20
9.769687506413611118e+03 1.731253621992811092e-19 5.887871056938265997e-20
9.774693434346667345e+03 1.117016989004050547e-19 6.081772021894882679e-20
9.779699362279723573e+03 8.547268095482570996e-20 7.572847314578892194e-20
9.784705290212779801e+03 -1.064011391923169426e-19 1.707781880592770764e-19
9.789711218145834209e+03 1.811238545546800973e-19 2.309487454106070644e-19
9.794717146078890437e+03 2.100096881095338158e-19 2.324020634283595897e-19
9.799723074011944846e+03 1.278479670705815170e-19 1.615839920569170858e-19
9.804729001945001073e+03 2.089247184980931975e-19 1.357326445232022222e-19
9.809734929878057301e+03 -4.368891928466801347e-20 1.171035632734735251e-19
9.814740857811113528e+03 2.252763514935916889e-19 1.146678752633038161e-19
9.819746785744169756e+03 1.068470289569729556e-19 9.702618234137426017e-20
9.824752713677224165e+03 1.012591653873010054e-19 8.939708878608473035e-20
9.829758641610280392e+03 1.609046276167384842e-19 8.768051329362373035e-20
9.834764569543334801e+03 2.628820553057350181e-19 8.368764148879197946e-20
9.839770497476391029e+03 3.519837639438276235e-19 9.133529450396458554e-20
9.844776425409447256e+03 1.872266975931940714e-19 1.419459371204988538e-19
9.849782353342503484e+03 4.031466256589425913e-20 1.515188880336265651e-19
9.854788281275559712e+03 2.915217801105694403e-19 1.209825491354871298e-19
9.859794209208614120e+03 5.082525417568907827e-20 8.653548388781441902e-20
9.864800137141670348e+03 7.585663630066108117e-19 1.543999448707619557e-19
9.869806065074724756e+03 2.067480918816223254e-19 2.286047301280260552e-19
9.874811993007780984e+03 4.010327428388167183e-20 2.233571121469434665e-19
9.879817920940837212e+03 1.590000005203277289e-19 1.441662372142205266e-19
9.884823848873893439e+03 3.168588339732966576e-19 1.042012094626803408e-19
9.889829776806949667e+03 3.331703876264780914e-19 1.530695630533454408e-19
9.894835704740004076e+03 2.460269195625253301e-19 1.671174774913817785e-19
9.899841632673058484e+03 2.386613110712649448e-19 1.502997557027468715e-19
9.904847560606114712e+03 1.080866693616299178e-19 1.195136374475153669e-19
9.909853488539170939e+03 2.476277144910667311e-19 2.240684004377125174e-19
9.914859416472227167e+03 2.550628462593181807e-19 2.523884161825972301e-19
9.919865344405283395e+03 5.233967266792689552e-19 2.144849744879092070e-19
9.924871272338339622e+03 2.148516206040932449e-20 1.142586401275011995e-19
9.929877200271394031e+03 1.515428539315705223e-19 1.044825318557169045e-19
9.934883128204448440e+03 2.723601281415315755e-20 1.535792285109981977e-19
9.939889056137504667e+03 3.252674188612672727e-19 2.710068977730709563e-19
9.944894984070560895e+03 6.305866525775418860e-19 3.494240712866723967e-19
9.949900912003617123e+03 4.444164071744326058e-20 3.425658215585697901e-19
9.954906839936673350e+03 1.621901310528258681e-19 3.277619575011055444e-19
9.959912767869729578e+03 -2.307838955163661725e-20 3.430127416904655356e-19
9.964918695802783986e+03 4.223913544038213740e-19 2.852565561377055538e-19
9.969924623735838395e+03 2.545298878331076219e-19 2.229971206355680076e-19
9.974930551668894623e+03 -2.493423035018991367e-20 2.042877354400479128e-19
9.979936479601950850e+03 3.086373520412735359e-19 1.693553781114383011e-19
9.984942407535007078e+03 2.509736414440503302e-19 1.379520686928594275e-19
9.989948335468063306e+03 1.781251408220355558e-19 1.270418397570066070e-19
9.994954263401117714e+03 2.672361525617029681e-19 1.532840004454401000e-19
9.999960191334173942e+03 3.745146076174887212e-20 1.728795931741778394e-19
1.000496611926722835e+04 4.796942295511991719e-20 2.370607088891081915e-19
1.000997204720028458e+04 1.841224990670792123e-19 3.660288361079405017e-19
1.001497797513334081e+04 3.781623123528430339e-20 3.772481522028237461e-19
1.001998390306639703e+04 4.603830168201759898e-19 3.095773661396046323e-19
1.002498983099945326e+04 1.254220058757420594e-20 2.477161484025273656e-19
1.002999575893250767e+04 3.272579436077827698e-19 2.225323991309450232e-19
1.003500168686556390e+04 2.777680049308179880e-19 1.592480076739911267e-19
1.004000761479861831e+04 4.006565592946078051e-20 1.730326547022553454e-19
1.004501354273167453e+04 1.159443656986443676e-19 1.755874293116059143e-19
1.005001947066473076e+04 2.324050175673382840e-19 1.594612604045013584e-19
1.005502539859778699e+04 3.561991672268876550e-19 1.897463727712947094e-19
1.006003132653084322e+04 3.379018086514811471e-19 2.333828377753162761e-19
1.006503725446389763e+04 1.270271747469820287e-19 2.466694951269743713e-19
1.007004318239695385e+04 2.502645250970939728e-21 2.178094846084542225e-19
1.007504911033000826e+04 3.810517827388258756e-20 2.438185852043028708e-19
1.008005503826306449e+04 2.519541758361003645e-19 3.305226682935976106e-19
1.008506096619612072e+04 -1.673977791614314187e-20 3.481436422175010610e-19
1.009006689412917694e+04 2.363737047669134468e-19 2.607479718895386356e-19
1.009507282206223317e+04 6.087779587023661905e-19 1.999136831047427834e-19
1.010007874999528758e+04 4.156681808826637051e-19 2.702785452433800958e-19
1.010508467792834381e+04 5.036164853034383246e-19 2.798970945072320537e-19
1.011009060586139822e+04 6.216960561583994997e-19 2.430373883366256849e-19
1.011509653379445444e+04 1.602404016354811104e-19 2.225537347866185146e-19
1.012010246172751067e+04 6.253653758262850115e-19 3.794019602614790153e-19
1.012510838966056690e+04 3.366035608584499322e-19 4.188692576793501005e-19
1.013011431759362313e+04 3.645216329832764079e-19 3.507806759369229622e-19
1.013512024552667754e+04 4.470728801301829518e-19 2.140836248634406927e-19
1.014012617345973376e+04 2.444841554685748803e-19 2.139607563561789038e-19
1.014513210139278817e+04 7.229341537379193008e-19 2.502235158094934275e-19
1.015013802932584440e+04 2.283443112449030459e-19 3.244139661181256844e-19
1.015514395725890063e+04 2.534414101112241880e-19 3.545973836042953618e-19
1.016014988519195686e+04 -6.344339756044552329e-20 3.363530598737723098e-19
1.016515581312501308e+04 7.432369137950161793e-19 3.688981574027861223e-19
1.017016174105806749e+04 3.380022763291749842e-19 4.853819174098717990e-19
1.017516766899112372e+04 7.167726930749936063e-19 5.091086187338479492e-19
1.018017359692417813e+04 8.411976181796646175e-19 4.241675041280636173e-19
1.018517952485723436e+04 8.954419773361565551e-19 4.220949079178505497e-19
1.019018545279029058e+04 7.611643890935540679e-19 4.440003270202481281e-19
1.019519138072334681e+04 3.639543435348427090e-19 4.121542867186605878e-19
1.020019730865640304e+04 3.050877020450849322e-19 3.738788171534536285e-19
1.020520323658945745e+04 1.848755880149756073e-19 4.560758571797916703e-19
1.021020916452251367e+04 5.774288660881044847e-21 5.452433808401041687e-19
1.021521509245556808e+04 3.476250296697109666e-19 5.283269002299902162e-19
1.022022102038862431e+04 9.497199921143292437e-19 4.521379468114190273e-19
1.022522694832168054e+04 1.326071493071114438e-20 5.162393297539933229e-19
1.023023287625473677e+04 4.945717990963536580e-19 5.631704676683722605e-19
1.023523880418779299e+04 1.035129686067009931e-18 4.735382640976693273e-19
1.024024473212084740e+04 4.575591211404075002e-19 3.528194581959615792e-19
1.024525066005390181e+04 4.461312893636184044e-19 3.032940120253065629e-19
1.025025658798695804e+04 6.301982337751417666e-19 2.880752989592573524e-19
1.025526251592001427e+04 2.032961645723362827e-19 2.802993707844491665e-19
1.026026844385307049e+04 -7.252206442290731960e-20 2.800783677816433798e-19
1.026527437178612672e+04 3.173687581922874082e-19 3.022549702679593866e-19
1.027028029971918295e+04 2.186491003455045427e-20 3.260344580673833873e-19
1.027528622765223736e+04 5.043331567756464925e-19 3.289078719220833854e-19
1.028029215558529177e+04 1.795799989995295460e-19 4.684675684021588739e-19
1.028529808351834799e+04 4.827487106695808362e-19 6.666743871583150184e-19
1.029030401145140422e+04 2.021773300800955433e-18 6.812030008400057689e-19
1.029530993938446045e+04 4.901897449908211664e-19 5.653720414513535720e-19
