#  wl flam flam_err
4.803806996822357178e+03 1.007835470436328526e-19 3.336136903654267972e-19
4.808812924755412496e+03 3.828175250124542014e-19 3.213339678818805348e-19
4.813818852688468723e+03 8.788018046928338087e-20 3.229763726500047048e-19
4.818824780621524042e+03 1.023044619451201402e-19 3.242849339544466696e-19
4.823830708554580269e+03 9.008934781822362154e-20 3.159772816441938150e-19
4.828836636487635587e+03 1.116770524081904346e-19 3.055128048068817796e-19
4.833842564420691815e+03 2.096350797265254306e-19 2.918146700920438690e-19
4.838848492353747133e+03 3.897698205901710948e-19 2.873482636987122279e-19
4.843854420286802451e+03 3.159565451888550245e-19 2.853353135654876959e-19
4.848860348219858679e+03 2.469127028858342607e-19 2.861685045886341014e-19
4.853866276152913997e+03 2.904209488670680032e-19 2.846239121901872715e-19
4.858872204085970225e+03 5.857008580201495529e-20 2.579023562400638447e-19
4.863878132019025543e+03 5.250238078525362984e-20 2.373805878573371822e-19
4.868884059952080861e+03 1.690511228207234157e-19 2.334090316525206755e-19
4.873889987885137089e+03 1.943230050536464942e-19 2.280472683628778608e-19
4.878895915818192407e+03 3.526202712193778013e-19 2.192427341182486621e-19
4.883901843751248634e+03 4.668464704925460700e-20 2.152971193831311999e-19
4.888907771684303952e+03 -2.180183920318618504e-21 2.125932247693662000e-19
4.893913699617360180e+03 2.062381995582572451e-20 2.127422123134084704e-19
4.898919627550415498e+03 1.708560952141020615e-20 2.104150549882941063e-19
4.903925555483470816e+03 1.928862116674747336e-19 1.993238800736007450e-19
4.908931483416527044e+03 1.155424942264304675e-19 1.847384169661332210e-19
4.913937411349582362e+03 -9.765711027172401981e-20 1.754855793396642141e-19
4.918943339282638590e+03 1.212451601320244156e-19 1.746903436223775233e-19
4.923949267215693908e+03 1.374843018999303134e-19 1.782122271507372715e-19
4.928955195148750136e+03 -1.703673575167184866e-19 1.780747157169118222e-19
4.933961123081805454e+03 -9.989860940158598134e-20 1.732173571603705284e-19
4.938967051014860772e+03 -9.926905629857124851e-20 1.651246783095863122e-19
4.943972978947916999e+03 -2.675050774454277865e-20 1.593787047923834231e-19
4.948978906880972318e+03 -2.352325525257594019e-20 1.614286833529053743e-19
4.953984834814028545e+03 6.236976710475380246e-20 1.656492570094882758e-19
4.958990762747083863e+03 3.161858349888388555e-20 1.653565625148938888e-19
4.963996690680139181e+03 -9.813886171129470508e-20 1.655035985639032636e-19
4.969002618613195409e+03 8.556268079470869534e-20 1.620933494271504244e-19
4.974008546546250727e+03 1.143295369330105538e-19 1.606385089219692131e-19
4.979014474479306955e+03 2.080645282224716078e-20 1.572799952249759374e-19
4.984020402412362273e+03 -6.206474486514694615e-20 1.560425988933250832e-19
4.989026330345418501e+03 4.779574286938100996e-20 1.570634740660060580e-19
4.994032258278473819e+03 4.008144847634934358e-19 1.574296176025217241e-19
4.999038186211529137e+03 1.047722566433323824e-20 1.536534683861296630e-19
5.004044114144585365e+03 -8.642669517824727662e-21 1.490846747203454863e-19
5.009050042077640683e+03 -3.021123611088855019e-20 1.438575618570295160e-19
5.014055970010696910e+03 3.633108448633024157e-19 1.377011963849572708e-19
5.019061897943752228e+03 -5.570274739816319728e-20 1.301721969837103471e-19
5.024067825876807547e+03 8.178578387972212401e-21 1.241051394492430459e-19
5.029073753809863774e+03 1.682508889278790481e-20 1.225562309366382710e-19
5.034079681742919092e+03 -7.772242059340096760e-20 1.237732884289419659e-19
5.039085609675975320e+03 6.037908198744286916e-21 1.253631087745464901e-19
5.044091537609030638e+03 -9.322250641258297829e-21 1.238054049611561999e-19
5.049097465542086866e+03 2.564018206541387967e-20 1.194132256385501780e-19
5.054103393475142184e+03 -1.274937668192958566e-20 1.148266899374183978e-19
5.059109321408197502e+03 2.276829796425146156e-19 1.120656363998248406e-19
5.064115249341253730e+03 -4.933692261059589429e-20 1.126969047265947379e-19
5.069121177274309048e+03 7.260275936760948355e-20 1.137373223666492958e-19
5.074127105207365275e+03 4.235024352161178612e-20 1.143851104978027785e-19
5.079133033140420594e+03 -1.623414379146739447e-20 1.133338359071784621e-19
5.084138961073476821e+03 4.356077819232298501e-20 1.117257444162582220e-19
5.089144889006532139e+03 -2.364857635007464393e-20 1.086234375826763321e-19
5.094150816939587457e+03 3.819270379644710128e-20 1.079699585564641089e-19
5.099156744872643685e+03 1.064022868792828066e-19 1.101120080688116842e-19
5.104162672805699003e+03 4.178227200170708976e-20 1.129980330314508387e-19
5.109168600738755231e+03 1.732487471512453049e-21 1.138937333042623744e-19
5.114174528671810549e+03 1.354346336554582770e-19 1.146141832430019053e-19
5.119180456604865867e+03 -6.768310621668965346e-20 1.154579356222422156e-19
5.124186384537922095e+03 1.023119246759155553e-19 1.144867949595332149e-19
5.129192312470977413e+03 7.841063780072213555e-20 1.124512730744696382e-19
5.134198240404033641e+03 5.368392935038224179e-20 1.087070167803582869e-19
5.139204168337088959e+03 9.027279405760198652e-20 1.040167251449602921e-19
5.144210096270145186e+03 -1.480554299606447146e-19 9.931806007561115065e-20
5.149216024203200504e+03 -8.362082763451644357e-21 9.533592566833405482e-20
5.154221952136255823e+03 2.244991665784248373e-19 9.522359775957730912e-20
5.159227880069312050e+03 8.857967497887228225e-20 9.613974751323536649e-20
5.164233808002367368e+03 2.782730006218957620e-19 9.494109134885931319e-20
5.169239735935423596e+03 1.368844459460471908e-20 8.862990875179965030e-20
5.174245663868478914e+03 6.136501592428554362e-20 8.484861711228528680e-20
5.179251591801534232e+03 2.532268474290895957e-19 8.212024072545100404e-20
5.184257519734590460e+03 1.436486863383228172e-19 8.070462414449298707e-20
5.189263447667645778e+03 2.136266505372097246e-19 8.112580620418385561e-20
5.194269375600702006e+03 1.266821512907008919e-19 8.647218830499254933e-20
5.199275303533757324e+03 -5.836097570112999600e-20 8.950674971147643593e-20
5.204281231466813551e+03 5.467679792328967419e-20 8.983948288069497353e-20
5.209287159399868870e+03 1.406146255860795562e-19 8.679315575218005425e-20
5.214293087332924188e+03 1.013737396764106993e-19 8.537050417831245286e-20
5.219299015265980415e+03 1.046348018434151525e-19 8.557364042988193258e-20
5.224304943199035733e+03 3.269705883106314167e-20 8.521847939509818619e-20
5.229310871132091961e+03 7.388917537710973460e-20 8.652629672164870729e-20
5.234316799065147279e+03 8.437530102367680493e-20 8.905864687044646728e-20
5.239322726998203507e+03 1.111419308683838594e-19 9.187281961752935665e-20
5.244328654931258825e+03 2.597668854051463582e-19 9.158188013662190782e-20
5.249334582864314143e+03 1.814736763641551131e-20 9.139285609985029587e-20
5.254340510797370371e+03 4.096669068103450697e-20 9.172795684577790937e-20
5.259346438730425689e+03 -2.621723946845892649e-20 8.806960271443423136e-20
5.264352366663481916e+03 -1.486895093715147671e-20 8.438499414803909141e-20
5.269358294596537235e+03 -3.125581214786550815e-20 8.172386393679530200e-20
5.274364222529593462e+03 1.329466341702496302e-19 7.958881860572719654e-20
5.279370150462648780e+03 1.042182208373774555e-19 7.606979535789153626e-20
5.284376078395704099e+03 -6.601776841379597763e-20 7.519320678033707112e-20
5.289382006328760326e+03 -1.224409720285026479e-19 7.584627621770963821e-20
5.294387934261815644e+03 3.562021873564761094e-20 7.808946028216967783e-20
5.299393862194871872e+03 1.330155856738782540e-20 7.945272776226413200e-20
5.304399790127927190e+03 -1.016891353874516670e-19 7.826071476888470646e-20
5.309405718060982508e+03 5.173391989106695357e-20 7.637613316643365517e-20
5.314411645994038736e+03 -1.046348573467237121e-20 7.274647572898859424e-20
5.319417573927094054e+03 -2.204653323972139943e-20 7.044778472964327204e-20
5.324423501860150282e+03 2.230052609234003132e-19 6.945447161116418917e-20
5.329429429793205600e+03 7.880078674453057670e-20 7.120488401986879633e-20
5.334435357726260918e+03 1.330980713848195434e-19 7.199036584814960292e-20
5.339441285659317145e+03 8.687571045999478509e-20 7.446036807709028969e-20
5.344447213592372464e+03 -6.392600033648811289e-20 7.526127896531774410e-20
5.349453141525428691e+03 7.548894691679142925e-20 7.526456711648127950e-20
5.354459069458484009e+03 1.132719164596883493e-19 7.478468925486799603e-20
5.359464997391540237e+03 7.216918838695376296e-20 7.469241292689538600e-20
5.364470925324595555e+03 -3.261242882558152784e-20 7.496920960194912943e-20
5.369476853257650873e+03 8.396601831058622824e-20 7.595945975322022791e-20
5.374482781190707101e+03 -3.217690460104958957e-20 7.804064279976093397e-20
5.379488709123762419e+03 4.286536249295045504e-19 7.761139354299156578e-20
5.384494637056818647e+03 2.181814214085608716e-19 7.523092132320494478e-20
5.389500564989873965e+03 2.583281673463107892e-19 7.316547495666289917e-20
5.394506492922930192e+03 1.426349115522460674e-19 7.017432367899128657e-20
5.399512420855985511e+03 9.154792706065808290e-20 6.929525628500011650e-20
5.404518348789040829e+03 1.420525864118915477e-19 6.943666304061364959e-20
5.409524276722097056e+03 1.684558712882535887e-19 6.882116715252207242e-20
5.414530204655152374e+03 1.194728168953202867e-20 6.716563260680521919e-20
5.419536132588208602e+03 1.389968035759544672e-19 6.611171396373629516e-20
5.424542060521263920e+03 2.329609003013077915e-20 6.328438717210833947e-20
5.429547988454320148e+03 8.607193492379631988e-20 6.174317270679662724e-20
5.434553916387375466e+03 9.974296203624371445e-20 6.024467469805902679e-20
5.439559844320430784e+03 8.151289177934383589e-20 6.126965525200020412e-20
5.444565772253487012e+03 1.811985159891575174e-20 6.295480629812852329e-20
5.449571700186542330e+03 4.271562514122916574e-20 6.429177186408925112e-20
5.454577628119598558e+03 1.633406366667515256e-19 6.506388664553985008e-20
5.459583556052653876e+03 1.580983888907456430e-20 6.513389744841191524e-20
5.464589483985709194e+03 3.504216876358203208e-20 6.367304911497619569e-20
5.469595411918765421e+03 1.413190874163722358e-19 6.245335123649016232e-20
5.474601339851820740e+03 5.293332139595513397e-20 6.124755237637493180e-20
5.479607267784876967e+03 -2.259887786565090969e-20 6.227218545537192150e-20
5.484613195717932285e+03 1.977250031290262334e-19 6.323349345331023312e-20
5.489619123650987603e+03 1.685281345805254847e-19 6.548606056737248873e-20
5.494625051584043831e+03 1.354545944299391338e-19 6.790878774862723124e-20
5.499630979517099149e+03 1.434540076788052665e-19 6.816586807888898259e-20
5.504636907450155377e+03 4.203469590667785775e-20 6.893387144463383810e-20
5.509642835383210695e+03 8.940082127525182339e-20 6.790905204426493525e-20
5.514648763316266923e+03 2.078800232903446350e-19 6.626890475035778402e-20
5.519654691249322241e+03 1.523106766166566062e-19 6.462571891325519624e-20
5.524660619182377559e+03 1.525116462765158328e-19 6.446819727110654532e-20
5.529666547115433787e+03 -5.982606455487071826e-22 6.304300376316696044e-20
5.534672475048489105e+03 5.729492204231311744e-20 6.301630309546314321e-20
5.539678402981545332e+03 6.347022356000576265e-20 6.198003220484349257e-20
5.544684330914600650e+03 6.364585551508604644e-20 6.040446922940015065e-20
5.549690258847656878e+03 5.804062441259608938e-20 5.831329055662058385e-20
5.554696186780712196e+03 3.602846210084779340e-20 5.611072877848689482e-20
5.559702114713767514e+03 1.580598781473630615e-19 5.648375708040254035e-20
5.564708042646823742e+03 1.135854907173099716e-20 5.899401020044371920e-20
5.569713970579879060e+03 -2.756087398995010223e-20 1.070060677941492610e-19
5.574719898512935288e+03 1.008145381128790301e-19 1.720283000681596935e-19
5.579725826445990606e+03 1.968958497994738564e-19 1.699005392793797861e-19
5.584731754379046833e+03 -1.262631349628148790e-20 9.348440674574415751e-20
5.589737682312102152e+03 -2.648604274781625754e-21 5.659263282595394344e-20
5.594743610245157470e+03 9.068381050763708427e-20 5.575756708699597962e-20
5.599749538178213697e+03 1.453071387680736835e-19 5.577651358489557629e-20
5.604755466111269016e+03 8.186875980909083316e-20 5.584878521430232893e-20
5.609761394044325243e+03 7.928997820712683797e-20 5.707320871825812287e-20
5.614767321977380561e+03 8.236576548303529470e-20 5.819754279324227511e-20
5.619773249910436789e+03 1.946400052548397932e-19 5.950468697948488414e-20
5.624779177843492107e+03 1.653125397907654717e-19 6.179379323258975963e-20
5.629785105776547425e+03 1.334611844964805017e-19 6.208422288145731388e-20
5.634791033709603653e+03 8.742928743775932024e-20 6.146814919390794355e-20
5.639796961642658971e+03 1.045601217302537815e-19 6.034379329272177029e-20
5.644802889575714289e+03 8.864091358809322394e-20 5.903919168784077958e-20
5.649808817508770517e+03 1.461626919831722797e-20 5.730069275926294099e-20
5.654814745441825835e+03 -4.070292854486093585e-20 5.533240960542589341e-20
5.659820673374882062e+03 2.076197886553257768e-19 5.426329867787757777e-20
5.664826601307937381e+03 1.544427124764075402e-19 5.515189453577192418e-20
5.669832529240993608e+03 1.432052500610975998e-19 5.389761337937301851e-20
5.674838457174048926e+03 1.220040717647039532e-19 5.271761543525836052e-20
5.679844385107104245e+03 1.837671620638673996e-19 5.154353147673801137e-20
5.684850313040160472e+03 1.096239446186933204e-19 5.051336787403171099e-20
5.689856240973215790e+03 1.388530685480577337e-19 5.009107302394471288e-20
5.694862168906272018e+03 3.731637197960708563e-20 5.078521755283066291e-20
5.699868096839327336e+03 1.255603891512000073e-19 5.176613269638546604e-20
5.704874024772383564e+03 1.779106004273635132e-20 5.228533255425536878e-20
5.709879952705438882e+03 8.942586430052028182e-20 5.241711198429836320e-20
5.714885880638494200e+03 1.789177351718928799e-23 5.393895573421642950e-20
5.719891808571550428e+03 5.055260898765855348e-20 5.424667565138521720e-20
5.724897736504605746e+03 1.172089066622861105e-19 5.416774151546097093e-20
5.729903664437661973e+03 1.263590491894104477e-19 5.310354478078250887e-20
5.734909592370717291e+03 7.065125928353690531e-20 5.277721352446294165e-20
5.739915520303773519e+03 1.270324641872033116e-19 5.219303927153935621e-20
5.744921448236828837e+03 1.086234093361097363e-19 5.286439907014501155e-20
5.749927376169884155e+03 6.358056314712193131e-20 5.318188171919989760e-20
5.754933304102940383e+03 1.177663371944508983e-19 5.582625125796251776e-20
5.759939232035995701e+03 1.947795622112547140e-19 5.719398570892162167e-20
5.764945159969051929e+03 5.826527995268137046e-20 5.708012704348828152e-20
5.769951087902107247e+03 1.478968116992151952e-19 5.662252963318199578e-20
5.774957015835163475e+03 1.338324399476422836e-19 5.468152737736535650e-20
5.779962943768218793e+03 7.827819302272673229e-20 5.227707222835190453e-20
5.784968871701274111e+03 6.523338716056528961e-20 5.054998326854470723e-20
5.789974799634330338e+03 1.091625576934528525e-19 5.057754880170352651e-20
5.794980727567385657e+03 5.350973784844747677e-20 5.006958660236952557e-20
5.799986655500441884e+03 1.274113306785675426e-20 5.010091368386181906e-20
5.804992583433497202e+03 4.283271869636926750e-20 4.952341916015292638e-20
5.809998511366552520e+03 6.844489526894253780e-20 4.950146935577470964e-20
5.815004439299608748e+03 1.009811306479116547e-19 4.922421104625313840e-20
5.820010367232664066e+03 3.898791360026934714e-20 4.875878552619936905e-20
5.825016295165720294e+03 6.999157683812014836e-20 4.791430852069474410e-20
5.830022223098775612e+03 6.366803659795724019e-20 4.719070767171141960e-20
5.835028151031830930e+03 7.670737873125705637e-21 4.602961691450566166e-20
5.840034078964887158e+03 7.991915503875884187e-20 4.612866338178292123e-20
5.845040006897942476e+03 -3.695606938890032521e-21 4.613619106000813602e-20
5.850045934830998704e+03 6.488121991074905448e-20 4.741097098363467460e-20
5.855051862764054022e+03 -6.722713756815072393e-21 4.790361418986274424e-20
5.860057790697110249e+03 5.977138065735608779e-20 5.185178836903867968e-20
5.865063718630165567e+03 1.398380379517771745e-19 5.616192318981922062e-20
5.870069646563220886e+03 8.873030727546703334e-20 5.688465587284090468e-20
5.875075574496277113e+03 4.592265624637934457e-20 5.460689440319867910e-20
5.880081502429332431e+03 7.099883480676781232e-20 5.663210604578030803e-20
5.885087430362388659e+03 1.586453586120790571e-19 7.580893201847821596e-20
5.890093358295443977e+03 2.003279065153080517e-19 8.473450833450107965e-20
5.895099286228500205e+03 2.300229595920092549e-19 7.565115102775657291e-20
5.900105214161555523e+03 2.786763014360018107e-20 5.991860384990122086e-20
5.905111142094610841e+03 -1.312294542314384060e-20 5.116651081641164013e-20
5.910117070027667069e+03 1.094012633733703659e-19 5.186806408513398576e-20
5.915122997960722387e+03 1.567584687699771036e-19 5.178300525949394048e-20
5.920128925893778614e+03 8.855242375100155863e-20 5.102437197237419946e-20
5.925134853826833933e+03 1.196920816021948870e-19 5.038479734156935569e-20
5.930140781759890160e+03 1.065501141524210917e-19 5.152977223847198301e-20
5.935146709692945478e+03 1.579022153046418533e-19 4.994434787125883893e-20
5.940152637626000796e+03 1.705348704607090744e-19 4.672486529175517069e-20
5.945158565559057024e+03 -1.169357004816544603e-20 4.660181767118170695e-20
5.950164493492112342e+03 8.763820466367824136e-20 4.784716682297448549e-20
5.955170421425167660e+03 6.036703327079472577e-20 4.677638415998796474e-20
5.960176349358223888e+03 2.897810413034955836e-20 4.559773667887833247e-20
5.965182277291280116e+03 -2.005250058679651116e-20 4.561947344247502339e-20
5.970188205224335434e+03 -2.544994707090532846e-20 4.754602029679477370e-20
5.975194133157390752e+03 1.298685677836163989e-19 4.877939291372873638e-20
5.980200061090446980e+03 1.212708558125226939e-19 4.855328178130083278e-20
5.985205989023502298e+03 8.228122372306754302e-20 4.755738009241610164e-20
5.990211916956557616e+03 9.053405377530242594e-20 4.730904694737919819e-20
5.995217844889613843e+03 9.075888074537323441e-20 4.727639608751182095e-20
6.000223772822669162e+03 9.763886704870221112e-20 4.805400726663827370e-20
6.005229700755725389e+03 1.339362170442707305e-19 4.707162125556632541e-20
6.010235628688780707e+03 -2.663125692836776186e-21 4.653906370363080879e-20
6.015241556621836935e+03 -2.962748281605556048e-20 4.576919162703409282e-20
6.020247484554892253e+03 2.038794765927505482e-20 4.550871914489461831e-20
6.025253412487947571e+03 5.093147746025020705e-20 4.523071343631763871e-20
6.030259340421003799e+03 5.633173094332105625e-20 4.502290004627973481e-20
6.035265268354059117e+03 4.162439027532427149e-20 4.533562546949170745e-20
6.040271196287115345e+03 7.883703031674222565e-20 4.470466996363531973e-20
6.045277124220170663e+03 6.515686076542127730e-20 4.343297886449207194e-20
6.050283052153226890e+03 1.470556824146150944e-19 4.387909882995628514e-20
6.055288980086282209e+03 -5.661652155505036107e-21 4.270113881050665530e-20
6.060294908019337527e+03 5.592788606998888440e-21 4.225450397514245638e-20
6.065300835952393754e+03 2.077259651999196366e-20 4.175072029180627432e-20
6.070306763885449072e+03 -3.035495904595640932e-20 4.112877089164400190e-20
6.075312691818505300e+03 1.924392411500686043e-20 4.016321828497125240e-20
6.080318619751560618e+03 2.450966892308715468e-20 3.978954411586708964e-20
6.085324547684616846e+03 5.925629214739512594e-20 3.926774021495462064e-20
6.090330475617672164e+03 6.355900216660126718e-20 3.925163181248991611e-20
6.095336403550727482e+03 1.339310551108795485e-19 3.996217681032940711e-20
6.100342331483783710e+03 1.149989066123698763e-19 4.091744677425494529e-20
6.105348259416839028e+03 7.844710996903033644e-20 4.109724610397211443e-20
6.110354187349894346e+03 2.024011826787675947e-20 4.037764777390390679e-20
6.115360115282950574e+03 2.284844750646161262e-20 4.083478965444352489e-20
6.120366043216006801e+03 8.485237810796961252e-20 4.090367252199951008e-20
6.125371971149062119e+03 -5.327739008076985533e-20 4.103138379795000900e-20
6.130377899082117438e+03 3.188709419901370165e-20 4.105546191200137962e-20
6.135383827015173665e+03 1.719849570106973840e-20 4.257032578899860710e-20
6.140389754948228983e+03 6.799448533257633443e-21 4.397413730481262820e-20
6.145395682881284301e+03 5.638575901021220573e-20 4.311073877559254448e-20
6.150401610814340529e+03 5.180236551678741092e-20 4.149068023223414769e-20
6.155407538747396757e+03 -7.165095423331595173e-20 4.062564469583327925e-20
6.160413466680452075e+03 1.234183905011791347e-20 4.030149030992667932e-20
6.165419394613507393e+03 -7.477983392227379727e-20 4.095702344431469350e-20
6.170425322546563621e+03 -1.072726140641768100e-20 4.231026392224632183e-20
6.175431250479618939e+03 2.478384632023149771e-20 4.101279453465100288e-20
6.180437178412674257e+03 1.277740828749034692e-19 4.049703583941574279e-20
6.185443106345730484e+03 1.384740664459390447e-21 3.971892225859419058e-20
6.190449034278785803e+03 4.348959769030126428e-20 3.979344014336244641e-20
6.195454962211842030e+03 1.075437445639245567e-20 3.954636753405594983e-20
6.200460890144897348e+03 2.978148150332444544e-20 3.956447552988401147e-20
6.205466818077953576e+03 7.512566014960119531e-20 3.892063698010971718e-20
6.210472746011008894e+03 -1.385855348633777262e-20 3.755279047611110439e-20
6.215478673944064212e+03 -5.010809535850837733e-20 3.778944243436209813e-20
6.220484601877120440e+03 1.306438430302753998e-20 3.828160718595733675e-20
6.225490529810175758e+03 -1.262875943214028400e-20 3.902610566111602713e-20
6.230496457743231986e+03 6.289532612298956297e-20 4.378154228456751433e-20
6.235502385676287304e+03 2.311762863865973297e-21 4.708910569500402788e-20
6.240508313609343531e+03 -2.102703827935045552e-20 4.657098048786753261e-20
6.245514241542398850e+03 -2.530519987131407878e-20 4.133510855344945484e-20
6.250520169475454168e+03 3.644902992703133510e-20 4.364003530435386263e-20
6.255526097408510395e+03 6.445907419438963706e-20 4.833936781775964846e-20
6.260532025341565713e+03 -2.189811601082113920e-20 5.065343195969762677e-20
6.265537953274621032e+03 2.650810625760480363e-20 4.615188489303947062e-20
6.270543881207677259e+03 -1.436695987601862173e-20 4.492440665568426291e-20
6.275549809140733487e+03 9.137484127634145766e-20 4.360735893092438502e-20
6.280555737073788805e+03 7.995593332691733355e-20 4.456865307404545656e-20
6.285561665006844123e+03 2.690882294925668470e-20 4.520076849062410497e-20
6.290567592939900351e+03 1.084291727581606354e-20 4.729643989858097564e-20
6.295573520872955669e+03 1.630239844529456927e-19 6.682153935025135933e-20
6.300579448806010987e+03 -1.224337139091751093e-19 7.197337992840457417e-20
6.305585376739067215e+03 1.085420254777940946e-19 5.848903039951500845e-20
6.310591304672123442e+03 1.624106262369575278e-19 4.064755976637960378e-20
6.315597232605178760e+03 8.988690425912553104e-20 3.730473687561034546e-20
6.320603160538234079e+03 1.634833549431940694e-19 3.867915435885805715e-20
6.325609088471290306e+03 1.294736601186879133e-19 4.156729596781259606e-20
6.330615016404345624e+03 1.542415181370116781e-19 4.126412328632134674e-20
6.335620944337400942e+03 1.208287500519603036e-19 3.873347163281291206e-20
6.340626872270457170e+03 1.085556504285150531e-19 3.757513513969539289e-20
6.345632800203512488e+03 5.307502845479324690e-20 3.863284513679537019e-20
6.350638728136568716e+03 1.523103792401943067e-19 4.104198393436242317e-20
6.355644656069624034e+03 1.603313696731257808e-19 4.396810618485546985e-20
6.360650584002680262e+03 4.361522228515169945e-20 5.197409857722401720e-20
6.365656511935735580e+03 1.114936251616365602e-19 4.997412206819893103e-20
6.370662439868790898e+03 2.052948890206307030e-19 4.083248975024580540e-20
6.375668367801847126e+03 1.579401930532870875e-19 3.795281942755793795e-20
6.380674295734902444e+03 3.698194934062649572e-20 3.992242476654589502e-20
6.385680223667958671e+03 1.011842319794464532e-19 3.965461681778455608e-20
6.390686151601013989e+03 1.475279043332919739e-19 4.007917523810039465e-20
6.395692079534070217e+03 1.739171586157437541e-19 3.940911586762492120e-20
6.400698007467125535e+03 1.893159175637697123e-19 3.958186597392405741e-20
6.405703935400180853e+03 1.629270402194831504e-19 3.892735171411775731e-20
6.410709863333237081e+03 1.438254994641183272e-19 3.943652308723925052e-20
6.415715791266292399e+03 1.445124752426424365e-19 3.951061377912455124e-20
6.420721719199348627e+03 1.593865303885305954e-19 3.820679294992813160e-20
6.425727647132403945e+03 1.704115045032514721e-19 3.721096284026248832e-20
6.430733575065460172e+03 1.806109696589377649e-19 3.674622142038286181e-20
6.435739502998515491e+03 2.025289633078776030e-19 3.559050265149981403e-20
6.440745430931570809e+03 1.342335872270459356e-19 3.560314589907975995e-20
6.445751358864627036e+03 1.224470206031516737e-19 3.504254323375631852e-20
6.450757286797682355e+03 1.523237100061279993e-19 3.491548220201441349e-20
6.455763214730737673e+03 1.251081835726882783e-19 3.492153574931256566e-20
6.460769142663793900e+03 1.180842399814610688e-19 3.749911296372279536e-20
6.465775070596850128e+03 1.777001777934604197e-19 3.960322267158237057e-20
6.470780998529905446e+03 1.120532750089619756e-19 3.816990020222278531e-20
6.475786926462960764e+03 1.516328062163535365e-19 3.531596412426370180e-20
6.480792854396016992e+03 1.279999621602681502e-19 3.324250278708544948e-20
6.485798782329072310e+03 1.255494604039695596e-19 3.277106726461311788e-20
6.490804710262127628e+03 4.675606716949631859e-20 3.523653213632150639e-20
6.495810638195183856e+03 6.935004979588833677e-20 4.036961111877286594e-20
6.500816566128239174e+03 7.239858226806753013e-20 4.261403414133576098e-20
6.505822494061295401e+03 1.530553010691019405e-19 3.830020476358329584e-20
6.510828421994350720e+03 1.434418692664976861e-19 3.737299261619565339e-20
6.515834349927406947e+03 1.926778041712717954e-19 3.833259622665320766e-20
6.520840277860462265e+03 2.157282125643973709e-19 3.948025089191875199e-20
6.525846205793517584e+03 1.616291194621262266e-19 4.295952622343715983e-20
6.530852133726573811e+03 2.931061969188097619e-19 4.523298376422762678e-20
6.535858061659629129e+03 2.037542827323341872e-19 4.373524072307187553e-20
6.540863989592685357e+03 1.748716166897018358e-19 4.014355283136348342e-20
6.545869917525740675e+03 1.291304144433820114e-19 4.091689389110696883e-20
6.550875845458796903e+03 1.692888424364495426e-19 4.207852190182467851e-20
6.555881773391852221e+03 1.663613419610665408e-19 4.251985005532065308e-20
6.560887701324907539e+03 1.929971476857113556e-19 4.010531599161459196e-20
6.565893629257963767e+03 1.956688643415601750e-19 3.870318596083941717e-20
6.570899557191019085e+03 1.936098555923322027e-19 3.684259517855659837e-20
6.575905485124075312e+03 1.822755999862189694e-19 3.680141261113142527e-20
6.580911413057130630e+03 1.896092961440998102e-19 3.513600871495679043e-20
6.585917340990186858e+03 1.840010567248749361e-19 3.195671365340061184e-20
6.590923268923242176e+03 1.594063018867048097e-19 3.179818775552796396e-20
6.595929196856297494e+03 1.110458766025129051e-19 3.307073846673342480e-20
6.600935124789353722e+03 1.619594928174986559e-19 3.384084054446196275e-20
6.605941052722409040e+03 2.524452964766882808e-19 3.406145706967873912e-20
6.610946980655464358e+03 1.467494614103063594e-19 3.240234984590896860e-20
6.615952908588520586e+03 2.023726544345461061e-19 3.220644762107690039e-20
6.620958836521576814e+03 2.139792998802814855e-19 3.326546727943305972e-20
6.625964764454632132e+03 1.039957772648755564e-19 3.418167050207668268e-20
6.630970692387687450e+03 1.409940790495190657e-19 3.585868995393541728e-20
6.635976620320743677e+03 1.476625017061958092e-19 3.597181647517330108e-20
6.640982548253798996e+03 1.307387008667000325e-19 3.569352398577330480e-20
6.645988476186854314e+03 1.493020652807027700e-19 3.639781878213972337e-20
6.650994404119910541e+03 1.738093076284605182e-19 3.654281867691155992e-20
6.656000332052965859e+03 1.629895655569613721e-19 3.735019701640789886e-20
6.661006259986022087e+03 8.925115472632308499e-20 3.668681533677036972e-20
6.666012187919077405e+03 1.444468896598158569e-19 3.598654030684462774e-20
6.671018115852133633e+03 1.810574784617037796e-19 3.460695505873461811e-20
6.676024043785188951e+03 1.847246453405797895e-19 3.348201352810020837e-20
6.681029971718244269e+03 1.319412486304427704e-19 3.274800183066299439e-20
6.686035899651300497e+03 8.187612736212225204e-20 3.175515210443218890e-20
6.691041827584355815e+03 1.316383067396309627e-19 3.158493610169154037e-20
6.696047755517412043e+03 1.775755680881329542e-19 3.122628234413846162e-20
6.701053683450467361e+03 1.915313102574510029e-19 3.090498488514208792e-20
6.706059611383523588e+03 9.268809988840363475e-20 3.031229023946046084e-20
6.711065539316578906e+03 1.204159421472913235e-21 3.001204501265867899e-20
6.716071467249634225e+03 1.682421961342650700e-20 2.996454461542972341e-20
6.721077395182690452e+03 3.307284587691716071e-20 2.961101331633413095e-20
6.726083323115745770e+03 1.133463571100723478e-19 3.001886232119151123e-20
6.731089251048801998e+03 1.516012266358674028e-19 3.038722083758979213e-20
6.736095178981857316e+03 1.294038791137262447e-19 3.077127645678912494e-20
6.741101106914913544e+03 1.910325940808339691e-19 3.143840694395859408e-20
6.746107034847968862e+03 1.805431546684782517e-19 3.196901322055629898e-20
6.751112962781024180e+03 1.534861320592001244e-19 3.197779121494236366e-20
6.756118890714080408e+03 1.448188913390914081e-19 3.216054242890989350e-20
6.761124818647135726e+03 1.774939063805227120e-19 3.297350623112859399e-20
6.766130746580191044e+03 1.346482756622215372e-19 3.343501677815683729e-20
6.771136674513247272e+03 1.575825143804541005e-19 3.419662807509354919e-20
6.776142602446303499e+03 1.710390730802798512e-19 3.502094183454234792e-20
6.781148530379358817e+03 1.198693979942950681e-19 3.549862472249459807e-20
6.786154458312414135e+03 1.995438014929730568e-19 3.547647672563743611e-20
6.791160386245470363e+03 9.472449119972667692e-20 3.416555350508669564e-20
6.796166314178525681e+03 1.387974145121389760e-19 3.338046435176831773e-20
6.801172242111580999e+03 1.691811837719242224e-19 3.284094315065800765e-20
6.806178170044637227e+03 1.190925901648867150e-19 3.235884824603182269e-20
6.811184097977693455e+03 1.000914823186098896e-19 3.174631124429890780e-20
6.816190025910748773e+03 1.583586630509540267e-19 3.104829686480493586e-20
6.821195953843804091e+03 1.890121984496920359e-19 3.484307373637668109e-20
6.826201881776860318e+03 1.104333380662148092e-19 4.268016963319392727e-20
6.831207809709915637e+03 7.387976742912012913e-20 4.602423782911480223e-20
6.836213737642970955e+03 2.222871512359920216e-19 4.042803815293802260e-20
6.841219665576027182e+03 2.016572566646546218e-19 3.352479224271981304e-20
6.846225593509082501e+03 1.398568835567095863e-19 3.058960775497672491e-20
6.851231521442138728e+03 1.857486693841529880e-19 2.930383842332874736e-20
6.856237449375194046e+03 2.582910127546998258e-19 3.486187992971344324e-20
6.861243377308250274e+03 1.663820771377354166e-20 5.322919641442455689e-20
6.866249305241305592e+03 1.013317587020083354e-19 5.964664736142561286e-20
6.871255233174360910e+03 1.791137462253547628e-19 4.651596505315848444e-20
6.876261161107417138e+03 1.119065940737405324e-19 4.105373978234567351e-20
6.881267089040473365e+03 -1.061184265365816363e-20 4.154891458892454446e-20
6.886273016973527774e+03 -6.496040571460035074e-21 4.500974760412268226e-20
6.891278944906584002e+03 2.418770675358040578e-19 4.428757308887711540e-20
6.896284872839640229e+03 3.554116418514118467e-19 4.484205182821796478e-20
6.901290800772695547e+03 7.793931930449418435e-20 4.364613647161367128e-20
6.906296728705750866e+03 7.423590753106296549e-20 4.459468641643805492e-20
6.911302656638807093e+03 9.927936576552768283e-20 4.491268941050730517e-20
6.916308584571862411e+03 1.753728888653104450e-19 4.781413236622276268e-20
6.921314512504917730e+03 9.109066835440038151e-20 4.763288339562885128e-20
6.926320440437973957e+03 1.135451557435679535e-19 4.272225498817114511e-20
6.931326368371030185e+03 2.000522248717633977e-19 3.546212518878075469e-20
6.936332296304085503e+03 1.953443386747384958e-19 3.673693987830582275e-20
6.941338224237140821e+03 1.206965334740630038e-19 3.943624225553592820e-20
6.946344152170197049e+03 1.358938491573024030e-19 4.157735534985130210e-20
6.951350080103252367e+03 9.649541800460811296e-20 4.000135654111719210e-20
6.956356008036307685e+03 1.349703553390600457e-19 3.260677556590420163e-20
6.961361935969363913e+03 1.793807530223045112e-19 3.122870152409053383e-20
6.966367863902420140e+03 2.016697851014254214e-19 3.332802262349120177e-20
6.971373791835475458e+03 1.931238909632469549e-19 3.551182015162572369e-20
6.976379719768530776e+03 2.119580040386466148e-19 3.653718610545861598e-20
6.981385647701587004e+03 1.811902482190530889e-19 3.538638141329225581e-20
6.986391575634642322e+03 2.419893701173733813e-19 3.048938675202845121e-20
6.991397503567697640e+03 1.652936781965076204e-19 2.978915231929478397e-20
6.996403431500753868e+03 1.407297401667534764e-19 3.047902943907265962e-20
7.001409359433810096e+03 7.924929416128402494e-20 3.146879208436354186e-20
7.006415287366865414e+03 1.627547080199189442e-19 3.351959036848574760e-20
7.011421215299920732e+03 1.612489688410828910e-19 3.295391068545454193e-20
7.016427143232976960e+03 1.652371773544120553e-19 3.172459716509269888e-20
7.021433071166032278e+03 1.473881715911567606e-19 3.000143647150452041e-20
7.026438999099087596e+03 1.662137563732122451e-19 3.086280266496307152e-20
7.031444927032143823e+03 1.895894030691235902e-19 3.129728464498405972e-20
7.036450854965200051e+03 2.064667567730722715e-19 3.243353786544549065e-20
7.041456782898254460e+03 1.334975690106749934e-19 3.449918561931470124e-20
7.046462710831310687e+03 1.547124345984945061e-19 3.524074498342614571e-20
7.051468638764366915e+03 1.993714681673227639e-19 3.408593500642587999e-20
7.056474566697422233e+03 1.875210238595252426e-19 3.143193490045234819e-20
7.061480494630477551e+03 1.951623979927020300e-19 3.081726308344605776e-20
7.066486422563533779e+03 1.702054937930811774e-19 3.103768921508320254e-20
7.071492350496589097e+03 1.587558816147374000e-19 3.029452751130618227e-20
7.076498278429644415e+03 8.899474493824830713e-20 3.025646493358036476e-20
7.081504206362700643e+03 2.295962642667097723e-19 3.036388427311669528e-20
7.086510134295756870e+03 1.575919420611171940e-19 2.997150976088367312e-20
7.091516062228812189e+03 1.368703859013314067e-19 2.941135311878821067e-20
7.096521990161867507e+03 2.214127493528532752e-19 2.821585609987205143e-20
7.101527918094923734e+03 1.947663987660689813e-19 2.801523661642816671e-20
7.106533846027979052e+03 1.378403290830210432e-19 2.822628560661488957e-20
7.111539773961034371e+03 1.729702320251263195e-19 2.837236787959593802e-20
7.116545701894090598e+03 1.511667793089767865e-19 2.827371625652045594e-20
7.121551629827146826e+03 1.017279480606050333e-19 2.909992909978787781e-20
7.126557557760202144e+03 1.702792274942926548e-19 2.946674207317225095e-20
7.131563485693257462e+03 1.947670058184410580e-19 3.014669369159369654e-20
7.136569413626313690e+03 1.731667853839512201e-19 3.094130119200545544e-20
7.141575341559369008e+03 2.042977947776905873e-19 3.218579694982632463e-20
7.146581269492424326e+03 1.227518967007300383e-19 3.297612879186352758e-20
7.151587197425480554e+03 2.019354453603404400e-19 3.234686185028631352e-20
7.156593125358536781e+03 1.275148620467022475e-19 3.267794676543246359e-20
7.161599053291592099e+03 9.391811111394705754e-20 3.386295030647556050e-20
7.166604981224647418e+03 1.158762360533751165e-19 3.419474938129353380e-20
7.171610909157703645e+03 1.901209744991069808e-19 3.310445867182191037e-20
7.176616837090758963e+03 4.326389781596010388e-20 3.255123744404397460e-20
7.181622765023814281e+03 1.445486713867839756e-20 3.101996090872951883e-20
7.186628692956870509e+03 9.433362209188064736e-20 2.987835846579504683e-20
7.191634620889926737e+03 1.084534188362265949e-19 2.903223270662876742e-20
7.196640548822981145e+03 1.508170608558967034e-19 2.848966596100598150e-20
7.201646476756037373e+03 1.648011417192267787e-19 2.831875046561989033e-20
7.206652404689093601e+03 1.195423857506257743e-19 2.778109810149637056e-20
7.211658332622148919e+03 1.214233758569846920e-19 2.785193283907185225e-20
7.216664260555204237e+03 1.118879651492739439e-19 2.795474350849320330e-20
7.221670188488260465e+03 1.114788632016732139e-19 2.867889909073479970e-20
7.226676116421315783e+03 1.305258584690658233e-19 2.900827535502297650e-20
7.231682044354371101e+03 1.550636256660015372e-19 3.493105499811557345e-20
7.236687972287427328e+03 1.536966840963764512e-19 5.098977292278170373e-20
7.241693900220483556e+03 2.088584007200544690e-19 6.068957647977261275e-20
7.246699828153538874e+03 1.699767664017267662e-19 5.311362600324894292e-20
7.251705756086594192e+03 1.853746123351765581e-19 4.048933336458429884e-20
7.256711684019650420e+03 1.423324239662925706e-19 3.408638871657367136e-20
7.261717611952705738e+03 1.694818737063624207e-19 3.101104819184605876e-20
7.266723539885761056e+03 1.697435522490856172e-19 3.369838810477468486e-20
7.271729467818817284e+03 1.494750960568522908e-19 5.392599787537241292e-20
7.276735395751873511e+03 1.872821958174000088e-19 6.035377993431678825e-20
7.281741323684928830e+03 2.231496536490277748e-19 5.658184193392870434e-20
7.286747251617984148e+03 9.022983219461346095e-20 4.472836138788263723e-20
7.291753179551040375e+03 1.662716854192805493e-19 3.860913538255606541e-20
7.296759107484095694e+03 1.280975889903633222e-19 3.908015210239043476e-20
7.301765035417151012e+03 1.341516693371813865e-19 4.022154993610164750e-20
7.306770963350207239e+03 1.267922428791644371e-19 4.003321961663181077e-20
7.311776891283263467e+03 1.450207667052833042e-19 5.048904409181370265e-20
7.316782819216318785e+03 1.484414335852911032e-19 5.103611831502152845e-20
7.321788747149374103e+03 2.293339767433129886e-19 4.378100746554223477e-20
7.326794675082430331e+03 1.547288861584167954e-19 3.862054850898080766e-20
7.331800603015485649e+03 1.525421384926842428e-19 4.093954777783087778e-20
7.336806530948540967e+03 1.007784184840791137e-19 5.079997650636102657e-20
7.341812458881597195e+03 2.159151313002191067e-19 5.126644333083840209e-20
7.346818386814653422e+03 1.612008440316326160e-19 4.027351361084080682e-20
7.351824314747707831e+03 1.454966474696530868e-19 3.326066788446820655e-20
7.356830242680764059e+03 1.717671949247750972e-19 3.709500568445853507e-20
7.361836170613820286e+03 1.803052797432672820e-19 4.121772029972876782e-20
7.366842098546875604e+03 1.398556445690023830e-19 4.620656136515141675e-20
7.371848026479930923e+03 1.772143961288773967e-19 4.502370005217928860e-20
7.376853954412987150e+03 1.491081244940534813e-19 3.288648151400283339e-20
7.381859882346043378e+03 1.385084642607496300e-19 2.842310833174832367e-20
7.386865810279097786e+03 8.943768805722525503e-20 3.354749366277917411e-20
7.391871738212154014e+03 1.254940644678135874e-19 3.648428488667327660e-20
7.396877666145210242e+03 1.773692668876893336e-19 4.320321476950516903e-20
7.401883594078265560e+03 1.891940912885775767e-19 4.291654566260902299e-20
7.406889522011320878e+03 1.547606619138677138e-19 3.842314770791334520e-20
7.411895449944377106e+03 9.224302202637706848e-20 3.101540308203538086e-20
7.416901377877432424e+03 1.743025860139212713e-19 3.142515066220949735e-20
7.421907305810487742e+03 1.479693346638571877e-19 3.249438010279519374e-20
7.426913233743543969e+03 1.228092328884846965e-19 3.493309265199427965e-20
7.431919161676600197e+03 1.580871492842099457e-19 3.798603810430589354e-20
7.436925089609655515e+03 1.738293379518897429e-19 3.788942412928553885e-20
7.441931017542710833e+03 2.151953678466438468e-19 3.525839464103588218e-20
7.446936945475767061e+03 1.350532755535331291e-19 2.855500713372945899e-20
7.451942873408822379e+03 8.092622188895454004e-20 2.776022194233053086e-20
7.456948801341877697e+03 1.557527501799786350e-19 2.899190386952662584e-20
7.461954729274933925e+03 1.116521685606357400e-19 3.169407327120779367e-20
7.466960657207990153e+03 1.619317630953621834e-19 3.511828485636856060e-20
7.471966585141045471e+03 9.270569719649698076e-20 3.703301591275864002e-20
7.476972513074100789e+03 1.098930920930152571e-19 3.890425104854874790e-20
7.481978441007157016e+03 2.067837996221662315e-19 3.716500175683941129e-20
7.486984368940212335e+03 8.126981869355534700e-20 3.338765860940820224e-20
7.491990296873267653e+03 1.856039907007602391e-19 2.909832442382670648e-20
7.496996224806323880e+03 2.191626120810519305e-19 2.813799463329661920e-20
7.502002152739380108e+03 1.458098233921283874e-19 2.665648396436051185e-20
7.507008080672435426e+03 1.519961821246025803e-19 2.612053307501494428e-20
7.512014008605490744e+03 1.501940949567506746e-19 2.762683250375295071e-20
7.517019936538546972e+03 1.204210920410537076e-19 3.696577749763311484e-20
7.522025864471602290e+03 1.687653308772705506e-19 4.573767176419306715e-20
7.527031792404657608e+03 1.304900347562203702e-19 4.676442574384057864e-20
7.532037720337713836e+03 8.498147123353129673e-20 3.643428747853878705e-20
7.537043648270770063e+03 1.787368947333830764e-19 3.240453219064871134e-20
7.542049576203824472e+03 2.080626228718231418e-19 3.134673880927461443e-20
7.547055504136880700e+03 1.221234796406258103e-19 3.107875183086803583e-20
7.552061432069936927e+03 1.309918294023121849e-19 3.353490286059589833e-20
7.557067360002992245e+03 1.089709074331959350e-19 3.414895080083000695e-20
7.562073287936047564e+03 1.822162312522943724e-19 3.403264734604597528e-20
7.567079215869103791e+03 1.939269870784541802e-19 4.128010303587880715e-20
7.572085143802159109e+03 1.447976557397005934e-20 4.225783692259641360e-20
7.577091071735214427e+03 7.100430546762838048e-20 3.620176535893677122e-20
7.582096999668270655e+03 6.203205402667425475e-20 3.254083870528809558e-20
7.587102927601326883e+03 9.604489572811201951e-20 3.197566458835141921e-20
7.592108855534382201e+03 1.146164380055837107e-19 4.709506106809939933e-20
7.597114783467437519e+03 3.275929037641852630e-20 6.632910827358533182e-20
7.602120711400493747e+03 1.726794645635164879e-19 7.394552929354807662e-20
7.607126639333549065e+03 9.654953720397897558e-20 5.730865487377006315e-20
7.612132567266604383e+03 1.754284752142403420e-19 4.859669583613476187e-20
7.617138495199660611e+03 2.080445226701341931e-19 4.622127390340166019e-20
7.622144423132716838e+03 9.803522894245285339e-20 5.240451680608294061e-20
7.627150351065772156e+03 1.250852943358627645e-19 5.630214731617606571e-20
7.632156278998827474e+03 2.345110314729051979e-19 5.351190960212757539e-20
7.637162206931883702e+03 2.142337230992050948e-19 4.404452775070071185e-20
7.642168134864939020e+03 1.721955247329653596e-19 4.007423368272321852e-20
7.647174062797994338e+03 1.931605700255000502e-19 3.976301166094923015e-20
7.652179990731050566e+03 1.440214914219089084e-19 3.941187896899685040e-20
7.657185918664106794e+03 1.226153443798526843e-19 4.265297473972633498e-20
7.662191846597162112e+03 8.245443146713452116e-20 4.433527766776825433e-20
7.667197774530217430e+03 1.055358473875480889e-19 4.230875474666268885e-20
7.672203702463273657e+03 1.450200298306517361e-19 3.731978961823121755e-20
7.677209630396328976e+03 1.107627047559168891e-19 3.679564423952911613e-20
7.682215558329384294e+03 1.740416416220496838e-19 3.733492150834142753e-20
7.687221486262440521e+03 2.373723064917455616e-19 3.703016481111207101e-20
7.692227414195496749e+03 2.416258374812742797e-19 3.726632663150992746e-20
7.697233342128551158e+03 2.800524741198809071e-19 3.776445162768909218e-20
7.702239270061607385e+03 1.145474579592769125e-19 3.761071754703920963e-20
7.707245197994663613e+03 1.693344266276136267e-19 5.466280176197108400e-20
7.712251125927718931e+03 2.389174081760592335e-19 6.389034551660949458e-20
7.717257053860774249e+03 2.905946826940494501e-19 6.207849391758337497e-20
7.722262981793830477e+03 2.387883675506313633e-19 4.769381469458790311e-20
7.727268909726885795e+03 1.063000566465809759e-19 3.596973453539707642e-20
7.732274837659941113e+03 1.112668089285189059e-19 3.159008217875073198e-20
7.737280765592997341e+03 1.590642754882861381e-19 2.947369001107598315e-20
7.742286693526053568e+03 1.152044505041282449e-19 3.723178063555105338e-20
7.747292621459108886e+03 1.313618923451866281e-19 5.537219342555737134e-20
7.752298549392164205e+03 2.080235167058387691e-19 5.908493151550836198e-20
7.757304477325220432e+03 2.915367819828318018e-19 4.957592902115423351e-20
7.762310405258275750e+03 2.149284341833256532e-19 4.041524703663860999e-20
7.767316333191331069e+03 2.123110564477078395e-19 3.592763412245781786e-20
7.772322261124387296e+03 7.599242089512055952e-20 3.821994192628953238e-20
7.777328189057443524e+03 1.482877366514858166e-19 4.285612113404678501e-20
7.782334116990498842e+03 1.507619418552211991e-19 4.005124025863058789e-20
7.787340044923554160e+03 7.408002219501087074e-20 4.829954884240765743e-20
7.792345972856610388e+03 1.677599229388256374e-19 5.787789193960827159e-20
7.797351900789665706e+03 5.030913370692470437e-20 5.531180290694941611e-20
7.802357828722721024e+03 1.983993025769483694e-19 4.364956181368352093e-20
7.807363756655777252e+03 1.771591453247934692e-19 4.627530379667088153e-20
7.812369684588833479e+03 1.789816979601340704e-19 4.742752779293561344e-20
7.817375612521888797e+03 5.106679713512607169e-20 6.036253278668788938e-20
7.822381540454944115e+03 8.911735468316472055e-20 6.028551349400475992e-20
7.827387468388000343e+03 2.704661509056730881e-19 4.525877346511421189e-20
7.832393396321055661e+03 2.184439565622846630e-19 3.224150759830552690e-20
7.837399324254110979e+03 1.189148602071271774e-19 3.883100533444155722e-20
7.842405252187167207e+03 1.456632149240759788e-19 4.102825953248917230e-20
7.847411180120223435e+03 1.786489106198137712e-19 5.371872715076047310e-20
7.852417108053277843e+03 2.055650846359909461e-19 6.101510758800012301e-20
7.857423035986334071e+03 2.351705550247775894e-19 6.001817207560893726e-20
7.862428963919390299e+03 1.434052243141847484e-19 4.837367567156873651e-20
7.867434891852445617e+03 1.433794683509309714e-19 4.809586795757658551e-20
7.872440819785500935e+03 4.470570873603945394e-20 4.816228146381978421e-20
7.877446747718557162e+03 4.228644149280983272e-20 4.472842309263094233e-20
7.882452675651613390e+03 3.889760968041375080e-20 4.628715568188173527e-20
7.887458603584667799e+03 1.556496378083270453e-19 4.924306027388771357e-20
7.892464531517724026e+03 7.904040078210340644e-20 4.634266176712408859e-20
7.897470459450780254e+03 1.323064191139803368e-19 3.519165809540814927e-20
7.902476387383835572e+03 1.038187485552120593e-19 3.201207439303828286e-20
7.907482315316890890e+03 2.559548796522721388e-19 5.539308441370531381e-20
7.912488243249947118e+03 3.118999500197895926e-19 7.131862056879951485e-20
7.917494171183002436e+03 2.246222814529803504e-19 7.689118834588183480e-20
7.922500099116057754e+03 -1.163638613550558858e-20 5.741389492919724020e-20
7.927506027049113982e+03 1.038920644083481326e-20 5.444559681208098755e-20
7.932511954982170209e+03 2.641193414590809551e-19 4.939250011523486959e-20
7.937517882915225528e+03 1.801543794080812811e-19 4.127936290812012038e-20
7.942523810848280846e+03 7.166193219232500135e-20 4.042699699342574286e-20
7.947529738781337073e+03 8.380316980874136481e-20 4.456212779148253687e-20
7.952535666714392391e+03 1.768073148941486356e-19 4.139228082812206928e-20
7.957541594647447710e+03 5.279593878516530463e-20 4.670392115386349124e-20
7.962547522580503937e+03 8.711607838310429754e-20 6.139460879701001862e-20
7.967553450513560165e+03 2.366386398660780052e-19 5.914345870423750177e-20
7.972559378446615483e+03 6.934953501314349401e-20 4.453865304047303358e-20
7.977565306379670801e+03 -1.199114610017368698e-21 4.624533754359642457e-20
7.982571234312727029e+03 2.742836766543048836e-20 4.445502573901086748e-20
7.987577162245782347e+03 1.599569378404714780e-19 5.456712365457502308e-20
7.992583090178837665e+03 1.595741640183088513e-19 6.096902641403855432e-20
7.997589018111893893e+03 1.190356414418070721e-19 5.468878403026913178e-20
8.002594946044950120e+03 1.843035121145952572e-19 3.272465687072877019e-20
8.007600873978005438e+03 1.175524935052227379e-19 3.584429881709705106e-20
8.012606801911060757e+03 1.821182873861340736e-19 4.063751013876466336e-20
8.017612729844116984e+03 4.773086007128136231e-20 4.565729431632145016e-20
8.022618657777172302e+03 -9.901619906356192391e-21 5.557477142657091252e-20
8.027624585710227620e+03 3.037592875253375759e-19 5.625943166142605286e-20
8.032630513643283848e+03 1.173810739130959726e-19 4.198208759835220975e-20
8.037636441576340076e+03 1.215950107063674129e-19 3.189118831275090929e-20
8.042642369509394484e+03 1.099919301764850628e-19 3.258014207191236997e-20
8.047648297442450712e+03 9.072175457548427485e-20 3.935214981511122400e-20
8.052654225375506940e+03 4.392070124989828283e-20 4.216820691226744819e-20
8.057660153308562258e+03 1.897976635487813370e-19 4.987757561653153355e-20
8.062666081241617576e+03 1.405889505119131509e-19 4.914233884883518888e-20
8.067672009174673803e+03 1.206064902414360506e-19 4.124024054495117716e-20
8.072677937107729122e+03 1.231968152293290815e-19 3.332685732934660670e-20
8.077683865040784440e+03 1.191256226353925806e-19 3.329823537403367322e-20
8.082689792973840667e+03 7.441112019030339685e-20 3.288555737881981339e-20
8.087695720906896895e+03 1.485611243241616736e-19 3.419259130604365909e-20
8.092701648839952213e+03 1.637055768822343756e-19 3.416035883824619577e-20
8.097707576773007531e+03 1.563260114596814584e-19 3.759813786394356583e-20
8.102713504706063759e+03 1.490302235391215365e-19 3.626021850126959668e-20
8.107719432639119077e+03 9.075509859644085104e-20 3.264795777106174756e-20
8.112725360572174395e+03 1.017358867685272184e-19 2.864840777682792184e-20
8.117731288505230623e+03 1.168716058912778868e-19 2.806039809893388540e-20
8.122737216438286850e+03 1.455493900358192241e-19 2.811168077557366187e-20
8.127743144371342169e+03 1.119925641980530772e-19 2.825081749038589345e-20
8.132749072304397487e+03 8.671373665428702899e-20 2.927717407088869006e-20
8.137755000237453714e+03 1.102826744944646236e-19 3.017018531061851030e-20
8.142760928170509032e+03 1.497719384852704582e-19 3.153822815315970239e-20
8.147766856103564351e+03 1.250398637430307102e-19 3.036222239077184777e-20
8.152772784036620578e+03 1.166530300923756643e-19 2.882790344634006373e-20
8.157778711969676806e+03 1.145735993732913361e-19 2.784600829562964636e-20
8.162784639902732124e+03 1.698472413283027524e-19 2.823654047000903497e-20
8.167790567835787442e+03 1.064780670976836679e-19 2.883316820193434206e-20
8.172796495768843670e+03 7.899286902555655191e-20 2.940026988707586278e-20
8.177802423701898988e+03 1.279883050858567298e-19 3.012117572723563580e-20
8.182808351634954306e+03 1.393829508794815997e-19 3.155103770504980502e-20
8.187814279568010534e+03 8.190608461413997085e-20 3.313627402289358836e-20
8.192820207501066761e+03 1.279099819307756070e-19 3.325387185981800221e-20
8.197826135434121170e+03 1.085585037105031386e-19 3.224769822893133830e-20
8.202832063367177398e+03 1.184000298140401544e-19 3.121749374186935150e-20
8.207837991300233625e+03 1.366156270842269537e-19 3.100730912928057529e-20
8.212843919233288034e+03 9.468533570520954389e-20 3.041191435407322857e-20
8.217849847166344261e+03 1.050087072016321105e-19 2.970719396241673643e-20
8.222855775099400489e+03 1.485626635333360996e-19 2.855802934742779433e-20
8.227861703032456717e+03 6.840960990584737972e-20 2.779233585861155628e-20
8.232867630965511125e+03 1.122125538753708429e-19 2.765285227007479430e-20
8.237873558898567353e+03 1.112726107034808830e-19 2.852660972436314300e-20
8.242879486831623581e+03 1.153826104094818719e-19 2.936917617939098811e-20
8.247885414764677989e+03 1.001261620445148766e-19 2.926968541830000151e-20
8.252891342697734217e+03 1.104271132527621418e-19 2.878819254000888141e-20
8.257897270630790445e+03 9.057303663478334873e-20 2.807475901945919821e-20
8.262903198563846672e+03 1.114515950103276256e-19 2.813097150984495323e-20
8.267909126496901081e+03 1.538061590227186875e-19 2.897728537047043217e-20
8.272915054429957308e+03 1.914023561258393783e-19 3.899043803728136970e-20
8.277920982363013536e+03 1.277703633971063976e-19 5.520491451277153874e-20
8.282926910296067945e+03 -8.634676375587791811e-21 6.968169272526896285e-20
8.287932838229124172e+03 3.574841573373011984e-21 6.850034851335898109e-20
8.292938766162180400e+03 8.508023315770683458e-20 7.483494944647429603e-20
8.297944694095236628e+03 8.299800052504782821e-20 7.162688426782402940e-20
8.302950622028291036e+03 1.257522931041397372e-19 6.479757633609698523e-20
8.307956549961347264e+03 1.293311823350470903e-19 4.951962753119116057e-20
8.312962477894403492e+03 1.721227787568325860e-19 4.822836432851237332e-20
8.317968405827457900e+03 1.693468214539739662e-19 3.877132328948653307e-20
8.322974333760514128e+03 8.477431550618567144e-20 3.433899696283638401e-20
8.327980261693570355e+03 1.162411429244495876e-19 3.261672672235391301e-20
8.332986189626626583e+03 1.291946989770134461e-19 3.477089214338149630e-20
8.337992117559680992e+03 2.941856918806065237e-19 7.634247152960378503e-20
8.342998045492737219e+03 9.095622715714401845e-20 9.294301005757935766e-20
8.348003973425793447e+03 1.871966862863715939e-19 9.241646933335654754e-20
8.353009901358847856e+03 1.300444808028995679e-19 6.009634600306462558e-20
8.358015829291904083e+03 9.465376514910584418e-20 4.950185794495941380e-20
8.363021757224960311e+03 1.024929718304767239e-19 4.148220344393385130e-20
8.368027685158016538e+03 5.628301858613280661e-20 3.783878099276146842e-20
8.373033613091070947e+03 1.629884240491641999e-19 3.332298422087183678e-20
8.378039541024127175e+03 1.597573374073774380e-19 4.502633326410225984e-20
8.383045468957181583e+03 1.407641072218113567e-19 4.612110460910811987e-20
8.388051396890237811e+03 1.175803373717148583e-19 3.919234939342229462e-20
8.393057324823294039e+03 2.102672432728351371e-19 6.042973748248245994e-20
8.398063252756350266e+03 1.388395214198575466e-19 7.209141476438634311e-20
8.403069180689406494e+03 1.985203682178627271e-19 6.572488064255485225e-20
8.408075108622460903e+03 1.148844330661918033e-19 4.351638570444583672e-20
8.413081036555517130e+03 1.120844391264218661e-19 5.059214200787521684e-20
8.418086964488571539e+03 -1.385122843753369108e-20 5.085507577248005509e-20
8.423092892421627766e+03 2.126419546494204815e-19 6.124037958452474965e-20
8.428098820354683994e+03 1.232314480024004854e-19 8.247857455118204734e-20
8.433104748287740222e+03 1.862450557489843685e-19 7.980430431422845771e-20
8.438110676220796449e+03 1.885290770303101410e-19 4.436506231694334303e-20
8.443116604153850858e+03 1.602464061771255760e-19 3.696613568686368612e-20
8.448122532086907086e+03 1.950372178672858240e-20 5.136673216258668144e-20
8.453128460019961494e+03 2.860878254692200857e-19 5.223701088530796179e-20
8.458134387953017722e+03 1.020762588517359087e-19 5.804759375953881431e-20
8.463140315886073950e+03 1.698508792663769595e-19 6.929922522145849489e-20
8.468146243819130177e+03 2.402116657821249354e-19 6.639155610131699475e-20
8.473152171752186405e+03 1.712936338353472098e-19 3.842932328447439160e-20
8.478158099685240813e+03 3.682113270389392640e-20 2.976288565191315477e-20
8.483164027618297041e+03 2.013287975218567610e-19 2.888874415106988336e-20
8.488169955551351450e+03 1.093912727448801330e-19 3.881516442652656690e-20
8.493175883484407677e+03 9.897309397959680464e-20 4.281587495106403634e-20
8.498181811417463905e+03 9.901925487645759607e-20 5.048371603111490137e-20
8.503187739350520133e+03 2.908163900233559912e-19 5.429621279592376983e-20
8.508193667283574541e+03 2.678880945490810178e-19 5.059007271898769850e-20
8.513199595216630769e+03 1.843983652775276586e-19 3.244533746580992497e-20
8.518205523149686996e+03 1.029442130509940314e-19 2.959690474174264414e-20
8.523211451082741405e+03 1.534655120098479266e-19 2.973982244916617883e-20
8.528217379015797633e+03 1.071113899582517729e-19 2.930509298458806486e-20
8.533223306948853860e+03 1.175014484332362741e-19 3.443341412814810502e-20
8.538229234881910088e+03 1.199976362545533406e-19 3.709202061052561285e-20
8.543235162814964497e+03 1.644339944300444708e-19 4.381272932742977123e-20
8.548241090748020724e+03 1.460453315301109748e-19 4.373300843670408214e-20
8.553247018681076952e+03 8.385437739265125858e-20 3.981275411712255530e-20
8.558252946614131361e+03 9.773272701664254014e-20 3.092784051231576948e-20
8.563258874547187588e+03 1.396867634971684403e-19 3.033260814407886617e-20
8.568264802480243816e+03 9.738030017592719802e-20 3.159149024229246831e-20
8.573270730413300043e+03 1.065833720318808509e-19 3.225118745358757739e-20
8.578276658346354452e+03 1.151225910839505024e-19 3.144243658607388602e-20
8.583282586279410680e+03 9.522224517651376452e-20 3.294332804385527474e-20
8.588288514212466907e+03 1.786410515593624125e-19 3.419264945593173630e-20
8.593294442145521316e+03 1.388818974143543420e-19 3.572324706895298300e-20
8.598300370078577544e+03 1.322621619738050504e-19 3.394594085727170695e-20
8.603306298011633771e+03 1.041237299850185232e-19 3.119316028328027004e-20
8.608312225944689999e+03 1.017534803637035813e-19 3.320154003218209997e-20
8.613318153877744408e+03 5.194655029202325530e-20 4.103419828347127645e-20
8.618324081810800635e+03 1.026735173109919390e-19 5.100618814603633841e-20
8.623330009743856863e+03 1.230249564740677486e-19 5.937591585817432710e-20
8.628335937676911271e+03 -5.266557094704810623e-20 6.282630528434899217e-20
8.633341865609967499e+03 2.920041538973665873e-20 6.009828670338188960e-20
8.638347793543023727e+03 1.796950279180686021e-19 5.146593643064857175e-20
8.643353721476079954e+03 1.472531259498686891e-19 4.753564309573946884e-20
8.648359649409134363e+03 1.309654861571554601e-19 5.418602630289521089e-20
8.653365577342190591e+03 1.272261741002938390e-19 6.276163008965957291e-20
8.658371505275246818e+03 -1.267220552870683764e-19 6.487705781603269312e-20
8.663377433208301227e+03 1.882475920570242917e-19 6.413630067453808597e-20
8.668383361141357454e+03 1.632712070471800001e-19 6.003955930599256819e-20
8.673389289074413682e+03 8.034906132045849546e-20 5.495707822387948801e-20
8.678395217007469910e+03 1.736351050365200245e-19 4.929064962869610546e-20
8.683401144940524318e+03 1.363034160348537207e-19 4.431381702726618064e-20
8.688407072873580546e+03 1.157514244433306610e-19 4.020054156140533350e-20
8.693413000806636774e+03 1.322676516838015563e-19 3.890075882688365507e-20
8.698418928739691182e+03 1.890792828167596558e-19 3.881012387104493217e-20
8.703424856672747410e+03 1.692475032582770394e-19 3.904712656465189974e-20
8.708430784605803638e+03 1.347550052740639257e-19 3.618924891466835236e-20
8.713436712538859865e+03 1.033118807241371598e-19 3.346495735361094602e-20
8.718442640471914274e+03 1.432873057111985844e-19 3.183992105103955215e-20
8.723448568404970501e+03 1.997777583789985964e-19 3.153939254063077883e-20
8.728454496338024910e+03 2.454955870977776397e-19 3.117912827088821532e-20
8.733460424271081138e+03 1.416951303466317342e-19 3.057661856146337841e-20
8.738466352204137365e+03 1.555050593460780749e-19 3.062999586472192986e-20
8.743472280137193593e+03 1.595989253261277921e-19 3.025148350099203743e-20
8.748478208070249821e+03 9.751142162102566413e-20 3.073886259834134988e-20
8.753484136003304229e+03 3.794629366025272721e-20 4.910013686995832134e-20
8.758490063936360457e+03 4.038560282604418913e-20 6.921288304822009522e-20
8.763495991869414866e+03 -1.343698912177025549e-19 8.350416152609136265e-20
8.768501919802471093e+03 2.189283809031138129e-19 7.718799283710868219e-20
8.773507847735527321e+03 3.407303098994548602e-19 7.918923066054773838e-20
8.778513775668583548e+03 1.376235457241793215e-19 7.257701715427923652e-20
8.783519703601639776e+03 1.552180214087384935e-19 5.932500122455939764e-20
8.788525631534694185e+03 1.506991145284940534e-19 4.848804600878201865e-20
8.793531559467750412e+03 1.254678881535695425e-19 4.807945386215687212e-20
8.798537487400804821e+03 1.173927011463884053e-19 3.555661893462829559e-20
8.803543415333861049e+03 1.174347216134631764e-19 3.270586277752828187e-20
8.808549343266917276e+03 7.953915117752562962e-20 3.513213033582345612e-20
8.813555271199973504e+03 1.256396715822290543e-19 3.605660760831569182e-20
8.818561199133029731e+03 1.068557164271791523e-19 6.489996596375835627e-20
8.823567127066084140e+03 2.120620820571631143e-19 1.206327380528849433e-19
8.828573054999140368e+03 -2.232297793150424965e-19 1.291662682961407849e-19
8.833578982932194776e+03 5.786466301365801397e-20 1.018754153007210366e-19
8.838584910865251004e+03 2.468153469541663065e-19 7.692678688457771755e-20
8.843590838798307232e+03 1.313339277711759324e-19 5.444456729809375023e-20
8.848596766731363459e+03 1.453597876749636373e-19 5.021009170925624843e-20
8.853602694664417868e+03 1.216010736376789680e-19 4.550448760048992904e-20
8.858608622597474096e+03 6.881681771428944020e-20 4.240397182585650360e-20
8.863614550530530323e+03 1.278087179120973213e-19 6.036871239049146826e-20
8.868620478463584732e+03 7.533081339918946324e-20 5.950028637653712430e-20
8.873626406396640959e+03 7.370628663740942477e-20 4.349270603809733083e-20
8.878632334329697187e+03 2.365320735866879459e-19 6.888049373000476351e-20
8.883638262262753415e+03 8.005614576562984025e-20 9.191635132210121475e-20
8.888644190195807823e+03 1.528455658654299718e-19 8.732480888957400826e-20
8.893650118128864051e+03 2.041639089938081504e-19 5.049652988139302631e-20
8.898656046061920279e+03 1.302083461279701217e-19 6.176212635901493383e-20
8.903661973994974687e+03 1.849974710723960192e-19 6.439839117936679973e-20
8.908667901928030915e+03 2.250981603552382125e-19 5.367557905015857119e-20
8.913673829861087142e+03 1.736389241749221903e-19 8.301174163759112097e-20
8.918679757794143370e+03 1.160359830065329636e-19 9.775157335294602975e-20
8.923685685727199598e+03 6.733412489204919024e-20 8.719872384471989213e-20
8.928691613660254006e+03 1.973693465161947594e-19 4.411974736030495204e-20
8.933697541593308415e+03 1.118843474991386528e-19 3.957482625836479971e-20
8.938703469526364643e+03 1.481197062012106866e-19 5.942502928673765652e-20
8.943709397459420870e+03 2.072291187686278601e-19 6.490514916778349540e-20
8.948715325392477098e+03 7.865955707277006688e-20 6.350857205325371268e-20
8.953721253325533326e+03 1.892001301742583586e-19 9.575742324394744225e-20
8.958727181258589553e+03 1.035584513905788327e-19 1.029533363283539361e-19
8.963733109191643962e+03 -1.028695231828356417e-20 7.636986680295853334e-20
8.968739037124698370e+03 1.199079297974688433e-19 4.066529500357714966e-20
8.973744965057754598e+03 1.134393537591171322e-19 4.035508472050440485e-20
8.978750892990810826e+03 5.312598726984886391e-20 4.355275996695837526e-20
8.983756820923867053e+03 6.812337120928499901e-21 5.928579724204450622e-20
8.988762748856923281e+03 -2.479777181983744428e-20 6.037971187975198622e-20
8.993768676789977690e+03 2.338887136931031581e-19 6.489513768757979879e-20
8.998774604723033917e+03 1.782554359391143932e-19 7.470714887692140506e-20
9.003780532656088326e+03 1.541639753151223758e-19 7.058504129194898630e-20
9.008786460589144554e+03 1.949809692606930614e-19 4.153360351671709663e-20
9.013792388522200781e+03 6.773566110591925386e-20 3.305707975565738622e-20
9.018798316455257009e+03 8.827938890664288965e-20 3.318097462467430378e-20
9.023804244388313236e+03 7.989365915881312053e-20 3.419120379604404392e-20
9.028810172321367645e+03 1.489170006965009990e-19 3.630579277176527942e-20
9.033816100254423873e+03 8.964673582420481454e-20 4.511591476120256283e-20
9.038822028187478281e+03 8.142529253100025736e-20 4.734179806785778631e-20
9.043827956120534509e+03 1.068034046155857983e-19 5.441889789385263080e-20
9.048833884053590737e+03 1.884058489430539165e-19 5.687726646074804251e-20
9.053839811986646964e+03 1.079156381481684868e-19 5.230534327664663565e-20
9.058845739919703192e+03 1.526489903295806229e-19 3.881557621068269339e-20
9.063851667852757600e+03 8.972883922795363171e-20 3.910343443810558446e-20
9.068857595785813828e+03 5.487223270399704271e-20 3.994309254522565532e-20
9.073863523718868237e+03 1.440092459318286394e-19 3.859023383332956731e-20
9.078869451651924464e+03 1.002646114363949572e-19 3.843235454870481183e-20
9.083875379584980692e+03 1.648241646361624944e-19 4.022362134324565226e-20
9.088881307518036920e+03 1.745342251459193292e-19 4.579440229575179745e-20
9.093887235451093147e+03 2.370619044412225792e-19 4.764155538560601183e-20
9.098893163384147556e+03 1.959118413307132235e-19 5.040875127784579875e-20
9.103899091317203784e+03 1.250869503571550306e-19 4.792521186375743500e-20
9.108905019250258192e+03 2.130059815240054195e-19 3.957814040688798566e-20
9.113910947183314420e+03 1.154032669024245039e-19 3.430318554362825707e-20
9.118916875116370647e+03 1.343215987500519751e-19 3.360634766938997270e-20
9.123922803049426875e+03 1.322556449139519763e-19 3.321015328042431693e-20
9.128928730982483103e+03 9.438418453821327725e-20 3.346972863580081815e-20
9.133934658915537511e+03 2.545555808330581572e-20 3.430847037251673369e-20
9.138940586848593739e+03 7.551358958474584408e-20 3.446803021449010632e-20
9.143946514781648148e+03 1.488640302014814575e-19 3.625501649315800190e-20
9.148952442714704375e+03 1.475479664978969113e-19 3.987880456064128961e-20
9.153958370647760603e+03 5.299357602219182046e-20 4.386311985303131461e-20
9.158964298580816831e+03 1.015489634760027565e-19 4.303995800880599253e-20
9.163970226513873058e+03 1.024890417785955857e-19 4.021050181202949677e-20
9.168976154446927467e+03 7.556379116910417832e-20 3.433336540261664029e-20
9.173982082379983694e+03 1.924290004546310802e-19 3.356105079735155482e-20
9.178988010313038103e+03 1.233497950084942440e-19 3.346077789591804701e-20
9.183993938246094331e+03 1.527056003041990508e-19 3.359497240090411797e-20
9.188999866179150558e+03 4.936379427246763512e-20 3.341865381640692285e-20
9.194005794112206786e+03 1.407485042914664108e-19 3.414966528561270158e-20
9.199011722045263014e+03 5.252610387115926740e-20 3.568707208801220791e-20
9.204017649978317422e+03 9.955487786810060086e-20 3.774678809613943082e-20
9.209023577911373650e+03 1.210620875560295778e-19 4.136448085468726710e-20
9.214029505844428058e+03 4.144299433381514954e-20 4.531676416525525292e-20
9.219035433777484286e+03 1.504929336811871613e-19 4.877487171079597748e-20
9.224041361710540514e+03 8.437155197568277941e-20 4.694346446486269318e-20
9.229047289643596741e+03 1.269396425392466547e-19 4.390027123560836851e-20
9.234053217576652969e+03 1.478888992207898296e-19 3.916446816707575233e-20
9.239059145509707378e+03 1.220791281829196041e-19 3.911938317842751063e-20
9.244065073442761786e+03 1.490578697585629710e-19 4.086131151671636889e-20
9.249071001375818014e+03 1.331613405517535147e-19 4.148998936496406305e-20
9.254076929308874242e+03 2.120751152572555589e-20 3.936536463922861966e-20
9.259082857241930469e+03 7.638132061030024353e-20 3.802710496493189621e-20
9.264088785174986697e+03 1.298293483184129083e-19 3.761215897986079612e-20
9.269094713108042924e+03 7.319438090317667183e-20 3.669981090242940895e-20
9.274100641041097333e+03 2.794617373649305712e-20 3.666855545234215804e-20
9.279106568974151742e+03 7.298770435962300081e-20 3.957438049993596816e-20
9.284112496907207969e+03 1.344662188212684239e-19 4.408270705938752329e-20
9.289118424840264197e+03 9.346030318240282665e-20 4.965360387121327984e-20
9.294124352773320425e+03 7.157686798510548989e-20 5.199966332041682802e-20
9.299130280706376652e+03 1.444986704350327650e-19 8.007045268977522455e-20
9.304136208639432880e+03 3.251277698824414338e-19 1.318372550058658537e-19
9.309142136572487289e+03 2.326981549463723570e-19 1.830895972131191993e-19
9.314148064505541697e+03 -3.674355597988701681e-20 1.911762193589917574e-19
9.319153992438597925e+03 -2.710415544491284821e-20 1.899591970272143622e-19
9.324159920371654152e+03 9.804836725119323133e-20 1.747805919412962252e-19
9.329165848304710380e+03 1.939088649431741392e-19 1.389265724086234402e-19
9.334171776237766608e+03 8.713943595570666081e-20 1.227925295984989621e-19
9.339177704170821016e+03 -4.669384542124247057e-20 1.293964365798600225e-19
9.344183632103877244e+03 1.955317041137093278e-19 1.005106413491229683e-19
9.349189560036931653e+03 1.609241359426226494e-19 8.433677332406679559e-20
9.354195487969987880e+03 2.391348054621487801e-19 7.968419365219444357e-20
9.359201415903044108e+03 -5.271512298644678427e-20 7.330033949720584394e-20
9.364207343836100335e+03 -5.634527277988654688e-21 9.063715771251714589e-20
9.369213271769156563e+03 4.653635591601502402e-19 2.176468765959165402e-19
9.374219199702210972e+03 -2.370426975880471251e-19 2.663623232544909743e-19
9.379225127635267199e+03 -2.087772842934929637e-19 2.262724656302316881e-19
9.384231055568321608e+03 4.195620767306974048e-20 1.004213794590951038e-19
9.389236983501377836e+03 1.147741574779776603e-19 6.999119636410186727e-20
9.394242911434434063e+03 8.236066322377523514e-20 6.894129404383828976e-20
9.399248839367490291e+03 2.016687669268328401e-19 8.361509496421438276e-20
9.404254767300546519e+03 9.827457028116256149e-20 8.244881198159751576e-20
9.409260695233600927e+03 7.968994788455501270e-20 6.692554400305418651e-20
9.414266623166657155e+03 1.644739740281328209e-19 9.280751998080639916e-20
9.419272551099711563e+03 4.097593037851240098e-19 1.111751874118577579e-19
9.424278479032767791e+03 1.820935184924256512e-19 1.098660745372754192e-19
9.429284406965824019e+03 9.128491803123695336e-20 8.433774501860559238e-20
9.434290334898880246e+03 3.894965735707093447e-19 1.698896566785357359e-19
9.439296262831936474e+03 -1.470834463511063054e-19 2.129492821981244597e-19
9.444302190764990883e+03 3.105637985596226093e-19 1.757948754589975754e-19
9.449308118698047110e+03 2.074400810177584228e-20 1.023077990029853928e-19
9.454314046631101519e+03 2.559083164108045892e-20 1.578025367129655106e-19
9.459319974564157746e+03 -3.648721784314900737e-19 1.616202837340075928e-19
9.464325902497213974e+03 3.557391901860656967e-20 1.211884666627834609e-19
9.469331830430270202e+03 5.302644252515955141e-20 1.494633665315308012e-19
9.474337758363326429e+03 2.284439729426018022e-19 2.031082470262375064e-19
9.479343686296380838e+03 9.174879220071012955e-19 1.901380424194324198e-19
9.484349614229437066e+03 3.138826825960525848e-19 9.828639549573551081e-20
9.489355542162491474e+03 7.341359366294986967e-20 7.486345040960043388e-20
9.494361470095547702e+03 1.504539233627670860e-19 9.960342153045429761e-20
9.499367398028603930e+03 3.375368404126131095e-19 1.347444747343860953e-19
9.504373325961660157e+03 2.115119387940208842e-19 1.162328846079143886e-19
9.509379253894716385e+03 5.900551624115998679e-20 8.915647661090615710e-20
9.514385181827770793e+03 2.003439858088932964e-19 1.267379965358010676e-19
9.519391109760827021e+03 3.090413984961696544e-19 1.459980370713681450e-19
9.524397037693881430e+03 2.326615779856620748e-19 1.153640307265109964e-19
9.529402965626937657e+03 1.616865121338512722e-19 7.768071367328431179e-20
9.534408893559993885e+03 4.099990989907399290e-20 7.667889605053024886e-20
9.539414821493050113e+03 1.685154562345991453e-19 7.434181224789324389e-20
9.544420749426106340e+03 2.101055257326776644e-19 8.643240583090496881e-20
9.549426677359160749e+03 1.492835134572561698e-19 1.159068306287926180e-19
9.554432605292216977e+03 1.564105432415960528e-20 1.207069398801449882e-19
9.559438533225271385e+03 -1.794108270149827367e-19 1.183879790815620221e-19
9.564444461158327613e+03 -2.964188905471709237e-19 1.569117611439314021e-19
9.569450389091383840e+03 3.311369886124088092e-19 1.509260129654128153e-19
9.574456317024440068e+03 7.175955226313225249e-20 1.003509889136396198e-19
9.579462244957496296e+03 2.847579232231997236e-20 7.760173178999486913e-20
9.584468172890550704e+03 1.142538681319192689e-19 8.072243482277993371e-20
9.589474100823605113e+03 -2.820901518510335033e-20 8.478568289246691927e-20
9.594480028756661341e+03 1.387127833616762898e-21 8.213253292941502878e-20
9.599485956689717568e+03 2.680521838981472265e-19 8.755124626171483329e-20
9.604491884622773796e+03 1.966460553510046934e-19 1.013691794928039098e-19
9.609497812555830023e+03 1.891689686080637339e-19 9.824146582517648682e-20
9.614503740488886251e+03 1.728901488148749635e-19 9.927173538807265278e-20
9.619509668421940660e+03 1.026135915944815676e-19 1.069415262636288446e-19
9.624515596354995068e+03 6.315526630010183996e-19 1.001221594993014993e-19
9.629521524288051296e+03 -1.350217701381050204e-20 7.653992979969828140e-20
9.634527452221107524e+03 1.487652335984646899e-19 7.472176570625479495e-20
9.639533380154163751e+03 8.297278836691586035e-20 7.428268915269102965e-20
9.644539308087219979e+03 1.320033269885744750e-19 7.426690471858800691e-20
9.649545236020274388e+03 1.948985464863941428e-19 7.613824795668978417e-20
9.654551163953330615e+03 1.870309571013318547e-19 8.147529179540379920e-20
9.659557091886385024e+03 1.511027213703295525e-19 8.770901261129780810e-20
9.664563019819441251e+03 2.894910183182581922e-19 1.048171493532229162e-19
9.669568947752497479e+03 1.639527644839048765e-19 1.068643193409182113e-19
9.674574875685553707e+03 -1.858485420081649495e-20 1.144336436741330720e-19
9.679580803618609934e+03 -2.249418505514831344e-20 1.196884467681303916e-19
9.684586731551664343e+03 3.741106946414632033e-20 1.170791538398135602e-19
9.689592659484720571e+03 1.314967676341803829e-19 9.759426599157657940e-20
9.694598587417774979e+03 1.891194571256557745e-19 1.227624972778708466e-19
9.699604515350831207e+03 -1.469796747250525974e-20 1.280585392211146049e-19
9.704610443283887435e+03 2.849497534805204697e-19 1.189602063439491175e-19
9.709616371216943662e+03 1.554737797241974357e-19 1.116153999714063537e-19
9.714622299149999890e+03 9.767659488268860472e-20 1.494499957993141651e-19
9.719628227083054298e+03 -1.959249625082937220e-19 1.558977121141807454e-19
9.724634155016110526e+03 4.502784700418518778e-19 1.417142890047215031e-19
9.729640082949164935e+03 1.839100543641217060e-19 1.151559165805297181e-19
9.734646010882221162e+03 1.896787530011217797e-19 1.331901501301567103e-19
9.739651938815277390e+03 2.116683263862519378e-19 1.341195458125965814e-19
9.744657866748333618e+03 3.879358241317618156e-20 1.089355648690572952e-19
9.749663794681389845e+03 3.627451412867439500e-20 9.520362818348307288e-20
9.754669722614444254e+03 -3.826068358360171774e-20 8.430920363424733304e-20
9.759675650547500481e+03 3.281397865034642105e-20 8.368239382336305429e-20
9.764681578480554890e+03 3.840352839605164424e-20 8.148647327613628669e-20
9.769687506413611118e+03 3.320938748137993636e-20 7.748321075240879951e-20
9.774693434346667345e+03 1.765847883486848686e-19 7.942056488366590713e-20
9.779699362279723573e+03 5.977452059441779963e-21 9.119331556522976114e-20
9.784705290212779801e+03 -5.668866231782523444e-20 1.639455678128747037e-19
9.789711218145834209e+03 -1.461962215898739156e-19 2.052577257846769086e-19
9.794717146078890437e+03 3.454889730428198491e-19 2.062125594439559008e-19
9.799723074011944846e+03 1.563025410229523721e-19 1.466632657132034319e-19
9.804729001945001073e+03 5.828915604401068923e-20 1.260823441229435247e-19
9.809734929878057301e+03 -4.537009272181441083e-20 1.134435514985841897e-19
9.814740857811113528e+03 1.454237912655030034e-19 1.144733974418972520e-19
9.819746785744169756e+03 -2.233864935013435942e-20 1.058104641432935869e-19
9.824752713677224165e+03 6.109898972625373960e-20 1.024322925720188820e-19
9.829758641610280392e+03 1.129350506124337459e-19 1.055778770203109787e-19
9.834764569543334801e+03 2.562910208876460547e-19 1.008304212306983152e-19
9.839770497476391029e+03 5.655827012461949542e-20 1.090530130602325262e-19
9.844776425409447256e+03 2.134253263494341388e-19 1.527162685151785182e-19
9.849782353342503484e+03 1.181965292324848967e-19 1.603993125818094627e-19
9.854788281275559712e+03 -5.805423961121452143e-20 1.303158213895702876e-19
9.859794209208614120e+03 1.311932890401074896e-19 1.105690176377618160e-19
9.864800137141670348e+03 -8.460045234481261591e-20 1.696403094235916905e-19
9.869806065074724756e+03 -4.007839716585452709e-19 2.197444693422873312e-19
9.874811993007780984e+03 2.404475281155223808e-19 2.115076887558660979e-19
9.879817920940837212e+03 3.805106727281788112e-19 1.345436962229268044e-19
9.884823848873893439e+03 3.387654393529823162e-19 1.143005284806622606e-19
9.889829776806949667e+03 -3.904594378947937562e-19 1.451923138214383878e-19
9.894835704740004076e+03 1.060492450484252645e-19 1.557468485370170513e-19
9.899841632673058484e+03 3.170232901403734966e-19 1.412138054844832805e-19
9.904847560606114712e+03 9.291066345285742006e-21 1.275875471307648084e-19
9.909853488539170939e+03 3.088218023672662608e-19 2.152884434573240443e-19
9.914859416472227167e+03 -1.694939977045956445e-19 2.465921100787090680e-19
9.919865344405283395e+03 6.215956613931199206e-20 2.120721757433222275e-19
9.924871272338339622e+03 3.467137977531668379e-19 1.325632952204894161e-19
9.929877200271394031e+03 1.150291834352992062e-19 1.328602743943793313e-19
9.934883128204448440e+03 1.235207115129816092e-19 1.754438238331129325e-19
9.939889056137504667e+03 -1.186281974397598306e-19 2.674047042458772734e-19
9.944894984070560895e+03 -2.251809203776467267e-19 3.041411157926476222e-19
9.949900912003617123e+03 -4.244402410814892938e-19 2.893568171377878641e-19
9.954906839936673350e+03 3.368876778574142461e-19 2.934523273100583067e-19
9.959912767869729578e+03 1.308191936932419321e-20 3.025058692894473664e-19
9.964918695802783986e+03 -4.526650706504190960e-20 2.662133125638732529e-19
9.969924623735838395e+03 2.498191947079817836e-19 2.135750910306040018e-19
9.974930551668894623e+03 1.278329799689588820e-19 2.144349249741732799e-19
9.979936479601950850e+03 6.326814453435436613e-19 1.743976799434026221e-19
9.984942407535007078e+03 3.603692403027961800e-19 1.597968255378830591e-19
9.989948335468063306e+03 2.782016356179043854e-19 1.511031406223820756e-19
9.994954263401117714e+03 3.565269367317008849e-19 1.722994518160626984e-19
9.999960191334173942e+03 3.199071383578181719e-19 1.835821422851695555e-19
1.000496611926722835e+04 2.991254678606888477e-19 2.511021079675449972e-19
1.000997204720028458e+04 2.910804480464906971e-19 3.659351409446676087e-19
1.001497797513334081e+04 1.292711746741974473e-19 3.714301179195417087e-19
1.001998390306639703e+04 -2.195896668053181117e-19 2.968382873105439136e-19
1.002498983099945326e+04 3.616666448861456230e-19 2.397518035911982156e-19
1.002999575893250767e+04 1.420838648987821229e-20 2.283062297099961037e-19
1.003500168686556390e+04 2.524915547302993862e-19 1.759112190846520682e-19
1.004000761479861831e+04 3.949223563201650850e-19 1.947413663405294578e-19
1.004501354273167453e+04 -1.304639673935091994e-19 1.929278413903420707e-19
1.005001947066473076e+04 1.500667122742794892e-19 1.786806110304556324e-19
1.005502539859778699e+04 2.035768181825890449e-19 2.079501646269300723e-19
1.006003132653084322e+04 4.896007128457909353e-19 2.322370338986687937e-19
1.006503725446389763e+04 5.031428984112556256e-19 2.440924490656950347e-19
1.007004318239695385e+04 2.493089781505454268e-19 2.194268044854881124e-19
1.007504911033000826e+04 4.124857775077337864e-19 2.509707627874724265e-19
1.008005503826306449e+04 5.342470963361312098e-19 3.466353165737181076e-19
1.008506096619612072e+04 7.143844147294470769e-19 3.405549129631036542e-19
1.009006689412917694e+04 3.819812794637963298e-19 2.722621517962232773e-19
1.009507282206223317e+04 1.089229751189140791e-20 2.321272624813035924e-19
1.010007874999528758e+04 -1.402109529561140769e-19 3.058679024552668200e-19
1.010508467792834381e+04 -2.069888716040114858e-19 3.127791385220175185e-19
1.011009060586139822e+04 4.316236198961873306e-19 2.630902332102245770e-19
1.011509653379445444e+04 3.783847518646323863e-19 2.566520577380524626e-19
1.012010246172751067e+04 7.311203316452782344e-19 3.608765944667192846e-19
1.012510838966056690e+04 7.362882838584972106e-19 3.926697961288255746e-19
1.013011431759362313e+04 1.879206566628523873e-19 3.331526600592228221e-19
1.013512024552667754e+04 3.394818713390269655e-19 2.453375711631028221e-19
1.014012617345973376e+04 -9.573517342249795663e-20 2.561120870648644122e-19
1.014513210139278817e+04 2.776268976386738840e-20 2.772478230035579284e-19
1.015013802932584440e+04 4.513972570525837172e-19 3.482469944318908558e-19
1.015514395725890063e+04 2.337153875487732280e-19 3.462594326807158911e-19
1.016014988519195686e+04 3.057446469321079245e-19 3.437620346210345310e-19
1.016515581312501308e+04 5.434508459171069361e-19 3.718662080117716620e-19
1.017016174105806749e+04 3.717946372188815838e-19 4.495723057864361826e-19
1.017516766899112372e+04 3.061191789201657113e-19 4.509789055841821287e-19
1.018017359692417813e+04 4.370040596190483462e-20 3.682371469148008987e-19
1.018517952485723436e+04 6.371164427586730681e-19 3.844739566515421884e-19
1.019018545279029058e+04 -8.283273365278352609e-21 4.068846025243020442e-19
1.019519138072334681e+04 3.678151511519323738e-19 3.903016017787632087e-19
1.020019730865640304e+04 4.230642195372116601e-19 3.661066516788562627e-19
1.020520323658945745e+04 5.134228454498328401e-20 4.477411789575387462e-19
1.021020916452251367e+04 -1.478287316765964097e-19 5.386508661058199525e-19
1.021521509245556808e+04 5.731003266378381271e-19 5.050718449853025763e-19
1.022022102038862431e+04 6.121549270963709857e-19 4.473145987687832224e-19
1.022522694832168054e+04 2.194017514978021470e-19 5.135887691205021114e-19
1.023023287625473677e+04 3.295409304849594090e-19 5.332449989228353441e-19
1.023523880418779299e+04 4.922340704475720713e-19 4.665413978095399319e-19
1.024024473212084740e+04 2.742453109447852145e-19 3.978811742276905858e-19
1.024525066005390181e+04 1.891990614347439030e-19 3.659016588472058204e-19
1.025025658798695804e+04 -1.158044082493420926e-19 3.688958114298715580e-19
1.025526251592001427e+04 7.088658337324050140e-19 3.686113418840736128e-19
1.026026844385307049e+04 3.222459075170796476e-19 3.761035271211565987e-19
1.026527437178612672e+04 -3.252374342642046381e-19 4.086892779696654784e-19
1.027028029971918295e+04 3.497295684435955191e-19 4.003496146493401659e-19
1.027528622765223736e+04 4.615309200408927221e-19 4.235220396335493405e-19
1.028029215558529177e+04 5.002401665864641205e-19 5.059841710962531576e-19
1.028529808351834799e+04 1.882655799822151639e-19 6.899773315722930802e-19
1.029030401145140422e+04 -1.207915650714600540e-19 6.883785103694942963e-19
1.029530993938446045e+04 2.340357748802145726e-19 2.979514444108161459e-19
