#  wl flam flam_err
4.803806996822357178e+03 -1.276091321519831687e-19 6.306871127723432656e-19
4.808812924755412496e+03 5.298674852813117589e-20 5.691171966832782925e-19
4.813818852688468723e+03 -5.499289977151717157e-20 5.217407659059703985e-19
4.818824780621524042e+03 1.346961734770035831e-19 4.822900238587057632e-19
4.823830708554580269e+03 2.308058378547170716e-19 4.486131985845177897e-19
4.828836636487635587e+03 -9.298610897959377323e-20 4.145387599666197125e-19
4.833842564420691815e+03 1.327082028770855019e-19 3.731155077523914019e-19
4.838848492353747133e+03 2.075528790383922923e-19 3.354312377519252303e-19
4.843854420286802451e+03 1.668597040002256060e-19 3.043668976259400968e-19
4.848860348219858679e+03 3.865146828767678808e-19 2.807493241758111175e-19
4.853866276152913997e+03 1.019670459044596207e-19 2.610177040287453207e-19
4.858872204085970225e+03 -7.721813828364740210e-20 2.442487122660921423e-19
4.863878132019025543e+03 -1.076895429274121844e-20 2.284171598514022582e-19
4.868884059952080861e+03 1.198819876857654333e-19 2.128772081034039585e-19
4.873889987885137089e+03 5.614976447046448988e-20 1.973767385380969809e-19
4.878895915818192407e+03 -5.847126562027719519e-20 1.836908628700126272e-19
4.883901843751248634e+03 2.212394314568994814e-19 1.708255460851688949e-19
4.888907771684303952e+03 -1.589932558782077275e-19 1.595856790362081739e-19
4.893913699617360180e+03 -3.262304521403831401e-20 1.499938438111630015e-19
4.898919627550415498e+03 5.467111858609019082e-20 1.417473846734961821e-19
4.903925555483470816e+03 6.896128746249908380e-20 1.348398416116402935e-19
4.908931483416527044e+03 5.961497825012101803e-20 1.284489527993821181e-19
4.913937411349582362e+03 1.262455282445549223e-19 1.222807637335556776e-19
4.918943339282638590e+03 -1.143834524426657239e-21 1.164441001444505579e-19
4.923949267215693908e+03 5.955835584501192599e-20 1.119809245535150761e-19
4.928955195148750136e+03 8.513416922026111198e-20 1.084447048085499026e-19
4.933961123081805454e+03 1.518009387398708298e-19 1.060023828866458678e-19
4.938967051014860772e+03 1.697342296259936693e-19 1.035260046292988252e-19
4.943972978947916999e+03 4.017277706771994794e-20 1.018583921806637568e-19
4.948978906880972318e+03 6.352572482912806711e-20 1.008683162343403590e-19
4.953984834814028545e+03 1.119932298010468071e-19 1.004677883340866638e-19
4.958990762747083863e+03 1.137396520399102712e-19 1.006546572025656576e-19
4.963996690680139181e+03 8.843509811260789747e-20 1.005619158613180518e-19
4.969002618613195409e+03 -6.951716626747326576e-22 9.944687400740192361e-20
4.974008546546250727e+03 3.537473317556205881e-20 9.702738919839118654e-20
4.979014474479306955e+03 4.914793413900226377e-20 9.383542627264367576e-20
4.984020402412362273e+03 3.525660395066028077e-20 9.088410345805251010e-20
4.989026330345418501e+03 6.201873500241459365e-20 8.785563164198339368e-20
4.994032258278473819e+03 2.333861838878075689e-20 8.469932045169644426e-20
4.999038186211529137e+03 -2.761896141733288035e-20 7.925710193656320837e-20
5.004044114144585365e+03 4.055360003464885468e-20 7.413295051225535348e-20
5.009050042077640683e+03 -4.699517565717347886e-21 6.982439437985559169e-20
5.014055970010696910e+03 4.054554339057419522e-20 6.711381326994053166e-20
5.019061897943752228e+03 4.595506778211978251e-22 6.597243337099483063e-20
5.024067825876807547e+03 6.983874524465192317e-20 6.499154548960506985e-20
5.029073753809863774e+03 7.274592053235928144e-20 6.445860719847919248e-20
5.034079681742919092e+03 1.131603916285760054e-19 6.371940989515245935e-20
5.039085609675975320e+03 4.383190603064411175e-20 6.357652941932722754e-20
5.044091537609030638e+03 4.234430891107063977e-21 6.378659677188092906e-20
5.049097465542086866e+03 2.090659928935435216e-20 6.423252360548919124e-20
5.054103393475142184e+03 6.164856878341732174e-20 6.391721945240812348e-20
5.059109321408197502e+03 -5.937661405004254455e-20 6.272538396087708226e-20
5.064115249341253730e+03 1.448358982598994723e-20 6.028772491806137725e-20
5.069121177274309048e+03 -2.907574153101724656e-20 5.856644782777403472e-20
5.074127105207365275e+03 3.179316826864850795e-20 5.678892193971648164e-20
5.079133033140420594e+03 -3.862634341118865913e-20 5.563215787655908664e-20
5.084138961073476821e+03 -3.574596706794316580e-21 5.462594866599011844e-20
5.089144889006532139e+03 5.912881691887873085e-20 5.325351783679881687e-20
5.094150816939587457e+03 8.679087437504178136e-20 5.183131840909075607e-20
5.099156744872643685e+03 6.487389992389165578e-20 5.092074602951844855e-20
5.104162672805699003e+03 7.061673538001259709e-20 5.097977423700513470e-20
5.109168600738755231e+03 1.338510234612758717e-20 5.150835738314431807e-20
5.114174528671810549e+03 -2.681146061581803428e-20 5.257117713042230698e-20
5.119180456604865867e+03 -1.508746638686295510e-20 5.318309001006387357e-20
5.124186384537922095e+03 1.950832343221776884e-20 5.315154760293880405e-20
5.129192312470977413e+03 2.242694502511134884e-20 5.185050787756874572e-20
5.134198240404033641e+03 2.407985037968003918e-20 5.100658050906364588e-20
5.139204168337088959e+03 -4.176436026685999696e-20 5.035234467422331218e-20
5.144210096270145186e+03 -2.049543140386086028e-20 4.914509815680770730e-20
5.149216024203200504e+03 9.346419051012484380e-21 4.823619798968045249e-20
5.154221952136255823e+03 5.706142987881578732e-20 4.654333177479857706e-20
5.159227880069312050e+03 -2.528998535159652883e-21 4.418104501031285343e-20
5.164233808002367368e+03 8.446160236655374058e-20 4.203999432733666218e-20
5.169239735935423596e+03 3.398430858164373281e-20 4.030826748915693808e-20
5.174245663868478914e+03 1.050880811241213446e-19 3.905507018659026625e-20
5.179251591801534232e+03 1.629978281368994500e-19 3.815545352604103323e-20
5.184257519734590460e+03 3.939138554492007508e-19 3.779114080768784119e-20
5.189263447667645778e+03 8.505650583856183685e-19 3.778464793540952625e-20
5.194269375600702006e+03 7.646546561802033361e-19 3.809412755118205182e-20
5.199275303533757324e+03 2.549378277981020256e-19 3.792283554616148784e-20
5.204281231466813551e+03 1.210052251292813481e-19 3.809532644356148818e-20
5.209287159399868870e+03 8.315925761407018419e-20 3.817001369167887138e-20
5.214293087332924188e+03 1.803769752442316331e-20 3.876683746737208761e-20
5.219299015265980415e+03 7.164149949832833147e-20 3.961612669956398363e-20
5.224304943199035733e+03 7.628962990295251685e-20 4.024306805878993626e-20
5.229310871132091961e+03 7.557110001394185507e-20 4.037168626172906826e-20
5.234316799065147279e+03 6.020441772061067440e-20 4.075978305129738056e-20
5.239322726998203507e+03 6.341692031341800669e-20 4.098166908482507957e-20
5.244328654931258825e+03 3.264947863825651218e-20 4.097817179616406026e-20
5.249334582864314143e+03 -1.174293584714600128e-21 4.064118265418429638e-20
5.254340510797370371e+03 9.122520368348995660e-20 3.961168739741404996e-20
5.259346438730425689e+03 6.238704346477086297e-20 3.760640302528944054e-20
5.264352366663481916e+03 -8.371712901469647075e-23 3.577946476246071704e-20
5.269358294596537235e+03 5.283224582790461891e-20 3.483280057404030069e-20
5.274364222529593462e+03 2.301173162817720716e-20 3.448420200076152209e-20
5.279370150462648780e+03 8.488981857932142179e-20 3.451468534483175373e-20
5.284376078395704099e+03 7.472119243270314512e-20 3.424674236120077829e-20
5.289382006328760326e+03 1.036317496905558408e-19 3.442908536207055766e-20
5.294387934261815644e+03 5.148315976614119590e-20 3.489386144875102355e-20
5.299393862194871872e+03 3.151729380419134629e-21 3.488176513810724914e-20
5.304399790127927190e+03 2.125207514185404204e-21 3.498115954514640554e-20
5.309405718060982508e+03 4.528295874333915372e-20 3.506889809206612839e-20
5.314411645994038736e+03 4.253668259286901541e-20 3.491560417375664140e-20
5.319417573927094054e+03 6.909606174817097527e-20 3.458463090101662676e-20
5.324423501860150282e+03 5.104198277026235634e-20 3.416364160285655692e-20
5.329429429793205600e+03 7.808729068513684296e-20 3.392849907113310726e-20
5.334435357726260918e+03 6.662091104245456812e-20 3.371005174444913290e-20
5.339441285659317145e+03 8.236187399071086957e-20 3.324326083624028766e-20
5.344447213592372464e+03 1.387676753539754638e-19 3.322421264500701712e-20
5.349453141525428691e+03 7.004704943249115894e-20 3.295912002818341449e-20
5.354459069458484009e+03 -1.782092256049823869e-21 3.301021251156735097e-20
5.359464997391540237e+03 5.515625637794796135e-20 3.290943886710405544e-20
5.364470925324595555e+03 7.581939496036240602e-20 3.299466433937978882e-20
5.369476853257650873e+03 3.432350767484375020e-20 3.353074342865589379e-20
5.374482781190707101e+03 1.523792715203337943e-20 3.439133759039354963e-20
5.379488709123762419e+03 5.147656479268765727e-23 3.468129906780433846e-20
5.384494637056818647e+03 4.473968044899918217e-20 3.457890376779595104e-20
5.389500564989873965e+03 1.805057720443609483e-20 3.385556817857695147e-20
5.394506492922930192e+03 9.759946216380483693e-20 3.324889435915036311e-20
5.399512420855985511e+03 5.252144189524395820e-20 3.277314662530775618e-20
5.404518348789040829e+03 4.873178308414322852e-21 3.248524222376895827e-20
5.409524276722097056e+03 3.044269787202570860e-20 3.235730538058519705e-20
5.414530204655152374e+03 4.454331395830476008e-20 3.245885320958435795e-20
5.419536132588208602e+03 7.745106690851825176e-20 3.228999347726925928e-20
5.424542060521263920e+03 3.835304183744497248e-20 3.160446475946731618e-20
5.429547988454320148e+03 7.285737432496577717e-20 3.082064844635804998e-20
5.434553916387375466e+03 5.549615631291331780e-20 3.016818424163879375e-20
5.439559844320430784e+03 3.198967824759795085e-20 2.939567827096617953e-20
5.444565772253487012e+03 4.889801009893185083e-20 2.862738587929019839e-20
5.449571700186542330e+03 8.606903492200188300e-20 2.824429475831427454e-20
5.454577628119598558e+03 7.409994324630972459e-20 2.817626661893126400e-20
5.459583556052653876e+03 7.509995058134259107e-20 2.805272188506800544e-20
5.464589483985709194e+03 6.377981573066436226e-20 2.768795936536458609e-20
5.469595411918765421e+03 5.996572377843368517e-20 2.755968881008176690e-20
5.474601339851820740e+03 4.344978121912216952e-20 2.769936626227394477e-20
5.479607267784876967e+03 4.288972700952871857e-20 2.793723269255830458e-20
5.484613195717932285e+03 6.695147073802101189e-20 2.830501788562695309e-20
5.489619123650987603e+03 1.099387705723321016e-19 2.896340921257339632e-20
5.494625051584043831e+03 6.284997816384128633e-20 2.993774367966079874e-20
5.499630979517099149e+03 2.197156270338627022e-20 3.081004820195195492e-20
5.504636907450155377e+03 2.184217465389590325e-20 3.151052641018647193e-20
5.509642835383210695e+03 7.500737847906583554e-20 3.147595511171605080e-20
5.514648763316266923e+03 8.442902495047566477e-20 3.074499817775566104e-20
5.519654691249322241e+03 2.037124964567132729e-20 2.973533252504011662e-20
5.524660619182377559e+03 3.322553821651278994e-20 2.899198165597034195e-20
5.529666547115433787e+03 5.632477583423137384e-20 2.791548819334294130e-20
5.534672475048489105e+03 5.511328254098664370e-20 2.739212641564327960e-20
5.539678402981545332e+03 5.108992326826842394e-20 2.719215276741621115e-20
5.544684330914600650e+03 7.023940210522090485e-20 2.696421839572892909e-20
5.549690258847656878e+03 8.726502107430744250e-20 2.632439086681800120e-20
5.554696186780712196e+03 1.025698281947612830e-19 2.563143957478034627e-20
5.559702114713767514e+03 7.996898954118956453e-20 2.534695702266213187e-20
5.564708042646823742e+03 8.106645223704906311e-20 2.559359542228672419e-20
5.569713970579879060e+03 7.829890737003407213e-20 3.743561858399693783e-20
5.574719898512935288e+03 7.573814590893552095e-20 5.972344773598001589e-20
5.579725826445990606e+03 6.953475790746352495e-20 5.844516993864886093e-20
5.584731754379046833e+03 7.359552158980221518e-20 3.409173763965482385e-20
5.589737682312102152e+03 7.660122582919482520e-20 2.382914912402978890e-20
5.594743610245157470e+03 8.226990788634616098e-20 2.401996863774365311e-20
5.599749538178213697e+03 1.036824264531872200e-19 2.454728224657529917e-20
5.604755466111269016e+03 2.012070821548857068e-20 2.494374080828955902e-20
5.609761394044325243e+03 7.739975477381296045e-20 2.508616598401514868e-20
5.614767321977380561e+03 7.878434392784109690e-20 2.514785839132427148e-20
5.619773249910436789e+03 6.670741010609648420e-20 2.567190185350199515e-20
5.624779177843492107e+03 5.603354115861018420e-20 2.603252802947193987e-20
5.629785105776547425e+03 3.999926502736824315e-20 2.628715233284619835e-20
5.634791033709603653e+03 6.081959421609407731e-20 2.651332485512729701e-20
5.639796961642658971e+03 7.493523398991329956e-20 2.636433147841565415e-20
5.644802889575714289e+03 1.010204013153679716e-19 2.575414347368253856e-20
5.649808817508770517e+03 5.505693333826666742e-20 2.505909004202028597e-20
5.654814745441825835e+03 2.960556914848627067e-20 2.434414330752542381e-20
5.659820673374882062e+03 2.428595308443776941e-20 2.383029714402610179e-20
5.664826601307937381e+03 5.857223373110670306e-20 2.354511096742794427e-20
5.669832529240993608e+03 2.317572469266173846e-20 2.340748391731157177e-20
5.674838457174048926e+03 1.166255646380099775e-20 2.339362623415301409e-20
5.679844385107104245e+03 3.802937315451830322e-20 2.353927306825712690e-20
5.684850313040160472e+03 4.481421828391236730e-20 2.369122182623398023e-20
5.689856240973215790e+03 6.523669613830993810e-20 2.400926406059664696e-20
5.694862168906272018e+03 5.470875408384359113e-20 2.429112073368114833e-20
5.699868096839327336e+03 8.190368958903647376e-20 2.435271038547354329e-20
5.704874024772383564e+03 4.946145169946986669e-20 2.448905908101683701e-20
5.709879952705438882e+03 7.767663413324512242e-20 2.464954029743904134e-20
5.714885880638494200e+03 3.750113179643518297e-20 2.478140788187153371e-20
5.719891808571550428e+03 5.768197532112140475e-20 2.521307277719552918e-20
5.724897736504605746e+03 3.021229204432528403e-20 2.539148573205387524e-20
5.729903664437661973e+03 6.519317390379241523e-20 2.554492732231453271e-20
5.734909592370717291e+03 5.558728348246933429e-20 2.571326022690623357e-20
5.739915520303773519e+03 5.643940992740354922e-20 2.584806904309834997e-20
5.744921448236828837e+03 3.651894439126004481e-20 2.593848684801173327e-20
5.749927376169884155e+03 1.582757197960654111e-20 2.606138873755103112e-20
5.754933304102940383e+03 5.918119054599700946e-20 2.615872428220987784e-20
5.759939232035995701e+03 2.540700183176424672e-20 2.607495013772892870e-20
5.764945159969051929e+03 8.162592721124593083e-20 2.556183605159939559e-20
5.769951087902107247e+03 4.819375102353323505e-20 2.468081794201437823e-20
5.774957015835163475e+03 1.805425117660301134e-20 2.394803499361930246e-20
5.779962943768218793e+03 7.771132258618366625e-21 2.331324625452663218e-20
5.784968871701274111e+03 5.194480850737965934e-20 2.303981953154405535e-20
5.789974799634330338e+03 2.064652062881909603e-20 2.300245298373235175e-20
5.794980727567385657e+03 3.986395232185609141e-20 2.289562424879247379e-20
5.799986655500441884e+03 5.163344214489754836e-20 2.290973524611546657e-20
5.804992583433497202e+03 5.298483590336967683e-20 2.285596659745583001e-20
5.809998511366552520e+03 4.685776772509259884e-20 2.269929208140050446e-20
5.815004439299608748e+03 7.860734230342659109e-20 2.264756348937430251e-20
5.820010367232664066e+03 3.318844144856488184e-20 2.264534253579907125e-20
5.825016295165720294e+03 5.443464325049989974e-20 2.260396055959985147e-20
5.830022223098775612e+03 4.308974664125974709e-20 2.258248874915109964e-20
5.835028151031830930e+03 3.157331965674484628e-20 2.261378106145161673e-20
5.840034078964887158e+03 -1.504627067150788215e-21 2.256524160038098181e-20
5.845040006897942476e+03 5.022790879350901207e-20 2.265191814060116745e-20
5.850045934830998704e+03 6.219654367482909479e-20 2.282011842401307447e-20
5.855051862764054022e+03 3.826717802914801577e-20 2.305887869955242411e-20
5.860057790697110249e+03 4.728668156197450315e-20 2.376792232780858373e-20
5.865063718630165567e+03 4.236537603195227911e-20 2.473204380570412395e-20
5.870069646563220886e+03 4.049342219929266399e-20 2.488000414116642332e-20
5.875075574496277113e+03 4.068132526749854833e-20 2.382037153526833768e-20
5.880081502429332431e+03 4.224852755058802393e-20 2.419566324963965558e-20
5.885087430362388659e+03 4.221036812523051025e-20 2.981806842423409296e-20
5.890093358295443977e+03 4.217237869744392087e-20 3.287096002075207401e-20
5.895099286228500205e+03 4.213494288673469484e-20 3.021606948069602119e-20
5.900105214161555523e+03 4.209808568012097603e-20 2.552682129441844383e-20
5.905111142094610841e+03 4.206168546993532395e-20 2.281197322710114311e-20
5.910117070027667069e+03 4.582806663271426440e-20 2.336609220730146248e-20
5.915122997960722387e+03 4.700930692018565319e-20 2.336520878085280829e-20
5.920128925893778614e+03 4.697017255661257571e-20 2.320279456134052778e-20
5.925134853826833933e+03 3.752486190487394020e-20 2.280262006512203918e-20
5.930140781759890160e+03 2.442069372022730372e-20 2.295273247168640618e-20
5.935146709692945478e+03 3.266660653431540615e-20 2.229252852899817274e-20
5.940152637626000796e+03 3.864996011432461052e-20 2.142780633231837905e-20
5.945158565559057024e+03 7.071887767799852756e-20 2.134667555964217224e-20
5.950164493492112342e+03 3.447589595543484324e-20 2.177266854241149417e-20
5.955170421425167660e+03 4.160072952593655769e-20 2.135032307327239864e-20
5.960176349358223888e+03 6.873400195522983313e-20 2.060509968891055608e-20
5.965182277291280116e+03 7.706378373466565224e-20 2.054666377719259326e-20
5.970188205224335434e+03 9.255402314698332706e-20 2.076115651480204245e-20
5.975194133157390752e+03 7.613502930698248423e-20 2.115611256584174142e-20
5.980200061090446980e+03 5.521320280208138464e-21 2.085439521979653925e-20
5.985205989023502298e+03 3.453362126161450619e-20 2.041291071036453033e-20
5.990211916956557616e+03 1.553288963301109256e-20 2.045424860743541261e-20
5.995217844889613843e+03 1.625228824151565736e-20 2.058626636561953600e-20
6.000223772822669162e+03 6.956105479221210652e-20 2.080783601280204096e-20
6.005229700755725389e+03 3.758524476660677674e-20 2.072031689662711202e-20
6.010235628688780707e+03 5.099349093251229602e-20 2.063784814220065942e-20
6.015241556621836935e+03 6.324797095213194909e-20 2.078227582132865162e-20
6.020247484554892253e+03 3.006825407732384549e-20 2.067931258375583890e-20
6.025253412487947571e+03 -6.094572979724205951e-21 2.043372178242378008e-20
6.030259340421003799e+03 3.821875460791865497e-20 2.032343791841913997e-20
6.035265268354059117e+03 2.913719672607542982e-20 2.011272126899919967e-20
6.040271196287115345e+03 9.595117507262053690e-20 1.977756500820656226e-20
6.045277124220170663e+03 3.763887679820506952e-20 1.952643553966677538e-20
6.050283052153226890e+03 4.348025401918329177e-20 1.944292599912446681e-20
6.055288980086282209e+03 5.342468619335450861e-20 1.938667353979110876e-20
6.060294908019337527e+03 1.886746443399371805e-20 1.941424776615328867e-20
6.065300835952393754e+03 6.673667780231215660e-20 1.929929109159853053e-20
6.070306763885449072e+03 7.112379542849005074e-20 1.910057504624078540e-20
6.075312691818505300e+03 2.277030393884784454e-20 1.876474722423632678e-20
6.080318619751560618e+03 4.496669101133421319e-20 1.841312676854419435e-20
6.085324547684616846e+03 9.660674085099677402e-22 1.812466709653177678e-20
6.090330475617672164e+03 9.266628338859930744e-21 1.802288354518590818e-20
6.095336403550727482e+03 3.267207527889729219e-20 1.788771034832398652e-20
6.100342331483783710e+03 2.139943854440026371e-20 1.790145104971007696e-20
6.105348259416839028e+03 7.166552802798258662e-20 1.782933059341958218e-20
6.110354187349894346e+03 4.505884515297453183e-20 1.788663301365450841e-20
6.115360115282950574e+03 5.959084688877796799e-20 1.784627386930412669e-20
6.120366043216006801e+03 6.829335929853928955e-20 1.779637403260459884e-20
6.125371971149062119e+03 4.640412740812783124e-20 1.782947284449112115e-20
6.130377899082117438e+03 2.849317113178101076e-20 1.802308462035041536e-20
6.135383827015173665e+03 7.891504123413219831e-20 1.841920453640793955e-20
6.140389754948228983e+03 4.429230201050231500e-20 1.874109970066132813e-20
6.145395682881284301e+03 2.777962271203176487e-20 1.847007440832707817e-20
6.150401610814340529e+03 4.203298257840018844e-20 1.783827881661729507e-20
6.155407538747396757e+03 5.153501742812317672e-20 1.724370249149911126e-20
6.160413466680452075e+03 2.807442398682771874e-20 1.659069688024999404e-20
6.165419394613507393e+03 2.623964148507686892e-20 1.635777459172683395e-20
6.170425322546563621e+03 3.507034372268107590e-20 1.634374063165973762e-20
6.175431250479618939e+03 3.193429929555046845e-20 1.599763668279327283e-20
6.180437178412674257e+03 4.416672047216672114e-20 1.564291255042713544e-20
6.185443106345730484e+03 7.170713476644759631e-20 1.554600349146161272e-20
6.190449034278785803e+03 4.968807875171479991e-20 1.553024326646104497e-20
6.195454962211842030e+03 5.021472476307355645e-20 1.563695436757140397e-20
6.200460890144897348e+03 5.598216745497283644e-20 1.577987936488210829e-20
6.205466818077953576e+03 2.337893734763047703e-20 1.578135149545061358e-20
6.210472746011008894e+03 4.145475518401283194e-20 1.561302521837084291e-20
6.215478673944064212e+03 3.091114863772625612e-20 1.575469843462374799e-20
6.220484601877120440e+03 5.534100632179330959e-20 1.583353385697830112e-20
6.225490529810175758e+03 4.001432349317595161e-20 1.586140523645240203e-20
6.230496457743231986e+03 -2.004086702038971830e-20 1.704554074315121275e-20
6.235502385676287304e+03 3.714170929890279570e-20 1.792372804592241932e-20
6.240508313609343531e+03 1.675602148832229550e-20 1.751100222627618703e-20
6.245514241542398850e+03 5.830210596827712435e-20 1.620571449762832106e-20
6.250520169475454168e+03 4.923737417920249225e-20 1.640342101888594550e-20
6.255526097408510395e+03 6.233904185223312314e-20 1.772519895696573107e-20
6.260532025341565713e+03 5.745892895528239504e-20 1.854492625016918713e-20
6.265537953274621032e+03 4.280522742417221626e-20 1.774998607622101292e-20
6.270543881207677259e+03 5.144416558520065315e-20 1.771677304105560282e-20
6.275549809140733487e+03 8.971792711298127220e-21 1.754684410232022201e-20
6.280555737073788805e+03 2.287661310566773555e-20 1.793346064094945735e-20
6.285561665006844123e+03 2.564320816270975009e-20 1.836393637188458617e-20
6.290567592939900351e+03 2.724356818961937293e-20 1.985804156104317377e-20
6.295573520872955669e+03 2.959317496259456019e-20 2.843295536178341927e-20
6.300579448806010987e+03 3.035418120485403211e-20 2.970979687695383880e-20
6.305585376739067215e+03 2.917981020827651753e-20 2.399514090437278898e-20
6.310591304672123442e+03 2.856841087500681540e-20 1.695316020639202943e-20
6.315597232605178760e+03 2.224795119016356105e-20 1.580010557330861689e-20
6.320603160538234079e+03 2.958274546999794833e-20 1.587319828849432464e-20
6.325609088471290306e+03 2.134942772249882632e-20 1.656703428329866903e-20
6.330615016404345624e+03 1.071028418607567165e-20 1.620836992991933876e-20
6.335620944337400942e+03 5.178702681376721278e-21 1.519752774633474917e-20
6.340626872270457170e+03 4.997865345934255740e-20 1.475565640237206340e-20
6.345632800203512488e+03 3.168769861461061869e-20 1.507836886576949723e-20
6.350638728136568716e+03 2.275947604175186364e-20 1.563139990527124739e-20
6.355644656069624034e+03 3.543814815872693007e-20 1.706547547417862608e-20
6.360650584002680262e+03 7.326664145699104853e-20 2.025482769706881492e-20
6.365656511935735580e+03 -8.790927099245879773e-22 1.975641040153192973e-20
6.370662439868790898e+03 6.264543115301287250e-20 1.647509780053825471e-20
6.375668367801847126e+03 4.708533010946443768e-20 1.561715714201894271e-20
6.380674295734902444e+03 4.444767076114298488e-20 1.625380028843074296e-20
6.385680223667958671e+03 4.869818467571401238e-20 1.643985366991768324e-20
6.390686151601013989e+03 2.926836104100792042e-20 1.647308989814669549e-20
6.395692079534070217e+03 3.265124462320250171e-20 1.635113092624068439e-20
6.400698007467125535e+03 2.611443552056589137e-20 1.633993072242919245e-20
6.405703935400180853e+03 3.890957081775121375e-20 1.605010374746186324e-20
6.410709863333237081e+03 3.123807069265199344e-20 1.577156386383080442e-20
6.415715791266292399e+03 3.357009923161784767e-20 1.566542031993218961e-20
6.420721719199348627e+03 5.310162747696078859e-20 1.521507998180751393e-20
6.425727647132403945e+03 6.785287675132089286e-20 1.475475278784140289e-20
6.430733575065460172e+03 1.101959172915251874e-20 1.438222165166578660e-20
6.435739502998515491e+03 5.572863747990765111e-20 1.412707806480237740e-20
6.440745430931570809e+03 7.201220235095581126e-21 1.390308354081964174e-20
6.445751358864627036e+03 1.893727581549271810e-20 1.383347830217911661e-20
6.450757286797682355e+03 2.451983931973710869e-20 1.389811525395502728e-20
6.455763214730737673e+03 4.065503882694429010e-20 1.406452374680394244e-20
6.460769142663793900e+03 5.015563105803204594e-20 1.481447096201294993e-20
6.465775070596850128e+03 3.858072672586578738e-20 1.543708883315148350e-20
6.470780998529905446e+03 2.252052578865055114e-20 1.506469196750634804e-20
6.475786926462960764e+03 2.914565355336464599e-20 1.434315175942484759e-20
6.480792854396016992e+03 3.966846653517825658e-20 1.397563225967660153e-20
6.485798782329072310e+03 2.978254068008792057e-20 1.383251015868731174e-20
6.490804710262127628e+03 5.349416010466534345e-20 1.460761393424004131e-20
6.495810638195183856e+03 3.579419983095731624e-20 1.616876202452617923e-20
6.500816566128239174e+03 3.137927078055888846e-20 1.670650989436793739e-20
6.505822494061295401e+03 4.441593360057447534e-20 1.563303960511648348e-20
6.510828421994350720e+03 2.827633739744857988e-20 1.515674426249949908e-20
6.515834349927406947e+03 4.161762552430935306e-20 1.534950546103800163e-20
6.520840277860462265e+03 1.232734993076434067e-20 1.580828120583567243e-20
6.525846205793517584e+03 4.679082326220184982e-20 1.662907394585763589e-20
6.530852133726573811e+03 7.581156231216790570e-20 1.713874187849490595e-20
6.535858061659629129e+03 4.185241105406011423e-20 1.660804741000868551e-20
6.540863989592685357e+03 2.685124240976053294e-20 1.563855500282713046e-20
6.545869917525740675e+03 5.856474921967926108e-20 1.577807344440939172e-20
6.550875845458796903e+03 4.355640805958229908e-20 1.603884580961445921e-20
6.555881773391852221e+03 6.681187022261605509e-20 1.598555576748078311e-20
6.560887701324907539e+03 6.670255985964948474e-20 1.530647616839061526e-20
6.565893629257963767e+03 4.951456567215523885e-20 1.492306284899163224e-20
6.570899557191019085e+03 4.028723531043485548e-20 1.473671611682175081e-20
6.575905485124075312e+03 2.430888691291267365e-20 1.466308154520491464e-20
6.580911413057130630e+03 4.922714521006741838e-20 1.411210231804897164e-20
6.585917340990186858e+03 4.591933201574796762e-20 1.318294355104257517e-20
6.590923268923242176e+03 2.534146927078046271e-20 1.332696514487463644e-20
6.595929196856297494e+03 2.457759905605681468e-20 1.356219391361534085e-20
6.600935124789353722e+03 2.319297496254856550e-20 1.396464505370320645e-20
6.605941052722409040e+03 3.635392931477993423e-20 1.376139035783133824e-20
6.610946980655464358e+03 4.247497132297139800e-20 1.330122958278427906e-20
6.615952908588520586e+03 3.678799802892370802e-20 1.326374364541597627e-20
6.620958836521576814e+03 5.122761861460978710e-20 1.346424416272368612e-20
6.625964764454632132e+03 4.877368727107391887e-20 1.385661745123345301e-20
6.630970692387687450e+03 5.920590368476586474e-20 1.425094391716915646e-20
6.635976620320743677e+03 2.928362473917147534e-20 1.430790373947119226e-20
6.640982548253798996e+03 4.450731270594642554e-20 1.422675071043237962e-20
6.645988476186854314e+03 3.771159837143670138e-20 1.434092810724315650e-20
6.650994404119910541e+03 3.991894838059084347e-20 1.456471509007217979e-20
6.656000332052965859e+03 2.888399694762338821e-20 1.468949631842950251e-20
6.661006259986022087e+03 5.243652324112722031e-20 1.464191764078148718e-20
6.666012187919077405e+03 4.712477159699499315e-20 1.433785989807417364e-20
6.671018115852133633e+03 3.934388695448244048e-20 1.393797461626975626e-20
6.676024043785188951e+03 3.949920206287320132e-20 1.351281999767394238e-20
6.681029971718244269e+03 2.768450883878362311e-20 1.334467640265246119e-20
6.686035899651300497e+03 5.129094262321930483e-20 1.309518908315720828e-20
6.691041827584355815e+03 3.075831355745163904e-20 1.297982739984644353e-20
6.696047755517412043e+03 6.049475611923414666e-20 1.291284125218735100e-20
6.701053683450467361e+03 4.249828106177516418e-20 1.284636190454939571e-20
6.706059611383523588e+03 6.464001375397832121e-20 1.265244762709294354e-20
6.711065539316578906e+03 4.586948478390558823e-20 1.263779526891031353e-20
6.716071467249634225e+03 2.418893599135288464e-20 1.256070127634288217e-20
6.721077395182690452e+03 5.386100539486537216e-20 1.251356652748487366e-20
6.726083323115745770e+03 3.140947696696623589e-20 1.248439915382586938e-20
6.731089251048801998e+03 4.427629477903176530e-20 1.256554336173960101e-20
6.736095178981857316e+03 1.997641782757729276e-20 1.261238337193009398e-20
6.741101106914913544e+03 2.306365380135595778e-20 1.273708331859125276e-20
6.746107034847968862e+03 3.193900146011241570e-20 1.279465715878549075e-20
6.751112962781024180e+03 2.746888525734349129e-20 1.285906791713385594e-20
6.756118890714080408e+03 4.324775824708508948e-20 1.297958346954742923e-20
6.761124818647135726e+03 1.051634293730366513e-20 1.317612032251406954e-20
6.766130746580191044e+03 4.456990308331052538e-20 1.333856462869935786e-20
6.771136674513247272e+03 3.586204889321910843e-20 1.338779619406072189e-20
6.776142602446303499e+03 3.993932185601002808e-20 1.369072515189047648e-20
6.781148530379358817e+03 1.619380303898020366e-20 1.404368594403618770e-20
6.786154458312414135e+03 3.170213378201370487e-20 1.411238390983164770e-20
6.791160386245470363e+03 3.085786496392506388e-20 1.374493109963172376e-20
6.796166314178525681e+03 3.572370801708557044e-20 1.341032973711803243e-20
6.801172242111580999e+03 2.182014638719072777e-20 1.320609773734227909e-20
6.806178170044637227e+03 4.633328162859470305e-20 1.300274943570894140e-20
6.811184097977693455e+03 2.959421642246636987e-20 1.277282196057865701e-20
6.816190025910748773e+03 3.615350496413984126e-20 1.264736776087953090e-20
6.821195953843804091e+03 4.325658869833227288e-22 1.383577975937937483e-20
6.826201881776860318e+03 3.198123658822720158e-20 1.618944756200553663e-20
6.831207809709915637e+03 1.574483660330426296e-20 1.704264141802467547e-20
6.836213737642970955e+03 3.971853400578683133e-20 1.527318526384333521e-20
6.841219665576027182e+03 2.034907003754289717e-20 1.326642485882986128e-20
6.846225593509082501e+03 2.786874264920823725e-20 1.250905976368890909e-20
6.851231521442138728e+03 3.354005082056845615e-20 1.218772904173575130e-20
6.856237449375194046e+03 2.813716623290905305e-20 1.386248131909496412e-20
6.861243377308250274e+03 -2.120973314770810917e-21 1.769697316493778245e-20
6.866249305241305592e+03 4.244616557034439145e-20 1.950600995487852870e-20
6.871255233174360910e+03 4.324612357899540565e-20 1.639926825649810817e-20
6.876261161107417138e+03 4.996012496739669774e-20 1.528775981175953691e-20
6.881267089040473365e+03 2.458282729994579798e-20 1.531529596306555453e-20
6.886273016973527774e+03 3.761165920590977899e-20 1.609683237136617843e-20
6.891278944906584002e+03 1.132055416612859056e-20 1.612631301343357348e-20
6.896284872839640229e+03 2.480362752196788863e-20 1.636190317574814431e-20
6.901290800772695547e+03 1.532699200001009661e-20 1.645401271992003166e-20
6.906296728705750866e+03 4.893803952208152823e-20 1.667133361831262486e-20
6.911302656638807093e+03 4.064065852359491875e-20 1.630222613043602647e-20
6.916308584571862411e+03 8.230660624619653629e-21 1.699531610621534541e-20
6.921314512504917730e+03 6.026220598945998424e-20 1.675270282781679575e-20
6.926320440437973957e+03 3.881264290624649725e-20 1.569062568590793699e-20
6.931326368371030185e+03 2.366353438420294801e-20 1.374723523369238763e-20
6.936332296304085503e+03 2.895675526151781295e-20 1.414291325215392180e-20
6.941338224237140821e+03 4.539076667747930388e-20 1.495856451746219600e-20
6.946344152170197049e+03 6.300504378644962037e-20 1.552094607345398188e-20
6.951350080103252367e+03 2.737932765783410628e-20 1.486439742930969379e-20
6.956356008036307685e+03 3.573853141807002298e-20 1.272442014247796267e-20
6.961361935969363913e+03 3.086828040493459870e-20 1.246345658874448028e-20
6.966367863902420140e+03 3.509312956320387879e-20 1.292924766370322217e-20
6.971373791835475458e+03 4.330301110034030185e-20 1.367529121694498983e-20
6.976379719768530776e+03 5.949815860039358779e-20 1.392938835787480234e-20
6.981385647701587004e+03 5.120850041872491498e-20 1.358247450882448211e-20
6.986391575634642322e+03 5.644927591867009641e-20 1.228831334031238171e-20
6.991397503567697640e+03 4.814635489153349785e-20 1.216718409703638695e-20
6.996403431500753868e+03 6.641695784867056728e-20 1.259301799094235770e-20
7.001409359433810096e+03 5.246543966640869584e-20 1.296641991899242326e-20
7.006415287366865414e+03 4.672892106788718675e-20 1.358861936004314216e-20
7.011421215299920732e+03 5.171885011598819781e-20 1.344378495327005643e-20
7.016427143232976960e+03 2.679811890464694216e-20 1.315266719089245239e-20
7.021433071166032278e+03 3.232222872438558415e-20 1.285649887118651602e-20
7.026438999099087596e+03 3.814409272469077674e-20 1.313417468666476123e-20
7.031444927032143823e+03 4.468572085668713621e-20 1.338782068393353470e-20
7.036450854965200051e+03 8.686889883245298520e-21 1.385927692570017046e-20
7.041456782898254460e+03 2.475781235154564143e-20 1.441130747756963094e-20
7.046462710831310687e+03 3.824438050806310522e-20 1.466493179234460696e-20
7.051468638764366915e+03 4.673587833500205152e-20 1.409382518299303868e-20
7.056474566697422233e+03 2.060112493561029313e-20 1.330653911625812563e-20
7.061480494630477551e+03 2.342421905691442396e-20 1.307207943344733825e-20
7.066486422563533779e+03 4.384779313517650309e-20 1.299335085989705676e-20
7.071492350496589097e+03 2.787818119037811348e-20 1.277537518232131218e-20
7.076498278429644415e+03 3.584164020188751418e-20 1.262423732984478388e-20
7.081504206362700643e+03 6.071201848567112447e-20 1.262683254962045297e-20
7.086510134295756870e+03 6.383661376213866801e-20 1.257597406068674648e-20
7.091516062228812189e+03 4.942803301865551238e-20 1.229933338993494490e-20
7.096521990161867507e+03 1.810517171901858668e-20 1.189732982488032158e-20
7.101527918094923734e+03 2.555515316145928949e-20 1.182805972428569425e-20
7.106533846027979052e+03 5.581808747944853294e-20 1.182064167520515901e-20
7.111539773961034371e+03 3.273231154611938873e-20 1.185967676393588104e-20
7.116545701894090598e+03 4.576345166741413115e-20 1.184911171926759948e-20
7.121551629827146826e+03 1.683861139202154303e-20 1.207014702954325455e-20
7.126557557760202144e+03 3.227732180191050654e-20 1.232988146220474113e-20
7.131563485693257462e+03 1.833389189753763592e-20 1.249693860081280377e-20
7.136569413626313690e+03 4.923639256898642580e-20 1.268378372356926084e-20
7.141575341559369008e+03 2.621076056046713491e-20 1.312239401150950680e-20
7.146581269492424326e+03 3.193769445378176577e-20 1.341889839999570852e-20
7.151587197425480554e+03 2.049690573950942505e-20 1.328268770355747404e-20
7.156593125358536781e+03 2.760766048999157670e-20 1.343376676946928524e-20
7.161599053291592099e+03 9.400346966877423053e-21 1.379463535337966137e-20
7.166604981224647418e+03 3.091526982700136254e-20 1.395890475367841624e-20
7.171610909157703645e+03 2.990602954127901490e-20 1.378182390702413972e-20
7.176616837090758963e+03 3.801132043373186347e-20 1.348564118722995010e-20
7.181622765023814281e+03 5.278840390505816865e-20 1.308626911707300120e-20
7.186628692956870509e+03 2.876115627018098119e-20 1.261480966509531095e-20
7.191634620889926737e+03 3.600262643781609418e-20 1.234178064350169549e-20
7.196640548822981145e+03 4.441199563728239389e-20 1.217662323984735150e-20
7.201646476756037373e+03 2.637441095536156700e-20 1.200219598418341156e-20
7.206652404689093601e+03 3.405933070131284642e-20 1.182665649831679598e-20
7.211658332622148919e+03 2.715778658639534765e-20 1.172796605344445013e-20
7.216664260555204237e+03 2.075691853904097857e-20 1.182990252620655475e-20
7.221670188488260465e+03 5.939726371079439153e-20 1.188738902199150693e-20
7.226676116421315783e+03 4.649405850908172866e-20 1.200127780643292316e-20
7.231682044354371101e+03 5.111611615139765475e-20 1.389280553826371105e-20
7.236687972287427328e+03 7.099595657130150857e-20 1.873874101280607225e-20
7.241693900220483556e+03 6.997659412736278138e-20 2.152490949515244063e-20
7.246699828153538874e+03 5.529364376791031198e-20 1.909395996469656340e-20
7.251705756086594192e+03 4.217327864747854651e-20 1.519975270203101977e-20
7.256711684019650420e+03 3.971361745970772101e-20 1.355910803526495158e-20
7.261717611952705738e+03 1.245356145154450794e-20 1.279364763976753055e-20
7.266723539885761056e+03 2.007341119523045324e-20 1.388176316951654915e-20
7.271729467818817284e+03 -1.074574319800244923e-20 2.005690733608067521e-20
7.276735395751873511e+03 1.142684252116952226e-19 2.195245411393443780e-20
7.281741323684928830e+03 5.413664110225017274e-20 2.018392973478728544e-20
7.286747251617984148e+03 5.470423019637784668e-20 1.707766791217820189e-20
7.291753179551040375e+03 4.740270172287962608e-20 1.536372321002018152e-20
7.296759107484095694e+03 3.981310327984376171e-20 1.578711914465780989e-20
7.301765035417151012e+03 7.063012156886973816e-20 1.593814751060347855e-20
7.306770963350207239e+03 6.244023984320298237e-21 1.604425733342683002e-20
7.311776891283263467e+03 -2.476729650285377178e-21 1.896301166253726634e-20
7.316782819216318785e+03 1.326536544352258854e-20 1.881327413009114250e-20
7.321788747149374103e+03 1.098135875277109042e-20 1.634113911128733076e-20
7.326794675082430331e+03 3.356406935379004954e-20 1.531891489617832834e-20
7.331800603015485649e+03 2.596891989884627021e-20 1.602723380167309054e-20
7.336806530948540967e+03 4.845347076254566373e-20 1.892256602679562852e-20
7.341812458881597195e+03 4.776689483114973218e-20 1.895040532443350628e-20
7.346818386814653422e+03 3.002764794816433467e-20 1.486334337025889517e-20
7.351824314747707831e+03 5.017715575133272302e-20 1.365130066776996930e-20
7.356830242680764059e+03 3.606590611948153696e-20 1.473020221155273101e-20
7.361836170613820286e+03 5.850665813126934282e-20 1.630162433054899984e-20
7.366842098546875604e+03 3.857016256760249409e-20 1.771916479345965799e-20
7.371848026479930923e+03 4.171984912326097391e-20 1.723728300069687215e-20
7.376853954412987150e+03 1.830878128657392215e-20 1.306570388969602587e-20
7.381859882346043378e+03 3.685960648162146314e-20 1.222885730968780551e-20
7.386865810279097786e+03 5.437666483647321967e-20 1.387600711721659591e-20
7.391871738212154014e+03 9.446795386620433279e-21 1.466446846393420561e-20
7.396877666145210242e+03 3.297937455585725715e-20 1.686771359207255326e-20
7.401883594078265560e+03 8.018369593000426711e-20 1.671866843544979638e-20
7.406889522011320878e+03 2.962370091490639643e-20 1.518571184407813630e-20
7.411895449944377106e+03 2.124686118517869871e-20 1.324453518944065130e-20
7.416901377877432424e+03 3.159655364407424139e-20 1.345971297710611462e-20
7.421907305810487742e+03 5.665425284642692744e-21 1.389125661960252062e-20
7.426913233743543969e+03 2.073964455888833713e-20 1.461388158861089318e-20
7.431919161676600197e+03 2.111804918265469724e-20 1.555039118138747231e-20
7.436925089609655515e+03 3.117941146742773577e-20 1.529593042509751641e-20
7.441931017542710833e+03 5.877772395235065110e-21 1.432887893739724274e-20
7.446936945475767061e+03 4.288016202803442775e-20 1.241392654955229558e-20
7.451942873408822379e+03 2.685742193695401308e-20 1.218075554698608468e-20
7.456948801341877697e+03 4.672503033252255722e-20 1.255975117854047450e-20
7.461954729274933925e+03 6.443984184828340851e-20 1.327767208501100703e-20
7.466960657207990153e+03 1.749328626357237529e-20 1.437798949559431136e-20
7.471966585141045471e+03 -1.443239559868330008e-20 1.480642669323026158e-20
7.476972513074100789e+03 4.400995394417680812e-20 1.544792264863880204e-20
7.481978441007157016e+03 3.697290711351934349e-20 1.473552617715579155e-20
7.486984368940212335e+03 4.398040702310088829e-20 1.356131386069463388e-20
7.491990296873267653e+03 2.036576224550018596e-21 1.244262804028507672e-20
7.496996224806323880e+03 2.841474723248968426e-20 1.227344137733399081e-20
7.502002152739380108e+03 8.278893970784628797e-21 1.183604824215890357e-20
7.507008080672435426e+03 3.606062978860233777e-20 1.184049004925053314e-20
7.512014008605490744e+03 2.689695420692408883e-20 1.234493341856562072e-20
7.517019936538546972e+03 2.164406325258579827e-20 1.511404270100328423e-20
7.522025864471602290e+03 -1.760451153454680546e-20 1.767838216346193132e-20
7.527031792404657608e+03 3.723796208609616929e-20 1.803462317035655423e-20
7.532037720337713836e+03 2.440905419204328895e-20 1.487338708311474767e-20
7.537043648270770063e+03 2.777306861113419569e-20 1.383972262683585297e-20
7.542049576203824472e+03 2.491788329379865783e-20 1.366299320376758072e-20
7.547055504136880700e+03 2.472651073017851181e-20 1.365495714352479267e-20
7.552061432069936927e+03 4.130909743363374297e-20 1.441320719645064720e-20
7.557067360002992245e+03 6.239656609601608064e-22 1.442288413211488922e-20
7.562073287936047564e+03 2.369942104315319077e-20 1.428295099377794932e-20
7.567079215869103791e+03 4.395311225853021590e-20 1.636132874080899671e-20
7.572085143802159109e+03 4.956093126316375422e-20 1.640882461575320425e-20
7.577091071735214427e+03 2.264183117119949563e-20 1.445026178706678244e-20
7.582096999668270655e+03 3.812738282945921555e-20 1.343792530141171691e-20
7.587102927601326883e+03 6.056917978685482725e-20 1.329670044741959318e-20
7.592108855534382201e+03 4.399658461301497219e-20 1.983604901254471267e-20
7.597114783467437519e+03 9.017642151763521305e-20 2.618365499029895288e-20
7.602120711400493747e+03 -3.123066736588949773e-22 2.849855872650639810e-20
7.607126639333549065e+03 -5.032860106187963049e-21 2.354415017280807934e-20
7.612132567266604383e+03 -2.602588961582243920e-21 1.998381135179767958e-20
7.617138495199660611e+03 7.306944296025262874e-20 1.932619827142735450e-20
7.622144423132716838e+03 3.011232788332847885e-20 2.130683233585534970e-20
7.627150351065772156e+03 1.144273697197236816e-20 2.193560453120076802e-20
7.632156278998827474e+03 2.891532014414333957e-20 2.080018503390887476e-20
7.637162206931883702e+03 -4.819606919305096548e-22 1.803693569446580522e-20
7.642168134864939020e+03 2.409530554713860974e-20 1.686269229005659421e-20
7.647174062797994338e+03 8.936146109480286018e-21 1.625498650738886904e-20
7.652179990731050566e+03 1.635855334940803125e-20 1.562054277668647509e-20
7.657185918664106794e+03 4.123757884210181550e-20 1.597907015490409544e-20
7.662191846597162112e+03 3.013472977952739272e-20 1.552752118288407412e-20
7.667197774530217430e+03 2.461845635904889803e-20 1.460733805037280192e-20
7.672203702463273657e+03 2.168472826419040970e-20 1.365381039861496409e-20
7.677209630396328976e+03 2.481278245348575976e-20 1.377886776090737991e-20
7.682215558329384294e+03 4.198907556016311265e-20 1.400336373607964338e-20
7.687221486262440521e+03 1.987383794968668346e-20 1.412606892482005262e-20
7.692227414195496749e+03 4.363013017811230367e-20 1.408811717960745869e-20
7.697233342128551158e+03 5.066272872869282900e-20 1.391804292028115402e-20
7.702239270061607385e+03 3.528545371214059579e-20 1.377981937976888987e-20
7.707245197994663613e+03 4.242820368866619715e-20 1.894458637558090360e-20
7.712251125927718931e+03 8.789435160353330377e-20 2.421965858178725881e-20
7.717257053860774249e+03 1.029589556010614910e-19 2.335846943822297887e-20
7.722262981793830477e+03 2.687855066329842304e-20 1.829659765032600753e-20
7.727268909726885795e+03 3.070112730043193445e-21 1.492374909149037931e-20
7.732274837659941113e+03 2.699855181135939899e-20 1.342156021463781339e-20
7.737280765592997341e+03 5.279235067286669808e-20 1.287750442179147481e-20
7.742286693526053568e+03 5.558063941596606675e-20 1.523273770781813724e-20
7.747292621459108886e+03 2.486043615540216564e-20 2.123593558887387192e-20
7.752298549392164205e+03 4.061433296139633998e-20 2.231702859370675685e-20
7.757304477325220432e+03 3.064312420411005067e-20 1.852951337538426343e-20
7.762310405258275750e+03 6.252142253853187395e-21 1.623045580206583417e-20
7.767316333191331069e+03 3.644437839565486199e-20 1.559345297664574334e-20
7.772322261124387296e+03 2.379908119346682238e-20 1.691989750307418998e-20
7.777328189057443524e+03 -3.904532539370745373e-21 1.787833316692647037e-20
7.782334116990498842e+03 4.632541634921839679e-20 1.626793211718399435e-20
7.787340044923554160e+03 3.804087760152474320e-20 1.869602597542467231e-20
7.792345972856610388e+03 7.415404405486318228e-20 2.191023822524905988e-20
7.797351900789665706e+03 -3.947313906372603189e-20 2.092113266064491735e-20
7.802357828722721024e+03 -1.792445200272584171e-20 1.727943223685925405e-20
7.807363756655777252e+03 5.314538262398585850e-20 1.838499608681270721e-20
7.812369684588833479e+03 1.928360059488400393e-20 1.856927771401431789e-20
7.817375612521888797e+03 2.519835584065357767e-20 2.281337414480057841e-20
7.822381540454944115e+03 5.589334026176005572e-20 2.274047561106283782e-20
7.827387468388000343e+03 4.348283008717683565e-20 1.737830239294301246e-20
7.832393396321055661e+03 4.455443486101666469e-20 1.395701983581539418e-20
7.837399324254110979e+03 1.931188205977797002e-20 1.613796455458321540e-20
7.842405252187167207e+03 3.968588864502342660e-20 1.663218266754963119e-20
7.847411180120223435e+03 3.050276826819373528e-20 2.090306376656872733e-20
7.852417108053277843e+03 6.259875712929434796e-20 2.357411878143027523e-20
7.857423035986334071e+03 3.825114640104547304e-20 2.287503786039947774e-20
7.862428963919390299e+03 5.022814682991612006e-20 1.885681906315104310e-20
7.867434891852445617e+03 1.936214480343400021e-20 1.868112164732141313e-20
7.872440819785500935e+03 5.012565181240504061e-20 1.888057382054609971e-20
7.877446747718557162e+03 8.375920593853420139e-20 1.761620347392239077e-20
7.882452675651613390e+03 1.034147301605381858e-19 1.852525055957345887e-20
7.887458603584667799e+03 1.734855738337332110e-20 1.918534588884719772e-20
7.892464531517724026e+03 8.369993683341178126e-21 1.831608809813576618e-20
7.897470459450780254e+03 5.802716664380000200e-21 1.443177189412595630e-20
7.902476387383835572e+03 1.804196354228958926e-20 1.379170962246226856e-20
7.907482315316890890e+03 5.415338217248329829e-20 2.117430292007656786e-20
7.912488243249947118e+03 5.995631129184882657e-20 2.584900211452604257e-20
7.917494171183002436e+03 -1.232954866415788327e-21 2.710902187771417982e-20
7.922500099116057754e+03 6.090023763138700733e-20 2.130532068488750090e-20
7.927506027049113982e+03 6.028900414256481537e-20 2.033399357190587736e-20
7.932511954982170209e+03 2.703484402097769074e-20 1.914345577194216535e-20
7.937517882915225528e+03 2.845675445849504677e-20 1.625363969271657735e-20
7.942523810848280846e+03 1.905281301474833040e-20 1.619950308915418599e-20
7.947529738781337073e+03 1.079762047505039517e-20 1.723308054438523132e-20
7.952535666714392391e+03 4.236682662690753011e-20 1.608813150515538925e-20
7.957541594647447710e+03 7.690955311071132156e-20 1.773682699039939417e-20
7.962547522580503937e+03 8.523572773098514553e-20 2.186508779483586601e-20
7.967553450513560165e+03 3.118874927803912799e-20 2.112617694218463732e-20
7.972559378446615483e+03 4.046724313910869935e-20 1.695386208297056860e-20
7.977565306379670801e+03 1.716428554670404442e-20 1.754733028535414042e-20
7.982571234312727029e+03 6.167437548448105604e-20 1.695110374621803659e-20
7.987577162245782347e+03 -7.270312057178126665e-21 1.991583682636140352e-20
7.992583090178837665e+03 2.455851584524542842e-20 2.190229175583481414e-20
7.997589018111893893e+03 7.263208642361051874e-20 1.977303974353228639e-20
8.002594946044950120e+03 1.914276449076986849e-20 1.351264303800140471e-20
8.007600873978005438e+03 2.996489730688133188e-20 1.465569711333179580e-20
8.012606801911060757e+03 7.507933623036863384e-21 1.619936579951336689e-20
8.017612729844116984e+03 4.047108136830519120e-20 1.761717745181145224e-20
8.022618657777172302e+03 1.938460959024048259e-20 2.063852037020962214e-20
8.027624585710227620e+03 2.297677714347988504e-20 2.077483047428341125e-20
8.032630513643283848e+03 2.818775301371414859e-20 1.637115579105395532e-20
8.037636441576340076e+03 2.383838636252839992e-20 1.381615906195040487e-20
8.042642369509394484e+03 1.865179325492428213e-20 1.409020894262091083e-20
8.047648297442450712e+03 2.405969583460321782e-20 1.611644983536886365e-20
8.052654225375506940e+03 2.311412404619334936e-20 1.692377079986838501e-20
8.057660153308562258e+03 1.446248083791594626e-20 1.935195519785095347e-20
8.062666081241617576e+03 7.564823732695085298e-20 1.914536687994335362e-20
8.067672009174673803e+03 6.319783764943706448e-20 1.664463838294164361e-20
8.072677937107729122e+03 1.168511636538077178e-20 1.441008356455473892e-20
8.077683865040784440e+03 1.399067716342563747e-20 1.432969454600969888e-20
8.082689792973840667e+03 4.290331786353696892e-20 1.419216149940463688e-20
8.087695720906896895e+03 4.324988892524846626e-20 1.449010275186901428e-20
8.092701648839952213e+03 3.451038857189951392e-20 1.447871172938180658e-20
8.097707576773007531e+03 4.768992453698491751e-20 1.555663718092093941e-20
8.102713504706063759e+03 4.088212817207878373e-20 1.513850417055334723e-20
8.107719432639119077e+03 2.675147769912462048e-20 1.414032520150884296e-20
8.112725360572174395e+03 1.756556564732924144e-20 1.299922243663063534e-20
8.117731288505230623e+03 4.360796591385097285e-20 1.289035197927945395e-20
8.122737216438286850e+03 9.133844737841160413e-21 1.292369288064404506e-20
8.127743144371342169e+03 4.460453454733739100e-20 1.308198441584137925e-20
8.132749072304397487e+03 4.959126113358316981e-20 1.355827055772544290e-20
8.137755000237453714e+03 6.754099549385426280e-20 1.382644149034760783e-20
8.142760928170509032e+03 2.988106795475442229e-20 1.437144598244652824e-20
8.147766856103564351e+03 2.523183945153116092e-20 1.405604448754481098e-20
8.152772784036620578e+03 2.453199443294295361e-20 1.359855421808793227e-20
8.157778711969676806e+03 1.992122782596015071e-20 1.341102516662953933e-20
8.162784639902732124e+03 -5.675755218587972666e-21 1.354258856110414773e-20
8.167790567835787442e+03 4.440834636863805750e-20 1.372874364421089641e-20
8.172796495768843670e+03 -4.436768501945161769e-21 1.392587885522690684e-20
8.177802423701898988e+03 7.671104898726817744e-21 1.422847572562580549e-20
8.182808351634954306e+03 3.844956842383490986e-20 1.468842761252300590e-20
8.187814279568010534e+03 1.634636910201337388e-20 1.509109668704183038e-20
8.192820207501066761e+03 4.934203475583815229e-20 1.507986287787232488e-20
8.197826135434121170e+03 -7.637041035778610177e-21 1.459618808071896522e-20
8.202832063367177398e+03 3.273197888628779160e-20 1.423672539666130960e-20
8.207837991300233625e+03 1.970924462116677061e-20 1.406449824405367274e-20
8.212843919233288034e+03 1.889930450704632948e-20 1.377413700719797526e-20
8.217849847166344261e+03 1.192170234677726720e-21 1.355936441382785926e-20
8.222855775099400489e+03 1.546045800663256803e-20 1.331508324261927376e-20
8.227861703032456717e+03 1.974882794023128551e-20 1.312717759608314444e-20
8.232867630965511125e+03 6.867170712408228135e-21 1.300293558365688910e-20
8.237873558898567353e+03 1.373246447429520972e-20 1.316990432262587657e-20
8.242879486831623581e+03 6.875603301537570936e-21 1.339439000396723113e-20
8.247885414764677989e+03 2.259601254681568085e-20 1.336523240494949020e-20
8.252891342697734217e+03 3.689253041493440054e-20 1.322811599013603666e-20
8.257897270630790445e+03 2.703459675277105557e-21 1.310626930603871850e-20
8.262903198563846672e+03 3.102918708817519490e-20 1.310627948167275637e-20
8.267909126496901081e+03 2.888274046569204146e-20 1.336206159393257419e-20
8.272915054429957308e+03 -3.401137352302006178e-21 1.643378381022768802e-20
8.277920982363013536e+03 -5.248920268254268874e-20 2.165903503308826987e-20
8.282926910296067945e+03 5.475430487318693961e-20 2.625460273045045939e-20
8.287932838229124172e+03 1.068042176767075104e-19 2.520468893313174884e-20
8.292938766162180400e+03 8.270695937337979012e-20 2.710001620715634651e-20
8.297944694095236628e+03 2.074262473642939532e-20 2.605995929766228276e-20
8.302950622028291036e+03 7.786513271296580944e-20 2.376933688471542174e-20
8.307956549961347264e+03 5.300744443441078103e-20 1.928776001959791932e-20
8.312962477894403492e+03 4.859835036404713655e-20 1.920776304529719591e-20
8.317968405827457900e+03 3.577994519819459797e-21 1.645157552259950501e-20
8.322974333760514128e+03 -1.938618774423529560e-22 1.522043653886335562e-20
8.327980261693570355e+03 1.645072022414023907e-20 1.465871748704153042e-20
8.332986189626626583e+03 -1.032690049953940323e-21 1.507995328771288277e-20
8.337992117559680992e+03 1.691411469234265405e-22 2.653940820025039064e-20
8.342998045492737219e+03 4.920697351059016285e-20 3.294863592061868113e-20
8.348003973425793447e+03 9.148252418426161320e-21 3.291463177784968565e-20
8.353009901358847856e+03 8.312297899472041016e-20 2.254504480922565619e-20
8.358015829291904083e+03 1.214445436096481086e-19 1.964918059826015195e-20
8.363021757224960311e+03 4.521492558260268000e-20 1.714978976984120004e-20
8.368027685158016538e+03 2.385859740101964388e-20 1.611134503819418996e-20
8.373033613091070947e+03 3.587083121682674401e-20 1.457400814499703467e-20
8.378039541024127175e+03 3.048629512379339261e-21 1.839898349571953592e-20
8.383045468957181583e+03 5.342024208391288663e-20 1.885544402264175507e-20
8.388051396890237811e+03 3.630412793338133217e-20 1.643012983452372616e-20
8.393057324823294039e+03 -1.146082948088111026e-20 2.275676026324773099e-20
8.398063252756350266e+03 -3.723679217605507982e-21 2.708952134817327309e-20
8.403069180689406494e+03 2.637390115594665485e-20 2.501830894589959053e-20
8.408075108622460903e+03 3.010784262180059518e-20 1.752569204500053441e-20
8.413081036555517130e+03 6.629275628908902369e-21 2.052654721906856263e-20
8.418086964488571539e+03 1.916184342275159872e-20 2.063087999429009530e-20
8.423092892421627766e+03 7.032468942449975635e-20 2.345543439659576026e-20
8.428098820354683994e+03 -3.368105545515773233e-20 3.122314172151281877e-20
8.433104748287740222e+03 1.139828953872563903e-19 3.060805506087896362e-20
8.438110676220796449e+03 4.390773491677973418e-20 1.842423832588292943e-20
8.443116604153850858e+03 3.408703340436646342e-20 1.718370214352048418e-20
8.448122532086907086e+03 1.032694476102147182e-20 2.209707081002984923e-20
8.453128460019961494e+03 8.380296776549561643e-20 2.175775029976591821e-20
8.458134387953017722e+03 5.418029382132682767e-20 2.337277945741758953e-20
8.463140315886073950e+03 7.332064759150474249e-20 2.752452845299349321e-20
8.468146243819130177e+03 8.222052928810815295e-20 2.606886524263630626e-20
8.473152171752186405e+03 5.026097581724288187e-20 1.624808260733391645e-20
8.478158099685240813e+03 2.159069569244336916e-20 1.423535763855750708e-20
8.483164027618297041e+03 2.117098079366716703e-20 1.397621270608360367e-20
8.488169955551351450e+03 5.303743434441057790e-20 1.700399335765219097e-20
8.493175883484407677e+03 -3.200546423892669451e-20 1.802434592883349014e-20
8.498181811417463905e+03 -4.422504884172596830e-20 2.032471223278496986e-20
8.503187739350520133e+03 6.929978106372594557e-20 2.130953392567856094e-20
8.508193667283574541e+03 6.142813444297287933e-20 1.996478241899156012e-20
8.513199595216630769e+03 3.000125461078391676e-20 1.428575376171348627e-20
8.518205523149686996e+03 3.356235593751356560e-20 1.358116141862613933e-20
8.523211451082741405e+03 2.015981219110889958e-20 1.364124696906416926e-20
8.528217379015797633e+03 2.373707401835260461e-20 1.362753158726084019e-20
8.533223306948853860e+03 1.786020781126078179e-20 1.513324849799503135e-20
8.538229234881910088e+03 -3.867403024590775625e-20 1.597995099990371991e-20
8.543235162814964497e+03 2.010944933563573194e-20 1.817192365667910920e-20
8.548241090748020724e+03 4.936234556987078762e-20 1.836640281136623436e-20
8.553247018681076952e+03 1.557660101650387420e-20 1.733367205442667017e-20
8.558252946614131361e+03 3.270500177246914288e-20 1.477022415524593327e-20
8.563258874547187588e+03 1.040209896759796081e-20 1.490867600196308201e-20
8.568264802480243816e+03 6.756698758088021533e-21 1.544224598814036264e-20
8.573270730413300043e+03 -5.304454195776029156e-21 1.569782567340622062e-20
8.578276658346354452e+03 1.340149446215078420e-20 1.548241317112061889e-20
8.583282586279410680e+03 6.980036414090646823e-20 1.590902787715184369e-20
8.588288514212466907e+03 2.236355741360429654e-20 1.612789868442970638e-20
8.593294442145521316e+03 1.176780997323704212e-20 1.665108750869880762e-20
8.598300370078577544e+03 3.802425904545404908e-20 1.602639614600261205e-20
8.603306298011633771e+03 2.912667276383983488e-20 1.509626352233027047e-20
8.608312225944689999e+03 1.570628761995367510e-20 1.560327316288279591e-20
8.613318153877744408e+03 1.391002136019068982e-20 1.807034627590563677e-20
8.618324081810800635e+03 1.292003792543347175e-20 2.135069200308988297e-20
8.623330009743856863e+03 -2.219651082966892397e-20 2.426580642453233568e-20
8.628335937676911271e+03 7.958220447295494142e-20 2.546557041038224716e-20
8.633341865609967499e+03 3.036416087627784288e-20 2.430360459718674446e-20
8.638347793543023727e+03 1.071691660585006566e-20 2.112007523773258906e-20
8.643353721476079954e+03 3.596766020875900420e-20 1.969663855593055859e-20
8.648359649409134363e+03 7.213382410606254534e-20 2.209085282142238584e-20
8.653365577342190591e+03 1.745516902179857623e-20 2.515969817839177360e-20
8.658371505275246818e+03 5.530126082447572479e-20 2.592838051449724588e-20
8.663377433208301227e+03 3.470133417724592837e-20 2.553210366564187099e-20
8.668383361141357454e+03 5.885899444862312052e-20 2.429959424081421244e-20
8.673389289074413682e+03 -8.861280685588697773e-21 2.250899272743032645e-20
8.678395217007469910e+03 1.399113482562566416e-20 2.067767973689090784e-20
8.683401144940524318e+03 2.222678666315958110e-20 1.917833365725176552e-20
8.688407072873580546e+03 2.567969114609048150e-20 1.805335726288652334e-20
8.693413000806636774e+03 5.419843401579535560e-21 1.752982497573528319e-20
8.698418928739691182e+03 1.022705904152208969e-20 1.756448242327246121e-20
8.703424856672747410e+03 3.642168579635592816e-20 1.753504053025272038e-20
8.708430784605803638e+03 2.739020423856531996e-20 1.664220593100743444e-20
8.713436712538859865e+03 2.023481830177661126e-20 1.568600611025675909e-20
8.718442640471914274e+03 -3.212138566542009938e-21 1.519240438754621674e-20
8.723448568404970501e+03 4.133466004301985622e-20 1.518405693088538411e-20
8.728454496338024910e+03 1.822729571213493910e-20 1.493590313903029145e-20
8.733460424271081138e+03 9.118235614723860923e-21 1.486110039086469166e-20
8.738466352204137365e+03 5.538063892039910389e-20 1.495714801692811556e-20
8.743472280137193593e+03 1.568656309158520818e-20 1.490100416482319522e-20
8.748478208070249821e+03 2.133362778415667428e-20 1.502775923538694748e-20
8.753484136003304229e+03 1.416384424226581372e-20 2.082172102501527036e-20
8.758490063936360457e+03 1.172892602965696926e-20 2.874921076354315584e-20
8.763495991869414866e+03 -3.783834637843949512e-20 3.494970440170381625e-20
8.768501919802471093e+03 -2.752859403306767819e-20 3.190287329339182054e-20
8.773507847735527321e+03 8.990492217944992614e-20 3.277553723239597025e-20
8.778513775668583548e+03 2.545023622115791326e-20 3.037552903568475107e-20
8.783519703601639776e+03 6.395070061517056147e-20 2.490722322367970375e-20
8.788525631534694185e+03 3.628032676980436727e-21 2.121998675737403467e-20
8.793531559467750412e+03 1.353052363666233138e-20 2.094839478219543851e-20
8.798537487400804821e+03 1.609872783776899687e-20 1.671036442340543521e-20
8.803543415333861049e+03 3.446459571433557700e-20 1.607116295918199428e-20
8.808549343266917276e+03 2.078778279587746670e-20 1.671589896697222178e-20
8.813555271199973504e+03 3.873434001038107966e-20 1.697589716545119625e-20
8.818561199133029731e+03 8.028027997999435301e-21 2.533137158856023669e-20
8.823567127066084140e+03 1.754440844741642334e-21 4.392034258564437921e-20
8.828573054999140368e+03 4.132422586784343432e-20 4.753611638702889922e-20
8.833578982932194776e+03 -1.259247878966307922e-20 3.844061044975039267e-20
8.838584910865251004e+03 6.472682179360015222e-20 2.958493186583107240e-20
8.843590838798307232e+03 2.398133262085212956e-20 2.238262556397249662e-20
8.848596766731363459e+03 3.984635203648307588e-20 2.131169660737931347e-20
8.853602694664417868e+03 4.999241319867972940e-20 1.987598278648971249e-20
8.858608622597474096e+03 4.762403312160261000e-20 1.878914678336662361e-20
8.863614550530530323e+03 -2.194337166506887727e-20 2.461667172746783115e-20
8.868620478463584732e+03 3.835250342631822263e-21 2.451963416090928927e-20
8.873626406396640959e+03 3.908105165543486031e-20 1.932420665354445794e-20
8.878632334329697187e+03 5.306281449628706221e-20 2.577251243489451026e-20
8.883638262262753415e+03 9.523700087381812804e-20 3.497056315080613533e-20
8.888644190195807823e+03 -6.487555883120102666e-21 3.366764589429699029e-20
8.893650118128864051e+03 4.273707320090563762e-20 2.115652190244333678e-20
8.898656046061920279e+03 -1.480049193393898912e-20 2.485699827496059583e-20
8.903661973994974687e+03 3.910522818131394358e-20 2.621078945650352430e-20
8.908667901928030915e+03 4.854553334165086729e-20 2.278676275695727596e-20
8.913673829861087142e+03 5.977133805912612306e-20 3.264642208089624919e-20
8.918679757794143370e+03 1.033977935530629917e-19 3.898997190947571050e-20
8.923685685727199598e+03 3.879179191436442985e-20 3.554517974649604353e-20
8.928691613660254006e+03 3.657542404741580628e-20 1.996034756257414092e-20
8.933697541593308415e+03 2.314862213582974608e-20 1.878335999497638522e-20
8.938703469526364643e+03 8.966516233511120930e-21 2.616960192859898355e-20
8.943709397459420870e+03 2.699733806944498248e-20 2.796865679032500165e-20
8.948715325392477098e+03 1.937494104624216648e-20 2.623348595939544929e-20
8.953721253325533326e+03 1.175715649800221462e-20 3.676144644150971646e-20
8.958727181258589553e+03 1.471792485485702697e-19 3.902373090802289805e-20
8.963733109191643962e+03 6.677558337128498463e-20 2.936913406871576798e-20
8.968739037124698370e+03 2.954651403132289893e-20 1.885229340798759182e-20
8.973744965057754598e+03 3.110519099045749022e-20 1.860912972524256736e-20
8.978750892990810826e+03 2.912785529590205481e-20 1.922171009561274147e-20
8.983756820923867053e+03 4.452215177231345656e-20 2.394915180830154168e-20
8.988762748856923281e+03 4.751412572327516209e-20 2.483287016722991757e-20
8.993768676789977690e+03 2.328298877261636409e-20 2.562284028978319701e-20
8.998774604723033917e+03 8.380561378893579765e-20 2.952133468666425117e-20
9.003780532656088326e+03 5.975365907677520780e-20 2.788899876561850038e-20
9.008786460589144554e+03 -6.530520318381775388e-21 1.903710620405234030e-20
9.013792388522200781e+03 -4.736901300421622538e-21 1.654046806875968939e-20
9.018798316455257009e+03 1.171437867890788610e-20 1.666180668967974863e-20
9.023804244388313236e+03 5.149151314900763733e-20 1.700377346303327919e-20
9.028810172321367645e+03 3.304658049739809040e-20 1.747720848531820280e-20
9.033816100254423873e+03 4.913688897320826282e-20 2.019552115553451226e-20
9.038822028187478281e+03 6.582246133002825396e-20 2.100831622138958873e-20
9.043827956120534509e+03 1.461364390306174596e-20 2.357493775099740444e-20
9.048833884053590737e+03 -4.476149048393634203e-20 2.457046121265817531e-20
9.053839811986646964e+03 2.219906977561579402e-20 2.354894411186569086e-20
9.058845739919703192e+03 3.999615602903123499e-20 1.957664050768224162e-20
9.063851667852757600e+03 3.623282459561142846e-20 1.999193777851968180e-20
9.068857595785813828e+03 3.719499004453275145e-20 2.064291254375351783e-20
9.073863523718868237e+03 1.051297107741997574e-20 2.007822762082133881e-20
9.078869451651924464e+03 4.474631920408908767e-21 2.045887960201854811e-20
9.083875379584980692e+03 8.214586338309036889e-20 2.101847748407171593e-20
9.088881307518036920e+03 1.258540786710452453e-20 2.272405045876026415e-20
9.093887235451093147e+03 1.107758666540916421e-19 2.333727219150288557e-20
9.098893163384147556e+03 2.967082066663368905e-20 2.423453703934477486e-20
9.103899091317203784e+03 5.072814339191445862e-20 2.301695859307896976e-20
9.108905019250258192e+03 -8.042877045361167061e-21 2.040580409528055453e-20
9.113910947183314420e+03 -8.402448773847761600e-21 1.890608864313595722e-20
9.118916875116370647e+03 -9.603888656605884118e-22 1.857262905273019371e-20
9.123922803049426875e+03 3.257096385156245335e-20 1.843918008008209823e-20
9.128928730982483103e+03 1.073134987331845290e-20 1.832315901711372671e-20
9.133934658915537511e+03 2.763526467045375922e-20 1.851385361012598778e-20
9.138940586848593739e+03 3.974731962257586512e-20 1.846562790156419445e-20
9.143946514781648148e+03 2.197639938537439794e-20 1.906341026991933215e-20
9.148952442714704375e+03 -1.513314235943012948e-20 2.054452123966036931e-20
9.153958370647760603e+03 1.665398896437198851e-21 2.160647566192907207e-20
9.158964298580816831e+03 3.228080980079118481e-20 2.168180312015641574e-20
9.163970226513873058e+03 4.251003020462468858e-20 2.136439348532008945e-20
9.168976154446927467e+03 1.026587552329430389e-20 2.010713309695681219e-20
9.173982082379983694e+03 3.220936496607776695e-21 1.962286406112741443e-20
9.178988010313038103e+03 1.108504134687585714e-20 1.976521516916990368e-20
9.183993938246094331e+03 4.669973276992984826e-21 2.009487644026204588e-20
9.188999866179150558e+03 1.467674473305711719e-20 2.038284484308377928e-20
9.194005794112206786e+03 3.260565120603171980e-20 2.113806660571857125e-20
9.199011722045263014e+03 -2.579874199002319231e-20 2.131445569449837942e-20
9.204017649978317422e+03 1.270735106513514293e-20 2.182016421790734159e-20
9.209023577911373650e+03 3.746851270466293906e-20 2.256969431908919785e-20
9.214029505844428058e+03 5.150491919472228343e-20 2.321266599141303371e-20
9.219035433777484286e+03 -3.536192072494508899e-20 2.405279603917326358e-20
9.224041361710540514e+03 1.317308608236609675e-20 2.350426676676265454e-20
9.229047289643596741e+03 4.411248096836409279e-20 2.245027719153912725e-20
9.234053217576652969e+03 2.976308223626411083e-20 2.070235670149161402e-20
9.239059145509707378e+03 1.264342993943940607e-20 2.011579031236844879e-20
9.244065073442761786e+03 3.454281462933699083e-20 2.076368873921815281e-20
9.249071001375818014e+03 2.429871676644286710e-20 2.127769782325387846e-20
9.254076929308874242e+03 4.336623449318019682e-20 2.126990546433883194e-20
9.259082857241930469e+03 4.733555100963458015e-20 2.111886064085841276e-20
9.264088785174986697e+03 2.829404677545923156e-20 2.087405014449886508e-20
9.269094713108042924e+03 4.953725509328508401e-20 2.017374869314396921e-20
9.274100641041097333e+03 -1.506306823958962032e-20 1.986349596958272514e-20
9.279106568974151742e+03 -5.076361083622110749e-21 2.124181872780529823e-20
9.284112496907207969e+03 1.938332864080601137e-20 2.279246761178089872e-20
9.289118424840264197e+03 6.197972060703205811e-20 2.448943949456164608e-20
9.294124352773320425e+03 -2.847616390694755940e-20 2.535954033441006955e-20
9.299130280706376652e+03 -1.539427476310611814e-20 3.209234902603000161e-20
9.304136208639432880e+03 8.165936521483450104e-21 5.196394706177005633e-20
9.309142136572487289e+03 1.741360352033763944e-20 7.171789898445267903e-20
9.314148064505541697e+03 5.359912172878588717e-20 6.730811158171631109e-20
9.319153992438597925e+03 -7.527595627061877152e-21 6.923860072890300755e-20
9.324159920371654152e+03 5.557197283424517886e-21 6.491290981985142641e-20
9.329165848304710380e+03 7.551705798338326941e-20 5.163585432127187656e-20
9.334171776237766608e+03 2.909343082998308379e-20 4.888431194197635871e-20
9.339177704170821016e+03 6.413602068258709172e-20 4.875290092197864838e-20
9.344183632103877244e+03 -8.874448319572795524e-20 3.935728720379815997e-20
9.349189560036931653e+03 -2.884182962229218331e-20 3.532330704998653569e-20
9.354195487969987880e+03 -7.149144450318640064e-22 3.414089462800824466e-20
9.359201415903044108e+03 -2.791790401741957443e-20 3.327057287989977915e-20
9.364207343836100335e+03 8.981265642753946089e-20 3.544494917759992617e-20
9.369213271769156563e+03 3.324452648472563315e-20 6.893492528773011506e-20
9.374219199702210972e+03 2.614026298714794723e-20 8.514560668930522021e-20
9.379225127635267199e+03 2.150754171998734432e-20 7.651293573935931304e-20
9.384231055568321608e+03 4.294001823234550978e-20 4.153099428210360509e-20
9.389236983501377836e+03 7.909930044027805444e-20 3.276513612827750034e-20
9.394242911434434063e+03 5.319040326341016628e-20 3.147485854795936940e-20
9.399248839367490291e+03 9.154261126877787085e-20 3.771016383241245670e-20
9.404254767300546519e+03 1.035816051014138218e-19 3.681884251762770471e-20
9.409260695233600927e+03 3.594064180481944466e-20 3.100397274710603855e-20
9.414266623166657155e+03 2.514917861318466627e-20 4.200712782572860166e-20
9.419272551099711563e+03 5.834411106417515765e-20 5.216218520523571193e-20
9.424278479032767791e+03 7.062690720387256626e-20 4.999378325476099078e-20
9.429284406965824019e+03 5.435485973918599557e-20 3.921549358638653154e-20
9.434290334898880246e+03 8.568074440199158739e-20 6.440458071274430412e-20
9.439296262831936474e+03 7.371741948445766472e-20 7.250459394614391142e-20
9.444302190764990883e+03 7.145538980644522036e-20 6.208301428119333633e-20
9.449308118698047110e+03 1.296679128328647013e-19 3.979963884725538882e-20
9.454314046631101519e+03 -1.062991023425381191e-19 5.418056826560623557e-20
9.459319974564157746e+03 -1.313840624918207684e-20 5.562340458542941449e-20
9.464325902497213974e+03 6.309343021198358461e-20 4.407530695025413753e-20
9.469331830430270202e+03 1.218421500557372796e-19 5.174849993271511634e-20
9.474337758363326429e+03 -7.762368031682491701e-20 7.328823932224588578e-20
9.479343686296380838e+03 1.217163907066011087e-19 7.218503749601594141e-20
9.484349614229437066e+03 1.223015463006499491e-19 4.266689737400468985e-20
9.489355542162491474e+03 4.210421182884650862e-20 3.470074273706671685e-20
9.494361470095547702e+03 1.029677446584446025e-19 3.926106646122438743e-20
9.499367398028603930e+03 2.315588693364193010e-20 5.051518574470760894e-20
9.504373325961660157e+03 1.218273187041994160e-19 4.719842528581704662e-20
9.509379253894716385e+03 2.502262013609602036e-20 3.838226801651286362e-20
9.514385181827770793e+03 -1.229595321445420321e-19 5.409899541912112059e-20
9.519391109760827021e+03 1.422135913290989683e-19 5.745762693436187266e-20
9.524397037693881430e+03 2.125397516636740647e-19 4.668099411390513992e-20
9.529402965626937657e+03 1.124169640661301634e-19 3.335725281656553343e-20
9.534408893559993885e+03 3.471335968703258991e-20 3.301134074818202024e-20
9.539414821493050113e+03 -4.551319228109179039e-20 3.318216029752608068e-20
9.544420749426106340e+03 -2.634534896367689083e-20 3.744779262114760468e-20
9.549426677359160749e+03 1.168558934425646989e-19 4.559423125388182046e-20
9.554432605292216977e+03 -2.931783078852624471e-20 5.100231878481321215e-20
9.559438533225271385e+03 -7.322973285751552375e-20 5.124630875351032524e-20
9.564444461158327613e+03 -1.701908381350527527e-20 6.176808315507110207e-20
9.569450389091383840e+03 6.854096167217935192e-20 5.918009087250915996e-20
9.574456317024440068e+03 7.450542441939000371e-20 4.369305660056067232e-20
9.579462244957496296e+03 -3.790145309837495399e-21 3.658005675785669321e-20
9.584468172890550704e+03 -2.626015224826278330e-20 3.801531719483918191e-20
9.589474100823605113e+03 -2.791209351305786992e-20 3.871307974530777861e-20
9.594480028756661341e+03 3.180180963599146498e-20 3.685767511089926583e-20
9.599485956689717568e+03 -1.000431737395426771e-20 3.805173416976084517e-20
9.604491884622773796e+03 -4.564280753379355953e-20 4.270744877291002103e-20
9.609497812555830023e+03 3.521705643956191082e-20 4.255501422060767075e-20
9.614503740488886251e+03 -1.794480391643557174e-20 4.187597923311504676e-20
9.619509668421940660e+03 3.201296163321244395e-20 4.344917066960520063e-20
9.624515596354995068e+03 -2.427088654824571604e-20 4.143506190763606526e-20
9.629521524288051296e+03 3.402894360361009251e-20 3.462661744979299984e-20
9.634527452221107524e+03 1.484960794426466095e-20 3.399488921904459878e-20
9.639533380154163751e+03 8.769796508103317459e-20 3.319756062421173105e-20
9.644539308087219979e+03 7.825035165952882667e-20 3.257195155970691861e-20
9.649545236020274388e+03 2.774465680954313220e-20 3.207769906064639034e-20
9.654551163953330615e+03 2.760698826813023051e-20 3.363686264754222288e-20
9.659557091886385024e+03 -4.158515921464206331e-20 3.555592531925083164e-20
9.664563019819441251e+03 2.342247694385615619e-20 4.028018213766241184e-20
9.669568947752497479e+03 9.083120750870701867e-20 4.056672288765027951e-20
9.674574875685553707e+03 1.528777244355169570e-19 4.236637516469655731e-20
9.679580803618609934e+03 -1.113119816591076497e-19 4.456620376528383249e-20
9.684586731551664343e+03 6.098644556851891375e-21 4.395981977835957908e-20
9.689592659484720571e+03 5.614308315519204429e-20 4.023638862978734953e-20
9.694598587417774979e+03 3.659438699185032195e-20 4.928621847512572198e-20
9.699604515350831207e+03 1.439695143058891676e-19 4.878940338366694636e-20
9.704610443283887435e+03 2.699904499648313308e-20 4.684230316512485183e-20
9.709616371216943662e+03 9.267636127243127842e-20 4.479031981741261402e-20
9.714622299149999890e+03 2.475504823050635622e-20 5.526801011412019621e-20
9.719628227083054298e+03 6.784364902817179306e-20 5.805804873239614548e-20
9.724634155016110526e+03 3.124484213933067777e-20 5.216638509565145918e-20
9.729640082949164935e+03 4.012799109118309899e-21 4.484854515154104397e-20
9.734646010882221162e+03 2.317431959986360105e-20 4.801707714100626506e-20
9.739651938815277390e+03 1.202080726128168251e-19 4.866691741811639171e-20
9.744657866748333618e+03 -5.531151445801065779e-20 4.414863047543277116e-20
9.749663794681389845e+03 3.096991385698100274e-20 4.052228898670438563e-20
9.754669722614444254e+03 -6.833230925246762188e-21 3.791366111707089467e-20
9.759675650547500481e+03 6.154622311721304407e-20 3.707487160249117744e-20
9.764681578480554890e+03 -6.098171151332023117e-21 3.636764064811620041e-20
9.769687506413611118e+03 5.124992193430275954e-20 3.681893658208401506e-20
9.774693434346667345e+03 7.467163974162742842e-21 3.789960965494571818e-20
9.779699362279723573e+03 -5.950075606723961010e-21 3.918630563987976698e-20
9.784705290212779801e+03 9.466644671951945410e-20 5.812929787014260366e-20
9.789711218145834209e+03 5.635135095405119133e-20 7.128360047102423126e-20
9.794717146078890437e+03 7.752397738639754696e-20 7.171973322962386373e-20
9.799723074011944846e+03 3.203052827772600888e-20 5.581302531197124728e-20
9.804729001945001073e+03 1.263331609984611140e-19 5.067488636300235411e-20
9.809734929878057301e+03 1.754658210669020614e-19 4.802384265256075924e-20
9.814740857811113528e+03 7.591926180838674734e-20 4.655847415386476766e-20
9.819746785744169756e+03 -3.115679742254362552e-20 4.574579350659141102e-20
9.824752713677224165e+03 2.884008609861766765e-20 4.686109756553529457e-20
9.829758641610280392e+03 2.016671634858561660e-20 4.608634441514597858e-20
9.834764569543334801e+03 1.328154845026158526e-19 4.569266451250536470e-20
9.839770497476391029e+03 8.515878408485071867e-20 4.747551241134449078e-20
9.844776425409447256e+03 1.134452570511667030e-19 5.798727123910460702e-20
9.849782353342503484e+03 3.534475604335337517e-20 6.088612591832652255e-20
9.854788281275559712e+03 1.633776893816556266e-20 5.213068116022818560e-20
9.859794209208614120e+03 -3.417290719124487799e-20 4.745546840586948185e-20
9.864800137141670348e+03 1.262174755295837386e-19 5.809179221629075470e-20
9.869806065074724756e+03 5.660434919172699778e-21 7.363200290545266778e-20
9.874811993007780984e+03 -2.643291627508537785e-19 7.298097023571734663e-20
9.879817920940837212e+03 -2.620050419025337514e-20 5.487056865035507450e-20
9.884823848873893439e+03 3.460783974689813034e-20 4.900839400249346512e-20
9.889829776806949667e+03 -1.591554524627213852e-20 5.675974428209922239e-20
9.894835704740004076e+03 2.031021699849655386e-20 5.891059974250345456e-20
9.899841632673058484e+03 8.472964555811469822e-21 5.836198817220872414e-20
9.904847560606114712e+03 1.216137795721521785e-19 5.030634603273186591e-20
9.909853488539170939e+03 -4.246232517288834183e-20 7.433925052579085222e-20
9.914859416472227167e+03 1.910736011292230432e-19 7.933784151920520217e-20
9.919865344405283395e+03 2.699608468498281412e-20 6.784548905617820571e-20
9.924871272338339622e+03 8.636019235659025240e-20 5.102063708170049797e-20
9.929877200271394031e+03 1.265210357566319650e-19 5.128230829612214285e-20
9.934883128204448440e+03 1.140162064034585352e-19 6.226879849611436424e-20
9.939889056137504667e+03 -1.412417708313172295e-19 8.755705717008303308e-20
9.944894984070560895e+03 2.559301767845956855e-19 9.730289015677973367e-20
9.949900912003617123e+03 2.128076889174359791e-20 1.001452046909618626e-19
9.954906839936673350e+03 3.820289105211373555e-19 9.132187584347054781e-20
9.959912767869729578e+03 7.962978189312023348e-20 9.874141511107817434e-20
9.964918695802783986e+03 -3.969822164144151636e-20 8.515609948471521459e-20
9.969924623735838395e+03 4.990475587153222799e-20 7.588180390556909964e-20
9.974930551668894623e+03 -3.267345026863628934e-20 7.270874547218134356e-20
9.979936479601950850e+03 1.065631788076465765e-19 6.830431992072151859e-20
9.984942407535007078e+03 8.315058977897855532e-20 6.091010887552058872e-20
9.989948335468063306e+03 2.626753896392534204e-20 6.161434653057634511e-20
9.994954263401117714e+03 -6.281480557918077256e-21 6.409527436468385980e-20
9.999960191334173942e+03 -4.624409381737184127e-20 6.788852740647585387e-20
1.000496611926722835e+04 1.466041018015590752e-19 7.449683270359724069e-20
1.000997204720028458e+04 7.248432009131523793e-20 9.956050385642961139e-20
1.001497797513334081e+04 1.987678275945789730e-19 9.817912957631998926e-20
1.001998390306639703e+04 1.371633160298558172e-19 8.682584182581123156e-20
1.002498983099945326e+04 1.059595725827929915e-21 7.878327390342129365e-20
1.002999575893250767e+04 1.949945728369315128e-19 7.566191482086216073e-20
1.003500168686556390e+04 3.856554552146417227e-20 6.656810438397592600e-20
1.004000761479861831e+04 -6.222389709941448193e-20 6.880746869658287452e-20
1.004501354273167453e+04 2.049385665748398762e-20 6.890598382417484335e-20
1.005001947066473076e+04 7.579835730104012609e-20 6.921181601716340244e-20
1.005502539859778699e+04 1.247700350119410621e-20 7.274031951119455667e-20
1.006003132653084322e+04 -1.584806237695173151e-20 8.122075477717595646e-20
1.006503725446389763e+04 1.819282897509495485e-20 8.629067131371454030e-20
1.007004318239695385e+04 1.668558347573643322e-19 8.298581279634562490e-20
1.007504911033000826e+04 1.354217494856114758e-19 8.524199344650415244e-20
1.008005503826306449e+04 -5.405650427363223851e-20 1.030647578475002218e-19
1.008506096619612072e+04 7.781325131240002203e-20 1.027750834482683715e-19
1.009006689412917694e+04 1.114783963213255956e-19 9.076059565423448356e-20
1.009507282206223317e+04 2.406687488661208636e-20 8.627104324727171638e-20
1.010007874999528758e+04 3.251521244574976443e-20 1.001235328433508849e-19
1.010508467792834381e+04 -1.282222666711994097e-19 1.007886943367397811e-19
1.011009060586139822e+04 1.131542252835540050e-19 1.001020234787520954e-19
1.011509653379445444e+04 -1.507116026609514426e-20 9.830279532554520385e-20
1.012010246172751067e+04 -8.017255076012579192e-21 1.233393882517286317e-19
1.012510838966056690e+04 -1.773957013763041443e-20 1.245598628432146154e-19
1.013011431759362313e+04 2.585655159055013180e-19 1.145378589356106907e-19
1.013512024552667754e+04 9.659972848372531290e-20 9.862477297411547989e-20
1.014012617345973376e+04 1.200461691334600580e-19 9.513261485314569272e-20
1.014513210139278817e+04 5.182780253309025976e-20 9.478048088012216754e-20
1.015013802932584440e+04 5.724213669942015501e-20 1.060378267438210994e-19
1.015514395725890063e+04 1.199575016504230013e-19 1.146865874811002947e-19
1.016014988519195686e+04 8.922730283859807640e-20 1.042593387449297516e-19
1.016515581312501308e+04 -5.197343880802959985e-20 1.114532923763150668e-19
1.017016174105806749e+04 2.672267423966366765e-19 1.211598698397187211e-19
1.017516766899112372e+04 3.477946667296174947e-19 1.286309439855472276e-19
1.018017359692417813e+04 7.853380312599123927e-20 1.196420194978694229e-19
1.018517952485723436e+04 6.496634626547742219e-20 1.230356153829618496e-19
1.019018545279029058e+04 1.271626000776149292e-19 1.319527404227336030e-19
1.019519138072334681e+04 5.777002968886412080e-19 1.355075552111903760e-19
1.020019730865640304e+04 1.492145514244273272e-19 1.268967021737874820e-19
1.020520323658945745e+04 1.172897973234687164e-19 1.356042532885966347e-19
1.021020916452251367e+04 3.039638556436641593e-19 1.515436945234128060e-19
1.021521509245556808e+04 1.253081558032227327e-19 1.517931396782835072e-19
1.022022102038862431e+04 1.497776840026110332e-19 1.322967399755051569e-19
1.022522694832168054e+04 2.403399118556888567e-20 1.398133937724112228e-19
1.023023287625473677e+04 3.408584788863668084e-19 1.472612594112191957e-19
1.023523880418779299e+04 -7.882946542883304330e-21 1.351497083186455644e-19
1.024024473212084740e+04 3.916822439898113563e-20 1.258543709162952399e-19
1.024525066005390181e+04 1.990402348903970656e-19 1.285112572602389963e-19
1.025025658798695804e+04 -2.985260881552717936e-20 1.341385601569092464e-19
1.025526251592001427e+04 2.466526754735711084e-20 1.320771148748281969e-19
1.026026844385307049e+04 4.798205286593752571e-20 1.372595754598866604e-19
1.026527437178612672e+04 4.609668881054910468e-20 1.387967427490535042e-19
1.027028029971918295e+04 2.189049681624626450e-19 1.487371908559126563e-19
1.027528622765223736e+04 1.839753165487217637e-19 1.608308262269275630e-19
1.028029215558529177e+04 1.588750710536338613e-19 1.651186686636087649e-19
1.028529808351834799e+04 -7.465288776342966764e-20 1.946632346193365701e-19
1.029030401145140422e+04 3.463743933747758966e-19 1.996804238300834296e-19
1.029530993938446045e+04 6.706462481082527567e-20 1.939442793585503025e-19
