#  wl flam flam_err
4.803806996822357178e+03 3.454841938155311666e-19 5.256083071028575145e-19
4.808812924755412496e+03 3.596392663817342903e-19 4.767823825884156736e-19
4.813818852688468723e+03 2.870275339370508975e-19 4.337273747392736451e-19
4.818824780621524042e+03 2.437278251601855687e-19 3.920833876379319242e-19
4.823830708554580269e+03 1.782421440585080906e-19 3.521534181443053044e-19
4.828836636487635587e+03 2.504153069480734272e-19 3.189587397454616131e-19
4.833842564420691815e+03 3.135562313164071819e-19 2.921730280177898666e-19
4.838848492353747133e+03 2.893066753119333681e-19 2.682500558964738335e-19
4.843854420286802451e+03 2.825323862734523323e-19 2.447912541177617457e-19
4.848860348219858679e+03 2.572296797181907603e-19 2.189655608793445008e-19
4.853866276152913997e+03 4.341287240785054588e-20 1.960633648262214586e-19
4.858872204085970225e+03 1.249338761426587931e-19 1.791914102837900053e-19
4.863878132019025543e+03 4.711934836251792571e-19 1.709061777548135287e-19
4.868884059952080861e+03 2.535827498351959481e-19 1.657442633638389062e-19
4.873889987885137089e+03 3.880037796071637106e-19 1.631831612889726435e-19
4.878895915818192407e+03 2.772073837174959021e-19 1.601167507586491336e-19
4.883901843751248634e+03 3.701873653775425313e-19 1.534273238265030268e-19
4.888907771684303952e+03 2.654834992716375789e-19 1.447210137413384008e-19
4.893913699617360180e+03 3.374418833232767578e-19 1.366154783618276641e-19
4.898919627550415498e+03 3.284358630191119123e-19 1.299155795966388501e-19
4.903925555483470816e+03 3.639303077580574105e-19 1.245707223103214394e-19
4.908931483416527044e+03 3.475797652383556165e-19 1.181572751618815185e-19
4.913937411349582362e+03 4.373405892745444544e-19 1.118032785581855820e-19
4.918943339282638590e+03 3.281478831009841783e-19 1.071421050159166992e-19
4.923949267215693908e+03 2.030798396099192738e-19 1.044226120413777369e-19
4.928955195148750136e+03 1.611129822631946048e-19 1.025336672696815064e-19
4.933961123081805454e+03 3.551193802744638535e-19 9.962540968549136418e-20
4.938967051014860772e+03 3.486534773350011121e-19 9.584678795078093640e-20
4.943972978947916999e+03 2.002649870415533890e-19 9.269265425755134233e-20
4.948978906880972318e+03 5.100941186400038690e-20 9.090112832222614565e-20
4.953984834814028545e+03 6.552895828625433104e-20 8.946485880657002282e-20
4.958990762747083863e+03 2.000576033704610108e-19 8.805575109472185565e-20
4.963996690680139181e+03 1.543091299324598611e-19 8.679346250230998604e-20
4.969002618613195409e+03 1.358633748306388992e-19 8.538332817684641560e-20
4.974008546546250727e+03 2.042877930732023776e-19 8.415897011805171957e-20
4.979014474479306955e+03 1.068985261735828322e-19 8.291067761887018420e-20
4.984020402412362273e+03 1.467739973844912405e-19 8.273370044883523033e-20
4.989026330345418501e+03 1.312578674993995386e-19 8.212947404564952470e-20
4.994032258278473819e+03 2.683725759707048671e-19 8.063493084023758232e-20
4.999038186211529137e+03 2.001330938301517837e-19 7.789450881861469342e-20
5.004044114144585365e+03 2.216972433933568324e-19 7.493677885014656558e-20
5.009050042077640683e+03 2.090955800862203961e-19 7.218412991273964453e-20
5.014055970010696910e+03 1.511334293080874424e-19 6.909215444481541128e-20
5.019061897943752228e+03 2.007172244474634982e-19 6.615723068157111717e-20
5.024067825876807547e+03 2.124809572604391649e-19 6.360137735601390593e-20
5.029073753809863774e+03 1.345739304514350812e-19 6.227004954026872245e-20
5.034079681742919092e+03 1.251538497374557544e-19 6.156415641528380873e-20
5.039085609675975320e+03 4.822127971325696322e-20 6.073152427955669005e-20
5.044091537609030638e+03 9.971793620424582245e-20 5.990068039518572219e-20
5.049097465542086866e+03 7.535083084313220836e-20 5.827796771840774396e-20
5.054103393475142184e+03 6.843671247982075948e-20 5.763701638555653123e-20
5.059109321408197502e+03 1.205347443474381639e-19 5.745723969036506228e-20
5.064115249341253730e+03 1.217769282780155439e-19 5.721432245749288341e-20
5.069121177274309048e+03 9.801908216326762104e-20 5.650904543265194868e-20
5.074127105207365275e+03 1.170675332092275614e-19 5.542039989227847736e-20
5.079133033140420594e+03 5.174503605508958894e-20 5.388089930969610288e-20
5.084138961073476821e+03 1.477327521164296347e-19 5.414526780584316527e-20
5.089144889006532139e+03 8.146517974063810425e-20 5.565066120123071339e-20
5.094150816939587457e+03 1.284140599437554323e-19 5.722515697464237801e-20
5.099156744872643685e+03 -2.724048268158496072e-20 5.727528879316204644e-20
5.104162672805699003e+03 7.342770487988619058e-20 5.713296425214463339e-20
5.109168600738755231e+03 1.134305277540993005e-19 5.705156827846024901e-20
5.114174528671810549e+03 5.198002564388396048e-20 5.858746351394451479e-20
5.119180456604865867e+03 3.573906509427931250e-20 6.044270773789343738e-20
5.124186384537922095e+03 1.035405587033684556e-19 6.069242331309142912e-20
5.129192312470977413e+03 5.832110100984698723e-20 5.886117832629867146e-20
5.134198240404033641e+03 -1.214627673105743503e-20 5.649100673921048445e-20
5.139204168337088959e+03 5.457129179074200199e-20 5.390280015456049176e-20
5.144210096270145186e+03 5.125319594261642298e-21 5.202717811752027843e-20
5.149216024203200504e+03 2.541239396784079966e-20 5.170501011456424889e-20
5.154221952136255823e+03 9.550522638497189631e-21 5.088585129063774166e-20
5.159227880069312050e+03 4.844553837272371318e-20 4.893184845671502085e-20
5.164233808002367368e+03 9.097370607812350663e-20 4.578162229453692327e-20
5.169239735935423596e+03 5.936429381168921853e-20 4.271316560691561897e-20
5.174245663868478914e+03 5.648838307991697353e-20 4.236817553891630345e-20
5.179251591801534232e+03 7.057677269116119606e-21 4.273107716288381909e-20
5.184257519734590460e+03 1.925294425334976552e-19 4.431912236398127425e-20
5.189263447667645778e+03 3.574846754564589590e-19 4.581403583060648078e-20
5.194269375600702006e+03 4.293352614645571639e-19 4.748603619837267755e-20
5.199275303533757324e+03 2.944760004759696270e-19 4.809840032089898477e-20
5.204281231466813551e+03 2.307215163832060425e-19 4.712482522953185971e-20
5.209287159399868870e+03 1.201239761208651225e-19 4.576816414785643864e-20
5.214293087332924188e+03 9.321614334872418443e-20 4.645555599378020677e-20
5.219299015265980415e+03 6.666568740008761234e-20 4.767799579096633179e-20
5.224304943199035733e+03 1.536016731878767815e-19 4.777871293930082012e-20
5.229310871132091961e+03 1.058448911043588131e-19 4.685436005187254959e-20
5.234316799065147279e+03 1.635252016615306944e-19 4.750212609357384715e-20
5.239322726998203507e+03 1.386146814405168470e-19 4.891061643912466108e-20
5.244328654931258825e+03 1.538093353153833232e-19 4.986505535950493621e-20
5.249334582864314143e+03 1.182468218501490353e-19 5.058005857325910231e-20
5.254340510797370371e+03 1.961770210110480665e-19 4.975172858497267997e-20
5.259346438730425689e+03 2.184980696899098494e-19 4.637937929527036257e-20
5.264352366663481916e+03 2.026199730445778694e-19 4.280981603623019682e-20
5.269358294596537235e+03 1.972540773919061370e-19 4.222109434630301544e-20
5.274364222529593462e+03 2.450223208270358188e-19 4.361698614224058022e-20
5.279370150462648780e+03 3.072611975462052294e-19 4.388132794370258894e-20
5.284376078395704099e+03 2.405593921497261956e-19 4.317952592516916461e-20
5.289382006328760326e+03 2.039075781171369215e-19 4.237991635229827293e-20
5.294387934261815644e+03 2.010677031346500705e-19 4.165580497090506244e-20
5.299393862194871872e+03 1.743869943752576112e-19 4.136075534341206725e-20
5.304399790127927190e+03 2.882628775966946647e-19 4.174993908858845703e-20
5.309405718060982508e+03 2.774501394612460638e-19 4.211349010073526563e-20
5.314411645994038736e+03 2.030430915108851274e-19 4.180169397304071292e-20
5.319417573927094054e+03 2.444793245060263372e-19 4.097619152965746622e-20
5.324423501860150282e+03 3.014818443265550535e-19 4.003190689096159825e-20
5.329429429793205600e+03 2.597738555639103474e-19 3.954696101260587923e-20
5.334435357726260918e+03 2.443223462888217550e-19 3.978203911374813772e-20
5.339441285659317145e+03 2.905149671455152515e-19 4.034553926795792608e-20
5.344447213592372464e+03 2.903518360566151235e-19 4.158398135135393156e-20
5.349453141525428691e+03 2.191117048405850231e-19 4.212918271105259995e-20
5.354459069458484009e+03 2.744714516961141139e-19 4.244377022664136339e-20
5.359464997391540237e+03 2.783459782516342078e-19 4.185769114469514150e-20
5.364470925324595555e+03 2.265865244723989675e-19 4.178165213230790407e-20
5.369476853257650873e+03 6.652532362309700040e-20 4.261111500961183673e-20
5.374482781190707101e+03 1.485667050191119478e-19 4.427964233558776791e-20
5.379488709123762419e+03 2.545204453438821340e-19 4.494962223590555661e-20
5.384494637056818647e+03 1.901287743263044435e-19 4.372541087462071919e-20
5.389500564989873965e+03 3.200654243999598218e-19 4.193892547788666737e-20
5.394506492922930192e+03 3.058834213586922952e-19 3.956349996809343824e-20
5.399512420855985511e+03 3.150337257640720606e-19 3.812434266223781594e-20
5.404518348789040829e+03 3.689607979508546758e-19 3.760097880816127928e-20
5.409524276722097056e+03 2.668568717278542825e-19 3.759525958642750675e-20
5.414530204655152374e+03 2.774087315279672028e-19 3.798725063695759132e-20
5.419536132588208602e+03 2.823568541566065642e-19 3.751326448552890376e-20
5.424542060521263920e+03 2.963470044710121685e-19 3.654469432776241321e-20
5.429547988454320148e+03 3.242838767239817499e-19 3.606280179027983717e-20
5.434553916387375466e+03 3.334869607801764596e-19 3.619455870594563302e-20
5.439559844320430784e+03 3.814304977376006920e-19 3.670913103148936641e-20
5.444565772253487012e+03 2.779081776906601761e-19 3.722483747090310282e-20
5.449571700186542330e+03 2.114243110921476780e-19 3.767196551195718407e-20
5.454577628119598558e+03 2.078598559755737162e-19 3.787017489865232835e-20
5.459583556052653876e+03 3.584893660166425778e-19 3.789639885072831243e-20
5.464589483985709194e+03 2.970415972211678670e-19 3.752634968363790779e-20
5.469595411918765421e+03 2.821486343083091042e-19 3.721895526001330964e-20
5.474601339851820740e+03 2.870465133168115643e-19 3.763581022202595362e-20
5.479607267784876967e+03 2.863190036491845429e-19 3.850505573194750730e-20
5.484613195717932285e+03 2.656026113421335867e-19 3.915867877565129033e-20
5.489619123650987603e+03 3.307379147279897253e-19 3.966081737729145774e-20
5.494625051584043831e+03 2.839264542554118711e-19 3.954704610227190994e-20
5.499630979517099149e+03 3.508906850521441174e-19 3.966592958611503684e-20
5.504636907450155377e+03 3.642391483447272768e-19 3.968499170697933133e-20
5.509642835383210695e+03 3.471499332069257382e-19 3.931028239447564101e-20
5.514648763316266923e+03 3.390830468861858106e-19 3.874316114054445705e-20
5.519654691249322241e+03 3.104580467954812878e-19 3.801903266968645043e-20
5.524660619182377559e+03 3.464175190893681160e-19 3.712646055339489882e-20
5.529666547115433787e+03 2.387684434524951596e-19 3.606927489241321735e-20
5.534672475048489105e+03 3.025597988399401740e-19 3.571838919760662832e-20
5.539678402981545332e+03 2.090264326448997090e-19 3.634316164610668131e-20
5.544684330914600650e+03 1.832105800287762880e-19 3.673969460748297175e-20
5.549690258847656878e+03 1.160435382679617795e-19 3.615191048764216226e-20
5.554696186780712196e+03 8.761992019301105817e-20 3.599420775977683121e-20
5.559702114713767514e+03 1.069715487797115779e-19 3.707229982865374982e-20
5.564708042646823742e+03 1.557075018454834080e-19 4.072444273020484081e-20
5.569713970579879060e+03 3.705918456186327207e-19 8.738838971490103307e-20
5.574719898512935288e+03 4.989294769593243528e-19 1.451319383467626996e-19
5.579725826445990606e+03 4.386692398904878005e-19 1.471349090078452542e-19
5.584731754379046833e+03 3.192408202478227198e-19 8.948239375457519219e-20
5.589737682312102152e+03 3.251159024272130288e-19 4.120703624965668826e-20
5.594743610245157470e+03 2.858233490487714957e-19 3.717618925124396207e-20
5.599749538178213697e+03 2.810361400687456818e-19 3.755398578575431257e-20
5.604755466111269016e+03 3.337861695395572536e-19 3.791444749581553942e-20
5.609761394044325243e+03 2.753930158823445022e-19 3.681933468859678040e-20
5.614767321977380561e+03 2.104827306182671933e-19 3.559208265240284333e-20
5.619773249910436789e+03 2.717691584464352857e-19 3.623281475083352618e-20
5.624779177843492107e+03 3.492638101674476361e-19 3.661011929621863874e-20
5.629785105776547425e+03 3.281731206430148024e-19 3.650671682224020756e-20
5.634791033709603653e+03 3.019356363871341232e-19 3.616005185667835211e-20
5.639796961642658971e+03 2.771032752330587206e-19 3.598501041988544195e-20
5.644802889575714289e+03 2.286797657020966776e-19 3.515705327217089709e-20
5.649808817508770517e+03 2.762634918485661056e-19 3.361953467741463088e-20
5.654814745441825835e+03 3.559166885442977732e-19 3.191544686810898770e-20
5.659820673374882062e+03 2.324563793492226607e-19 3.128146779563062648e-20
5.664826601307937381e+03 2.961182728774779765e-19 3.146862341352075570e-20
5.669832529240993608e+03 2.402525663254467065e-19 3.168970057648885059e-20
5.674838457174048926e+03 2.791757321585817552e-19 3.188873433477177574e-20
5.679844385107104245e+03 2.792735278444495770e-19 3.170137918348361320e-20
5.684850313040160472e+03 1.536536390079572014e-19 3.152242911334859829e-20
5.689856240973215790e+03 1.060474944483731298e-19 3.151855123840620348e-20
5.694862168906272018e+03 1.790435020501433430e-19 3.154843772152780943e-20
5.699868096839327336e+03 2.834904012437521347e-19 3.153001351525653349e-20
5.704874024772383564e+03 2.966512594881731164e-19 3.111457858234159249e-20
5.709879952705438882e+03 2.761554047103721491e-19 3.105076319020746708e-20
5.714885880638494200e+03 2.589965820607530010e-19 3.139137963456184945e-20
5.719891808571550428e+03 2.933883876524788222e-19 3.179612363199168843e-20
5.724897736504605746e+03 3.278309599984466441e-19 3.220688421750392141e-20
5.729903664437661973e+03 3.172203178043679778e-19 3.224076314415666310e-20
5.734909592370717291e+03 3.097116946487595507e-19 3.221904721982318950e-20
5.739915520303773519e+03 3.227117827007520883e-19 3.246627021109743417e-20
5.744921448236828837e+03 3.519286803821408295e-19 3.285669886297732356e-20
5.749927376169884155e+03 3.615352671030926927e-19 3.340095005699702264e-20
5.754933304102940383e+03 3.403733784027600205e-19 3.407191247666672193e-20
5.759939232035995701e+03 3.337325225841698931e-19 3.478463839145931409e-20
5.764945159969051929e+03 3.521622961388277531e-19 3.480619290058892471e-20
5.769951087902107247e+03 3.211979584474328620e-19 3.411536140968574117e-20
5.774957015835163475e+03 2.684394132070339217e-19 3.295927429660926939e-20
5.779962943768218793e+03 3.444794154092392787e-19 3.174363351570763012e-20
5.784968871701274111e+03 3.196758733151636976e-19 3.105278400288352108e-20
5.789974799634330338e+03 3.061195881022142603e-19 3.056853441849279749e-20
5.794980727567385657e+03 2.821642196573693148e-19 3.014963423300997925e-20
5.799986655500441884e+03 2.794793647145187387e-19 2.970360115634747519e-20
5.804992583433497202e+03 3.054378798872571864e-19 2.931579103321155848e-20
5.809998511366552520e+03 3.481674965585736264e-19 2.900384872885323391e-20
5.815004439299608748e+03 3.092164873788486940e-19 2.865998790726786685e-20
5.820010367232664066e+03 2.883512331776918587e-19 2.856535318588027246e-20
5.825016295165720294e+03 3.131020007795068849e-19 2.838287530392797562e-20
5.830022223098775612e+03 3.076585924834263751e-19 2.841849841161514019e-20
5.835028151031830930e+03 2.892670925728271827e-19 2.833145999511934395e-20
5.840034078964887158e+03 3.000624826632225742e-19 2.846867958625211585e-20
5.845040006897942476e+03 3.071840578548584459e-19 2.869938482588938048e-20
5.850045934830998704e+03 3.514461465548113295e-19 2.889203388253628830e-20
5.855051862764054022e+03 3.122778709773850755e-19 2.905947495030617141e-20
5.860057790697110249e+03 3.165950431110990176e-19 3.157157543269297854e-20
5.865063718630165567e+03 3.147761437651045744e-19 3.539291762177533823e-20
5.870069646563220886e+03 2.802264967625602730e-19 3.623730436654471802e-20
5.875075574496277113e+03 3.440738309284454069e-19 3.364833010742927936e-20
5.880081502429332431e+03 3.144433353415285923e-19 3.556064241520304071e-20
5.885087430362388659e+03 3.833389158080741628e-19 5.078320904473929406e-20
5.890093358295443977e+03 2.751117709838998720e-19 6.008662863489864689e-20
5.895099286228500205e+03 2.790096478420307862e-19 5.466212070177897947e-20
5.900105214161555523e+03 3.640886558740270369e-19 4.206659461361501506e-20
5.905111142094610841e+03 3.101398628744013797e-19 3.370978954572324902e-20
5.910117070027667069e+03 2.839943506588611492e-19 3.427681608967920585e-20
5.915122997960722387e+03 2.542834414174589534e-19 3.478632828256402979e-20
5.920128925893778614e+03 2.596322628790782907e-19 3.396101749526668546e-20
5.925134853826833933e+03 2.794233080301028976e-19 3.329954165304114077e-20
5.930140781759890160e+03 2.548348856932468965e-19 3.454643463968760235e-20
5.935146709692945478e+03 2.145601311797343866e-19 3.304148374066913551e-20
5.940152637626000796e+03 1.562660361237349984e-19 3.027671174249487303e-20
5.945158565559057024e+03 2.064218023982620038e-19 3.029446955757364859e-20
5.950164493492112342e+03 2.641004805505986569e-19 3.192090049306215712e-20
5.955170421425167660e+03 2.660115058259668649e-19 3.106232244735630479e-20
5.960176349358223888e+03 2.362033071135205778e-19 2.883693695338102058e-20
5.965182277291280116e+03 2.716461460511880629e-19 2.822585953086004544e-20
5.970188205224335434e+03 2.409398362356295709e-19 2.937135893767249926e-20
5.975194133157390752e+03 2.470139503303105180e-19 3.020307615717420555e-20
5.980200061090446980e+03 1.703892942313924124e-19 2.937137674212484231e-20
5.985205989023502298e+03 2.653301471004702726e-19 2.779745814419947864e-20
5.990211916956557616e+03 3.081516844266952861e-19 2.762546381881726088e-20
5.995217844889613843e+03 2.911149711985346429e-19 2.846331737204643692e-20
6.000223772822669162e+03 2.987674295220195255e-19 2.946628681022096873e-20
6.005229700755725389e+03 2.419453324269091129e-19 2.941566744269217390e-20
6.010235628688780707e+03 2.448062703341147917e-19 2.890845166058003874e-20
6.015241556621836935e+03 2.730079229344247597e-19 2.877026752051615070e-20
6.020247484554892253e+03 2.851048163337787181e-19 2.881598142605286220e-20
6.025253412487947571e+03 2.906851829689786167e-19 2.891650056756843713e-20
6.030259340421003799e+03 2.645241519734756131e-19 2.909380199765358463e-20
6.035265268354059117e+03 3.094928998816820243e-19 2.849466491289962729e-20
6.040271196287115345e+03 3.191914564218563869e-19 2.750816510823328888e-20
6.045277124220170663e+03 3.316542266095688161e-19 2.675747724460488766e-20
6.050283052153226890e+03 3.377765768815901077e-19 2.620583356753332995e-20
6.055288980086282209e+03 3.166938961375388592e-19 2.573834933969018691e-20
6.060294908019337527e+03 2.905124679181173284e-19 2.565420567237027141e-20
6.065300835952393754e+03 2.948414938900773599e-19 2.551046573545772072e-20
6.070306763885449072e+03 3.154486051094424194e-19 2.513179231288181024e-20
6.075312691818505300e+03 3.435725742213462913e-19 2.474232989873040744e-20
6.080318619751560618e+03 3.154578045849343174e-19 2.447534156210298288e-20
6.085324547684616846e+03 2.475745831365866741e-19 2.432314824321470213e-20
6.090330475617672164e+03 2.676364279096648183e-19 2.429182126288463546e-20
6.095336403550727482e+03 2.703175595774544793e-19 2.449785305825300067e-20
6.100342331483783710e+03 2.572969002619433839e-19 2.455054096141783616e-20
6.105348259416839028e+03 2.626691166259703288e-19 2.455965528489050273e-20
6.110354187349894346e+03 2.698786050790930078e-19 2.442007161719737491e-20
6.115360115282950574e+03 2.955075667540179458e-19 2.446784804258050079e-20
6.120366043216006801e+03 3.373497276030715047e-19 2.477718803409050366e-20
6.125371971149062119e+03 3.141544038101367538e-19 2.527582071266536567e-20
6.130377899082117438e+03 3.174423370524459462e-19 2.637286804622553052e-20
6.135383827015173665e+03 2.843673594029676586e-19 2.817675447191248945e-20
6.140389754948228983e+03 3.134758091529606504e-19 2.988428970208279932e-20
6.145395682881284301e+03 3.020740053404064684e-19 2.947581489054497158e-20
6.150401610814340529e+03 2.589847143105085286e-19 2.791096788383958636e-20
6.155407538747396757e+03 2.904870360373761602e-19 2.689486940662463109e-20
6.160413466680452075e+03 3.025136857752549022e-19 2.612599539983573060e-20
6.165419394613507393e+03 2.958236582121540429e-19 2.676437638692348798e-20
6.170425322546563621e+03 2.559087064702218541e-19 2.722707742769594824e-20
6.175431250479618939e+03 2.884941474916492745e-19 2.623419787224059908e-20
6.180437178412674257e+03 2.864293185429138915e-19 2.474893961159616448e-20
6.185443106345730484e+03 3.091946016869576941e-19 2.436995177998721132e-20
6.190449034278785803e+03 2.781323457891713415e-19 2.416975723837420525e-20
6.195454962211842030e+03 3.178389441280811782e-19 2.443766407293361104e-20
6.200460890144897348e+03 2.542032488993005259e-19 2.490338863246807179e-20
6.205466818077953576e+03 2.770905324204913416e-19 2.460010783365797595e-20
6.210472746011008894e+03 3.007542928912899503e-19 2.377412029683546322e-20
6.215478673944064212e+03 2.835489941165484810e-19 2.418450019679207397e-20
6.220484601877120440e+03 2.802569848979218979e-19 2.455939923324517530e-20
6.225490529810175758e+03 3.213032374014086372e-19 2.485730513327941355e-20
6.230496457743231986e+03 2.523987446210678365e-19 2.925766347509422982e-20
6.235502385676287304e+03 3.031943339329098878e-19 3.296470322461108351e-20
6.240508313609343531e+03 2.788172660103298398e-19 3.161178214408484409e-20
6.245514241542398850e+03 3.245661604941693128e-19 2.718516531345268592e-20
6.250520169475454168e+03 3.037562372991263729e-19 2.802645401263485079e-20
6.255526097408510395e+03 2.976313679219129349e-19 3.284417082007036798e-20
6.260532025341565713e+03 3.049555673377715391e-19 3.484754545403523226e-20
6.265537953274621032e+03 3.051299270525031554e-19 3.165233976628633984e-20
6.270543881207677259e+03 3.070361985645717116e-19 2.981590400361911704e-20
6.275549809140733487e+03 3.090460898927080592e-19 2.841743459675732794e-20
6.280555737073788805e+03 2.842981708478346855e-19 2.981959232781312634e-20
6.285561665006844123e+03 3.248189875164613674e-19 3.151878303269116364e-20
6.290567592939900351e+03 3.036413582555153499e-19 3.610579385596369515e-20
6.295573520872955669e+03 3.689277575728527890e-19 5.697477904971831380e-20
6.300579448806010987e+03 3.024942209506662192e-19 6.261543800563539953e-20
6.305585376739067215e+03 3.045613355013612134e-19 4.961799297999742304e-20
6.310591304672123442e+03 3.083030338465879987e-19 2.966183206974562493e-20
6.315597232605178760e+03 2.989765378215845430e-19 2.479753122198136982e-20
6.320603160538234079e+03 2.892948577036116985e-19 2.592041193168546021e-20
6.325609088471290306e+03 3.240956934975698415e-19 2.894777015959107581e-20
6.330615016404345624e+03 3.107232157185680098e-19 2.833675850107373375e-20
6.335620944337400942e+03 2.582749890413933070e-19 2.479838430964560488e-20
6.340626872270457170e+03 3.031404334397738938e-19 2.287230916389159370e-20
6.345632800203512488e+03 3.264196191360969310e-19 2.387351651355391890e-20
6.350638728136568716e+03 2.996708117182611635e-19 2.591530509619608612e-20
6.355644656069624034e+03 3.718448017815227017e-19 3.050416550331476001e-20
6.360650584002680262e+03 3.344607218837637124e-19 3.825559682356576821e-20
6.365656511935735580e+03 3.116459549812318113e-19 3.770144141626857942e-20
6.370662439868790898e+03 2.976349096226409609e-19 2.849530261353841007e-20
6.375668367801847126e+03 2.763239246960956562e-19 2.423214797157624898e-20
6.380674295734902444e+03 3.268629034448479118e-19 2.611704720121511065e-20
6.385680223667958671e+03 2.867564103108570279e-19 2.661539002536883667e-20
6.390686151601013989e+03 3.233377190433412531e-19 2.600257823487620693e-20
6.395692079534070217e+03 2.718057060911622667e-19 2.460647468183245979e-20
6.400698007467125535e+03 2.319760398689349273e-19 2.418704295637345350e-20
6.405703935400180853e+03 2.588395821446295069e-19 2.380333142165527091e-20
6.410709863333237081e+03 2.772898440509637325e-19 2.366749585858406091e-20
6.415715791266292399e+03 2.973679552393142757e-19 2.368603230724990356e-20
6.420721719199348627e+03 3.219691558889496568e-19 2.300377659547330751e-20
6.425727647132403945e+03 3.373285906682977158e-19 2.174993751072338257e-20
6.430733575065460172e+03 2.944833064477176878e-19 2.093532794074437831e-20
6.435739502998515491e+03 3.089731752136304009e-19 2.059426924314612196e-20
6.440745430931570809e+03 2.783399902767985831e-19 2.044426250378967218e-20
6.445751358864627036e+03 3.205403239854353833e-19 2.080927965157201951e-20
6.450757286797682355e+03 2.923563789205622363e-19 2.147503054665451554e-20
6.455763214730737673e+03 3.502139769270280307e-19 2.260842605323078493e-20
6.460769142663793900e+03 2.857537852453505617e-19 2.561477796311443034e-20
6.465775070596850128e+03 2.703678738029056064e-19 2.802660236873460293e-20
6.470780998529905446e+03 2.716472465583578055e-19 2.686982895010398028e-20
6.475786926462960764e+03 2.718419547302012931e-19 2.374939742280980547e-20
6.480792854396016992e+03 3.016081615833688476e-19 2.129557881390376387e-20
6.485798782329072310e+03 2.825829282246556583e-19 2.033396642789630307e-20
6.490804710262127628e+03 3.363634402378879334e-19 2.292451033386698417e-20
6.495810638195183856e+03 3.070020247875586864e-19 2.810194523847808752e-20
6.500816566128239174e+03 2.167453752557442778e-19 2.963735337187437653e-20
6.505822494061295401e+03 1.329473387816464365e-19 2.547408563465245843e-20
6.510828421994350720e+03 9.338287198808752559e-20 2.272460289883510502e-20
6.515834349927406947e+03 1.945284029636858805e-19 2.326618984392613721e-20
6.520840277860462265e+03 3.398678767540623675e-19 2.456286824434851813e-20
6.525846205793517584e+03 2.572717443267869033e-19 2.768270788487524383e-20
6.530852133726573811e+03 2.278452181058443986e-19 2.981868437212423993e-20
6.535858061659629129e+03 2.899368125767328830e-19 2.916769911509697476e-20
6.540863989592685357e+03 2.489954835329620008e-19 2.605002586256012853e-20
6.545869917525740675e+03 2.923047058715102104e-19 2.718165765797608668e-20
6.550875845458796903e+03 2.335365734337682563e-19 2.879911856950065719e-20
6.555881773391852221e+03 2.369969787340387497e-19 2.866351821771610338e-20
6.560887701324907539e+03 2.825973886795893612e-19 2.618935988488687204e-20
6.565893629257963767e+03 1.768678171294607641e-19 2.507171914793282222e-20
6.570899557191019085e+03 2.078293970415972404e-19 2.452558362271486174e-20
6.575905485124075312e+03 1.865418456304089205e-19 2.445882829962015466e-20
6.580911413057130630e+03 2.239934751231021778e-19 2.276744357808518481e-20
6.585917340990186858e+03 1.968027997839874375e-19 1.942270667025804045e-20
6.590923268923242176e+03 1.700618212945588895e-19 1.942158100932355761e-20
6.595929196856297494e+03 9.804158768003836515e-20 2.051300001309323664e-20
6.600935124789353722e+03 9.922793410076773134e-20 2.194987222421407765e-20
6.605941052722409040e+03 1.401721143835733150e-19 2.145107553186451984e-20
6.610946980655464358e+03 1.886791200934865141e-19 1.969706714886841316e-20
6.615952908588520586e+03 3.101386893145349530e-19 1.926035385605815392e-20
6.620958836521576814e+03 3.193298569771153808e-19 1.988561577699349052e-20
6.625964764454632132e+03 3.067756066769206053e-19 2.090266207263919442e-20
6.630970692387687450e+03 3.006073694749831989e-19 2.185478649157700533e-20
6.635976620320743677e+03 3.023864725462270285e-19 2.175425302832344687e-20
6.640982548253798996e+03 2.847697318866343658e-19 2.080264793600013475e-20
6.645988476186854314e+03 2.909345615377818135e-19 2.054751647776533940e-20
6.650994404119910541e+03 3.174214638014261012e-19 2.095624697917969830e-20
6.656000332052965859e+03 2.648747319441953843e-19 2.102327249931426829e-20
6.661006259986022087e+03 2.546129175937060756e-19 2.103023305795605987e-20
6.666012187919077405e+03 2.532842117336358883e-19 2.063263611459139063e-20
6.671018115852133633e+03 2.676985198831526315e-19 1.989322363907886924e-20
6.676024043785188951e+03 2.717234700567204705e-19 1.907506324478661321e-20
6.681029971718244269e+03 2.831956030077357948e-19 1.880229413888717329e-20
6.686035899651300497e+03 2.749606036854586603e-19 1.867726497066926601e-20
6.691041827584355815e+03 2.856573033707873722e-19 1.864219414020277681e-20
6.696047755517412043e+03 3.126621739839385318e-19 1.896135591009446259e-20
6.701053683450467361e+03 3.297859699134245074e-19 1.914377840482190601e-20
6.706059611383523588e+03 2.690835247864927057e-19 1.887906884421491228e-20
6.711065539316578906e+03 2.846083603251372662e-19 1.876104593104457242e-20
6.716071467249634225e+03 2.908465666833298807e-19 1.870995739776339081e-20
6.721077395182690452e+03 2.620408941832404837e-19 1.839461688708764912e-20
6.726083323115745770e+03 2.595739592019874598e-19 1.822448919718796711e-20
6.731089251048801998e+03 2.879645935026437927e-19 1.831285580873072779e-20
6.736095178981857316e+03 2.704055128972091239e-19 1.833801766616751015e-20
6.741101106914913544e+03 2.857215179200007786e-19 1.835247041636854080e-20
6.746107034847968862e+03 2.749084318881464607e-19 1.832350064539063330e-20
6.751112962781024180e+03 2.829548552861251728e-19 1.805977309127710739e-20
6.756118890714080408e+03 2.974219345790267279e-19 1.800528058474222962e-20
6.761124818647135726e+03 3.146303447814962641e-19 1.805197281493871937e-20
6.766130746580191044e+03 2.822487301593133085e-19 1.827421574290504617e-20
6.771136674513247272e+03 2.684971052607276754e-19 1.849470613274737386e-20
6.776142602446303499e+03 2.656242120290835040e-19 1.894961986590851074e-20
6.781148530379358817e+03 2.690351540967698782e-19 1.956786726658493706e-20
6.786154458312414135e+03 2.769368218459282064e-19 1.975369753312932689e-20
6.791160386245470363e+03 2.434271279452286463e-19 1.922030428833047417e-20
6.796166314178525681e+03 2.583891994666933327e-19 1.888641766620641103e-20
6.801172242111580999e+03 2.510517848141941347e-19 1.870135213684738551e-20
6.806178170044637227e+03 2.402853687630672148e-19 1.860024962896656779e-20
6.811184097977693455e+03 2.642492037682236610e-19 1.833128684815095696e-20
6.816190025910748773e+03 2.416460035142369148e-19 1.833992451243204379e-20
6.821195953843804091e+03 3.277556484867343988e-19 2.333478961321747459e-20
6.826201881776860318e+03 2.798796766918998386e-19 3.144760782138538201e-20
6.831207809709915637e+03 2.677209656046680394e-19 3.451369500122093724e-20
6.836213737642970955e+03 2.455593925862485427e-19 2.963510985431729782e-20
6.841219665576027182e+03 2.597221919484282491e-19 2.258079951787183059e-20
6.846225593509082501e+03 2.535500758614752655e-19 1.926514489331123814e-20
6.851231521442138728e+03 2.447985540953000476e-19 1.760458753343926360e-20
6.856237449375194046e+03 1.694031658057955710e-19 2.348914331084484763e-20
6.861243377308250274e+03 1.854638195450637407e-19 3.424141791163214823e-20
6.866249305241305592e+03 2.199931165122664686e-19 3.861826748775884220e-20
6.871255233174360910e+03 2.570924495931379594e-19 3.195001999429603811e-20
6.876261161107417138e+03 2.514763695198400557e-19 2.336369356930150577e-20
6.881267089040473365e+03 2.284804269713124047e-19 2.208656102853990498e-20
6.886273016973527774e+03 2.895689174923704435e-19 2.424463334238506650e-20
6.891278944906584002e+03 2.865834790327784621e-19 2.711182377483540976e-20
6.896284872839640229e+03 3.416072805180725548e-19 2.697555432905350991e-20
6.901290800772695547e+03 3.172266625082537637e-19 2.521082232805163977e-20
6.906296728705750866e+03 2.676159681720325931e-19 2.548397730852620638e-20
6.911302656638807093e+03 2.313735171472052225e-19 2.756497254661059671e-20
6.916308584571862411e+03 2.409774679826359694e-19 3.047678846481113797e-20
6.921314512504917730e+03 2.385183990939095340e-19 3.128348618185979685e-20
6.926320440437973957e+03 3.551490037976295057e-19 2.928775107009184177e-20
6.931326368371030185e+03 2.983841849013499035e-19 2.212023120549823465e-20
6.936332296304085503e+03 3.222969182912748155e-19 2.373878198338447214e-20
6.941338224237140821e+03 2.937547069724308445e-19 2.726752712798045842e-20
6.946344152170197049e+03 2.403963430916651364e-19 2.978248864030581295e-20
6.951350080103252367e+03 2.552000712142220608e-19 2.784168474371645755e-20
6.956356008036307685e+03 2.198583948315192144e-19 2.049131560220511390e-20
6.961361935969363913e+03 2.746401085581277029e-19 1.894304859857755589e-20
6.966367863902420140e+03 2.736269919223969330e-19 2.070715437488003693e-20
6.971373791835475458e+03 3.022527186359972170e-19 2.328330660845732418e-20
6.976379719768530776e+03 2.885404369076109077e-19 2.432827426628280077e-20
6.981385647701587004e+03 2.666456751263229730e-19 2.278090974108488465e-20
6.986391575634642322e+03 2.620024525282370420e-19 1.833650933127954078e-20
6.991397503567697640e+03 2.903291181293857017e-19 1.740282787188245172e-20
6.996403431500753868e+03 3.259336266924373609e-19 1.831539616344665599e-20
7.001409359433810096e+03 3.207933273603337503e-19 1.953288384540805991e-20
7.006415287366865414e+03 3.047713399210514895e-19 2.148219724789036391e-20
7.011421215299920732e+03 2.815535964775617241e-19 2.112592143721979384e-20
7.016427143232976960e+03 2.856696700766892993e-19 1.943730508008727180e-20
7.021433071166032278e+03 2.539864433614497091e-19 1.791393134114236809e-20
7.026438999099087596e+03 2.556022735648547143e-19 1.866018041354742924e-20
7.031444927032143823e+03 3.037002276571418786e-19 1.927552254406363477e-20
7.036450854965200051e+03 3.029551260243784444e-19 2.047657112483371846e-20
7.041456782898254460e+03 3.227535692935065278e-19 2.291739594936944444e-20
7.046462710831310687e+03 3.152126176153696109e-19 2.440578840204206299e-20
7.051468638764366915e+03 2.788757017742750890e-19 2.325268172619439980e-20
7.056474566697422233e+03 2.612863170996443649e-19 2.066619125674505407e-20
7.061480494630477551e+03 2.371487500154078337e-19 2.037970754170628498e-20
7.066486422563533779e+03 1.861304984264902977e-19 2.059710087345789959e-20
7.071492350496589097e+03 2.441608690211859842e-19 2.012870786692047190e-20
7.076498278429644415e+03 2.579359437455700228e-19 1.987761853127128405e-20
7.081504206362700643e+03 3.026545354725675418e-19 2.000274120746581396e-20
7.086510134295756870e+03 3.078206887965272499e-19 1.995804369549439313e-20
7.091516062228812189e+03 2.983201720734325414e-19 1.893920099185849642e-20
7.096521990161867507e+03 2.617177451578051932e-19 1.745998665789005394e-20
7.101527918094923734e+03 2.709497997808129774e-19 1.711791140541926942e-20
7.106533846027979052e+03 3.038538873957705147e-19 1.710459629803986401e-20
7.111539773961034371e+03 3.224546925055275935e-19 1.698233847860940739e-20
7.116545701894090598e+03 2.183143734043923075e-19 1.668690153775179714e-20
7.121551629827146826e+03 1.088857999558114327e-19 1.706193240073097500e-20
7.126557557760202144e+03 9.373227777340036490e-20 1.787223149661250839e-20
7.131563485693257462e+03 2.384843428506940992e-19 1.828337883078699508e-20
7.136569413626313690e+03 2.837372137154336215e-19 1.877998021724387428e-20
7.141575341559369008e+03 2.368492901320065868e-19 2.009005758536808948e-20
7.146581269492424326e+03 2.706783548075799824e-19 2.070461665258737930e-20
7.151587197425480554e+03 3.146006841618895766e-19 1.978403467896190762e-20
7.156593125358536781e+03 2.815914776001945607e-19 1.991594283193918463e-20
7.161599053291592099e+03 2.885605661381330321e-19 2.088709258280802421e-20
7.166604981224647418e+03 3.206023358172968917e-19 2.119203243362833730e-20
7.171610909157703645e+03 2.996681341903178896e-19 2.101605433767957420e-20
7.176616837090758963e+03 2.945336321731358577e-19 2.073353353596593218e-20
7.181622765023814281e+03 2.792921999062883348e-19 1.963715634331465332e-20
7.186628692956870509e+03 2.744176172897288583e-19 1.834355408678373888e-20
7.191634620889926737e+03 2.639988412744752634e-19 1.767708112499517620e-20
7.196640548822981145e+03 2.608957438269399115e-19 1.765195181853512710e-20
7.201646476756037373e+03 2.476918296013571873e-19 1.751148673543239969e-20
7.206652404689093601e+03 2.734748940162107486e-19 1.724523419223288173e-20
7.211658332622148919e+03 2.745611133289296093e-19 1.715742028586293842e-20
7.216664260555204237e+03 2.617302336681691881e-19 1.761514131368213621e-20
7.221670188488260465e+03 2.794073343867917650e-19 1.827043129149965915e-20
7.226676116421315783e+03 2.536481300964795919e-19 1.897768023342920757e-20
7.231682044354371101e+03 2.585382561960257623e-19 2.640193564567760525e-20
7.236687972287427328e+03 2.455199149446445067e-19 4.201507056152821414e-20
7.241693900220483556e+03 3.337433081069973191e-19 5.029557002122325655e-20
7.246699828153538874e+03 3.608968746893282176e-19 4.359821060409474784e-20
7.251705756086594192e+03 3.033423857151186426e-19 3.110723946184672554e-20
7.256711684019650420e+03 2.561514055833006074e-19 2.473822923697769637e-20
7.261717611952705738e+03 2.355768828603819447e-19 2.120062839767640784e-20
7.266723539885761056e+03 2.656010499505913401e-19 2.528309531060867039e-20
7.271729467818817284e+03 3.264450436338199389e-19 4.445580332796095701e-20
7.276735395751873511e+03 3.008244837056529973e-19 5.053918363685033323e-20
7.281741323684928830e+03 2.744062001035702306e-19 4.512443326666524209e-20
7.286747251617984148e+03 2.509176458171761489e-19 3.431792611398641741e-20
7.291753179551040375e+03 2.385294949185716580e-19 2.801579395633841629e-20
7.296759107484095694e+03 1.942549438148672179e-19 2.894771446325915776e-20
7.301765035417151012e+03 2.127571659330414414e-19 2.994746712623648413e-20
7.306770963350207239e+03 2.928903934454882386e-19 3.063438944252647754e-20
7.311776891283263467e+03 2.912018015211673267e-19 4.001131710496499595e-20
7.316782819216318785e+03 3.382645070428766009e-19 4.046220086242546546e-20
7.321788747149374103e+03 3.047561524606896792e-19 3.283027004507124899e-20
7.326794675082430331e+03 2.342702648686292215e-19 2.898107986971383822e-20
7.331800603015485649e+03 2.632628340944166819e-19 3.210156637782428514e-20
7.336806530948540967e+03 2.922289814190715070e-19 4.066557390566895603e-20
7.341812458881597195e+03 2.569562527664459659e-19 4.098973714978987987e-20
7.346818386814653422e+03 2.567453712444739195e-19 2.924682963652658488e-20
7.351824314747707831e+03 2.786847705720585429e-19 2.458118671505864603e-20
7.356830242680764059e+03 3.288126010133616741e-19 2.805525838590817099e-20
7.361836170613820286e+03 2.962181489053291818e-19 3.344895059562770926e-20
7.366842098546875604e+03 2.322458297932046923e-19 3.775444939451653770e-20
7.371848026479930923e+03 2.462977990727672840e-19 3.607884320051793018e-20
7.376853954412987150e+03 2.443347817968161824e-19 2.281854695708588074e-20
7.381859882346043378e+03 3.046346029775911548e-19 1.894188436428223309e-20
7.386865810279097786e+03 2.737364238764133943e-19 2.452640086475983878e-20
7.391871738212154014e+03 2.487953500548455877e-19 2.760991141833092545e-20
7.396877666145210242e+03 3.182574767434604195e-19 3.434923256784842403e-20
7.401883594078265560e+03 2.371094786327812172e-19 3.400282115158965032e-20
7.406889522011320878e+03 2.472749863582772843e-19 2.838493374739877560e-20
7.411895449944377106e+03 2.440191299699582927e-19 2.055126893373057404e-20
7.416901377877432424e+03 2.782916892488483015e-19 2.069090337547875187e-20
7.421907305810487742e+03 2.397173570756997316e-19 2.217193472990818892e-20
7.426913233743543969e+03 2.705812880562413524e-19 2.507165319821804494e-20
7.431919161676600197e+03 2.866101828996324127e-19 2.918042599983118506e-20
7.436925089609655515e+03 2.429982064138280526e-19 2.906516319633259308e-20
7.441931017542710833e+03 2.375341893767563362e-19 2.598135476833881327e-20
7.446936945475767061e+03 2.588117633647068852e-19 1.897104838665285785e-20
7.451942873408822379e+03 2.313432512124746831e-19 1.840009894751221988e-20
7.456948801341877697e+03 2.432640925858751030e-19 2.020703321159106259e-20
7.461954729274933925e+03 3.019435697567737635e-19 2.336661488103676080e-20
7.466960657207990153e+03 2.792515470386269770e-19 2.763611729916489824e-20
7.471966585141045471e+03 2.388705530918061347e-19 2.943747555125020834e-20
7.476972513074100789e+03 2.011027358936939803e-19 3.141309098897242400e-20
7.481978441007157016e+03 2.734381940072135701e-19 2.966612098682464986e-20
7.486984368940212335e+03 2.560834793774840984e-19 2.551265208740713170e-20
7.491990296873267653e+03 2.806331883434012176e-19 2.086206392148058158e-20
7.496996224806323880e+03 2.588414582576506620e-19 1.980129516289404146e-20
7.502002152739380108e+03 2.469899577213647819e-19 1.798896272050680186e-20
7.507008080672435426e+03 2.669477287711369293e-19 1.762208205345221915e-20
7.512014008605490744e+03 2.823269274370382135e-19 1.928065690224759851e-20
7.517019936538546972e+03 3.027302131185768612e-19 2.951835016596683883e-20
7.522025864471602290e+03 2.627211670889612897e-19 3.824260943173631009e-20
7.527031792404657608e+03 2.805271698646136170e-19 3.882605408250773252e-20
7.532037720337713836e+03 2.825896629552347700e-19 2.815464637402928244e-20
7.537043648270770063e+03 3.124682605901557817e-19 2.344244780871310690e-20
7.542049576203824472e+03 2.776708400538829926e-19 2.164521936018453761e-20
7.547055504136880700e+03 2.574893310989995098e-19 2.087049286017393493e-20
7.552061432069936927e+03 2.355078341365538414e-19 2.389977353963937269e-20
7.557067360002992245e+03 2.483059676981300899e-19 2.467746710021137974e-20
7.562073287936047564e+03 2.831354415187235609e-19 2.483908575821360076e-20
7.567079215869103791e+03 2.826503974970664626e-19 3.220040666074377534e-20
7.572085143802159109e+03 2.907372699569650021e-19 3.325418614124179762e-20
7.577091071735214427e+03 2.475029130239323277e-19 2.670310489992676471e-20
7.582096999668270655e+03 2.549595836029844194e-19 2.299940313432454258e-20
7.587102927601326883e+03 2.399306892117323617e-19 2.282871929455605535e-20
7.592108855534382201e+03 2.109661366315165779e-19 3.245790263113398016e-20
7.597114783467437519e+03 2.566294359898521113e-19 4.887340139961479180e-20
7.602120711400493747e+03 2.459534206814228466e-19 6.098357184523864205e-20
7.607126639333549065e+03 1.847239950846865666e-19 4.011829028997935088e-20
7.612132567266604383e+03 2.501225811163515495e-19 3.053998103028063604e-20
7.617138495199660611e+03 2.682706246406506421e-19 3.025775816920860844e-20
7.622144423132716838e+03 2.723388057675852520e-19 3.892715993676453247e-20
7.627150351065772156e+03 3.508781741503383546e-19 4.439042665453404140e-20
7.632156278998827474e+03 2.560423042097977445e-19 3.757433241509360633e-20
7.637162206931883702e+03 2.105846747616899012e-19 2.848419917264891185e-20
7.642168134864939020e+03 2.230255784380105562e-19 2.563050365735632799e-20
7.647174062797994338e+03 2.402246583756275797e-19 2.621455087902718669e-20
7.652179990731050566e+03 2.302472244399244291e-19 2.643004509001814552e-20
7.657185918664106794e+03 2.625735085980045833e-19 2.812198653213305998e-20
7.662191846597162112e+03 2.630174727222697614e-19 2.798730121044878162e-20
7.667197774530217430e+03 3.146982054813965541e-19 2.520562372335986337e-20
7.672203702463273657e+03 2.623298885022975660e-19 1.986445029466854831e-20
7.677209630396328976e+03 2.879026154306696763e-19 2.141582180168151630e-20
7.682215558329384294e+03 2.126275414857113446e-19 2.316217108600630418e-20
7.687221486262440521e+03 1.820540791044788908e-19 2.350078275761720365e-20
7.692227414195496749e+03 2.887735492284184953e-19 2.416506188480862334e-20
7.697233342128551158e+03 2.731147313615689837e-19 2.398426475518940142e-20
7.702239270061607385e+03 2.330728734615575186e-19 2.373995342533588584e-20
7.707245197994663613e+03 1.855495408020216579e-19 4.337399952536968596e-20
7.712251125927718931e+03 2.248028426933121586e-19 5.608857030886907169e-20
7.717257053860774249e+03 2.611053574998266963e-19 5.366258202274789404e-20
7.722262981793830477e+03 2.335526695869834990e-19 3.898561169423029385e-20
7.727268909726885795e+03 2.756137134593648018e-19 2.838465852348657988e-20
7.732274837659941113e+03 2.698652226704639569e-19 2.319946966026017231e-20
7.737280765592997341e+03 2.340902272668677949e-19 2.119719219180569499e-20
7.742286693526053568e+03 2.351071196694658857e-19 3.095148041706294316e-20
7.747292621459108886e+03 2.990281315962574811e-19 4.823399274847926256e-20
7.752298549392164205e+03 2.577575198534221899e-19 5.099832743810136447e-20
7.757304477325220432e+03 2.767291044431434123e-19 3.984850382973382744e-20
7.762310405258275750e+03 2.473544083433251725e-19 3.191791523074088859e-20
7.767316333191331069e+03 2.608685421416879717e-19 2.767051326595158487e-20
7.772322261124387296e+03 2.153287322096673387e-19 3.086821886654265136e-20
7.777328189057443524e+03 2.519098057736177449e-19 3.418565595380515591e-20
7.782334116990498842e+03 2.476208099308323098e-19 3.097372232179127532e-20
7.787340044923554160e+03 3.391488875784264827e-19 3.947170662364456666e-20
7.792345972856610388e+03 3.270731070841034270e-19 4.822696968338580771e-20
7.797351900789665706e+03 2.871341933507589042e-19 4.449947826381721457e-20
7.802357828722721024e+03 2.570908653227347796e-19 3.357017890928669594e-20
7.807363756655777252e+03 2.568140804669858852e-19 3.623704484704706833e-20
7.812369684588833479e+03 2.317000017491899897e-19 3.845484344615014446e-20
7.817375612521888797e+03 3.177147340858537411e-19 5.053480842970916417e-20
7.822381540454944115e+03 2.906886611318238929e-19 5.058262993175972258e-20
7.827387468388000343e+03 2.540381240438149545e-19 3.423502575242750351e-20
7.832393396321055661e+03 2.094731032795170495e-19 2.348199129353188526e-20
7.837399324254110979e+03 2.134423700206352393e-19 3.056040844455344347e-20
7.842405252187167207e+03 2.064123027077830356e-19 3.316652857666561053e-20
7.847411180120223435e+03 2.670880730205211274e-19 4.584307564458587126e-20
7.852417108053277843e+03 2.931814790753588871e-19 5.291113884659297991e-20
7.857423035986334071e+03 2.447069094501012511e-19 5.031302937949598679e-20
7.862428963919390299e+03 2.550873807471523754e-19 4.022565359980791406e-20
7.867434891852445617e+03 2.685941855226304953e-19 3.973070300801890993e-20
7.872440819785500935e+03 3.295866916747728701e-19 3.985293070336834887e-20
7.877446747718557162e+03 1.947861425257083191e-19 3.624672688331709770e-20
7.882452675651613390e+03 2.175801423776736666e-19 3.864737510136799506e-20
7.887458603584667799e+03 1.919248503099839592e-19 4.029669232122378717e-20
7.892464531517724026e+03 2.358132621047798347e-19 3.723902676065483319e-20
7.897470459450780254e+03 1.647583352221049599e-19 2.494474108214600820e-20
7.902476387383835572e+03 1.699069386805989464e-19 2.282911100705932424e-20
7.907482315316890890e+03 1.770490800689599189e-19 4.698940140670123110e-20
7.912488243249947118e+03 1.927599760403752880e-19 5.999372688877529358e-20
7.917494171183002436e+03 3.057656605292327504e-19 6.136738345260336670e-20
7.922500099116057754e+03 2.511148583708177661e-19 4.543938385037135662e-20
7.927506027049113982e+03 2.466206181120406829e-19 4.140260079949246739e-20
7.932511954982170209e+03 1.978856489397720194e-19 3.732691620414600656e-20
7.937517882915225528e+03 2.090277971348838678e-19 2.808938158596333094e-20
7.942523810848280846e+03 2.106957568627762795e-19 2.918955220660142141e-20
7.947529738781337073e+03 2.335889966847551151e-19 3.272507174224172411e-20
7.952535666714392391e+03 2.338678398366084461e-19 2.932103833518343826e-20
7.957541594647447710e+03 3.061486613656753266e-19 3.695743455995762938e-20
7.962547522580503937e+03 3.137518966504630112e-19 4.844000355158965812e-20
7.967553450513560165e+03 3.012383635363650274e-19 4.542782260848743331e-20
7.972559378446615483e+03 2.476011146038707641e-19 3.356634894946224475e-20
7.977565306379670801e+03 1.878791457663385763e-19 3.515274661277152172e-20
7.982571234312727029e+03 2.396496059020427872e-19 3.376971876768949011e-20
7.987577162245782347e+03 1.168677113716774934e-19 4.321020317402642852e-20
7.992583090178837665e+03 2.105381664928991473e-19 4.883414284093927930e-20
7.997589018111893893e+03 2.982446907035931938e-19 4.151682640365143977e-20
8.002594946044950120e+03 2.650238554874996363e-19 2.218758011278378785e-20
8.007600873978005438e+03 2.320907779212147157e-19 2.625549778840575129e-20
8.012606801911060757e+03 2.238992755866015782e-19 3.095788122978868470e-20
8.017612729844116984e+03 2.824331968877216348e-19 3.598764433448777516e-20
8.022618657777172302e+03 2.205828103730961541e-19 4.391259167487635541e-20
8.027624585710227620e+03 2.078316960874684819e-19 4.416708530718277092e-20
8.032630513643283848e+03 2.636651403642547373e-19 2.977895628377991884e-20
8.037636441576340076e+03 2.067903718574944961e-19 2.066328544959854781e-20
8.042642369509394484e+03 2.242906927475606193e-19 2.148565980337770465e-20
8.047648297442450712e+03 1.904848833276440522e-19 2.777260851640190646e-20
8.052654225375506940e+03 2.142678677283703565e-19 3.064224632953322539e-20
8.057660153308562258e+03 1.642487075465005131e-19 3.693139013026115936e-20
8.062666081241617576e+03 1.618396105970682214e-19 3.627382075697143161e-20
8.067672009174673803e+03 2.472068434592444772e-19 2.828219007363405109e-20
8.072677937107729122e+03 1.977268093700828689e-19 2.094633919661198972e-20
8.077683865040784440e+03 2.190210682529468506e-19 2.134602451662680978e-20
8.082689792973840667e+03 2.655797798982810193e-19 2.125272166901378376e-20
8.087695720906896895e+03 2.738295590497994474e-19 2.261471278233685183e-20
8.092701648839952213e+03 2.528879388306469386e-19 2.329467848815920635e-20
8.097707576773007531e+03 2.403992126641298750e-19 2.674653874383689097e-20
8.102713504706063759e+03 2.502125724775968507e-19 2.586126451425201212e-20
8.107719432639119077e+03 2.180771493991642389e-19 2.222630258288475357e-20
8.112725360572174395e+03 2.113696581954367221e-19 1.814271161238959738e-20
8.117731288505230623e+03 2.196013305483205851e-19 1.778870309361290919e-20
8.122737216438286850e+03 2.077326146410525077e-19 1.815570719799347684e-20
8.127743144371342169e+03 2.561529688473566499e-19 1.878749002689514440e-20
8.132749072304397487e+03 3.096033744257235728e-19 2.036222287627007740e-20
8.137755000237453714e+03 2.709271945423683441e-19 2.142711083138900381e-20
8.142760928170509032e+03 2.234524876544995274e-19 2.272416934376801685e-20
8.147766856103564351e+03 2.298205288988607037e-19 2.142155293085727335e-20
8.152772784036620578e+03 2.295817096437602429e-19 1.933375966531868384e-20
8.157778711969676806e+03 2.055578152689980262e-19 1.805308777971867260e-20
8.162784639902732124e+03 1.960469015917239233e-19 1.818681131808039231e-20
8.167790567835787442e+03 2.015262221275557332e-19 1.840337234049851390e-20
8.172796495768843670e+03 1.637744566148046058e-19 1.873056475729494880e-20
8.177802423701898988e+03 1.767568503077677465e-19 1.916583679847848110e-20
8.182808351634954306e+03 1.849475807291002446e-19 2.043188080389540731e-20
8.187814279568010534e+03 2.356061957791156010e-19 2.177444453101934922e-20
8.192820207501066761e+03 2.597227413877053122e-19 2.194912826541256591e-20
8.197826135434121170e+03 1.927242940572084434e-19 2.077470162120161406e-20
8.202832063367177398e+03 1.751794544955035510e-19 1.986199838996056820e-20
8.207837991300233625e+03 2.118170392930916654e-19 1.971951685604922744e-20
8.212843919233288034e+03 1.806405925541914663e-19 1.921687817864928378e-20
8.217849847166344261e+03 2.489394991124904646e-19 1.877376370366455521e-20
8.222855775099400489e+03 2.185160721033478162e-19 1.815159779220394675e-20
8.227861703032456717e+03 1.642430230235819644e-19 1.767998462276576972e-20
8.232867630965511125e+03 2.104962951608632564e-19 1.763453095252972064e-20
8.237873558898567353e+03 2.342825997041432435e-19 1.859297634725310893e-20
8.242879486831623581e+03 1.892858034806141081e-19 1.944365804601920393e-20
8.247885414764677989e+03 2.262626156902833524e-19 1.932750436979276760e-20
8.252891342697734217e+03 2.382029885078559313e-19 1.871677505120491099e-20
8.257897270630790445e+03 2.008837529078464178e-19 1.804692001773648020e-20
8.262903198563846672e+03 1.967242857770105162e-19 1.785984672674099586e-20
8.267909126496901081e+03 2.272443301205103600e-19 1.884312471834713074e-20
8.272915054429957308e+03 1.542485111996542378e-19 3.019192168697671872e-20
8.277920982363013536e+03 2.233555808278973626e-19 4.441656315952701444e-20
8.282926910296067945e+03 2.045743929447109123e-19 5.603510889627286370e-20
8.287932838229124172e+03 2.748584896780870528e-19 5.395093698393776999e-20
8.292938766162180400e+03 3.615827948794682593e-19 5.846901339229880974e-20
8.297944694095236628e+03 2.259821228109133985e-19 5.581498220606766450e-20
8.302950622028291036e+03 1.685453435384535883e-19 4.857755560632232512e-20
8.307956549961347264e+03 2.179782264376157847e-19 3.604659763285337468e-20
8.312962477894403492e+03 2.330998764028786191e-19 3.446326282423892372e-20
8.317968405827457900e+03 2.142180515253405110e-19 2.543640398222425850e-20
8.322974333760514128e+03 1.983392372253924192e-19 2.119582360630829899e-20
8.327980261693570355e+03 1.584134158266741436e-19 1.975228479602845119e-20
8.332986189626626583e+03 2.004372471353156591e-19 2.358431795053597144e-20
8.337992117559680992e+03 2.002889400190875154e-19 5.878799726165858838e-20
8.342998045492737219e+03 1.482291889752439804e-19 7.538087190029526660e-20
8.348003973425793447e+03 2.327846352465034359e-19 7.466223488302735810e-20
8.353009901358847856e+03 2.091289881064438533e-19 4.860683502384612631e-20
8.358015829291904083e+03 1.756100978999373292e-19 3.946040119088936940e-20
8.363021757224960311e+03 2.172348627062828933e-19 3.204849455056409034e-20
8.368027685158016538e+03 2.135650336338055528e-19 2.871339756699379363e-20
8.373033613091070947e+03 1.978468982668722901e-19 2.431969606458099653e-20
8.378039541024127175e+03 2.073470578922447349e-19 3.611134734268700854e-20
8.383045468957181583e+03 2.437135069129772459e-19 3.779565468339127985e-20
8.388051396890237811e+03 2.576282924970049009e-19 3.072194983321067198e-20
8.393057324823294039e+03 3.626760136932531579e-19 5.036143628575689551e-20
8.398063252756350266e+03 3.928789149618403813e-19 6.243122968266517804e-20
8.403069180689406494e+03 2.448227100520208355e-19 5.595017280728056685e-20
8.408075108622460903e+03 1.651869012717230615e-19 3.445478305295996861e-20
8.413081036555517130e+03 1.228180075525769200e-19 4.245806129864821103e-20
8.418086964488571539e+03 2.089233616892821710e-19 4.252010690139299780e-20
8.423092892421627766e+03 9.668773787181200907e-20 5.233861574000931401e-20
8.428098820354683994e+03 5.279258492290877617e-20 7.255260197483146079e-20
8.433104748287740222e+03 1.122182007842068004e-19 6.952390191412882020e-20
8.438110676220796449e+03 2.018760413954788687e-19 3.410605798083847740e-20
8.443116604153850858e+03 1.962914173962671910e-19 2.826061079071884430e-20
8.448122532086907086e+03 1.886349078881203030e-19 4.365845404431515485e-20
8.453128460019961494e+03 1.547619024789934899e-19 4.426305496208404005e-20
8.458134387953017722e+03 2.536260334819397936e-19 5.093372600436062738e-20
8.463140315886073950e+03 4.052971602660071523e-19 6.207785461112773701e-20
8.468146243819130177e+03 3.586402509397311861e-19 5.756519846380016846e-20
8.473152171752186405e+03 1.863957317222648892e-19 2.845141206764917335e-20
8.478158099685240813e+03 2.089831010344637037e-19 2.084513652766917045e-20
8.483164027618297041e+03 2.361460574113335999e-19 2.067332479927092659e-20
8.488169955551351450e+03 1.983074385580338005e-19 3.155495818448377808e-20
8.493175883484407677e+03 1.932600888296266380e-19 3.501485487214813334e-20
8.498181811417463905e+03 1.717846950309781236e-19 4.262560591583871759e-20
8.503187739350520133e+03 2.368191045303272700e-19 4.522974519169115083e-20
8.508193667283574541e+03 2.818819109042560286e-19 4.064071400362750447e-20
8.513199595216630769e+03 2.210216290682129420e-19 2.195663663245184013e-20
8.518205523149686996e+03 2.142387718520312953e-19 1.936853016260162444e-20
8.523211451082741405e+03 2.002472045694224418e-19 1.933492827053735345e-20
8.528217379015797633e+03 1.936595155949520280e-19 1.909310016475622199e-20
8.533223306948853860e+03 1.393151656214814789e-19 2.480726870232437516e-20
8.538229234881910088e+03 1.726254908433016385e-19 2.792893607121759632e-20
8.543235162814964497e+03 1.924239686656242450e-19 3.449002172868011743e-20
8.548241090748020724e+03 1.999524971778332122e-19 3.466162347167538068e-20
8.553247018681076952e+03 2.184766668912180565e-19 3.002502779985514155e-20
8.558252946614131361e+03 1.738792945389408577e-19 2.046108413022971149e-20
8.563258874547187588e+03 2.068456904416548933e-19 2.018150534079833319e-20
8.568264802480243816e+03 1.767913737618909633e-19 2.175873223803931521e-20
8.573270730413300043e+03 1.982759824453627718e-19 2.262937618924287510e-20
8.578276658346354452e+03 2.003379849265756457e-19 2.209978143920684635e-20
8.583282586279410680e+03 1.894266993790179336e-19 2.423536518637529988e-20
8.588288514212466907e+03 1.692115961131442619e-19 2.596631662204143234e-20
8.593294442145521316e+03 1.892575197436633109e-19 2.742205774162337260e-20
8.598300370078577544e+03 2.023400465458523823e-19 2.548001977061013377e-20
8.603306298011633771e+03 1.714389631960483202e-19 2.225919638231133361e-20
8.608312225944689999e+03 1.591847544857938321e-19 2.480184179572669977e-20
8.613318153877744408e+03 1.700560387424190264e-19 3.294709344128645093e-20
8.618324081810800635e+03 1.469032539568416238e-19 4.248196971457934698e-20
8.623330009743856863e+03 1.194945500916772483e-19 5.002527776947741266e-20
8.628335937676911271e+03 2.557683387527195823e-19 5.339712877656184036e-20
8.633341865609967499e+03 2.158921226647495263e-19 4.990800716277538602e-20
8.638347793543023727e+03 1.890318070166799325e-19 4.164190910409767932e-20
8.643353721476079954e+03 1.891122525238304263e-19 3.813360110521194613e-20
8.648359649409134363e+03 1.755419913286192145e-19 4.472785550065843464e-20
8.653365577342190591e+03 2.470762852521413032e-19 5.281720790034586591e-20
8.658371505275246818e+03 2.425854003432386426e-19 5.482358912473868464e-20
8.663377433208301227e+03 1.206374742028806244e-19 5.317020970640722206e-20
8.668383361141357454e+03 8.069155173357165430e-20 4.968190367043694804e-20
8.673389289074413682e+03 2.464675755230324951e-19 4.473063066337920906e-20
8.678395217007469910e+03 1.916999005097890624e-19 3.939643778045269852e-20
8.683401144940524318e+03 2.656645174471057807e-19 3.437479917035585043e-20
8.688407072873580546e+03 2.467020291380137878e-19 3.047347193650228242e-20
8.693413000806636774e+03 1.662949550180344511e-19 2.856812967281023716e-20
8.698418928739691182e+03 2.216166434187756231e-19 2.842130598674374279e-20
8.703424856672747410e+03 1.525312683087841544e-19 2.852092282093626757e-20
8.708430784605803638e+03 1.782604278111877359e-19 2.597749077147747490e-20
8.713436712538859865e+03 1.459035774177575414e-19 2.303648977711234672e-20
8.718442640471914274e+03 1.905535187846382836e-19 2.167106825748580968e-20
8.723448568404970501e+03 1.935567060051269031e-19 2.194913552358289831e-20
8.728454496338024910e+03 1.631568973715356585e-19 2.179769386174557969e-20
8.733460424271081138e+03 1.863803007195602915e-19 2.194499673388241551e-20
8.738466352204137365e+03 2.213606988423940634e-19 2.263448973624209121e-20
8.743472280137193593e+03 1.838331239473989194e-19 2.273486793411783152e-20
8.748478208070249821e+03 2.154856898601349527e-19 2.391949181027701061e-20
8.753484136003304229e+03 1.684295087058566481e-19 4.441643746248217802e-20
8.758490063936360457e+03 2.623920320483168707e-19 6.656390763446403966e-20
8.763495991869414866e+03 1.744299989416325986e-19 8.258816197111577142e-20
8.768501919802471093e+03 2.307364028904898463e-19 7.557442174256552036e-20
8.773507847735527321e+03 1.980508978132262845e-19 7.738458410781620922e-20
8.778513775668583548e+03 2.092805054735024847e-19 7.088936592230290746e-20
8.783519703601639776e+03 2.194493662147500747e-19 5.398482427208618528e-20
8.788525631534694185e+03 2.517279299256249205e-19 4.373782250238356804e-20
8.793531559467750412e+03 2.445519556295163888e-19 4.205096598390700109e-20
8.798537487400804821e+03 1.398993502704435678e-19 2.698642309135037452e-20
8.803543415333861049e+03 1.790845400361575908e-19 2.465657828825052118e-20
8.808549343266917276e+03 1.539799089682435806e-19 2.635624497996190410e-20
8.813555271199973504e+03 2.140134299291842088e-19 2.664743591441542320e-20
8.818561199133029731e+03 1.818066894908882893e-19 6.048461650592595625e-20
8.823567127066084140e+03 5.869865235495745638e-20 1.063219091119653930e-19
8.828573054999140368e+03 3.026285797496269736e-20 1.137343889546485039e-19
8.833578982932194776e+03 1.650818406879382667e-19 8.615592488591205680e-20
8.838584910865251004e+03 2.567058103004607985e-19 6.374264220819534300e-20
8.843590838798307232e+03 1.056556423788709335e-19 4.387487622097763088e-20
8.848596766731363459e+03 1.593951101144515091e-19 4.043562104110679012e-20
8.853602694664417868e+03 1.295500818336071506e-19 3.549511741853949061e-20
8.858608622597474096e+03 2.252420788654651327e-19 3.438762177740397789e-20
8.863614550530530323e+03 2.676002410617536378e-19 5.050976973076160347e-20
8.868620478463584732e+03 1.764183345653292481e-19 4.972344813851555715e-20
8.873626406396640959e+03 2.264789957934380349e-19 3.513380490999452269e-20
8.878632334329697187e+03 2.808388811804302575e-19 5.735728494243200815e-20
8.883638262262753415e+03 1.937752569655629778e-19 7.947972268066061014e-20
8.888644190195807823e+03 3.538894309053772528e-19 7.466821870577076579e-20
8.893650118128864051e+03 2.277512739353926548e-19 4.231172558940594309e-20
8.898656046061920279e+03 1.661902411327832813e-19 5.117523632762120445e-20
8.903661973994974687e+03 1.003780772122612945e-19 5.512939573777139882e-20
8.908667901928030915e+03 1.290533486776475741e-19 4.617679606776097415e-20
8.913673829861087142e+03 2.074314924880561224e-19 7.327193910316194022e-20
8.918679757794143370e+03 1.558269276308522370e-19 9.074845739095934656e-20
8.923685685727199598e+03 7.165809908634399218e-20 8.004846726282133070e-20
8.928691613660254006e+03 2.272049771591097846e-19 3.654601985754057258e-20
8.933697541593308415e+03 2.179148059811861379e-19 3.247048965756594772e-20
8.938703469526364643e+03 9.899196562812897037e-20 5.405263414893665212e-20
8.943709397459420870e+03 2.423731032996257892e-19 5.871593660489494683e-20
8.948715325392477098e+03 1.086873678016188395e-19 5.564970020826773437e-20
8.953721253325533326e+03 2.337758939071556631e-19 8.412905349308934058e-20
8.958727181258589553e+03 1.600412574022037963e-19 8.871395406162546953e-20
8.963733109191643962e+03 1.939462825994802587e-19 6.027897687672783197e-20
8.968739037124698370e+03 2.124508056964894291e-19 2.931838381021296439e-20
8.973744965057754598e+03 2.108810792938181757e-19 2.881204681789558542e-20
8.978750892990810826e+03 1.881606444648514189e-19 3.264399376067960346e-20
8.983756820923867053e+03 3.247718809779308895e-19 4.773633022182008790e-20
8.988762748856923281e+03 1.719915813171259170e-19 4.835366827096430380e-20
8.993768676789977690e+03 2.935770187870136891e-20 5.199233003537649001e-20
8.998774604723033917e+03 2.417460314157348866e-19 6.195759872546816870e-20
9.003780532656088326e+03 1.556006767422427264e-19 6.062594578508839550e-20
9.008786460589144554e+03 1.552786625412617743e-19 3.078630041769406469e-20
9.013792388522200781e+03 1.616291041339796869e-19 2.182219971962324873e-20
9.018798316455257009e+03 1.525773361116925280e-19 2.268408176580009223e-20
9.023804244388313236e+03 1.871415413446294634e-19 2.399820755400858524e-20
9.028810172321367645e+03 2.011092511674650462e-19 2.649316467598971275e-20
9.033816100254423873e+03 1.828871461833114582e-19 3.541308791694617987e-20
9.038822028187478281e+03 1.450712020461355742e-19 3.808331986158628998e-20
9.043827956120534509e+03 1.385367554600861846e-19 4.516494030907413250e-20
9.048833884053590737e+03 2.283084932984113502e-19 4.747249706970077735e-20
9.053839811986646964e+03 1.816583351905049828e-19 4.180205309681340634e-20
9.058845739919703192e+03 2.255921510517884540e-19 2.811878919306966600e-20
9.063851667852757600e+03 1.359569594161289212e-19 2.888483845150067864e-20
9.068857595785813828e+03 1.736754237490918773e-19 2.867738294802133996e-20
9.073863523718868237e+03 2.184877498512866163e-19 2.690032787511598089e-20
9.078869451651924464e+03 1.459314308492167618e-19 2.661620086921720413e-20
9.083875379584980692e+03 1.988573677147925910e-19 2.994804224535969864e-20
9.088881307518036920e+03 1.510936042495352528e-19 3.625417788309355636e-20
9.093887235451093147e+03 1.405009338895543159e-19 4.038021221543248228e-20
9.098893163384147556e+03 1.662087347294255188e-19 4.158685220780397090e-20
9.103899091317203784e+03 1.864622069119009836e-19 3.942613853115482574e-20
9.108905019250258192e+03 2.176580295657135793e-19 3.061529298030092316e-20
9.113910947183314420e+03 1.702829864879426264e-19 2.430637057749746229e-20
9.118916875116370647e+03 1.917201718707972186e-19 2.354293617248606000e-20
9.123922803049426875e+03 1.789557524843758210e-19 2.268817219778476116e-20
9.128928730982483103e+03 1.507372631942833144e-19 2.386527061426268733e-20
9.133934658915537511e+03 1.417692353399749310e-19 2.481547051189548509e-20
9.138940586848593739e+03 1.213286981352883792e-19 2.389532823020112030e-20
9.143946514781648148e+03 1.551510322376284801e-19 2.599763494234906757e-20
9.148952442714704375e+03 1.782178218362728501e-19 3.104554447422875062e-20
9.153958370647760603e+03 2.369182224138321001e-19 3.479408573835539314e-20
9.158964298580816831e+03 2.032681385389443499e-19 3.478272341876969894e-20
9.163970226513873058e+03 1.656259109913854211e-19 3.138242226149585620e-20
9.168976154446927467e+03 2.260003036007599151e-19 2.589242048573777456e-20
9.173982082379983694e+03 1.934799879882437582e-19 2.445073635056800691e-20
9.178988010313038103e+03 1.527052862908944533e-19 2.454065174167529094e-20
9.183993938246094331e+03 1.166437213514363724e-19 2.452123614037809708e-20
9.188999866179150558e+03 1.779539853188663336e-19 2.438706542379521374e-20
9.194005794112206786e+03 1.472831065805172421e-19 2.473665113942052197e-20
9.199011722045263014e+03 1.726524129488712767e-19 2.558869430823977468e-20
9.204017649978317422e+03 1.909316173679124166e-19 2.707269968092111414e-20
9.209023577911373650e+03 1.264707271275498037e-19 3.012732894640412182e-20
9.214029505844428058e+03 1.688850244239565776e-19 3.372488737540751584e-20
9.219035433777484286e+03 1.566611794682947658e-19 3.705651996354124733e-20
9.224041361710540514e+03 1.665848985395965189e-19 3.533611646415904542e-20
9.229047289643596741e+03 1.569370855644260596e-19 3.120851186930565938e-20
9.234053217576652969e+03 1.122010392344448383e-19 2.570254491148183237e-20
9.239059145509707378e+03 1.659221484504897025e-19 2.512895776849162598e-20
9.244065073442761786e+03 1.424614317989353519e-19 2.757488859933328762e-20
9.249071001375818014e+03 1.369293523944669987e-19 2.983596312643840680e-20
9.254076929308874242e+03 1.515375229564061543e-19 2.912921300875027263e-20
9.259082857241930469e+03 1.521125338431547868e-19 2.887404347644793094e-20
9.264088785174986697e+03 1.901285632615078114e-19 2.792414925755654733e-20
9.269094713108042924e+03 1.722915363735964336e-19 2.570304744902310764e-20
9.274100641041097333e+03 1.338483491011714858e-19 2.525521603496236931e-20
9.279106568974151742e+03 2.083687528091537393e-19 2.928857508908168649e-20
9.284112496907207969e+03 2.453935796514823871e-19 3.221219772051343736e-20
9.289118424840264197e+03 1.077189271860252629e-19 3.466583267320025237e-20
9.294124352773320425e+03 1.615050172971351091e-19 3.498573937856513610e-20
9.299130280706376652e+03 1.598546114163685231e-19 6.721353102466629935e-20
9.304136208639432880e+03 1.740273228061117927e-19 1.458932896711700036e-19
9.309142136572487289e+03 4.692420895651127207e-19 1.748883499727062415e-19
9.314148064505541697e+03 3.562830375492721372e-19 1.498451744209995458e-19
9.319153992438597925e+03 2.994141278344394503e-19 1.345326778675444537e-19
9.324159920371654152e+03 1.852501070096789908e-19 1.144741133146726386e-19
9.329165848304710380e+03 1.388771207791221938e-19 1.002640177461164689e-19
9.334171776237766608e+03 2.820659747337017193e-19 9.438637963947578793e-20
9.339177704170821016e+03 5.442002634550817440e-19 1.061582417044026996e-19
9.344183632103877244e+03 1.845610177236557703e-19 6.972664272494196104e-20
9.349189560036931653e+03 1.290869360099053518e-19 5.227550092071054941e-20
9.354195487969987880e+03 1.230841374427615744e-19 5.094148099296870360e-20
9.359201415903044108e+03 2.273628306587376030e-19 4.666940282059676372e-20
9.364207343836100335e+03 2.200646681097722178e-19 6.624392855636254711e-20
9.369213271769156563e+03 -4.992038743778110054e-20 1.639379241296207045e-19
9.374219199702210972e+03 -8.029118585596697560e-20 1.709247715064457048e-19
9.379225127635267199e+03 5.072273869953316871e-19 1.626261979178289725e-19
9.384231055568321608e+03 1.957224327060762182e-19 8.600136444141811801e-20
9.389236983501377836e+03 1.951158191982487944e-19 5.846548681466938814e-20
9.394242911434434063e+03 2.003660644101025691e-19 6.027401808746243151e-20
9.399248839367490291e+03 2.142900126699819617e-19 7.766145860852227418e-20
9.404254767300546519e+03 2.553198476592444074e-19 7.188672677536410080e-20
9.409260695233600927e+03 1.893819976425919618e-19 5.161717094575715072e-20
9.414266623166657155e+03 9.292069061061446198e-20 7.646565797707272884e-20
9.419272551099711563e+03 2.538264131107915790e-19 8.016305047690929295e-20
9.424278479032767791e+03 3.572616088086248864e-19 8.268614972819638862e-20
9.429284406965824019e+03 1.474771895904717693e-19 6.550769017040126829e-20
9.434290334898880246e+03 1.610821153805959758e-20 1.294333383164218101e-19
9.439296262831936474e+03 -1.015525737386529336e-19 1.525622635036415057e-19
9.444302190764990883e+03 2.446794419656651350e-19 1.221800598302508455e-19
9.449308118698047110e+03 1.851399024779354093e-19 7.673426654231868491e-20
9.454314046631101519e+03 2.950186830302269588e-19 1.386032064151773265e-19
9.459319974564157746e+03 2.304292670623154327e-19 1.284726836310463529e-19
9.464325902497213974e+03 1.320241855788525618e-19 9.010152633180524746e-20
9.469331830430270202e+03 1.667650793566291704e-19 1.066013363329999193e-19
9.474337758363326429e+03 6.694506480758171815e-20 1.829489897056342046e-19
9.479343686296380838e+03 -9.198793862496026264e-21 1.550567534430814730e-19
9.484349614229437066e+03 2.102281826347636400e-19 8.001682529760938094e-20
9.489355542162491474e+03 2.587247889605519709e-19 5.569893993068428110e-20
9.494361470095547702e+03 1.759613263465214408e-19 8.181004331759810584e-20
9.499367398028603930e+03 8.697271657324065181e-20 1.033004122533743256e-19
9.504373325961660157e+03 1.811544535592704199e-20 9.252999164545862942e-20
9.509379253894716385e+03 3.113848789448547673e-19 7.297690472450546088e-20
9.514385181827770793e+03 6.118617428421447037e-19 1.349697680482727831e-19
9.519391109760827021e+03 4.838057937284589083e-19 1.584624762915505696e-19
9.524397037693881430e+03 3.236935382832390344e-19 1.091841524150225934e-19
9.529402965626937657e+03 7.590939178875080605e-20 5.686832519199169958e-20
9.534408893559993885e+03 2.360811133793055170e-19 5.249497011559066412e-20
9.539414821493050113e+03 2.697126685159689233e-19 5.647357674263008372e-20
9.544420749426106340e+03 4.213974492467242907e-19 6.763227981034106798e-20
9.549426677359160749e+03 4.880084733019133525e-19 1.021584690863212854e-19
9.554432605292216977e+03 3.450187527004053932e-19 1.008345939786492675e-19
9.559438533225271385e+03 7.844685254966989185e-20 9.547799864624273682e-20
9.564444461158327613e+03 -2.208686053840410289e-19 1.244155378724221208e-19
9.569450389091383840e+03 -1.645214948935218500e-20 1.235045338364674474e-19
9.574456317024440068e+03 1.390955143204717314e-19 7.450874945347082604e-20
9.579462244957496296e+03 2.454700741013149084e-19 5.081314979545943747e-20
9.584468172890550704e+03 2.068390223309475936e-19 5.020390600928793506e-20
9.589474100823605113e+03 1.997537475579729126e-19 5.425361595837938071e-20
9.594480028756661341e+03 6.865363593373247260e-20 5.072123004046206343e-20
9.599485956689717568e+03 2.645251651616102827e-19 6.081309684010917556e-20
9.604491884622773796e+03 3.984398132454663342e-19 8.441934328578520006e-20
9.609497812555830023e+03 3.038261821395654904e-19 8.388217097579193293e-20
9.614503740488886251e+03 6.236364102029585396e-20 9.536429275479336027e-20
9.619509668421940660e+03 -1.250966624161534937e-19 1.065076861684387700e-19
9.624515596354995068e+03 -5.416898258274538955e-21 8.630712006788601794e-20
9.629521524288051296e+03 2.400236431972845175e-19 5.825907167663664645e-20
9.634527452221107524e+03 2.559689166796350285e-19 5.413503262071031660e-20
9.639533380154163751e+03 5.152011149941801723e-20 5.254045408737666830e-20
9.644539308087219979e+03 1.780807451657063456e-19 5.129345633764506438e-20
9.649545236020274388e+03 6.930234123474875831e-20 5.703335293351616176e-20
9.654551163953330615e+03 8.137550961918741023e-20 5.931178580390692258e-20
9.659557091886385024e+03 2.618255623103769494e-19 6.498688875528427874e-20
9.664563019819441251e+03 4.194897637932434322e-19 8.546586332311062655e-20
9.669568947752497479e+03 3.060468845310682871e-19 9.098279316434208075e-20
9.674574875685553707e+03 -7.314746608872609007e-20 9.994704592425094177e-20
9.679580803618609934e+03 -3.087120308190111531e-19 1.085860112345943031e-19
9.684586731551664343e+03 8.357652970429357774e-20 9.672001515881874943e-20
9.689592659484720571e+03 2.426802312409842876e-19 8.165478229415402079e-20
9.694598587417774979e+03 8.847058375891850587e-19 1.077967836168132597e-19
9.699604515350831207e+03 7.081678660941413299e-19 1.203438575980098373e-19
9.704610443283887435e+03 1.548237135175511570e-19 1.045140581690428396e-19
9.709616371216943662e+03 -1.140450126008179743e-19 9.780923190521714927e-20
9.714622299149999890e+03 -4.022415175828643604e-19 1.287269303446530774e-19
9.719628227083054298e+03 -1.447840214338450639e-19 1.458710617764761720e-19
9.724634155016110526e+03 1.901724375435998812e-19 1.169842404693514725e-19
9.729640082949164935e+03 5.376228908551256651e-19 9.891686669631374807e-20
9.734646010882221162e+03 3.441572744299898292e-19 1.142478910348470722e-19
9.739651938815277390e+03 -3.992080683486269566e-20 1.085218672829624897e-19
9.744657866748333618e+03 -1.182212984715307582e-19 9.575054540967946817e-20
9.749663794681389845e+03 2.399776130115657174e-19 7.433063157644638942e-20
9.754669722614444254e+03 2.847117875208623655e-19 6.232289265072856994e-20
9.759675650547500481e+03 3.126118601471190267e-19 5.799984357068669334e-20
9.764681578480554890e+03 2.340525762960021932e-19 5.826217337145146671e-20
9.769687506413611118e+03 1.750688675835477833e-19 5.660479480806819305e-20
9.774693434346667345e+03 1.118248179606456975e-19 6.058525487285597516e-20
9.779699362279723573e+03 1.517104963428306664e-19 8.352415397309099691e-20
9.784705290212779801e+03 8.270213050867466950e-20 1.612766951289427831e-19
9.789711218145834209e+03 7.784271678883666485e-19 1.843833242602195375e-19
9.794717146078890437e+03 1.122911115760976221e-19 1.924838328115842492e-19
9.799723074011944846e+03 1.354753610934617298e-19 1.254843240844174142e-19
9.804729001945001073e+03 5.743132059544687882e-20 1.138636885513567170e-19
9.809734929878057301e+03 -1.050173086561533814e-19 1.077232448754509742e-19
9.814740857811113528e+03 2.004723993281010123e-19 1.036018691000917480e-19
9.819746785744169756e+03 4.606355142216750929e-19 9.155191942308470358e-20
9.824752713677224165e+03 5.097971039993550430e-19 8.675454819622198077e-20
9.829758641610280392e+03 2.019666832793134789e-19 8.777379342303872280e-20
9.834764569543334801e+03 1.457914477995355752e-19 7.892256389937611784e-20
9.839770497476391029e+03 5.713239895031270178e-20 8.930698286850424301e-20
9.844776425409447256e+03 -9.502670634436504615e-21 1.296644867923408656e-19
9.849782353342503484e+03 -9.502670634436504615e-21 1.308149569639096744e-19
9.854788281275559712e+03 -9.502670634436504615e-21 1.073737465802784766e-19
9.859794209208614120e+03 -9.502670634436504615e-21 9.390832812378122585e-20
9.864800137141670348e+03 -9.502670634436504615e-21 1.676267006352027772e-19
9.869806065074724756e+03 -9.502670634436504615e-21 2.405240135545138860e-19
9.874811993007780984e+03 -9.502670634436504615e-21 2.089184562085272268e-19
9.879817920940837212e+03 -9.502670634436504615e-21 1.181537366972556853e-19
9.884823848873893439e+03 -9.502670634436504615e-21 9.529268777908804185e-20
9.889829776806949667e+03 -9.502670634436504615e-21 1.280844174005083753e-19
9.894835704740004076e+03 -9.502670634436504615e-21 1.443835180234746327e-19
9.899841632673058484e+03 -9.502670634436504615e-21 1.302323607904088244e-19
9.904847560606114712e+03 -9.502670634436504615e-21 1.211617421684953915e-19
9.909853488539170939e+03 -9.502670634436504615e-21 2.895697846642751274e-19
9.914859416472227167e+03 -9.502670634436504615e-21 2.503415524774136809e-19
9.919865344405283395e+03 -9.502670634436504615e-21 1.666098683060193521e-19
9.924871272338339622e+03 -9.502670634436504615e-21 1.049064102920281433e-19
9.929877200271394031e+03 -9.502670634436504615e-21 1.051270202321455298e-19
9.934883128204448440e+03 -9.502670634436504615e-21 1.707739276677802934e-19
9.939889056137504667e+03 -9.502670634436504615e-21 2.856609169305303324e-19
9.944894984070560895e+03 -9.502670634436504615e-21 2.890872050174621729e-19
9.949900912003617123e+03 -9.502670634436504615e-21 2.696045743009934381e-19
9.954906839936673350e+03 -9.502670634436504615e-21 2.520841511822722967e-19
9.959912767869729578e+03 -9.502670634436504615e-21 3.110989589826058404e-19
9.964918695802783986e+03 -9.502670634436504615e-21 2.818048895884659103e-19
9.969924623735838395e+03 -9.502670634436504615e-21 1.642676394385990542e-19
9.974930551668894623e+03 -9.502670634436504615e-21 1.863113084233953895e-19
9.979936479601950850e+03 -9.502670634436504615e-21 1.535195998406843404e-19
9.984942407535007078e+03 -9.502670634436504615e-21 1.284076074183425596e-19
9.989948335468063306e+03 -9.502670634436504615e-21 1.224346467020278116e-19
9.994954263401117714e+03 -9.502670634436504615e-21 1.424219752116202902e-19
9.999960191334173942e+03 -9.502670634436504615e-21 1.611192697538678966e-19
1.000496611926722835e+04 -9.502670634436504615e-21 2.202355861013535821e-19
1.000997204720028458e+04 -9.502670634436504615e-21 3.007066260456888708e-19
1.001497797513334081e+04 -9.502670634436504615e-21 4.465556991984886382e-19
1.001998390306639703e+04 -9.502670634436504615e-21 2.086318048607686033e-19
1.002498983099945326e+04 -9.502670634436504615e-21 1.906421978994525471e-19
1.002999575893250767e+04 -9.502670634436504615e-21 1.673179097421338412e-19
1.003500168686556390e+04 -9.502670634436504615e-21 1.406102824773073888e-19
1.004000761479861831e+04 -9.502670634436504615e-21 1.589390854519238537e-19
1.004501354273167453e+04 -9.502670634436504615e-21 2.009585599866193282e-19
1.005001947066473076e+04 -9.502670634436504615e-21 1.430550620366776996e-19
1.005502539859778699e+04 -9.502670634436504615e-21 1.671225878636033723e-19
1.006003132653084322e+04 -9.502670634436504615e-21 1.990525516884115615e-19
1.006503725446389763e+04 -9.502670634436504615e-21 2.184198418221885367e-19
1.007004318239695385e+04 -9.502670634436504615e-21 2.200818644990979709e-19
1.007504911033000826e+04 -9.502670634436504615e-21 2.502461927601015108e-19
1.008005503826306449e+04 -9.502670634436504615e-21 2.711001130231242490e-19
1.008506096619612072e+04 -9.502670634436504615e-21 2.941005731975405166e-19
1.009006689412917694e+04 -9.502670634436504615e-21 2.303629642932667761e-19
1.009507282206223317e+04 -9.502670634436504615e-21 2.134957326021497062e-19
1.010007874999528758e+04 -9.502670634436504615e-21 3.038119346737297495e-19
1.010508467792834381e+04 -9.502670634436504615e-21 2.970249495726569936e-19
1.011009060586139822e+04 -9.502670634436504615e-21 2.696400950298059359e-19
1.011509653379445444e+04 -9.502670634436504615e-21 2.087845770957369517e-19
1.012010246172751067e+04 -9.502670634436504615e-21 7.701670201848520540e-19
1.012510838966056690e+04 -9.502670634436504615e-21 4.443603820480484921e-19
1.013011431759362313e+04 -9.502670634436504615e-21 3.732510626159168882e-19
1.013512024552667754e+04 -9.502670634436504615e-21 2.313845596242926996e-19
1.014012617345973376e+04 -9.502670634436504615e-21 2.744776046758841814e-19
1.014513210139278817e+04 -9.502670634436504615e-21 3.406354805275353988e-19
1.015013802932584440e+04 -9.502670634436504615e-21 4.214192106500067841e-19
1.015514395725890063e+04 -9.502670634436504615e-21 4.204049464166219615e-19
1.016014988519195686e+04 -9.502670634436504615e-21 3.741619721302625567e-19
1.016515581312501308e+04 -9.502670634436504615e-21 3.919677496402878662e-19
1.017016174105806749e+04 -9.502670634436504615e-21 3.899974463775204358e-19
1.017516766899112372e+04 -9.502670634436504615e-21 3.339667144391591668e-19
1.018017359692417813e+04 -9.502670634436504615e-21 2.886549290571170707e-19
1.018517952485723436e+04 -9.502670634436504615e-21 3.344912556830368413e-19
1.019018545279029058e+04 -9.502670634436504615e-21 4.866456216392717422e-19
1.019519138072334681e+04 -9.502670634436504615e-21 5.128246344219091868e-19
1.020019730865640304e+04 -9.502670634436504615e-21 7.463621785352770148e-19
1.020520323658945745e+04 -9.502670634436504615e-21 5.381314645509965804e-19
1.021020916452251367e+04 -9.502670634436504615e-21 8.006157883206584674e-19
1.021521509245556808e+04 -9.502670634436504615e-21 5.121172715884651051e-19
1.022022102038862431e+04 -9.502670634436504615e-21 4.697585306174833618e-19
1.022522694832168054e+04 -9.502670634436504615e-21 6.555661860731677163e-19
1.023023287625473677e+04 -9.502670634436504615e-21 5.936186184323369174e-19
1.023523880418779299e+04 -9.502670634436504615e-21 6.354960272149661376e-19
1.024024473212084740e+04 -9.502670634436504615e-21 3.521460344911919945e-19
1.024525066005390181e+04 -9.502670634436504615e-21 3.286902102520160153e-19
1.025025658798695804e+04 -9.502670634436504615e-21 3.348860244217289900e-19
1.025526251592001427e+04 -9.502670634436504615e-21 3.863910133289602470e-19
1.026026844385307049e+04 -9.502670634436504615e-21 3.116572634266005472e-19
1.026527437178612672e+04 -9.502670634436504615e-21 3.617590956703544840e-19
1.027028029971918295e+04 -9.502670634436504615e-21 4.398578634961160693e-19
1.027528622765223736e+04 -9.502670634436504615e-21 3.821296151134394123e-19
1.028029215558529177e+04 -9.502670634436504615e-21 4.803720205486335218e-19
1.028529808351834799e+04 -9.502670634436504615e-21 6.156490003205146876e-19
1.029030401145140422e+04 -9.502670634436504615e-21 3.987465088781080630e-19
1.029530993938446045e+04 -9.502670634436504615e-21 6.391612277699680430e-19
