#  wl flam flam_err
4.803806996822357178e+03 -3.753310388969529715e-21 1.312168282955367216e-18
4.808812924755412496e+03 -3.735840539851239337e-21 1.206930393604388226e-18
4.813818852688468723e+03 -3.718904353599129503e-21 1.108338389253702606e-18
4.818824780621524042e+03 -3.702490884227867271e-21 1.020329748446884826e-18
4.823830708554580269e+03 -3.686589315351858452e-21 9.347106479564013635e-19
4.828836636487635587e+03 -3.671188959567012063e-21 8.516246110797447454e-19
4.833842564420691815e+03 -3.286445828414661853e-21 7.674001426164136900e-19
4.838848492353747133e+03 2.670884506168839061e-19 6.895641296927649686e-19
4.843854420286802451e+03 -4.820648387447399920e-21 6.278675736531695959e-19
4.848860348219858679e+03 -9.370300895557376892e-20 5.790987837308170662e-19
4.853866276152913997e+03 8.063501589589338743e-20 5.400095923580722684e-19
4.858872204085970225e+03 2.350689987333559068e-20 5.076406769940402819e-19
4.863878132019025543e+03 2.303501488501169161e-19 4.809907171164755610e-19
4.868884059952080861e+03 1.113627748404869056e-19 4.516208959509287301e-19
4.873889987885137089e+03 1.638669574048466411e-19 4.135322154082138183e-19
4.878895915818192407e+03 -5.659795618200603262e-20 3.820376341585552153e-19
4.883901843751248634e+03 -4.945594718217640462e-22 3.534565139648084314e-19
4.888907771684303952e+03 1.522233340856729585e-19 3.295276363481652489e-19
4.893913699617360180e+03 1.169309581254722663e-19 3.072448480813908361e-19
4.898919627550415498e+03 1.552049133945149808e-19 2.905517317668115513e-19
4.903925555483470816e+03 3.221159527417473958e-19 2.764562533468435132e-19
4.908931483416527044e+03 7.508675458813538943e-20 2.638699769550069119e-19
4.913937411349582362e+03 2.414583764018060481e-20 2.537502709908982142e-19
4.918943339282638590e+03 1.958387902378906224e-21 2.445251884681612369e-19
4.923949267215693908e+03 -1.096041141305800252e-19 2.356037224756464646e-19
4.928955195148750136e+03 -5.858832592555714493e-21 2.267297751749865189e-19
4.933961123081805454e+03 7.872438008608765758e-20 2.196798596226658853e-19
4.938967051014860772e+03 3.180062188098534226e-20 2.134450482405403940e-19
4.943972978947916999e+03 -1.311345482503447601e-19 2.100953147927240192e-19
4.948978906880972318e+03 4.311200435471381376e-20 2.072061936202377333e-19
4.953984834814028545e+03 1.001932571069065771e-19 2.051658597593861331e-19
4.958990762747083863e+03 -1.913595651948122864e-19 2.047501438898072035e-19
4.963996690680139181e+03 5.080028940892538341e-20 2.048616759549921116e-19
4.969002618613195409e+03 -3.661367634283939699e-20 2.045530851611318799e-19
4.974008546546250727e+03 2.229339123910112603e-20 2.019749251214949707e-19
4.979014474479306955e+03 -3.563508635211934661e-20 1.959287934763656223e-19
4.984020402412362273e+03 -1.019727115541457191e-19 1.896387753597114715e-19
4.989026330345418501e+03 5.227203220612757273e-20 1.832047166397179213e-19
4.994032258278473819e+03 1.211626459617606579e-21 1.755723625346589197e-19
4.999038186211529137e+03 1.789912011774278566e-19 1.655351363357441264e-19
5.004044114144585365e+03 -8.336575683028703286e-23 1.542174428271052065e-19
5.009050042077640683e+03 5.366969323857823043e-20 1.443208968599697159e-19
5.014055970010696910e+03 1.026594753465720591e-19 1.384861895679344668e-19
5.019061897943752228e+03 -1.256942721854793997e-19 1.340082170135545779e-19
5.024067825876807547e+03 6.129449942744128744e-20 1.318729891596964248e-19
5.029073753809863774e+03 -1.754795660725183743e-20 1.309773354499145005e-19
5.034079681742919092e+03 -8.631071214550423612e-20 1.308790961153781779e-19
5.039085609675975320e+03 1.115369121134364276e-19 1.316212775312521296e-19
5.044091537609030638e+03 -1.386613279034441663e-20 1.321817767516658730e-19
5.049097465542086866e+03 1.224204786626442239e-19 1.328438706652855542e-19
5.054103393475142184e+03 6.603436066959944983e-20 1.325832264297816516e-19
5.059109321408197502e+03 -1.592626281455894218e-19 1.302145825848013405e-19
5.064115249341253730e+03 1.614252911448418649e-20 1.270424383139110079e-19
5.069121177274309048e+03 8.217732295437161239e-21 1.227999206811117645e-19
5.074127105207365275e+03 -5.750471975499166695e-20 1.183312961776810843e-19
5.079133033140420594e+03 -1.238695351538029348e-19 1.148741097359412144e-19
5.084138961073476821e+03 4.652753901853687944e-20 1.111998220130342339e-19
5.089144889006532139e+03 -4.865196436384043275e-20 1.084861085882100545e-19
5.094150816939587457e+03 1.969160050806607199e-20 1.059795284493304716e-19
5.099156744872643685e+03 7.380733614397222376e-21 1.044274548964667819e-19
5.104162672805699003e+03 1.154327883519206892e-20 1.043650975487104892e-19
5.109168600738755231e+03 6.193827563344123994e-21 1.050989209587328054e-19
5.114174528671810549e+03 1.492193641316867213e-19 1.067408205885558855e-19
5.119180456604865867e+03 5.171436998106361591e-20 1.087760588827879635e-19
5.124186384537922095e+03 -1.980967238617135032e-20 1.093954620615977904e-19
5.129192312470977413e+03 8.317923300059638281e-20 1.080038276660615061e-19
5.134198240404033641e+03 2.322819545044348294e-20 1.060643667863905522e-19
5.139204168337088959e+03 -4.010020644846362527e-20 1.049699732880942173e-19
5.144210096270145186e+03 -8.841647819147832411e-20 1.021284370077813240e-19
5.149216024203200504e+03 5.353488567076244469e-20 9.901525628165497800e-20
5.154221952136255823e+03 -4.964484922636430166e-20 9.547380509936789206e-20
5.159227880069312050e+03 9.668055248621251297e-20 9.100933983619287569e-20
5.164233808002367368e+03 8.389205131598328796e-21 8.649339369444405539e-20
5.169239735935423596e+03 1.073216229457033326e-19 8.239217733230847896e-20
5.174245663868478914e+03 1.403909782447137677e-19 7.902616846869883296e-20
5.179251591801534232e+03 3.988993477611892535e-20 7.671567908762905478e-20
5.184257519734590460e+03 7.579884084417924005e-20 7.537241302620732468e-20
5.189263447667645778e+03 8.100311342732182715e-20 7.524822254235978510e-20
5.194269375600702006e+03 1.198747193091496798e-19 7.651143030908782800e-20
5.199275303533757324e+03 5.430581251376381504e-20 7.764597242635746005e-20
5.204281231466813551e+03 7.436304679505660894e-20 7.794171964439181338e-20
5.209287159399868870e+03 -3.880331075417641611e-21 7.815087314852597818e-20
5.214293087332924188e+03 2.546479300081038676e-20 7.957111202216670974e-20
5.219299015265980415e+03 1.442625964653471192e-19 8.117926225903387816e-20
5.224304943199035733e+03 3.496724379759092819e-20 8.278621217603353592e-20
5.229310871132091961e+03 -3.313079839311780855e-20 8.364394236203344331e-20
5.234316799065147279e+03 1.484288569604101200e-19 8.477211140858881488e-20
5.239322726998203507e+03 4.336372609990912738e-20 8.488135698750890933e-20
5.244328654931258825e+03 -6.375633970239441201e-20 8.391475810321179279e-20
5.249334582864314143e+03 -5.735903230891465620e-20 8.274516557499597210e-20
5.254340510797370371e+03 3.461983886544964542e-20 7.978533262841583320e-20
5.259346438730425689e+03 6.825815074819977292e-20 7.577742746912714427e-20
5.264352366663481916e+03 1.185447734444861325e-20 7.233112095612177883e-20
5.269358294596537235e+03 2.346314837083648875e-20 7.035389033279254306e-20
5.274364222529593462e+03 7.665694737749196535e-20 6.954694730648927173e-20
5.279370150462648780e+03 1.596155623634590419e-19 6.940292236383721410e-20
5.284376078395704099e+03 8.729319775540569132e-20 6.920050610924084272e-20
5.289382006328760326e+03 6.457105901751273215e-20 6.971623368058197840e-20
5.294387934261815644e+03 7.490432387970863888e-20 7.018186763354696431e-20
5.299393862194871872e+03 1.081940970762501943e-19 7.091137584917308902e-20
5.304399790127927190e+03 1.028293863356195823e-19 7.182131990654493099e-20
5.309405718060982508e+03 4.618469254601083070e-20 7.198725142803862757e-20
5.314411645994038736e+03 5.870201314386314149e-20 7.191757000484517012e-20
5.319417573927094054e+03 -3.042260438555084669e-20 7.115789015690874802e-20
5.324423501860150282e+03 3.108749479185561984e-20 7.045671713021593739e-20
5.329429429793205600e+03 6.266948043811691918e-20 7.014714982851596401e-20
5.334435357726260918e+03 2.056518697688735025e-19 6.900046412807203663e-20
5.339441285659317145e+03 1.302366002188351030e-19 6.810606867011260748e-20
5.344447213592372464e+03 8.748626059518699002e-20 6.756711178566306789e-20
5.349453141525428691e+03 2.057211768046784953e-19 6.716322148759784538e-20
5.354459069458484009e+03 3.276876668865911667e-20 6.682018126744827932e-20
5.359464997391540237e+03 4.346519421694770967e-20 6.622997347755805170e-20
5.364470925324595555e+03 8.212546347179848266e-20 6.637827349206629335e-20
5.369476853257650873e+03 9.168688023275091522e-21 6.698024956423660859e-20
5.374482781190707101e+03 1.364594763806794718e-20 6.863281287289433576e-20
5.379488709123762419e+03 1.623964966967752948e-19 6.906328538723391773e-20
5.384494637056818647e+03 2.877764976989262245e-20 6.833223045253305223e-20
5.389500564989873965e+03 -2.949463455396755255e-20 6.767665010280599989e-20
5.394506492922930192e+03 -7.836249600947775181e-21 6.701480548868906380e-20
5.399512420855985511e+03 -9.764156641186302480e-20 6.621699556487639363e-20
5.404518348789040829e+03 8.045015989286828143e-20 6.592904358386938669e-20
5.409524276722097056e+03 7.058766945320324059e-20 6.595750789672764988e-20
5.414530204655152374e+03 -3.833216288943290643e-20 6.588353189909681525e-20
5.419536132588208602e+03 1.050018176333314848e-19 6.540573283921562464e-20
5.424542060521263920e+03 7.488124557309509402e-20 6.455445543819747135e-20
5.429547988454320148e+03 7.478537769288980555e-20 6.330872408708860030e-20
5.434553916387375466e+03 1.025399941483994482e-19 6.204681223808977045e-20
5.439559844320430784e+03 1.529403906115908037e-19 6.070767197980888196e-20
5.444565772253487012e+03 2.134904989928855408e-19 5.912541342409016936e-20
5.449571700186542330e+03 9.638991570822388914e-21 5.802649354546959882e-20
5.454577628119598558e+03 6.383781557484474532e-20 5.737913482936368512e-20
5.459583556052653876e+03 7.620745846125455116e-20 5.657857935287460072e-20
5.464589483985709194e+03 3.846530345798039919e-20 5.608027289404591245e-20
5.469595411918765421e+03 1.011615699528856989e-19 5.552541717420576800e-20
5.474601339851820740e+03 1.194230784182471888e-19 5.582877788354545909e-20
5.479607267784876967e+03 5.168145910934239269e-20 5.616691851551791469e-20
5.484613195717932285e+03 1.272897807331611900e-19 5.729754931434140617e-20
5.489619123650987603e+03 1.231926690103626795e-21 5.821257647543988774e-20
5.494625051584043831e+03 -6.446376750945408553e-20 5.950630969666064623e-20
5.499630979517099149e+03 7.451735344123712236e-20 6.077101991179268675e-20
5.504636907450155377e+03 1.558826198043832393e-19 6.216672217300462213e-20
5.509642835383210695e+03 1.330914162279417496e-19 6.221090187679965291e-20
5.514648763316266923e+03 1.906467969848234794e-19 6.089378348028388522e-20
5.519654691249322241e+03 2.157540879199371660e-19 5.946725277913005840e-20
5.524660619182377559e+03 1.698656071373959384e-19 5.804158518787885031e-20
5.529666547115433787e+03 1.608201222154052070e-19 5.622228926314025213e-20
5.534672475048489105e+03 1.179947027389834089e-19 5.526891517832980278e-20
5.539678402981545332e+03 8.125198237874296149e-20 5.439621636540879682e-20
5.544684330914600650e+03 1.420883399821074628e-19 5.352357400641313546e-20
5.549690258847656878e+03 1.315691270135024502e-19 5.221505385227114437e-20
5.554696186780712196e+03 1.634971230037952014e-19 5.115273187973506141e-20
5.559702114713767514e+03 6.077087151102132659e-20 5.054415311261505889e-20
5.564708042646823742e+03 1.594352370263315375e-19 5.124726269814619279e-20
5.569713970579879060e+03 7.852364467283638944e-20 7.970978120106313252e-20
5.574719898512935288e+03 -1.083212330805447419e-19 1.184619822102243444e-19
5.579725826445990606e+03 2.725761093600859687e-19 1.160960178899750549e-19
5.584731754379046833e+03 1.589199956672138468e-19 7.242599049248830367e-20
5.589737682312102152e+03 1.098709130600376201e-19 4.796858719338569943e-20
5.594743610245157470e+03 6.101657860258377642e-20 4.805370428335802599e-20
5.599749538178213697e+03 9.705453298891802871e-20 4.884008565069503636e-20
5.604755466111269016e+03 1.123316453733310518e-19 5.003059831782681439e-20
5.609761394044325243e+03 1.018037341702580866e-19 5.060362781556692786e-20
5.614767321977380561e+03 4.094840269373286315e-20 5.090846986223187237e-20
5.619773249910436789e+03 6.108402943236196866e-20 5.194376289188589653e-20
5.624779177843492107e+03 8.585431627001962474e-20 5.283137232859414857e-20
5.629785105776547425e+03 7.379123139411145128e-20 5.309407956769896213e-20
5.634791033709603653e+03 9.722646142386950793e-20 5.276228639986767350e-20
5.639796961642658971e+03 8.222774828627515867e-20 5.210709909584676091e-20
5.644802889575714289e+03 1.796750285552731066e-19 5.089184403260520842e-20
5.649808817508770517e+03 2.078497203028406811e-19 4.944172620194874869e-20
5.654814745441825835e+03 1.662130199693594464e-19 4.808924009881770217e-20
5.659820673374882062e+03 7.621150292606144942e-20 4.737867760549207204e-20
5.664826601307937381e+03 6.391633446148687121e-20 4.696721533572180834e-20
5.669832529240993608e+03 6.490748085166410297e-20 4.682253774680295604e-20
5.674838457174048926e+03 5.725739438014436516e-21 4.661625613744101788e-20
5.679844385107104245e+03 1.047054345948368492e-20 4.638861328534326657e-20
5.684850313040160472e+03 3.735191163236167297e-20 4.657254244827616062e-20
5.689856240973215790e+03 1.905868698416457447e-21 4.661086037499166864e-20
5.694862168906272018e+03 -7.937238612057910672e-21 4.731701113571481686e-20
5.699868096839327336e+03 6.116864060228348340e-20 4.762922250323949523e-20
5.704874024772383564e+03 3.231123847560363491e-20 4.806265912895051835e-20
5.709879952705438882e+03 2.736245439020654935e-20 4.860244517012170912e-20
5.714885880638494200e+03 6.015822498500554852e-20 4.935784977405288568e-20
5.719891808571550428e+03 5.740327288622573132e-20 5.000718822658459898e-20
5.724897736504605746e+03 2.423347194942580427e-20 5.067844609552138363e-20
5.729903664437661973e+03 5.116854922173339685e-21 5.067402171770488178e-20
5.734909592370717291e+03 4.957685984441854294e-20 5.072846932676830600e-20
5.739915520303773519e+03 7.387512093263872987e-20 5.062437635695919528e-20
5.744921448236828837e+03 9.294427634426797504e-20 5.085206976355509822e-20
5.749927376169884155e+03 3.453873024583765436e-20 5.110985236904988419e-20
5.754933304102940383e+03 7.580553085564452288e-20 5.125908602375603874e-20
5.759939232035995701e+03 2.200216175116956516e-20 5.153437589337598804e-20
5.764945159969051929e+03 5.922751373348430896e-20 5.090455177517083915e-20
5.769951087902107247e+03 1.142261861413956312e-19 4.905332374916219514e-20
5.774957015835163475e+03 1.193116338343797738e-19 4.770506481973941980e-20
5.779962943768218793e+03 6.446838577183828626e-20 4.641640682631591544e-20
5.784968871701274111e+03 4.336959971646889726e-20 4.567345103981979804e-20
5.789974799634330338e+03 9.573871769848068000e-20 4.547882216510339342e-20
5.794980727567385657e+03 9.912752672618747157e-20 4.502357847795834799e-20
5.799986655500441884e+03 1.495741815298448832e-19 4.504360018066609201e-20
5.804992583433497202e+03 4.418364582659144120e-20 4.459797126832730035e-20
5.809998511366552520e+03 3.260686359715546782e-21 4.450792309300699064e-20
5.815004439299608748e+03 8.062954097205961530e-20 4.472990224540419323e-20
5.820010367232664066e+03 8.285670844403779381e-20 4.489637971622187428e-20
5.825016295165720294e+03 9.801747290046932972e-20 4.502942059105483483e-20
5.830022223098775612e+03 1.723059912030758489e-19 4.506660561752627390e-20
5.835028151031830930e+03 1.970550764709051186e-19 4.506623024425046100e-20
5.840034078964887158e+03 1.505714081349801602e-19 4.503797313378643669e-20
5.845040006897942476e+03 1.463902177388649014e-19 4.493512354269926152e-20
5.850045934830998704e+03 1.322696609186739282e-19 4.506596715599200350e-20
5.855051862764054022e+03 1.792940389067733643e-19 4.533305981056037101e-20
5.860057790697110249e+03 1.342129035178545075e-19 4.695034361294286317e-20
5.865063718630165567e+03 9.831439289551082354e-20 4.887526292287437291e-20
5.870069646563220886e+03 9.647197077531217874e-20 4.906517937927566587e-20
5.875075574496277113e+03 1.458995234874390109e-19 4.727043521772943481e-20
5.880081502429332431e+03 2.094874834356435030e-19 4.824481654289853691e-20
5.885087430362388659e+03 2.555101256354522797e-19 5.879045826336963670e-20
5.890093358295443977e+03 1.029308860991339275e-19 6.487525643469381599e-20
5.895099286228500205e+03 4.645481600393053830e-20 6.009351295371171582e-20
5.900105214161555523e+03 1.132612165120392799e-19 5.079616262753794143e-20
5.905111142094610841e+03 1.855418699370577921e-19 4.538661857826762568e-20
5.910117070027667069e+03 1.556306257697205930e-19 4.582860318220155597e-20
5.915122997960722387e+03 2.592611578468263437e-19 4.570386274430032651e-20
5.920128925893778614e+03 2.047299376348151487e-19 4.521398963875996146e-20
5.925134853826833933e+03 2.276798848742300680e-19 4.459802986063005577e-20
5.930140781759890160e+03 2.438307952739164830e-19 4.499295130697898847e-20
5.935146709692945478e+03 2.197330997229864890e-19 4.387745594781986544e-20
5.940152637626000796e+03 3.335411902991674092e-20 4.227632797674306515e-20
5.945158565559057024e+03 8.121332277588208174e-20 4.206240799675047794e-20
5.950164493492112342e+03 4.473682079199748968e-20 4.285124877936482421e-20
5.955170421425167660e+03 9.994812525008120524e-20 4.216051454556872083e-20
5.960176349358223888e+03 5.128687264619565855e-20 4.100440540898516912e-20
5.965182277291280116e+03 8.536469450049843729e-20 4.081169262424513912e-20
5.970188205224335434e+03 7.437720105986120034e-20 4.112420577579816480e-20
5.975194133157390752e+03 1.247826628685099604e-19 4.139567483577577656e-20
5.980200061090446980e+03 6.367930822937326730e-20 4.090293915580108272e-20
5.985205989023502298e+03 1.725944708737849448e-20 4.008456388165576482e-20
5.990211916956557616e+03 1.446400909264739468e-20 3.996450304308264829e-20
5.995217844889613843e+03 1.351089350112763494e-19 4.033487907577896084e-20
6.000223772822669162e+03 8.433802084434550955e-20 4.075433101825721831e-20
6.005229700755725389e+03 6.387865678561610219e-20 4.074501184675978891e-20
6.010235628688780707e+03 4.858958490505519601e-20 4.064368166648006321e-20
6.015241556621836935e+03 -2.100139797295818268e-20 4.073164006929292606e-20
6.020247484554892253e+03 7.485435409252703658e-20 4.071509439048260501e-20
6.025253412487947571e+03 3.698681357000967388e-20 4.032061342425861751e-20
6.030259340421003799e+03 1.815095499271480700e-19 3.996162287394708678e-20
6.035265268354059117e+03 1.367820042551818943e-19 3.931578251620584793e-20
6.040271196287115345e+03 9.243394314840816366e-20 3.885922501063600115e-20
6.045277124220170663e+03 1.147622281767293725e-19 3.818686145110232523e-20
6.050283052153226890e+03 1.873955634881644271e-19 3.802324997981712502e-20
6.055288980086282209e+03 1.151747111703367736e-19 3.789032819472664806e-20
6.060294908019337527e+03 8.017922695693984995e-20 3.769850162290302928e-20
6.065300835952393754e+03 7.690548503052412471e-20 3.753570774831433428e-20
6.070306763885449072e+03 1.179613758513027795e-19 3.708159956768966479e-20
6.075312691818505300e+03 -3.171339228996916365e-21 3.660330250844850650e-20
6.080318619751560618e+03 6.483597601413661867e-20 3.610004303334036778e-20
6.085324547684616846e+03 1.291424771933298108e-19 3.570594983549597089e-20
6.090330475617672164e+03 9.759073216789721110e-20 3.528322582545855273e-20
6.095336403550727482e+03 1.225176431277603879e-19 3.523741854443708648e-20
6.100342331483783710e+03 6.785250366304160548e-20 3.514755158492589593e-20
6.105348259416839028e+03 1.766946673121791171e-19 3.504626372495054719e-20
6.110354187349894346e+03 2.154315170969673346e-19 3.508662618608667972e-20
6.115360115282950574e+03 1.559767163958172936e-19 3.496139314581560824e-20
6.120366043216006801e+03 1.535011921090665366e-19 3.482812173607769255e-20
6.125371971149062119e+03 8.728835357295667683e-20 3.455491288684849915e-20
6.130377899082117438e+03 8.060919892355943968e-20 3.481826812803340986e-20
6.135383827015173665e+03 2.551183255243497161e-20 3.541620587068231425e-20
6.140389754948228983e+03 1.443397114593050603e-19 3.607596348822804596e-20
6.145395682881284301e+03 5.523854239309995821e-20 3.545313415323083702e-20
6.150401610814340529e+03 4.406715089426579959e-20 3.438305314082648089e-20
6.155407538747396757e+03 1.046353998016396802e-19 3.337964906797561062e-20
6.160413466680452075e+03 1.728754840476881474e-19 3.218484153485655033e-20
6.165419394613507393e+03 9.123082035247622136e-20 3.187220359400040585e-20
6.170425322546563621e+03 5.227807907754493083e-20 3.178117247843979487e-20
6.175431250479618939e+03 1.395774337450299162e-19 3.109401145854777220e-20
6.180437178412674257e+03 6.299614756321490494e-20 3.034361817272831397e-20
6.185443106345730484e+03 5.978921893622495743e-20 3.016509016310227646e-20
6.190449034278785803e+03 9.594296313315779461e-20 3.002638295437165196e-20
6.195454962211842030e+03 1.180589457908751640e-19 3.013839386007498606e-20
6.200460890144897348e+03 4.927279396970690037e-20 3.043135612196206381e-20
6.205466818077953576e+03 4.830821125187760599e-20 3.027616888777761446e-20
6.210472746011008894e+03 2.611884245610958711e-20 2.973496561426985708e-20
6.215478673944064212e+03 -2.334001140827506764e-20 2.994096180449820260e-20
6.220484601877120440e+03 5.360929940969161574e-21 3.000264810217469222e-20
6.225490529810175758e+03 5.525380613864423050e-20 3.015756172914167002e-20
6.230496457743231986e+03 4.894644512189180480e-20 3.255552107130285257e-20
6.235502385676287304e+03 1.777867256060502766e-19 3.424905209003258119e-20
6.240508313609343531e+03 8.147222466852035693e-20 3.361135190516903639e-20
6.245514241542398850e+03 7.309398315579402795e-20 3.131441488193854863e-20
6.250520169475454168e+03 1.699797676004554676e-20 3.182394357999312642e-20
6.255526097408510395e+03 4.721665965220076664e-20 3.441836210390217163e-20
6.260532025341565713e+03 3.407977638566643834e-20 3.592062561591051864e-20
6.265537953274621032e+03 9.838930340001948126e-20 3.441412366324657801e-20
6.270543881207677259e+03 1.527610726704286854e-19 3.431385038218631423e-20
6.275549809140733487e+03 7.781433126886422539e-20 3.381747435227764940e-20
6.280555737073788805e+03 5.902525680865448446e-21 3.439908272075398620e-20
6.285561665006844123e+03 5.826205971895738213e-20 3.507957294775304095e-20
6.290567592939900351e+03 5.084415793605578808e-20 3.767610884108549650e-20
6.295573520872955669e+03 -4.130955912216264701e-20 5.302588711805256519e-20
6.300579448806010987e+03 1.366252035760431701e-19 5.596249962998856171e-20
6.305585376739067215e+03 9.148548438764458551e-20 4.607444778959366004e-20
6.310591304672123442e+03 1.066497907038866590e-19 3.248883190113273543e-20
6.315597232605178760e+03 5.287762781578533230e-20 3.020839801986853346e-20
6.320603160538234079e+03 1.782711136995340014e-20 3.040839636290848887e-20
6.325609088471290306e+03 3.880546814024446130e-20 3.192449830159107546e-20
6.330615016404345624e+03 7.063285537864623041e-20 3.127452614569919889e-20
6.335620944337400942e+03 7.629114316090640475e-20 2.968861979989333814e-20
6.340626872270457170e+03 1.461637786082854342e-19 2.881060723691325586e-20
6.345632800203512488e+03 8.806553692992042814e-20 2.945862976543934579e-20
6.350638728136568716e+03 3.027814754964144235e-20 3.064316943869459348e-20
6.355644656069624034e+03 1.133243061117964983e-19 3.349119133653068774e-20
6.360650584002680262e+03 3.144842835306691942e-20 3.940695547838941140e-20
6.365656511935735580e+03 1.382525209721162590e-19 3.882984352614687706e-20
6.370662439868790898e+03 1.555583592735357027e-19 3.252185794207792132e-20
6.375668367801847126e+03 1.141106755941118194e-19 3.027489502731091843e-20
6.380674295734902444e+03 3.477595815614733757e-20 3.129989570966976740e-20
6.385680223667958671e+03 5.071902607674186953e-20 3.176286295939087312e-20
6.390686151601013989e+03 1.129665726455199975e-19 3.167079187819594241e-20
6.395692079534070217e+03 9.121646801417717837e-20 3.133796294048260657e-20
6.400698007467125535e+03 5.994596817426337915e-20 3.136069152754280911e-20
6.405703935400180853e+03 2.280777296050626212e-20 3.084606895018354083e-20
6.410709863333237081e+03 5.708910345215573385e-20 3.044002926647324025e-20
6.415715791266292399e+03 7.178969590744525372e-20 3.013500739399357171e-20
6.420721719199348627e+03 1.370410424194891792e-20 2.935021004056960316e-20
6.425727647132403945e+03 3.486596680489798835e-20 2.847393168186003415e-20
6.430733575065460172e+03 4.735960347347570234e-20 2.792196637806540133e-20
6.435739502998515491e+03 1.279996188821777286e-19 2.741665877191196936e-20
6.440745430931570809e+03 1.193944903652081699e-19 2.703681220288682601e-20
6.445751358864627036e+03 1.368833858980022052e-19 2.693984829435668744e-20
6.450757286797682355e+03 1.693090277733035202e-19 2.702936028285117639e-20
6.455763214730737673e+03 7.151431242133341394e-20 2.734397813529448989e-20
6.460769142663793900e+03 7.438194321691561432e-20 2.853332917551999123e-20
6.465775070596850128e+03 1.523989655191189567e-19 2.963419918642455516e-20
6.470780998529905446e+03 1.012642861316875518e-19 2.901346233131371935e-20
6.475786926462960764e+03 3.265088484359851165e-20 2.759010788093188061e-20
6.480792854396016992e+03 1.088875012007135766e-19 2.663777268315133056e-20
6.485798782329072310e+03 9.039572700563407486e-20 2.644752461547839890e-20
6.490804710262127628e+03 9.537770981323672290e-20 2.782925818846673141e-20
6.495810638195183856e+03 3.687582964205158799e-20 3.060732377531721316e-20
6.500816566128239174e+03 1.042392989123406175e-19 3.171247677466237356e-20
6.505822494061295401e+03 7.202908114976429374e-20 2.974522597875955508e-20
6.510828421994350720e+03 8.970308148405511990e-20 2.877157296846926527e-20
6.515834349927406947e+03 2.552955221256800060e-20 2.914403195112018892e-20
6.520840277860462265e+03 6.275176389331354134e-20 3.015286056281184262e-20
6.525846205793517584e+03 5.247332583133501462e-20 3.183728746783814143e-20
6.530852133726573811e+03 8.735140361584320136e-20 3.269984348475205701e-20
6.535858061659629129e+03 1.370243300310216686e-19 3.209291318254847547e-20
6.540863989592685357e+03 1.220501502838764901e-19 3.018966232481407740e-20
6.545869917525740675e+03 1.673337963841284453e-19 3.061529244897702520e-20
6.550875845458796903e+03 1.196105707059211226e-19 3.109456287883071860e-20
6.555881773391852221e+03 -3.572156848265179398e-22 3.121822870478132893e-20
6.560887701324907539e+03 4.069041522071517251e-20 2.953060173736220622e-20
6.565893629257963767e+03 1.083655094975302950e-20 2.912474631565087096e-20
6.570899557191019085e+03 3.656934479957145110e-20 2.856311468288097100e-20
6.575905485124075312e+03 1.412380203474392788e-20 2.837430124294477305e-20
6.580911413057130630e+03 4.537300901385247534e-20 2.760240533913896834e-20
6.585917340990186858e+03 9.069059224196462596e-20 2.570100001807273186e-20
6.590923268923242176e+03 9.825200208424009609e-20 2.583206539865364018e-20
6.595929196856297494e+03 1.280916416708677139e-19 2.631921750496332604e-20
6.600935124789353722e+03 1.222280975935283834e-19 2.699107622821493151e-20
6.605941052722409040e+03 1.363595524454518812e-19 2.660766520086976745e-20
6.610946980655464358e+03 1.198041236860500291e-19 2.573945947507438534e-20
6.615952908588520586e+03 5.387968023946859452e-20 2.547840045891042722e-20
6.620958836521576814e+03 4.961756431940497175e-20 2.586874777339130091e-20
6.625964764454632132e+03 7.042471564741028408e-20 2.644370210840596573e-20
6.630970692387687450e+03 2.256816681807541651e-20 2.717747823656524022e-20
6.635976620320743677e+03 8.003031290005665062e-20 2.731093422609597552e-20
6.640982548253798996e+03 1.518714882950650541e-19 2.719910083561512863e-20
6.645988476186854314e+03 4.048476906534772626e-20 2.745560012565928516e-20
6.650994404119910541e+03 1.907162342690424004e-20 2.787101487996515303e-20
6.656000332052965859e+03 4.320616329288779133e-20 2.813140753985334750e-20
6.661006259986022087e+03 6.291413186059097655e-20 2.807402194017125449e-20
6.666012187919077405e+03 6.080024358115198118e-20 2.758563699703035194e-20
6.671018115852133633e+03 5.910088479600651310e-20 2.686073533433441001e-20
6.676024043785188951e+03 1.491711940875320806e-20 2.605207945224784204e-20
6.681029971718244269e+03 1.226048300862144773e-19 2.571454724819659828e-20
6.686035899651300497e+03 4.112299380861003113e-20 2.529872980409526615e-20
6.691041827584355815e+03 1.260400838165524204e-19 2.502820288982508398e-20
6.696047755517412043e+03 7.621942604125819565e-20 2.492968410082559482e-20
6.701053683450467361e+03 6.769388360155478388e-20 2.481767017481877272e-20
6.706059611383523588e+03 1.262481832535464806e-19 2.457886271815030838e-20
6.711065539316578906e+03 9.124857728167051380e-20 2.428411122693591150e-20
6.716071467249634225e+03 7.017551649702641962e-20 2.425355070646821810e-20
6.721077395182690452e+03 9.562907743420504412e-20 2.417836020747825830e-20
6.726083323115745770e+03 7.999824262361064519e-20 2.417947889329706994e-20
6.731089251048801998e+03 4.846269308464364005e-20 2.423923124848619115e-20
6.736095178981857316e+03 1.966103979257813223e-19 2.456023178748952562e-20
6.741101106914913544e+03 2.276768340227114454e-18 2.586261697444516238e-20
6.746107034847968862e+03 5.229198555329515818e-18 2.775894428901582983e-20
6.751112962781024180e+03 4.667522578666763889e-18 2.763780694105305737e-20
6.756118890714080408e+03 2.365334098273174652e-18 2.647013030812921944e-20
6.761124818647135726e+03 1.045704140251253626e-18 2.599029030249102194e-20
6.766130746580191044e+03 5.598172643796703659e-19 2.603365090865581278e-20
6.771136674513247272e+03 3.906014870638272803e-19 2.625782936853741855e-20
6.776142602446303499e+03 3.264748470366968629e-19 2.667533943207607109e-20
6.781148530379358817e+03 2.680133925288835119e-19 2.717315928252831898e-20
6.786154458312414135e+03 2.578591058511535178e-19 2.707785072723649125e-20
6.791160386245470363e+03 2.918078927493402433e-19 2.644319545324140134e-20
6.796166314178525681e+03 2.021716421573629323e-19 2.581909099012964564e-20
6.801172242111580999e+03 2.340139406296598497e-19 2.537395806903640301e-20
6.806178170044637227e+03 2.658467144929149931e-19 2.502946776478562917e-20
6.811184097977693455e+03 2.481244397108860748e-19 2.456375384522408265e-20
6.816190025910748773e+03 2.158831695978214794e-19 2.438039329513048536e-20
6.821195953843804091e+03 2.236094086802574646e-19 2.656631831288639017e-20
6.826201881776860318e+03 2.038104130407918859e-19 3.102849399014269373e-20
6.831207809709915637e+03 1.184681506962318380e-19 3.280999830364497216e-20
6.836213737642970955e+03 1.418634104780345657e-19 2.985355504184346252e-20
6.841219665576027182e+03 2.292171511522537228e-19 2.573972155046634569e-20
6.846225593509082501e+03 1.379921559677961661e-19 2.431493774583361180e-20
6.851231521442138728e+03 1.405839122267911487e-19 2.360474821279725037e-20
6.856237449375194046e+03 1.766920761025428154e-19 2.673372136024695279e-20
6.861243377308250274e+03 1.987285187008847006e-19 3.432577585303853436e-20
6.866249305241305592e+03 1.326683144751563663e-19 3.809115523333856931e-20
6.871255233174360910e+03 1.961664868358058339e-19 3.215232422496053310e-20
6.876261161107417138e+03 2.911487533791947634e-19 2.980684002538635830e-20
6.881267089040473365e+03 2.815632374064922833e-19 2.980693862714992002e-20
6.886273016973527774e+03 2.348000879774198526e-19 3.142448242180150663e-20
6.891278944906584002e+03 2.831185629606888456e-19 3.143143018954131156e-20
6.896284872839640229e+03 2.415349998445330432e-19 3.182500917044407957e-20
6.901290800772695547e+03 3.626159326665362496e-19 3.187436484361308166e-20
6.906296728705750866e+03 3.047235804295997188e-19 3.235661274635925574e-20
6.911302656638807093e+03 3.133865040267041371e-19 3.137202970932163366e-20
6.916308584571862411e+03 1.893407809519759683e-19 3.277661354638253144e-20
6.921314512504917730e+03 2.783132857376163556e-19 3.208596752324440684e-20
6.926320440437973957e+03 2.402976320845073372e-19 3.033117931002462818e-20
6.931326368371030185e+03 3.173472394923383979e-19 2.663874606649241794e-20
6.936332296304085503e+03 2.844043083296442790e-19 2.705390343792623610e-20
6.941338224237140821e+03 1.842632112561321737e-19 2.868103616130010222e-20
6.946344152170197049e+03 2.352269003369588166e-19 2.989908568881456116e-20
6.951350080103252367e+03 2.790167656708373192e-19 2.868873094888011270e-20
6.956356008036307685e+03 1.654330588463427286e-19 2.469703353174089774e-20
6.961361935969363913e+03 2.035630289949764738e-19 2.400218589234922283e-20
6.966367863902420140e+03 2.397175906711535925e-19 2.502616121963965469e-20
6.971373791835475458e+03 2.469982966019985190e-19 2.645534214140639885e-20
6.976379719768530776e+03 2.128714093390291888e-19 2.705728468075444332e-20
6.981385647701587004e+03 2.043399894709005153e-19 2.636737361036343350e-20
6.986391575634642322e+03 2.033306164963852628e-19 2.393503809629456734e-20
6.991397503567697640e+03 2.565055780898039093e-19 2.368208653622298586e-20
6.996403431500753868e+03 2.087861708240018376e-19 2.417869326588200233e-20
7.001409359433810096e+03 2.169449284479239050e-19 2.501953573230660198e-20
7.006415287366865414e+03 2.284687020701606283e-19 2.622529845087443180e-20
7.011421215299920732e+03 2.708768731614570205e-19 2.608309311398158914e-20
7.016427143232976960e+03 2.855144611970029291e-19 2.544614220851821517e-20
7.021433071166032278e+03 2.133014871715884896e-19 2.474683036628702967e-20
7.026438999099087596e+03 1.939381452837616043e-19 2.533063943014322313e-20
7.031444927032143823e+03 2.559759923295721292e-19 2.585444278621501759e-20
7.036450854965200051e+03 1.661511764213517759e-19 2.655940365547712264e-20
7.041456782898254460e+03 2.198138216533280299e-19 2.782122108623175813e-20
7.046462710831310687e+03 2.179467681216754589e-19 2.811327572039509719e-20
7.051468638764366915e+03 1.823219793528119609e-19 2.734920555052697822e-20
7.056474566697422233e+03 2.327316319010098369e-19 2.567809649432593426e-20
7.061480494630477551e+03 2.649917487401740814e-19 2.526087002096929064e-20
7.066486422563533779e+03 2.065165020246054023e-19 2.508019530663621075e-20
7.071492350496589097e+03 2.338368322810792190e-19 2.473969863023732498e-20
7.076498278429644415e+03 2.040132371950449658e-19 2.450428331012597058e-20
7.081504206362700643e+03 2.637684287770454470e-19 2.446313230434801304e-20
7.086510134295756870e+03 2.348529198666367777e-19 2.441717751802751777e-20
7.091516062228812189e+03 2.003086039509364180e-19 2.379267087318811320e-20
7.096521990161867507e+03 1.683625953926422792e-19 2.312369920454472331e-20
7.101527918094923734e+03 1.976987305788292732e-19 2.292938051498158017e-20
7.106533846027979052e+03 2.306950947099659531e-19 2.301623899838009406e-20
7.111539773961034371e+03 2.156779369808275666e-19 2.308595719115047811e-20
7.116545701894090598e+03 1.735151455535743332e-19 2.302996514884044313e-20
7.121551629827146826e+03 2.216168991882360724e-19 2.338586374556203982e-20
7.126557557760202144e+03 2.283464192977684186e-19 2.384604662953122312e-20
7.131563485693257462e+03 2.283401831447363985e-19 2.416917656007864150e-20
7.136569413626313690e+03 2.579631183116247005e-19 2.463229173627364900e-20
7.141575341559369008e+03 2.303556057240815039e-19 2.537879865647157251e-20
7.146581269492424326e+03 1.988364387956253202e-19 2.596908436743543720e-20
7.151587197425480554e+03 1.899068788907298122e-19 2.581252484696020529e-20
7.156593125358536781e+03 2.044353803997356473e-19 2.602098182497166134e-20
7.161599053291592099e+03 2.085304436667768202e-19 2.674107784737973679e-20
7.166604981224647418e+03 2.264034193745053485e-19 2.705922962845662091e-20
7.171610909157703645e+03 2.140288017041373645e-19 2.675366201803986383e-20
7.176616837090758963e+03 1.965370570118370343e-19 2.634406109134244671e-20
7.181622765023814281e+03 2.231178030291247235e-19 2.555745586440955994e-20
7.186628692956870509e+03 1.621990506796600162e-19 2.461081667815116950e-20
7.191634620889926737e+03 1.958776888180030220e-19 2.394377066464437980e-20
7.196640548822981145e+03 1.778021905798314385e-19 2.364071794134733164e-20
7.201646476756037373e+03 2.121496498614455291e-19 2.332830843955911748e-20
7.206652404689093601e+03 2.279451640045156156e-19 2.314779276751213326e-20
7.211658332622148919e+03 2.314423156192235966e-19 2.288141422013916490e-20
7.216664260555204237e+03 2.245205985763931510e-19 2.292740366552516142e-20
7.221670188488260465e+03 2.224454656510873977e-19 2.320454615950023186e-20
7.226676116421315783e+03 1.820278662863056044e-19 2.339717099124332625e-20
7.231682044354371101e+03 2.865344790582093956e-19 2.702424105264708049e-20
7.236687972287427328e+03 2.656849912922184227e-19 3.636959583964457123e-20
7.241693900220483556e+03 1.972912660947241588e-19 4.168536897873087319e-20
7.246699828153538874e+03 1.032218545420724215e-19 3.758584048846644191e-20
7.251705756086594192e+03 2.157375702124589430e-19 3.004531794284621055e-20
7.256711684019650420e+03 1.976844077342993265e-19 2.668361260079637799e-20
7.261717611952705738e+03 9.762619405404212140e-20 2.510386569214429564e-20
7.266723539885761056e+03 1.010629390060387458e-19 2.725194674586649105e-20
7.271729467818817284e+03 1.201690677271090001e-19 3.878867514534418543e-20
7.276735395751873511e+03 2.984207181639719539e-19 4.269348792890715761e-20
7.281741323684928830e+03 2.591380354181762616e-19 3.989033767599641383e-20
7.286747251617984148e+03 2.343182742066212796e-19 3.353277189892735224e-20
7.291753179551040375e+03 1.611165661441214604e-19 3.034647874348536810e-20
7.296759107484095694e+03 1.357282803013538264e-19 3.081483250107490916e-20
7.301765035417151012e+03 2.138532309346384753e-19 3.119502036186238265e-20
7.306770963350207239e+03 2.120949098094510677e-19 3.142396193589029660e-20
7.311776891283263467e+03 2.071382282416194919e-19 3.688266120706502708e-20
7.316782819216318785e+03 2.171100886078098207e-19 3.692755464774263967e-20
7.321788747149374103e+03 2.743095368354690923e-19 3.238318910371689009e-20
7.326794675082430331e+03 2.296690247336260180e-19 2.988670159990348196e-20
7.331800603015485649e+03 2.608912434791015381e-19 3.140545778321602510e-20
7.336806530948540967e+03 1.881916196470106655e-19 3.685370169385075024e-20
7.341812458881597195e+03 1.709230404405278393e-19 3.703042102514342151e-20
7.346818386814653422e+03 1.745942536688903659e-19 2.996137738103330822e-20
7.351824314747707831e+03 1.295931178532241377e-19 2.678540224921640220e-20
7.356830242680764059e+03 1.738652633809570126e-19 2.874696701756441813e-20
7.361836170613820286e+03 2.007762872706491630e-19 3.190113325576595168e-20
7.366842098546875604e+03 2.122100458996482380e-19 3.458262577978559961e-20
7.371848026479930923e+03 2.748106321183777030e-19 3.356666566465680203e-20
7.376853954412987150e+03 2.072269341619941687e-19 2.604082621105715289e-20
7.381859882346043378e+03 2.027637183431438419e-19 2.389186894756760884e-20
7.386865810279097786e+03 2.226228283797397935e-19 2.684101851166130648e-20
7.391871738212154014e+03 2.113010001922240127e-19 2.863818052302421868e-20
7.396877666145210242e+03 1.848191544609201945e-19 3.283440647156570998e-20
7.401883594078265560e+03 2.710105586145864998e-19 3.271467901983409036e-20
7.406889522011320878e+03 2.516791853682924610e-19 3.003347220094301050e-20
7.411895449944377106e+03 2.806488668645724767e-19 2.607640818186498194e-20
7.416901377877432424e+03 2.336142354944897398e-19 2.631579963458228184e-20
7.421907305810487742e+03 2.761656102455484839e-19 2.713421404294828796e-20
7.426913233743543969e+03 2.153476769642470118e-19 2.855259398382468146e-20
7.431919161676600197e+03 2.411229230511757845e-19 3.030161995682460293e-20
7.436925089609655515e+03 2.972376462100593642e-19 3.002247229190104212e-20
7.441931017542710833e+03 1.802497800812564187e-19 2.824842720743875478e-20
7.446936945475767061e+03 1.552431194902161140e-19 2.438413563229231333e-20
7.451942873408822379e+03 2.049911973007378884e-19 2.385006701342192227e-20
7.456948801341877697e+03 1.611210997680429108e-19 2.437150460679067114e-20
7.461954729274933925e+03 1.963263114201041680e-19 2.580505003424105481e-20
7.466960657207990153e+03 2.898004228015538239e-19 2.788982458028793021e-20
7.471966585141045471e+03 2.519469140352059739e-19 2.888891425342403554e-20
7.476972513074100789e+03 2.491649152124744943e-19 3.006466958606277897e-20
7.481978441007157016e+03 2.435437375286843298e-19 2.871877006405101295e-20
7.486984368940212335e+03 1.922607982198504988e-19 2.660945125869849840e-20
7.491990296873267653e+03 2.003974302430393547e-19 2.438109443501559413e-20
7.496996224806323880e+03 2.582698745886889419e-19 2.390151519696830741e-20
7.502002152739380108e+03 2.380528504130845688e-19 2.323377418664304753e-20
7.507008080672435426e+03 2.261060631874727992e-19 2.324177940633294774e-20
7.512014008605490744e+03 2.093955868058710878e-19 2.418484027810042549e-20
7.517019936538546972e+03 2.031797261559955754e-19 2.953052415303184376e-20
7.522025864471602290e+03 2.001022304863545513e-19 3.454328153108384542e-20
7.527031792404657608e+03 2.440298484210024139e-19 3.491697838656588739e-20
7.532037720337713836e+03 1.827801512820687034e-19 2.936408789305296968e-20
7.537043648270770063e+03 2.083974176041254435e-19 2.707706048328932572e-20
7.542049576203824472e+03 2.648328900331028711e-19 2.659451604923993361e-20
7.547055504136880700e+03 2.041239052696466649e-19 2.656281397363572506e-20
7.552061432069936927e+03 2.183393535663399624e-19 2.798527935188390463e-20
7.557067360002992245e+03 2.162614020946976405e-19 2.806723773613937133e-20
7.562073287936047564e+03 2.034971687797542077e-19 2.799182263294207410e-20
7.567079215869103791e+03 2.347376576264478319e-19 3.161419972605642332e-20
7.572085143802159109e+03 2.264160059824380354e-19 3.206963848576466351e-20
7.577091071735214427e+03 2.047165867482625670e-19 2.848738104641772493e-20
7.582096999668270655e+03 2.720422084851164457e-19 2.636216264563208217e-20
7.587102927601326883e+03 2.267186420002966934e-19 2.603049868277641896e-20
7.592108855534382201e+03 2.127748595356877323e-19 3.911069817813372205e-20
7.597114783467437519e+03 9.695200577799930534e-20 5.125001985886374438e-20
7.602120711400493747e+03 1.278661349015741856e-19 5.600876210521377832e-20
7.607126639333549065e+03 1.103924812560503838e-19 4.626765672117205584e-20
7.612132567266604383e+03 1.771528145937319894e-19 3.894298098261057772e-20
7.617138495199660611e+03 2.088584865188114811e-19 3.743714826562481788e-20
7.622144423132716838e+03 2.895140948288348257e-19 4.136892727208992641e-20
7.627150351065772156e+03 1.921251360906918449e-19 4.253018415208099148e-20
7.632156278998827474e+03 2.313954793251299220e-19 4.035204800391699621e-20
7.637162206931883702e+03 1.607262193541930865e-19 3.527968824886533081e-20
7.642168134864939020e+03 1.873874720427876204e-19 3.284642831293288030e-20
7.647174062797994338e+03 1.965203461585142412e-19 3.171143744151086240e-20
7.652179990731050566e+03 1.880123724476125742e-19 3.062797853537732441e-20
7.657185918664106794e+03 2.359193656919584884e-19 3.124362227718140780e-20
7.662191846597162112e+03 1.960256668241047501e-19 3.053380445620277823e-20
7.667197774530217430e+03 2.168193509816499779e-19 2.887286427977908976e-20
7.672203702463273657e+03 1.821287710579591973e-19 2.696296618850124644e-20
7.677209630396328976e+03 2.214515801717796981e-19 2.715525613098335055e-20
7.682215558329384294e+03 1.902429729301481518e-19 2.741416301270058964e-20
7.687221486262440521e+03 1.510600338138984003e-19 2.753676475435429590e-20
7.692227414195496749e+03 1.570292977474065039e-19 2.742892879881029470e-20
7.697233342128551158e+03 1.643189302854308116e-19 2.713039040787100330e-20
7.702239270061607385e+03 2.307447555289036075e-19 2.725009513078283895e-20
7.707245197994663613e+03 2.516785048770013203e-19 3.705134728531219763e-20
7.712251125927718931e+03 2.848022335885751174e-19 4.688133958099654711e-20
7.717257053860774249e+03 1.913046391428875798e-19 4.570049834415956719e-20
7.722262981793830477e+03 7.537337355554691782e-20 3.634736676230153495e-20
7.727268909726885795e+03 1.019817443179541326e-19 2.940379974556977252e-20
7.732274837659941113e+03 1.686243485602950939e-19 2.662771063831487484e-20
7.737280765592997341e+03 1.945431561527016836e-19 2.550067338929895822e-20
7.742286693526053568e+03 1.878404345199804051e-19 3.079108448985987317e-20
7.747292621459108886e+03 1.884347941513518266e-19 4.136067728948062961e-20
7.752298549392164205e+03 2.457732539480453899e-19 4.347803731880104917e-20
7.757304477325220432e+03 2.511828978207015964e-19 3.659391659320900025e-20
7.762310405258275750e+03 1.288528957107625204e-19 3.161620997849315305e-20
7.767316333191331069e+03 1.512918666068606751e-19 3.066965862510676517e-20
7.772322261124387296e+03 6.998857652523354157e-20 3.304593408647702293e-20
7.777328189057443524e+03 7.251535662581511124e-20 3.479167374061291497e-20
7.782334116990498842e+03 1.845451462054314629e-19 3.186601395329973308e-20
7.787340044923554160e+03 2.096726110087621977e-19 3.675951745844685980e-20
7.792345972856610388e+03 1.804619966375766517e-19 4.247144053035006698e-20
7.797351900789665706e+03 2.393128204002103286e-19 4.085605537120445137e-20
7.802357828722721024e+03 2.337707844656377649e-19 3.466938396795303895e-20
7.807363756655777252e+03 2.085958798310179187e-19 3.597758534892080285e-20
7.812369684588833479e+03 2.304251465031812642e-19 3.741146527679282821e-20
7.817375612521888797e+03 1.735867749053300078e-19 4.453022244287738281e-20
7.822381540454944115e+03 1.966430774837244676e-19 4.406250607457436795e-20
7.827387468388000343e+03 2.451165606554440654e-19 3.426086568892877907e-20
7.832393396321055661e+03 2.231763759083085939e-19 2.758740345232675989e-20
7.837399324254110979e+03 1.544621532206398257e-19 3.110815625433160876e-20
7.842405252187167207e+03 2.530865051142689008e-19 3.273612842665989530e-20
7.847411180120223435e+03 3.208821835321675367e-19 4.041496888224961695e-20
7.852417108053277843e+03 2.138347881516325847e-19 4.519208442512590295e-20
7.857423035986334071e+03 2.042130423834413490e-19 4.368190026648647520e-20
7.862428963919390299e+03 2.741412610938356867e-19 3.724154394062964121e-20
7.867434891852445617e+03 2.358216366283125223e-19 3.660495598758197161e-20
7.872440819785500935e+03 1.649776355303635651e-19 3.681634611525419877e-20
7.877446747718557162e+03 1.463162070786260310e-19 3.479487401647350881e-20
7.882452675651613390e+03 1.668522586629401751e-19 3.631828119063461992e-20
7.887458603584667799e+03 1.472011156976276743e-19 3.746915526691770082e-20
7.892464531517724026e+03 8.935805476136316588e-20 3.554076101488748779e-20
7.897470459450780254e+03 1.662318119639953537e-19 2.840665329073765629e-20
7.902476387383835572e+03 1.699164177614488014e-19 2.727415116113984481e-20
7.907482315316890890e+03 2.005275184114686539e-19 4.124691259510534428e-20
7.912488243249947118e+03 8.231781804502380045e-20 5.022659612672659325e-20
7.917494171183002436e+03 1.238513435689264147e-19 5.182708416272577452e-20
7.922500099116057754e+03 2.770467265721918314e-19 4.183610153524643140e-20
7.927506027049113982e+03 1.771062808848631788e-19 3.973114122984838624e-20
7.932511954982170209e+03 1.847018289690809188e-19 3.699678734366275995e-20
7.937517882915225528e+03 1.983979286339524535e-19 3.219187845286508251e-20
7.942523810848280846e+03 2.045690641568134340e-19 3.202072183921212942e-20
7.947529738781337073e+03 1.888492754672617786e-19 3.388411774062701572e-20
7.952535666714392391e+03 1.507119916637581602e-19 3.173525815027046594e-20
7.957541594647447710e+03 1.399362664113994103e-19 3.556623659399385457e-20
7.962547522580503937e+03 2.095046713053178707e-19 4.241447453624270507e-20
7.967553450513560165e+03 1.793907990696077405e-19 4.068506477047152386e-20
7.972559378446615483e+03 1.665898285997588963e-19 3.370261419325889774e-20
7.977565306379670801e+03 1.868348155752116819e-19 3.412443454648549865e-20
7.982571234312727029e+03 1.762311853845178286e-19 3.313728358833952194e-20
7.987577162245782347e+03 1.418030371122093869e-19 3.864733324473968417e-20
7.992583090178837665e+03 1.540929703651300706e-20 4.254283015232975539e-20
7.997589018111893893e+03 2.292994563309274998e-19 3.835283085471649451e-20
8.002594946044950120e+03 1.407647712530084718e-19 2.729465127368438472e-20
8.007600873978005438e+03 1.880324957414147913e-19 2.906903623841257725e-20
8.012606801911060757e+03 1.463540411266650204e-19 3.195790700636973834e-20
8.017612729844116984e+03 1.709739347052883135e-19 3.526928161260462547e-20
8.022618657777172302e+03 2.192456524417491458e-19 4.041581606879026382e-20
8.027624585710227620e+03 1.062508203484494416e-19 4.055145118616507794e-20
8.032630513643283848e+03 1.831664449670184429e-19 3.230470532788133462e-20
8.037636441576340076e+03 1.784817160387337675e-19 2.719923184102153912e-20
8.042642369509394484e+03 2.098166251959918798e-19 2.778805940813302167e-20
8.047648297442450712e+03 1.787547432602958175e-19 3.113136575047487837e-20
8.052654225375506940e+03 1.584275730617606344e-19 3.323600299562880460e-20
8.057660153308562258e+03 1.421013329171890698e-19 3.744082810873381562e-20
8.062666081241617576e+03 2.542969355385028667e-19 3.718517802312636030e-20
8.067672009174673803e+03 2.150309137485124173e-19 3.275225255321774433e-20
8.072677937107729122e+03 1.919987771369743685e-19 2.839488223595844310e-20
8.077683865040784440e+03 2.090111327260138757e-19 2.823568730761563057e-20
8.082689792973840667e+03 2.132543804716078823e-19 2.797179066252672591e-20
8.087695720906896895e+03 1.466991181438066399e-19 2.834248388680575639e-20
8.092701648839952213e+03 1.971491410703214491e-19 2.853932848484279785e-20
8.097707576773007531e+03 1.772465960685951979e-19 3.030873801020997489e-20
8.102713504706063759e+03 1.476027199107876224e-19 2.948879246720540724e-20
8.107719432639119077e+03 1.500917470588119755e-19 2.751170801762220761e-20
8.112725360572174395e+03 1.504974909107700057e-19 2.519550501592503112e-20
8.117731288505230623e+03 1.195311336194979402e-19 2.503864880398490187e-20
8.122737216438286850e+03 1.577733379871169646e-19 2.513254645456243898e-20
8.127743144371342169e+03 1.356475538222067388e-19 2.558585669288707913e-20
8.132749072304397487e+03 1.538723509668010185e-19 2.650116584900221747e-20
8.137755000237453714e+03 1.312854227470111415e-19 2.735153922214955360e-20
8.142760928170509032e+03 1.810424949111510280e-19 2.821236159108339994e-20
8.147766856103564351e+03 1.590562479058153890e-19 2.779133642305902451e-20
8.152772784036620578e+03 1.930183684157859486e-19 2.684244417116352978e-20
8.157778711969676806e+03 1.604157778818107707e-19 2.631044955020113500e-20
8.162784639902732124e+03 1.487320939774485525e-19 2.659695838402291940e-20
8.167790567835787442e+03 1.410088885137124705e-19 2.696334236327659394e-20
8.172796495768843670e+03 1.720258670519170870e-19 2.723585758592470742e-20
8.177802423701898988e+03 1.812987121784127177e-19 2.780540593777273215e-20
8.182808351634954306e+03 1.801448086659529318e-19 2.887279838981269293e-20
8.187814279568010534e+03 1.654449388153403807e-19 2.976405157025686288e-20
8.192820207501066761e+03 1.490002153980569013e-19 2.999403274235065415e-20
8.197826135434121170e+03 1.694251851977196996e-19 2.916861688004328379e-20
8.202832063367177398e+03 1.833150414474974056e-19 2.840056131483649396e-20
8.207837991300233625e+03 2.111936304472164169e-19 2.804312257328510747e-20
8.212843919233288034e+03 1.850222464633792594e-19 2.744490327596774080e-20
8.217849847166344261e+03 1.721730386287510782e-19 2.699246658588991013e-20
8.222855775099400489e+03 1.288960054156675502e-19 2.646635256688722071e-20
8.227861703032456717e+03 1.288956316637003818e-19 2.600087427530529333e-20
8.232867630965511125e+03 1.539333057281697298e-19 2.579261949714024459e-20
8.237873558898567353e+03 1.687221143247883087e-19 2.616569434394254327e-20
8.242879486831623581e+03 1.551694348560860875e-19 2.643184524309652470e-20
8.247885414764677989e+03 1.826162682273991622e-19 2.642914558760002051e-20
8.252891342697734217e+03 1.885909080676302449e-19 2.623372619201263806e-20
8.257897270630790445e+03 1.412677678221385931e-19 2.604910029139375725e-20
8.262903198563846672e+03 2.199497865457064507e-19 2.614730494379002100e-20
8.267909126496901081e+03 1.741837673725528510e-19 2.670398370884870456e-20
8.272915054429957308e+03 8.912898484145628686e-20 3.336446010057195167e-20
8.277920982363013536e+03 1.509291412011204243e-19 4.301054265247052848e-20
8.282926910296067945e+03 1.218487203094373929e-19 5.124621528115934107e-20
8.287932838229124172e+03 1.790864031324636069e-19 4.993386507978165529e-20
8.292938766162180400e+03 2.117074364132307165e-19 5.282372037928323004e-20
8.297944694095236628e+03 1.574998712446855523e-19 5.067054997099653550e-20
8.302950622028291036e+03 5.769999060537344875e-20 4.631356847253934113e-20
8.307956549961347264e+03 2.642545795867549374e-19 3.844696941684964395e-20
8.312962477894403492e+03 2.144997613858182791e-19 3.756290144472328724e-20
8.317968405827457900e+03 1.295583584477236202e-19 3.269552703154239078e-20
8.322974333760514128e+03 9.814856881482581657e-20 2.995375138143347416e-20
8.327980261693570355e+03 1.029239977044511709e-19 2.891860201433626461e-20
8.332986189626626583e+03 1.620465678580846356e-19 3.112382717574680484e-20
8.337992117559680992e+03 2.159610882919457334e-19 5.321215375273341267e-20
8.342998045492737219e+03 1.469216115158264682e-19 6.449817618446240875e-20
8.348003973425793447e+03 2.555619188229263268e-19 6.356081469815458984e-20
8.353009901358847856e+03 6.605391927100312260e-20 4.566477475824192934e-20
8.358015829291904083e+03 1.216429934942153814e-19 3.888886598793958128e-20
8.363021757224960311e+03 1.965411677718341327e-19 3.397950381992052770e-20
8.368027685158016538e+03 1.776502749425892850e-19 3.179680435291453785e-20
8.373033613091070947e+03 1.198470469057322845e-19 2.994639311280970780e-20
8.378039541024127175e+03 7.458422698146782891e-20 3.646279423354198467e-20
8.383045468957181583e+03 1.354919121368357936e-19 3.755886820252146147e-20
8.388051396890237811e+03 1.853129409293979632e-19 3.373103807676099148e-20
8.393057324823294039e+03 1.660974686739242596e-19 4.595311432900734170e-20
8.398063252756350266e+03 1.904765555138151542e-19 5.377379968460834823e-20
8.403069180689406494e+03 2.818074035182941026e-19 4.893516765866762396e-20
8.408075108622460903e+03 1.579365917936705675e-19 3.660210254397486470e-20
8.413081036555517130e+03 2.015951477923032343e-19 4.070935824442399480e-20
8.418086964488571539e+03 2.733419750991667799e-19 4.088197290629474182e-20
8.423092892421627766e+03 1.800626572739868259e-19 4.840883638936560310e-20
8.428098820354683994e+03 1.862004333252409331e-19 6.165860255876754097e-20
8.433104748287740222e+03 2.041482961830484724e-19 5.962686263242055255e-20
8.438110676220796449e+03 1.099685116084422174e-19 3.824902122531612202e-20
8.443116604153850858e+03 1.648382852674526686e-19 3.512704136843242732e-20
8.448122532086907086e+03 1.805947324506032601e-19 4.348226379458823914e-20
8.453128460019961494e+03 -1.646611848194192204e-21 4.316456630149037958e-20
8.458134387953017722e+03 2.206324490746997310e-19 4.739302303708988009e-20
8.463140315886073950e+03 2.731245340557171593e-19 5.393727874176334495e-20
8.468146243819130177e+03 2.484211278104165972e-19 5.021237089617669771e-20
8.473152171752186405e+03 1.520205110903622819e-19 3.322948779273120228e-20
8.478158099685240813e+03 1.440216525883716848e-19 2.796904084073280739e-20
8.483164027618297041e+03 1.917295108527999605e-19 2.790659199954823776e-20
8.488169955551351450e+03 1.387815496905269910e-19 3.314199706325168727e-20
8.493175883484407677e+03 1.685211846021932688e-19 3.549173806265246726e-20
8.498181811417463905e+03 1.685083667912258350e-19 4.030578419784070694e-20
8.503187739350520133e+03 1.659911792220349983e-19 4.209128097988210476e-20
8.508193667283574541e+03 1.635468962554847825e-19 3.903519204787021218e-20
8.513199595216630769e+03 1.262256502611033223e-19 2.864494420393758304e-20
8.518205523149686996e+03 1.499154822602588342e-19 2.672403710058464958e-20
8.523211451082741405e+03 1.355140963460656475e-19 2.681169233051098439e-20
8.528217379015797633e+03 1.423158889587634120e-19 2.691649633003806152e-20
8.533223306948853860e+03 1.180259498680246608e-19 2.984362082923079295e-20
8.538229234881910088e+03 1.512239275488319721e-19 3.194494242206436499e-20
8.543235162814964497e+03 1.080054779391258322e-19 3.605212482570882580e-20
8.548241090748020724e+03 8.686394009585258143e-20 3.654580067949404042e-20
8.553247018681076952e+03 2.543339887449003474e-20 3.419619143938084944e-20
8.558252946614131361e+03 1.026999550686672553e-19 2.949566730346699217e-20
8.563258874547187588e+03 8.449425614246790911e-20 2.946851066247390782e-20
8.568264802480243816e+03 8.486837052603861602e-20 3.052849414391884845e-20
8.573270730413300043e+03 -2.178268470146709483e-21 3.093371652626915587e-20
8.578276658346354452e+03 1.245852704457012310e-20 3.049677474874263796e-20
8.583282586279410680e+03 2.680756742529738761e-20 3.126975410791824743e-20
8.588288514212466907e+03 8.074346063199469111e-20 3.209458376259985088e-20
8.593294442145521316e+03 1.213153144050275559e-19 3.276770535279628981e-20
8.598300370078577544e+03 1.033024709481741865e-19 3.146640637863585033e-20
8.603306298011633771e+03 1.879496585725385792e-19 2.998010950767275721e-20
8.608312225944689999e+03 2.072560026288049657e-19 3.116316672272887526e-20
8.613318153877744408e+03 1.932256344531829428e-19 3.623816092191663800e-20
8.618324081810800635e+03 2.066522169538692350e-19 4.265955460693345272e-20
8.623330009743856863e+03 1.013212867627426112e-19 4.827675240810960105e-20
8.628335937676911271e+03 1.179592326299393461e-19 5.037872914993082720e-20
8.633341865609967499e+03 1.538941137890627133e-19 4.801940730354075713e-20
8.638347793543023727e+03 1.667439517830200691e-19 4.190731032814068811e-20
8.643353721476079954e+03 1.979831356211172834e-19 3.943234484017448536e-20
8.648359649409134363e+03 1.716864552932508227e-19 4.409670892551880178e-20
8.653365577342190591e+03 1.664339907102025721e-19 5.012533473363960946e-20
8.658371505275246818e+03 1.985413714167833774e-19 5.179963975983865472e-20
8.663377433208301227e+03 1.878292100495590778e-19 5.086243684976901647e-20
8.668383361141357454e+03 9.972283256201784543e-20 4.802842759057292713e-20
8.673389289074413682e+03 2.179004241856514693e-19 4.492838233026841988e-20
8.678395217007469910e+03 1.341538736722699247e-19 4.144908864870438754e-20
8.683401144940524318e+03 9.289273487674808257e-20 3.820125874227539546e-20
8.688407072873580546e+03 1.570362223969856250e-19 3.608160802645727390e-20
8.693413000806636774e+03 1.802115636352332673e-19 3.513371857016996593e-20
8.698418928739691182e+03 1.452119005657362809e-19 3.496435126893387895e-20
8.703424856672747410e+03 1.257670766062720740e-19 3.466865357727835661e-20
8.708430784605803638e+03 1.860537723542680343e-19 3.285050730412408097e-20
8.713436712538859865e+03 1.526676331618401819e-19 3.102088682666202011e-20
8.718442640471914274e+03 1.448290445522416913e-19 3.008565820411090073e-20
8.723448568404970501e+03 1.422032588460283376e-19 2.991499359400676382e-20
8.728454496338024910e+03 1.564902942604618827e-19 2.947424597620920592e-20
8.733460424271081138e+03 1.562028527378819504e-19 2.925999397226642243e-20
8.738466352204137365e+03 1.552561589618504179e-19 2.942597386933310115e-20
8.743472280137193593e+03 1.627625818073973216e-19 2.932633229383962252e-20
8.748478208070249821e+03 1.557455486970537351e-19 3.019967254104023115e-20
8.753484136003304229e+03 2.062570531381847379e-19 4.246094432767656749e-20
8.758490063936360457e+03 3.265222301449163194e-19 5.791046000859865484e-20
8.763495991869414866e+03 1.758230486981240703e-19 6.895930135457823681e-20
8.768501919802471093e+03 2.754866075514697875e-19 6.474302324258702466e-20
8.773507847735527321e+03 8.445271382567938498e-20 6.541399525001327467e-20
8.778513775668583548e+03 2.239317420073951822e-19 6.004509772547058167e-20
8.783519703601639776e+03 2.508029414887868219e-19 4.986509258278127172e-20
8.788525631534694185e+03 1.553104033670243119e-19 4.257811820526321610e-20
8.793531559467750412e+03 1.994520088499358158e-19 4.144296098792236023e-20
8.798537487400804821e+03 1.165988058783354307e-19 3.397006687534377675e-20
8.803543415333861049e+03 1.135892582782451345e-19 3.203904059156220862e-20
8.808549343266917276e+03 1.090900068944705261e-19 3.315702313709867828e-20
8.813555271199973504e+03 1.397382821527824866e-19 3.391854466254710194e-20
8.818561199133029731e+03 2.474630809106562368e-19 5.426789097901608895e-20
8.823567127066084140e+03 2.989094759000527188e-19 8.701634484181699298e-20
8.828573054999140368e+03 4.012452106826752360e-20 9.409760914382725213e-20
8.833578982932194776e+03 7.627428886068784609e-20 7.713750303766031460e-20
8.838584910865251004e+03 1.054793609899701152e-19 5.948189504671107715e-20
8.843590838798307232e+03 8.661318176817406169e-20 4.630954438982699243e-20
8.848596766731363459e+03 2.039878991571480919e-19 4.231132486799028146e-20
8.853602694664417868e+03 1.879536498525417025e-19 3.931336546668591300e-20
8.858608622597474096e+03 9.436186397874705849e-20 3.830616034482216177e-20
8.863614550530530323e+03 2.622007578609008993e-19 4.842723737072169377e-20
8.868620478463584732e+03 9.357050367865462420e-20 4.813458797932818279e-20
8.873626406396640959e+03 1.334150657328011130e-19 3.952005889188050578e-20
8.878632334329697187e+03 8.186283849575392569e-20 5.295349887431826939e-20
8.883638262262753415e+03 1.120255286430278775e-19 6.914470211369475843e-20
8.888644190195807823e+03 1.109843099923185213e-20 6.627006827309796730e-20
8.893650118128864051e+03 -4.403689217207793787e-20 4.532054629275153646e-20
8.898656046061920279e+03 2.005538966474449428e-19 4.987504760707920801e-20
8.903661973994974687e+03 1.898998200796744496e-19 5.284133336004533270e-20
8.908667901928030915e+03 1.406618066136288224e-19 4.739003113664255043e-20
8.913673829861087142e+03 2.159117887551600069e-19 6.479325199054570624e-20
8.918679757794143370e+03 4.696462200907532791e-19 7.725148597610596853e-20
8.923685685727199598e+03 3.890063336380734368e-19 7.013526153651206539e-20
8.928691613660254006e+03 1.870987032925585606e-19 4.243909845174737385e-20
8.933697541593308415e+03 1.069812503199098380e-19 3.896737921249907886e-20
8.938703469526364643e+03 3.799586605756249185e-20 5.195164553229387619e-20
8.943709397459420870e+03 2.413164152007375043e-20 5.610935347317132441e-20
8.948715325392477098e+03 2.598259960548040816e-19 5.603317476398902336e-20
8.953721253325533326e+03 1.403209338852090846e-19 7.361842978567229915e-20
8.958727181258589553e+03 2.000369964412098214e-19 7.687495894400377002e-20
8.963733109191643962e+03 1.680200085711949546e-19 5.861661408564958880e-20
8.968739037124698370e+03 6.581096466390544929e-20 3.786872604862264870e-20
8.973744965057754598e+03 1.252587165991635176e-19 3.633359993217789902e-20
8.978750892990810826e+03 9.363405555404590132e-20 3.833747207201972122e-20
8.983756820923867053e+03 6.600145127208198866e-20 4.735571105295842849e-20
8.988762748856923281e+03 3.349462239813674946e-20 4.937681867830915739e-20
8.993768676789977690e+03 8.564522416368113893e-20 5.185746015481535837e-20
8.998774604723033917e+03 1.453704572181412991e-19 5.728977790948048755e-20
9.003780532656088326e+03 6.963466247040171323e-20 5.412935274987666193e-20
9.008786460589144554e+03 9.790492538594762746e-20 3.893419480467472738e-20
9.013792388522200781e+03 1.088461979124305485e-19 3.254136994825166784e-20
9.018798316455257009e+03 1.266658077465614113e-19 3.263219542603770081e-20
9.023804244388313236e+03 6.307825163242981431e-20 3.329619452453292666e-20
9.028810172321367645e+03 1.024672976498413875e-19 3.480631935202428795e-20
9.033816100254423873e+03 9.678540796231681911e-20 4.019265187616279596e-20
9.038822028187478281e+03 -8.148329605932912024e-21 4.228010801358243144e-20
9.043827956120534509e+03 1.187012074033041429e-19 4.727230492659958273e-20
9.048833884053590737e+03 7.714801444827274413e-20 4.909421452557065333e-20
9.053839811986646964e+03 5.719130566811033527e-20 4.657818673695349149e-20
9.058845739919703192e+03 1.278385844609448885e-19 3.933578128583809198e-20
9.063851667852757600e+03 1.193256070102153371e-19 3.948895898638165628e-20
9.068857595785813828e+03 1.019965903814525854e-19 4.047498623792950497e-20
9.073863523718868237e+03 1.371356270197036089e-19 3.926435033447962566e-20
9.078869451651924464e+03 1.393473454749963980e-19 4.015018047094185527e-20
9.083875379584980692e+03 1.393567758856656691e-19 4.167574814217975583e-20
9.088881307518036920e+03 1.604592728130096732e-19 4.473092505481278772e-20
9.093887235451093147e+03 2.437769052564735169e-19 4.606830041639693555e-20
9.098893163384147556e+03 1.603831682613181687e-19 4.709461123431763120e-20
9.103899091317203784e+03 1.667274003807681473e-19 4.466809031322528149e-20
9.108905019250258192e+03 3.233037828085503489e-20 3.977174170261552507e-20
9.113910947183314420e+03 1.269608680656398238e-19 3.654603298100060150e-20
9.118916875116370647e+03 1.313901507218360814e-19 3.598929763446090302e-20
9.123922803049426875e+03 1.321476841737988592e-19 3.589146661483049652e-20
9.128928730982483103e+03 1.466107440372857960e-19 3.600507309426502308e-20
9.133934658915537511e+03 9.586523868107425807e-20 3.648265483342274110e-20
9.138940586848593739e+03 1.492489143990086231e-19 3.643547827235748128e-20
9.143946514781648148e+03 1.197352584975507193e-19 3.774976739443073825e-20
9.148952442714704375e+03 1.173515292402324418e-19 4.059299705616337420e-20
9.153958370647760603e+03 1.325118595980030966e-19 4.258570840691500897e-20
9.158964298580816831e+03 1.142584039471566359e-19 4.283873764190220719e-20
9.163970226513873058e+03 1.874439639557502770e-19 4.213202609800381759e-20
9.168976154446927467e+03 1.555519112469895669e-19 4.009395336789521319e-20
9.173982082379983694e+03 1.373696747059957444e-19 3.894957291842145258e-20
9.178988010313038103e+03 1.339152214049441180e-19 3.910321557054282280e-20
9.183993938246094331e+03 1.752665920671485631e-19 3.966568678647690145e-20
9.188999866179150558e+03 9.235299162840083199e-20 4.004318426475354897e-20
9.194005794112206786e+03 8.078901556565479598e-20 4.111344942822589360e-20
9.199011722045263014e+03 1.407247868130598747e-19 4.130655753784529894e-20
9.204017649978317422e+03 1.541894556339045935e-19 4.227061493337126667e-20
9.209023577911373650e+03 9.515926124111116799e-20 4.382802794684849320e-20
9.214029505844428058e+03 7.997443833449198000e-20 4.525221753159519949e-20
9.219035433777484286e+03 6.399975565887586044e-20 4.687382769210904305e-20
9.224041361710540514e+03 1.229707320209682828e-19 4.642349726552932262e-20
9.229047289643596741e+03 9.364612048145866624e-20 4.407868878249679771e-20
9.234053217576652969e+03 7.426429579599393213e-20 4.083741117770507065e-20
9.239059145509707378e+03 7.070336042837636604e-20 3.952731210569259889e-20
9.244065073442761786e+03 1.468989267022776455e-19 4.104201213449153185e-20
9.249071001375818014e+03 2.137694617587793284e-19 4.186267117889312654e-20
9.254076929308874242e+03 6.591870713234925544e-20 4.282151370615119357e-20
9.259082857241930469e+03 5.302076542589976795e-21 3.182927847391067181e-20
9.264088785174986697e+03 1.820033608592796175e-21 1.845173364719217592e-20
9.269094713108042924e+03 4.059802326845208556e-23 0.000000000000000000e+00
9.274100641041097333e+03 0.000000000000000000e+00 0.000000000000000000e+00
9.279106568974151742e+03 0.000000000000000000e+00 0.000000000000000000e+00
9.284112496907207969e+03 0.000000000000000000e+00 0.000000000000000000e+00
9.289118424840264197e+03 0.000000000000000000e+00 0.000000000000000000e+00
9.294124352773320425e+03 0.000000000000000000e+00 0.000000000000000000e+00
9.299130280706376652e+03 0.000000000000000000e+00 0.000000000000000000e+00
9.304136208639432880e+03 0.000000000000000000e+00 0.000000000000000000e+00
9.309142136572487289e+03 0.000000000000000000e+00 0.000000000000000000e+00
9.314148064505541697e+03 0.000000000000000000e+00 0.000000000000000000e+00
9.319153992438597925e+03 0.000000000000000000e+00 0.000000000000000000e+00
9.324159920371654152e+03 0.000000000000000000e+00 0.000000000000000000e+00
9.329165848304710380e+03 0.000000000000000000e+00 0.000000000000000000e+00
9.334171776237766608e+03 0.000000000000000000e+00 0.000000000000000000e+00
9.339177704170821016e+03 0.000000000000000000e+00 0.000000000000000000e+00
9.344183632103877244e+03 0.000000000000000000e+00 0.000000000000000000e+00
9.349189560036931653e+03 0.000000000000000000e+00 0.000000000000000000e+00
9.354195487969987880e+03 0.000000000000000000e+00 0.000000000000000000e+00
9.359201415903044108e+03 0.000000000000000000e+00 0.000000000000000000e+00
9.364207343836100335e+03 0.000000000000000000e+00 0.000000000000000000e+00
9.369213271769156563e+03 0.000000000000000000e+00 0.000000000000000000e+00
9.374219199702210972e+03 0.000000000000000000e+00 0.000000000000000000e+00
9.379225127635267199e+03 0.000000000000000000e+00 0.000000000000000000e+00
9.384231055568321608e+03 0.000000000000000000e+00 0.000000000000000000e+00
9.389236983501377836e+03 0.000000000000000000e+00 0.000000000000000000e+00
9.394242911434434063e+03 0.000000000000000000e+00 0.000000000000000000e+00
9.399248839367490291e+03 0.000000000000000000e+00 0.000000000000000000e+00
9.404254767300546519e+03 0.000000000000000000e+00 0.000000000000000000e+00
9.409260695233600927e+03 0.000000000000000000e+00 0.000000000000000000e+00
9.414266623166657155e+03 0.000000000000000000e+00 0.000000000000000000e+00
9.419272551099711563e+03 0.000000000000000000e+00 0.000000000000000000e+00
9.424278479032767791e+03 0.000000000000000000e+00 0.000000000000000000e+00
9.429284406965824019e+03 0.000000000000000000e+00 0.000000000000000000e+00
9.434290334898880246e+03 0.000000000000000000e+00 0.000000000000000000e+00
9.439296262831936474e+03 0.000000000000000000e+00 0.000000000000000000e+00
9.444302190764990883e+03 0.000000000000000000e+00 0.000000000000000000e+00
9.449308118698047110e+03 0.000000000000000000e+00 0.000000000000000000e+00
9.454314046631101519e+03 0.000000000000000000e+00 0.000000000000000000e+00
9.459319974564157746e+03 0.000000000000000000e+00 0.000000000000000000e+00
9.464325902497213974e+03 0.000000000000000000e+00 0.000000000000000000e+00
9.469331830430270202e+03 0.000000000000000000e+00 0.000000000000000000e+00
9.474337758363326429e+03 0.000000000000000000e+00 0.000000000000000000e+00
9.479343686296380838e+03 0.000000000000000000e+00 0.000000000000000000e+00
9.484349614229437066e+03 0.000000000000000000e+00 0.000000000000000000e+00
9.489355542162491474e+03 0.000000000000000000e+00 0.000000000000000000e+00
9.494361470095547702e+03 0.000000000000000000e+00 0.000000000000000000e+00
9.499367398028603930e+03 0.000000000000000000e+00 0.000000000000000000e+00
9.504373325961660157e+03 0.000000000000000000e+00 0.000000000000000000e+00
9.509379253894716385e+03 0.000000000000000000e+00 0.000000000000000000e+00
9.514385181827770793e+03 0.000000000000000000e+00 0.000000000000000000e+00
9.519391109760827021e+03 0.000000000000000000e+00 0.000000000000000000e+00
9.524397037693881430e+03 0.000000000000000000e+00 0.000000000000000000e+00
9.529402965626937657e+03 0.000000000000000000e+00 0.000000000000000000e+00
9.534408893559993885e+03 0.000000000000000000e+00 0.000000000000000000e+00
9.539414821493050113e+03 0.000000000000000000e+00 0.000000000000000000e+00
9.544420749426106340e+03 0.000000000000000000e+00 0.000000000000000000e+00
9.549426677359160749e+03 0.000000000000000000e+00 0.000000000000000000e+00
9.554432605292216977e+03 0.000000000000000000e+00 0.000000000000000000e+00
9.559438533225271385e+03 0.000000000000000000e+00 0.000000000000000000e+00
9.564444461158327613e+03 0.000000000000000000e+00 0.000000000000000000e+00
9.569450389091383840e+03 0.000000000000000000e+00 0.000000000000000000e+00
9.574456317024440068e+03 0.000000000000000000e+00 0.000000000000000000e+00
9.579462244957496296e+03 0.000000000000000000e+00 0.000000000000000000e+00
9.584468172890550704e+03 0.000000000000000000e+00 0.000000000000000000e+00
9.589474100823605113e+03 0.000000000000000000e+00 0.000000000000000000e+00
9.594480028756661341e+03 0.000000000000000000e+00 0.000000000000000000e+00
9.599485956689717568e+03 0.000000000000000000e+00 0.000000000000000000e+00
9.604491884622773796e+03 0.000000000000000000e+00 0.000000000000000000e+00
9.609497812555830023e+03 0.000000000000000000e+00 0.000000000000000000e+00
9.614503740488886251e+03 0.000000000000000000e+00 0.000000000000000000e+00
9.619509668421940660e+03 0.000000000000000000e+00 0.000000000000000000e+00
9.624515596354995068e+03 0.000000000000000000e+00 0.000000000000000000e+00
9.629521524288051296e+03 0.000000000000000000e+00 0.000000000000000000e+00
9.634527452221107524e+03 0.000000000000000000e+00 0.000000000000000000e+00
9.639533380154163751e+03 0.000000000000000000e+00 0.000000000000000000e+00
9.644539308087219979e+03 0.000000000000000000e+00 0.000000000000000000e+00
9.649545236020274388e+03 0.000000000000000000e+00 0.000000000000000000e+00
9.654551163953330615e+03 0.000000000000000000e+00 0.000000000000000000e+00
9.659557091886385024e+03 0.000000000000000000e+00 0.000000000000000000e+00
9.664563019819441251e+03 0.000000000000000000e+00 0.000000000000000000e+00
9.669568947752497479e+03 0.000000000000000000e+00 0.000000000000000000e+00
9.674574875685553707e+03 0.000000000000000000e+00 0.000000000000000000e+00
9.679580803618609934e+03 0.000000000000000000e+00 0.000000000000000000e+00
9.684586731551664343e+03 0.000000000000000000e+00 0.000000000000000000e+00
9.689592659484720571e+03 0.000000000000000000e+00 0.000000000000000000e+00
9.694598587417774979e+03 0.000000000000000000e+00 0.000000000000000000e+00
9.699604515350831207e+03 0.000000000000000000e+00 0.000000000000000000e+00
9.704610443283887435e+03 0.000000000000000000e+00 0.000000000000000000e+00
9.709616371216943662e+03 0.000000000000000000e+00 0.000000000000000000e+00
9.714622299149999890e+03 0.000000000000000000e+00 0.000000000000000000e+00
9.719628227083054298e+03 0.000000000000000000e+00 0.000000000000000000e+00
9.724634155016110526e+03 0.000000000000000000e+00 0.000000000000000000e+00
9.729640082949164935e+03 0.000000000000000000e+00 0.000000000000000000e+00
9.734646010882221162e+03 0.000000000000000000e+00 0.000000000000000000e+00
9.739651938815277390e+03 0.000000000000000000e+00 0.000000000000000000e+00
9.744657866748333618e+03 0.000000000000000000e+00 0.000000000000000000e+00
9.749663794681389845e+03 0.000000000000000000e+00 0.000000000000000000e+00
9.754669722614444254e+03 0.000000000000000000e+00 0.000000000000000000e+00
9.759675650547500481e+03 0.000000000000000000e+00 0.000000000000000000e+00
9.764681578480554890e+03 0.000000000000000000e+00 0.000000000000000000e+00
9.769687506413611118e+03 0.000000000000000000e+00 0.000000000000000000e+00
9.774693434346667345e+03 0.000000000000000000e+00 0.000000000000000000e+00
9.779699362279723573e+03 0.000000000000000000e+00 0.000000000000000000e+00
9.784705290212779801e+03 0.000000000000000000e+00 0.000000000000000000e+00
9.789711218145834209e+03 0.000000000000000000e+00 0.000000000000000000e+00
9.794717146078890437e+03 0.000000000000000000e+00 0.000000000000000000e+00
9.799723074011944846e+03 0.000000000000000000e+00 0.000000000000000000e+00
9.804729001945001073e+03 0.000000000000000000e+00 0.000000000000000000e+00
9.809734929878057301e+03 0.000000000000000000e+00 0.000000000000000000e+00
9.814740857811113528e+03 0.000000000000000000e+00 0.000000000000000000e+00
9.819746785744169756e+03 0.000000000000000000e+00 0.000000000000000000e+00
9.824752713677224165e+03 0.000000000000000000e+00 0.000000000000000000e+00
9.829758641610280392e+03 0.000000000000000000e+00 0.000000000000000000e+00
9.834764569543334801e+03 0.000000000000000000e+00 0.000000000000000000e+00
9.839770497476391029e+03 0.000000000000000000e+00 0.000000000000000000e+00
9.844776425409447256e+03 0.000000000000000000e+00 0.000000000000000000e+00
9.849782353342503484e+03 0.000000000000000000e+00 0.000000000000000000e+00
9.854788281275559712e+03 0.000000000000000000e+00 0.000000000000000000e+00
9.859794209208614120e+03 0.000000000000000000e+00 0.000000000000000000e+00
9.864800137141670348e+03 0.000000000000000000e+00 0.000000000000000000e+00
9.869806065074724756e+03 0.000000000000000000e+00 0.000000000000000000e+00
9.874811993007780984e+03 0.000000000000000000e+00 0.000000000000000000e+00
9.879817920940837212e+03 0.000000000000000000e+00 0.000000000000000000e+00
9.884823848873893439e+03 0.000000000000000000e+00 0.000000000000000000e+00
9.889829776806949667e+03 0.000000000000000000e+00 0.000000000000000000e+00
9.894835704740004076e+03 0.000000000000000000e+00 0.000000000000000000e+00
9.899841632673058484e+03 0.000000000000000000e+00 0.000000000000000000e+00
9.904847560606114712e+03 0.000000000000000000e+00 0.000000000000000000e+00
9.909853488539170939e+03 0.000000000000000000e+00 0.000000000000000000e+00
9.914859416472227167e+03 0.000000000000000000e+00 0.000000000000000000e+00
9.919865344405283395e+03 0.000000000000000000e+00 0.000000000000000000e+00
9.924871272338339622e+03 0.000000000000000000e+00 0.000000000000000000e+00
9.929877200271394031e+03 0.000000000000000000e+00 0.000000000000000000e+00
9.934883128204448440e+03 0.000000000000000000e+00 0.000000000000000000e+00
9.939889056137504667e+03 0.000000000000000000e+00 0.000000000000000000e+00
9.944894984070560895e+03 0.000000000000000000e+00 0.000000000000000000e+00
9.949900912003617123e+03 0.000000000000000000e+00 0.000000000000000000e+00
9.954906839936673350e+03 0.000000000000000000e+00 0.000000000000000000e+00
9.959912767869729578e+03 0.000000000000000000e+00 0.000000000000000000e+00
9.964918695802783986e+03 0.000000000000000000e+00 0.000000000000000000e+00
9.969924623735838395e+03 0.000000000000000000e+00 0.000000000000000000e+00
9.974930551668894623e+03 0.000000000000000000e+00 0.000000000000000000e+00
9.979936479601950850e+03 0.000000000000000000e+00 0.000000000000000000e+00
9.984942407535007078e+03 0.000000000000000000e+00 0.000000000000000000e+00
9.989948335468063306e+03 0.000000000000000000e+00 0.000000000000000000e+00
9.994954263401117714e+03 0.000000000000000000e+00 0.000000000000000000e+00
9.999960191334173942e+03 0.000000000000000000e+00 0.000000000000000000e+00
1.000496611926722835e+04 0.000000000000000000e+00 0.000000000000000000e+00
1.000997204720028458e+04 0.000000000000000000e+00 0.000000000000000000e+00
1.001497797513334081e+04 0.000000000000000000e+00 0.000000000000000000e+00
1.001998390306639703e+04 0.000000000000000000e+00 0.000000000000000000e+00
1.002498983099945326e+04 0.000000000000000000e+00 0.000000000000000000e+00
1.002999575893250767e+04 0.000000000000000000e+00 0.000000000000000000e+00
1.003500168686556390e+04 0.000000000000000000e+00 0.000000000000000000e+00
1.004000761479861831e+04 0.000000000000000000e+00 0.000000000000000000e+00
1.004501354273167453e+04 0.000000000000000000e+00 0.000000000000000000e+00
1.005001947066473076e+04 0.000000000000000000e+00 0.000000000000000000e+00
1.005502539859778699e+04 0.000000000000000000e+00 0.000000000000000000e+00
1.006003132653084322e+04 0.000000000000000000e+00 0.000000000000000000e+00
1.006503725446389763e+04 0.000000000000000000e+00 0.000000000000000000e+00
1.007004318239695385e+04 0.000000000000000000e+00 0.000000000000000000e+00
1.007504911033000826e+04 0.000000000000000000e+00 0.000000000000000000e+00
1.008005503826306449e+04 0.000000000000000000e+00 0.000000000000000000e+00
1.008506096619612072e+04 0.000000000000000000e+00 0.000000000000000000e+00
1.009006689412917694e+04 0.000000000000000000e+00 0.000000000000000000e+00
1.009507282206223317e+04 0.000000000000000000e+00 0.000000000000000000e+00
1.010007874999528758e+04 0.000000000000000000e+00 0.000000000000000000e+00
1.010508467792834381e+04 0.000000000000000000e+00 0.000000000000000000e+00
1.011009060586139822e+04 0.000000000000000000e+00 0.000000000000000000e+00
1.011509653379445444e+04 0.000000000000000000e+00 0.000000000000000000e+00
1.012010246172751067e+04 0.000000000000000000e+00 0.000000000000000000e+00
1.012510838966056690e+04 0.000000000000000000e+00 0.000000000000000000e+00
1.013011431759362313e+04 0.000000000000000000e+00 0.000000000000000000e+00
1.013512024552667754e+04 0.000000000000000000e+00 0.000000000000000000e+00
1.014012617345973376e+04 0.000000000000000000e+00 0.000000000000000000e+00
1.014513210139278817e+04 0.000000000000000000e+00 0.000000000000000000e+00
1.015013802932584440e+04 0.000000000000000000e+00 0.000000000000000000e+00
1.015514395725890063e+04 0.000000000000000000e+00 0.000000000000000000e+00
1.016014988519195686e+04 0.000000000000000000e+00 0.000000000000000000e+00
1.016515581312501308e+04 0.000000000000000000e+00 0.000000000000000000e+00
1.017016174105806749e+04 0.000000000000000000e+00 0.000000000000000000e+00
1.017516766899112372e+04 0.000000000000000000e+00 0.000000000000000000e+00
1.018017359692417813e+04 0.000000000000000000e+00 0.000000000000000000e+00
1.018517952485723436e+04 0.000000000000000000e+00 0.000000000000000000e+00
1.019018545279029058e+04 0.000000000000000000e+00 0.000000000000000000e+00
1.019519138072334681e+04 0.000000000000000000e+00 0.000000000000000000e+00
1.020019730865640304e+04 0.000000000000000000e+00 0.000000000000000000e+00
1.020520323658945745e+04 0.000000000000000000e+00 0.000000000000000000e+00
1.021020916452251367e+04 0.000000000000000000e+00 0.000000000000000000e+00
1.021521509245556808e+04 0.000000000000000000e+00 0.000000000000000000e+00
1.022022102038862431e+04 0.000000000000000000e+00 0.000000000000000000e+00
1.022522694832168054e+04 0.000000000000000000e+00 0.000000000000000000e+00
1.023023287625473677e+04 0.000000000000000000e+00 0.000000000000000000e+00
1.023523880418779299e+04 0.000000000000000000e+00 0.000000000000000000e+00
1.024024473212084740e+04 0.000000000000000000e+00 0.000000000000000000e+00
1.024525066005390181e+04 0.000000000000000000e+00 0.000000000000000000e+00
1.025025658798695804e+04 0.000000000000000000e+00 0.000000000000000000e+00
1.025526251592001427e+04 0.000000000000000000e+00 0.000000000000000000e+00
1.026026844385307049e+04 0.000000000000000000e+00 0.000000000000000000e+00
1.026527437178612672e+04 0.000000000000000000e+00 0.000000000000000000e+00
1.027028029971918295e+04 0.000000000000000000e+00 0.000000000000000000e+00
1.027528622765223736e+04 0.000000000000000000e+00 0.000000000000000000e+00
1.028029215558529177e+04 0.000000000000000000e+00 0.000000000000000000e+00
1.028529808351834799e+04 0.000000000000000000e+00 0.000000000000000000e+00
1.029030401145140422e+04 0.000000000000000000e+00 0.000000000000000000e+00
1.029530993938446045e+04 0.000000000000000000e+00 0.000000000000000000e+00
