#  wl flam flam_err
4.803806996822357178e+03 2.651179985765855396e-19 4.323480485396488223e-19
4.808812924755412496e+03 -5.639553871151495760e-20 3.890591658903245453e-19
4.813818852688468723e+03 -1.137318527130611025e-19 3.560377935708679296e-19
4.818824780621524042e+03 3.772602909712686102e-19 3.313193867690334180e-19
4.823830708554580269e+03 1.000142294067497516e-19 3.082429800664326997e-19
4.828836636487635587e+03 1.662880458907766062e-19 2.827858016153479702e-19
4.833842564420691815e+03 1.132811349756580586e-19 2.542985775687678998e-19
4.838848492353747133e+03 1.080249123577247285e-19 2.300450102713636722e-19
4.843854420286802451e+03 -1.259231470774812587e-19 2.110450363823984741e-19
4.848860348219858679e+03 -4.941983105647018830e-21 1.947357262710837484e-19
4.853866276152913997e+03 -8.347359478007517175e-20 1.797242755380561086e-19
4.858872204085970225e+03 7.308816069852741745e-20 1.661152199142069914e-19
4.863878132019025543e+03 1.844082177341243063e-19 1.570930890632089319e-19
4.868884059952080861e+03 1.555340807726125203e-19 1.485810259725064023e-19
4.873889987885137089e+03 -2.025451757188974015e-21 1.371582133453164453e-19
4.878895915818192407e+03 2.273655929372158500e-19 1.260647036925755187e-19
4.883901843751248634e+03 7.975204190053889770e-20 1.169431164739453472e-19
4.888907771684303952e+03 -5.402885328319466215e-22 1.107544881255411388e-19
4.893913699617360180e+03 -2.951622351609767266e-20 1.052364768388784070e-19
4.898919627550415498e+03 4.517954798749011125e-21 9.874340590847857170e-20
4.903925555483470816e+03 3.003052845960896689e-20 9.266199795255775289e-20
4.908931483416527044e+03 5.550712769288628654e-20 8.787947015888084194e-20
4.913937411349582362e+03 -1.144614787655463851e-19 8.494560729986796622e-20
4.918943339282638590e+03 1.817310671502620593e-19 8.183821760357442667e-20
4.923949267215693908e+03 1.251778301666991404e-19 7.862475370133973654e-20
4.928955195148750136e+03 1.018088008331947058e-19 7.511500315889280208e-20
4.933961123081805454e+03 1.654630538032766476e-19 7.276003489189906033e-20
4.938967051014860772e+03 5.067155040864430167e-20 7.222247598431483247e-20
4.943972978947916999e+03 -2.122346397127391998e-20 7.163219575678338654e-20
4.948978906880972318e+03 6.746872401435101553e-20 7.066529797714000596e-20
4.953984834814028545e+03 4.857482043775158107e-20 6.941377456264545989e-20
4.958990762747083863e+03 8.962392842268269861e-20 6.957435348793675204e-20
4.963996690680139181e+03 2.082627970002571492e-20 7.026019162730929720e-20
4.969002618613195409e+03 2.399551835587525732e-20 7.038945768882785934e-20
4.974008546546250727e+03 4.628586871736677721e-20 6.828186100481915555e-20
4.979014474479306955e+03 4.318327691926836412e-20 6.526706708897106780e-20
4.984020402412362273e+03 2.993966155247704696e-20 6.293167836511248828e-20
4.989026330345418501e+03 -1.273174649721031499e-20 6.185019823835965903e-20
4.994032258278473819e+03 4.229964900998709862e-20 5.966591427486894964e-20
4.999038186211529137e+03 4.137017803217307246e-20 5.598260047021456261e-20
5.004044114144585365e+03 5.472424048554558092e-20 5.188185171558148463e-20
5.009050042077640683e+03 2.978121049461682995e-20 4.923193090188717247e-20
5.014055970010696910e+03 6.939102733004953090e-21 4.774952007708595076e-20
5.019061897943752228e+03 -6.395132158238143081e-20 4.684342682234391155e-20
5.024067825876807547e+03 -3.587483129248497921e-20 4.565187614578736117e-20
5.029073753809863774e+03 5.732229352035033986e-20 4.483647836862799782e-20
5.034079681742919092e+03 3.319662498358627342e-20 4.463409714080309652e-20
5.039085609675975320e+03 5.639684997201097414e-20 4.507810913902618235e-20
5.044091537609030638e+03 2.687137085382343493e-20 4.546384191277205596e-20
5.049097465542086866e+03 6.504310623513148133e-20 4.508550189074391405e-20
5.054103393475142184e+03 5.706888927173499905e-20 4.414494590517047548e-20
5.059109321408197502e+03 4.710869067078964203e-21 4.333062442273972202e-20
5.064115249341253730e+03 -1.202295977520610378e-20 4.287703387471647671e-20
5.069121177274309048e+03 5.071019414427106141e-21 4.209537291314571329e-20
5.074127105207365275e+03 1.041140565607918786e-20 4.053631276551700123e-20
5.079133033140420594e+03 1.851605092807691108e-20 3.872303700458864441e-20
5.084138961073476821e+03 2.195583892465235133e-22 3.772965868389363859e-20
5.089144889006532139e+03 3.901233847411511092e-20 3.755354397649271542e-20
5.094150816939587457e+03 5.660587499540246609e-20 3.744808040226366078e-20
5.099156744872643685e+03 1.670456414538480319e-20 3.679798288422777248e-20
5.104162672805699003e+03 3.078961664501238343e-20 3.596747578900581713e-20
5.109168600738755231e+03 -8.794183099302221735e-21 3.591711842805298999e-20
5.114174528671810549e+03 5.760326327401737000e-20 3.676140471545663310e-20
5.119180456604865867e+03 4.844004693153355853e-20 3.793444432356326088e-20
5.124186384537922095e+03 1.143419011131564220e-19 3.797268359098518529e-20
5.129192312470977413e+03 6.150017945915376914e-20 3.688059640992501552e-20
5.134198240404033641e+03 4.898005467959544865e-20 3.589111729154543148e-20
5.139204168337088959e+03 3.581520594720470686e-20 3.553654414558049271e-20
5.144210096270145186e+03 2.095561636486646227e-20 3.520677467752340239e-20
5.149216024203200504e+03 1.539363722561289706e-20 3.468628467438535448e-20
5.154221952136255823e+03 4.768555856010797920e-20 3.324353320735194952e-20
5.159227880069312050e+03 4.368011710620087471e-20 3.138208071822934689e-20
5.164233808002367368e+03 4.852059694056203300e-20 2.967552175330694561e-20
5.169239735935423596e+03 2.347832885818642949e-20 2.881835302308267836e-20
5.174245663868478914e+03 3.265102772822119058e-20 2.823035755118352910e-20
5.179251591801534232e+03 3.473459483706705498e-20 2.727359798030820140e-20
5.184257519734590460e+03 6.463122996579014552e-20 2.644450150389383803e-20
5.189263447667645778e+03 5.447035882606143783e-20 2.608898977106846882e-20
5.194269375600702006e+03 3.439884889925554531e-20 2.689215787686558800e-20
5.199275303533757324e+03 -3.813033758926651314e-20 2.795015312917576729e-20
5.204281231466813551e+03 2.898323128790065674e-20 2.799321241316498999e-20
5.209287159399868870e+03 9.006205850267036298e-20 2.739984409356807404e-20
5.214293087332924188e+03 3.153067643711156082e-20 2.722249333969687937e-20
5.219299015265980415e+03 2.980403954471771435e-20 2.776121612044562213e-20
5.224304943199035733e+03 -5.240219664603712629e-21 2.864178632962980236e-20
5.229310871132091961e+03 -2.234434885040469067e-20 2.950686546493492483e-20
5.234316799065147279e+03 3.150011132182282290e-20 2.982308720470402782e-20
5.239322726998203507e+03 5.743193108535461870e-20 2.952867007618177508e-20
5.244328654931258825e+03 4.606059727228254329e-20 2.878219236131585715e-20
5.249334582864314143e+03 1.899316361343679675e-20 2.863439376575383806e-20
5.254340510797370371e+03 6.433248806394703790e-20 2.861703260701374926e-20
5.259346438730425689e+03 3.278267127218473680e-20 2.749935762412510256e-20
5.264352366663481916e+03 3.782868931064978157e-20 2.579062217221598864e-20
5.269358294596537235e+03 4.553268046851073759e-20 2.481435288013466234e-20
5.274364222529593462e+03 3.735211763347864937e-20 2.449974116843781663e-20
5.279370150462648780e+03 3.986773374474411590e-21 2.468580372010810141e-20
5.284376078395704099e+03 1.549607185181740867e-20 2.495979300652317234e-20
5.289382006328760326e+03 5.152362218352415239e-20 2.515014689998493937e-20
5.294387934261815644e+03 2.457733577149018671e-20 2.504502983055589237e-20
5.299393862194871872e+03 6.673556571368666907e-21 2.471750828301204069e-20
5.304399790127927190e+03 3.255414123336789474e-20 2.480716137185311484e-20
5.309405718060982508e+03 3.333903716355338163e-20 2.528611209269451269e-20
5.314411645994038736e+03 3.284859728296495786e-20 2.550906692124495352e-20
5.319417573927094054e+03 3.308637094048889504e-20 2.525619631174211812e-20
5.324423501860150282e+03 3.890245170445085018e-20 2.482812818331780628e-20
5.329429429793205600e+03 7.675114491619049002e-21 2.419134841916402057e-20
5.334435357726260918e+03 4.870711293941999614e-20 2.395523176937046857e-20
5.339441285659317145e+03 5.701764559319385757e-20 2.402299925629164511e-20
5.344447213592372464e+03 4.811416681276809458e-20 2.425990787273455314e-20
5.349453141525428691e+03 2.576564100243944035e-20 2.421035884812940691e-20
5.354459069458484009e+03 4.109781876228482361e-20 2.386783330516581152e-20
5.359464997391540237e+03 1.704076664847015938e-20 2.350293656317294162e-20
5.364470925324595555e+03 2.936596292051168060e-20 2.358336156459714435e-20
5.369476853257650873e+03 3.621933142816725573e-20 2.431049555949464197e-20
5.374482781190707101e+03 7.530889838847744873e-20 2.523373858315829261e-20
5.379488709123762419e+03 5.481465424231347145e-20 2.542586833030016372e-20
5.384494637056818647e+03 2.085218231814284886e-20 2.477487286741388037e-20
5.389500564989873965e+03 6.222445928401438628e-20 2.409526726343763943e-20
5.394506492922930192e+03 5.448501249601937917e-20 2.368149444950922141e-20
5.399512420855985511e+03 -1.415921469254037765e-21 2.371519586506649097e-20
5.404518348789040829e+03 5.317026915166308680e-20 2.373275907201106812e-20
5.409524276722097056e+03 1.562007764873349445e-20 2.358165110528617458e-20
5.414530204655152374e+03 2.110563427566871901e-20 2.331775088395769396e-20
5.419536132588208602e+03 4.193864106687712588e-20 2.282679134533145997e-20
5.424542060521263920e+03 2.912197767181862091e-20 2.247150510681938124e-20
5.429547988454320148e+03 5.193460946902429081e-20 2.228340461068936034e-20
5.434553916387375466e+03 3.766178179661521022e-20 2.214612275099783821e-20
5.439559844320430784e+03 6.171745775432338511e-20 2.171700507434960697e-20
5.444565772253487012e+03 2.847769010766206817e-20 2.108778440028510481e-20
5.449571700186542330e+03 1.747501423940767960e-20 2.046938015059221997e-20
5.454577628119598558e+03 3.463780389317921785e-20 2.010258521903828378e-20
5.459583556052653876e+03 3.110343590409844434e-20 2.012848496730852005e-20
5.464589483985709194e+03 -9.662790651609616634e-21 2.029742769388452041e-20
5.469595411918765421e+03 1.165115212346121386e-20 2.030287793632895073e-20
5.474601339851820740e+03 1.800520571275646676e-20 2.029787874402764801e-20
5.479607267784876967e+03 2.483181563395025979e-20 2.042067352083050374e-20
5.484613195717932285e+03 8.925384295898109033e-21 2.066295832725847459e-20
5.489619123650987603e+03 -1.601815653278898530e-20 2.117465155502506844e-20
5.494625051584043831e+03 -1.442121905400124849e-20 2.189440787948409387e-20
5.499630979517099149e+03 -3.117594797978344458e-21 2.258519187668955498e-20
5.504636907450155377e+03 3.023765072206319578e-20 2.316945361610346169e-20
5.509642835383210695e+03 8.205790292214308163e-21 2.296906676595405509e-20
5.514648763316266923e+03 4.635893456819573410e-21 2.228796774138717440e-20
5.519654691249322241e+03 -9.000897652146836226e-21 2.170974894855837087e-20
5.524660619182377559e+03 2.583351843923504585e-20 2.126439776234273539e-20
5.529666547115433787e+03 -1.016565672435617388e-20 2.083553557901739604e-20
5.534672475048489105e+03 -3.581343143428981211e-20 2.043563127411508410e-20
5.539678402981545332e+03 -2.305164209952707942e-21 2.035407337424561294e-20
5.544684330914600650e+03 1.716963627955372995e-20 1.996062150357259617e-20
5.549690258847656878e+03 -2.120493513282107321e-20 1.924064232761791812e-20
5.554696186780712196e+03 1.240249865239181631e-20 1.865214619430631115e-20
5.559702114713767514e+03 -1.888178133964175959e-21 1.880358358524216666e-20
5.564708042646823742e+03 -1.301146874898585901e-20 1.950792342758760302e-20
5.569713970579879060e+03 1.475417073856912049e-20 2.983366289912630109e-20
5.574719898512935288e+03 5.220304365268520125e-20 5.331428369240719496e-20
5.579725826445990606e+03 1.197739364249712482e-19 5.383370119046582482e-20
5.584731754379046833e+03 7.190967269111475228e-21 3.133467003153244912e-20
5.589737682312102152e+03 4.598888074072401216e-20 1.763901753140087541e-20
5.594743610245157470e+03 3.482399376790685674e-20 1.761741582791799587e-20
5.599749538178213697e+03 7.840102542554663445e-20 1.799201986481933675e-20
5.604755466111269016e+03 9.629357103854471831e-20 1.850558836001726698e-20
5.609761394044325243e+03 9.553080327645476362e-20 1.865411850248601053e-20
5.614767321977380561e+03 4.254234552458191172e-20 1.865949897210101949e-20
5.619773249910436789e+03 -1.890348562890171003e-21 1.909869014037754069e-20
5.624779177843492107e+03 2.576851921137607416e-20 1.930973755837998920e-20
5.629785105776547425e+03 5.113137465435305132e-20 1.941633747082023541e-20
5.634791033709603653e+03 4.880176443615794931e-20 1.940674267139728398e-20
5.639796961642658971e+03 1.945637553274092908e-20 1.915942253348848039e-20
5.644802889575714289e+03 2.726571319907336433e-21 1.883901712675248946e-20
5.649808817508770517e+03 1.016252425126947571e-20 1.826309580350475707e-20
5.654814745441825835e+03 3.396270309324113750e-20 1.770042647374572810e-20
5.659820673374882062e+03 2.564273485209062753e-20 1.739289542695362830e-20
5.664826601307937381e+03 2.049899262259023014e-20 1.731760125102810515e-20
5.669832529240993608e+03 2.703349040245657502e-20 1.735284515916886056e-20
5.674838457174048926e+03 6.260264391521422260e-20 1.737002703375361431e-20
5.679844385107104245e+03 5.720245008697326523e-20 1.731691148961892975e-20
5.684850313040160472e+03 -5.725439856680718177e-21 1.736488239052700675e-20
5.689856240973215790e+03 -9.348001355163449861e-21 1.745058702721014031e-20
5.694862168906272018e+03 7.940109753534312089e-21 1.755976930411806016e-20
5.699868096839327336e+03 2.489348669335250584e-20 1.764483673412225987e-20
5.704874024772383564e+03 2.554080443681080701e-20 1.778619147220277737e-20
5.709879952705438882e+03 1.598759950327883884e-21 1.807709602808799132e-20
5.714885880638494200e+03 4.502669676258788020e-20 1.840052384824031694e-20
5.719891808571550428e+03 2.621400079437383704e-20 1.876245307514839752e-20
5.724897736504605746e+03 4.492267903304898132e-20 1.897425594752593917e-20
5.729903664437661973e+03 5.236520679714466441e-20 1.888736764645401058e-20
5.734909592370717291e+03 5.182539528740094029e-20 1.878808639096841830e-20
5.739915520303773519e+03 5.632518750387927715e-20 1.879485584533864359e-20
5.744921448236828837e+03 1.310328921201850576e-20 1.886014810620684406e-20
5.749927376169884155e+03 1.827591715322893311e-20 1.901964283952404752e-20
5.754933304102940383e+03 2.578427006512747511e-20 1.924571448580281610e-20
5.759939232035995701e+03 7.657284827610924035e-20 1.937595330353295087e-20
5.764945159969051929e+03 3.505847871784469569e-20 1.903288411592272186e-20
5.769951087902107247e+03 3.473636750000509716e-20 1.837980320709436813e-20
5.774957015835163475e+03 7.500837709713316278e-21 1.761880527420281731e-20
5.779962943768218793e+03 5.749351604047327838e-20 1.724044102520500118e-20
5.784968871701274111e+03 9.335220106233318959e-21 1.703740528401984052e-20
5.789974799634330338e+03 3.339541554417336227e-20 1.697057576309482837e-20
5.794980727567385657e+03 2.869413820772619182e-20 1.692881081873558620e-20
5.799986655500441884e+03 2.522116983554780718e-20 1.685413500510046202e-20
5.804992583433497202e+03 1.959591715787775112e-20 1.675147509468044969e-20
5.809998511366552520e+03 5.635967461117439135e-20 1.660640310043802426e-20
5.815004439299608748e+03 5.124469794941043141e-20 1.652355012649686725e-20
5.820010367232664066e+03 3.466741655475098422e-20 1.657858018067061646e-20
5.825016295165720294e+03 4.857201685304710498e-20 1.674456609630418466e-20
5.830022223098775612e+03 6.096248071911421730e-20 1.688756515010065076e-20
5.835028151031830930e+03 8.133568645387164951e-20 1.697219008915410828e-20
5.840034078964887158e+03 3.824162855832508007e-20 1.690273878301767789e-20
5.845040006897942476e+03 2.708962362261723537e-20 1.677519706255341211e-20
5.850045934830998704e+03 1.639964661733436449e-21 1.665651637605277785e-20
5.855051862764054022e+03 4.549486184258674510e-20 1.676183771693945064e-20
5.860057790697110249e+03 3.574795655198026843e-20 1.748186072269856010e-20
5.865063718630165567e+03 6.479799124058676491e-20 1.861661289616960034e-20
5.870069646563220886e+03 4.842221520784401075e-20 1.896871180832871114e-20
5.875075574496277113e+03 5.607997736187233975e-20 1.813218629246602888e-20
5.880081502429332431e+03 5.196645295959157271e-20 1.848641009148688242e-20
5.885087430362388659e+03 1.754281637635699583e-21 2.507393924375167489e-20
5.890093358295443977e+03 9.217669925870004389e-20 2.763665067729730610e-20
5.895099286228500205e+03 1.740277243705124619e-20 2.557221851469474639e-20
5.900105214161555523e+03 3.198145096537163701e-20 1.997715701052542786e-20
5.905111142094610841e+03 2.771381932415636139e-20 1.721860320340230047e-20
5.910117070027667069e+03 3.841520299836522884e-20 1.772317900622561856e-20
5.915122997960722387e+03 2.683567867156394780e-20 1.781628207909610074e-20
5.920128925893778614e+03 5.935964864649291378e-21 1.766549193691041316e-20
5.925134853826833933e+03 3.267915064193373083e-20 1.717558942411900619e-20
5.930140781759890160e+03 6.661212211775155098e-20 1.738941346734025215e-20
5.935146709692945478e+03 3.452529697790820482e-20 1.674206438406847421e-20
5.940152637626000796e+03 3.605017014943767358e-20 1.591165469547245404e-20
5.945158565559057024e+03 5.348053862816915795e-20 1.596565166014944080e-20
5.950164493492112342e+03 3.460251571847519520e-20 1.659478151887969872e-20
5.955170421425167660e+03 6.350763757560287557e-20 1.645434415754163836e-20
5.960176349358223888e+03 2.336145523397216967e-20 1.581941567433520202e-20
5.965182277291280116e+03 2.721099349416167186e-20 1.563928931297361487e-20
5.970188205224335434e+03 5.389356400870868369e-20 1.581978379753721978e-20
5.975194133157390752e+03 5.351553930453296822e-20 1.589850380114802804e-20
5.980200061090446980e+03 3.428793832102258196e-21 1.552313907206509124e-20
5.985205989023502298e+03 3.624553996571171250e-20 1.504065629863158738e-20
5.990211916956557616e+03 1.274778055408677027e-20 1.504828606692563484e-20
5.995217844889613843e+03 3.830836363142518174e-20 1.538251237149513833e-20
6.000223772822669162e+03 3.555763776084071846e-20 1.577647436837406276e-20
6.005229700755725389e+03 4.209807559251122773e-20 1.579442547593595991e-20
6.010235628688780707e+03 3.330043551750164846e-20 1.560647129980507592e-20
6.015241556621836935e+03 3.885298863053368697e-20 1.550678575028100407e-20
6.020247484554892253e+03 4.221347966013935914e-20 1.534955005445228117e-20
6.025253412487947571e+03 6.647990921238108894e-20 1.511347281578787941e-20
6.030259340421003799e+03 4.179248184435137603e-20 1.506103800103327813e-20
6.035265268354059117e+03 5.663753776777581156e-20 1.494686168077831299e-20
6.040271196287115345e+03 2.414890047474476845e-20 1.474099467054428635e-20
6.045277124220170663e+03 2.419143552423422911e-20 1.464712260562133359e-20
6.050283052153226890e+03 3.636570647694490948e-20 1.453150602367800587e-20
6.055288980086282209e+03 3.428048272558435920e-20 1.440942644436347164e-20
6.060294908019337527e+03 4.647378302038022155e-20 1.426767605272162102e-20
6.065300835952393754e+03 4.185357202992260103e-20 1.410753389541063399e-20
6.070306763885449072e+03 5.675354275310225576e-20 1.393872388821709580e-20
6.075312691818505300e+03 4.091577017410970383e-20 1.369622964128763174e-20
6.080318619751560618e+03 3.190330783617905014e-20 1.360114040210798375e-20
6.085324547684616846e+03 4.001582654672641511e-20 1.356014972230379728e-20
6.090330475617672164e+03 3.470188179557440495e-20 1.357319113706733421e-20
6.095336403550727482e+03 3.523486641933936252e-20 1.356332394339584741e-20
6.100342331483783710e+03 5.217262051203820608e-20 1.356167921105637767e-20
6.105348259416839028e+03 2.350208081664690467e-20 1.338755226043585226e-20
6.110354187349894346e+03 3.587852016667868933e-20 1.328273695925707834e-20
6.115360115282950574e+03 4.114794182028132753e-20 1.319700602823467053e-20
6.120366043216006801e+03 4.011168958307558528e-20 1.313241658147401400e-20
6.125371971149062119e+03 5.360358076458177712e-20 1.317908190303132415e-20
6.130377899082117438e+03 3.574642423827814747e-20 1.342211147231278383e-20
6.135383827015173665e+03 2.312698474221996399e-20 1.386294604654417138e-20
6.140389754948228983e+03 1.567829221871525778e-20 1.426836094303889004e-20
6.145395682881284301e+03 4.094726944837729682e-20 1.400456492948782853e-20
6.150401610814340529e+03 4.797634482155868635e-20 1.341299931998212687e-20
6.155407538747396757e+03 1.213776637109095683e-20 1.288196251316582235e-20
6.160413466680452075e+03 2.459426349337138675e-20 1.239121510740958369e-20
6.165419394613507393e+03 3.340775305300649295e-21 1.225515917228762327e-20
6.170425322546563621e+03 2.222721979480139852e-20 1.240384125587852678e-20
6.175431250479618939e+03 2.876889620680131155e-20 1.216461414695070522e-20
6.180437178412674257e+03 2.124291700150681619e-20 1.185321215974926230e-20
6.185443106345730484e+03 3.169300575147627155e-20 1.180854751029189212e-20
6.190449034278785803e+03 4.096035035348722312e-20 1.183302084385988283e-20
6.195454962211842030e+03 4.155041623655590459e-20 1.184754565321968363e-20
6.200460890144897348e+03 3.645867528637275132e-20 1.201446057508357638e-20
6.205466818077953576e+03 3.949549424581148673e-20 1.189059347795723069e-20
6.210472746011008894e+03 3.708023520812027948e-20 1.159398805804477263e-20
6.215478673944064212e+03 4.490523948765003610e-20 1.170677528305388442e-20
6.220484601877120440e+03 3.649195408218059236e-20 1.183877691770762177e-20
6.225490529810175758e+03 1.654490123329818404e-20 1.184639141935726334e-20
6.230496457743231986e+03 4.431520784516353340e-20 1.317578466387477303e-20
6.235502385676287304e+03 3.734465064137612821e-20 1.421889827942439103e-20
6.240508313609343531e+03 5.308647579995934596e-20 1.394861430176459925e-20
6.245514241542398850e+03 3.532868954093842630e-20 1.259141398987668425e-20
6.250520169475454168e+03 2.166927120307714635e-20 1.268415414113845389e-20
6.255526097408510395e+03 3.990104611045262823e-21 1.403794580798527758e-20
6.260532025341565713e+03 4.101964044156228677e-20 1.474829962671534730e-20
6.265537953274621032e+03 5.739637706713825313e-20 1.377284197605921602e-20
6.270543881207677259e+03 3.258565501157887526e-20 1.363191506370458101e-20
6.275549809140733487e+03 3.375498892273125605e-20 1.335693369608017075e-20
6.280555737073788805e+03 2.722371367276032357e-20 1.378434109751280996e-20
6.285561665006844123e+03 3.158783937049595731e-20 1.438695600735437254e-20
6.290567592939900351e+03 6.349112105924791276e-20 1.539580591570496043e-20
6.295573520872955669e+03 8.709406739279247581e-20 2.390744413118355638e-20
6.300579448806010987e+03 8.832382880998024181e-20 2.534651137481594864e-20
6.305585376739067215e+03 1.390811748291976489e-20 2.004414874829340431e-20
6.310591304672123442e+03 4.798124306978931535e-20 1.311570765915888709e-20
6.315597232605178760e+03 4.952659338863344262e-20 1.186340591709484300e-20
6.320603160538234079e+03 3.491933994898968992e-20 1.207230603605153634e-20
6.325609088471290306e+03 3.733823357087028234e-20 1.294581453107726240e-20
6.330615016404345624e+03 2.142679322431237983e-20 1.267261572199177371e-20
6.335620944337400942e+03 3.973644047569134529e-20 1.173624549087139007e-20
6.340626872270457170e+03 2.397797231620279930e-20 1.127031345951292583e-20
6.345632800203512488e+03 4.748373739501716469e-20 1.163124868809831551e-20
6.350638728136568716e+03 3.443178447260344516e-20 1.226997058701134964e-20
6.355644656069624034e+03 4.669858949811779119e-20 1.345938156408758286e-20
6.360650584002680262e+03 3.726390830553078058e-20 1.662986408360018908e-20
6.365656511935735580e+03 3.548707936152530712e-20 1.631343694243740661e-20
6.370662439868790898e+03 5.064803729868854560e-20 1.285259746212132272e-20
6.375668367801847126e+03 3.134448120947880816e-20 1.187331955191659428e-20
6.380674295734902444e+03 5.623887701830167725e-20 1.244798117009863157e-20
6.385680223667958671e+03 3.476769535270302523e-20 1.254439466159203299e-20
6.390686151601013989e+03 4.307760829876896889e-20 1.242280429389354662e-20
6.395692079534070217e+03 3.584516474716394250e-20 1.209368971902933701e-20
6.400698007467125535e+03 5.768108520954278025e-20 1.211748999476755661e-20
6.405703935400180853e+03 3.866766259581679203e-20 1.193172230337766530e-20
6.410709863333237081e+03 2.952053591212475689e-20 1.180989546572170532e-20
6.415715791266292399e+03 1.251375282030107317e-20 1.171323542309914530e-20
6.420721719199348627e+03 5.037905983298483589e-20 1.147831545385883631e-20
6.425727647132403945e+03 3.248478099469553511e-20 1.112653714676684069e-20
6.430733575065460172e+03 3.798520626964585159e-20 1.084394829485569845e-20
6.435739502998515491e+03 1.176233115046350011e-20 1.066633341687323370e-20
6.440745430931570809e+03 2.356070592482577373e-20 1.053274318987593448e-20
6.445751358864627036e+03 3.115913556828294450e-20 1.051737879274450163e-20
6.450757286797682355e+03 3.980123616015220171e-20 1.054737320387647821e-20
6.455763214730737673e+03 1.889257700734562127e-20 1.067527268269510756e-20
6.460769142663793900e+03 4.256418148197647187e-20 1.148889729199366445e-20
6.465775070596850128e+03 6.009889744254644400e-20 1.212422743349747267e-20
6.470780998529905446e+03 1.945598105028907373e-20 1.179294178107667888e-20
6.475786926462960764e+03 2.130242138140796781e-20 1.101240320162456850e-20
6.480792854396016992e+03 3.218453381083242725e-20 1.052059353925411354e-20
6.485798782329072310e+03 4.066186172251186397e-20 1.041522275732745483e-20
6.490804710262127628e+03 3.738973037788242426e-20 1.111195720211934779e-20
6.495810638195183856e+03 6.091514389273721598e-20 1.278904216843477165e-20
6.500816566128239174e+03 3.957642223607581331e-20 1.335339479016102160e-20
6.505822494061295401e+03 1.838333523624658265e-20 1.206440494386719643e-20
6.510828421994350720e+03 3.506817079108912697e-20 1.145805435235626922e-20
6.515834349927406947e+03 2.581292030550164656e-20 1.150132582849887449e-20
6.520840277860462265e+03 1.936419863570136824e-20 1.183381648404378935e-20
6.525846205793517584e+03 2.247897926081273692e-20 1.268129050797132797e-20
6.530852133726573811e+03 4.379720177377407789e-20 1.327534885687887875e-20
6.535858061659629129e+03 2.705496103107492229e-20 1.304020752671441450e-20
6.540863989592685357e+03 4.479548932983274806e-20 1.212113999098901978e-20
6.545869917525740675e+03 3.573710169769952643e-20 1.247022972508409346e-20
6.550875845458796903e+03 4.466682617914412128e-20 1.295959800180619114e-20
6.555881773391852221e+03 3.764846201100451287e-20 1.300509827294739902e-20
6.560887701324907539e+03 2.978968125063153394e-20 1.213325441316711662e-20
6.565893629257963767e+03 2.281367201797433909e-20 1.191187264710989786e-20
6.570899557191019085e+03 4.682597885403973450e-20 1.153455617445164610e-20
6.575905485124075312e+03 3.260237671502471555e-20 1.151318613999380253e-20
6.580911413057130630e+03 7.388536422908977691e-21 1.097091350447187192e-20
6.585917340990186858e+03 1.916344231267910209e-20 9.909488942584725532e-21
6.590923268923242176e+03 2.648459732857057315e-20 9.906019950045182207e-21
6.595929196856297494e+03 3.553413314593851513e-20 1.020047098687521881e-20
6.600935124789353722e+03 4.247332469968447006e-20 1.067335173541402790e-20
6.605941052722409040e+03 2.987735787777658080e-20 1.055405882133059627e-20
6.610946980655464358e+03 2.993674614522294707e-20 1.008490859634417733e-20
6.615952908588520586e+03 3.020706874436286927e-20 1.004743299402302941e-20
6.620958836521576814e+03 2.392071548768257978e-20 1.025778791611035806e-20
6.625964764454632132e+03 4.333654695127674047e-20 1.054969629472084503e-20
6.630970692387687450e+03 5.023233521636252534e-20 1.089067384167331597e-20
6.635976620320743677e+03 2.675139052214921260e-20 1.079912188826700254e-20
6.640982548253798996e+03 2.979324007297423567e-20 1.060008359819831821e-20
6.645988476186854314e+03 4.552444675562232282e-20 1.062579425048436738e-20
6.650994404119910541e+03 2.841707848120932785e-20 1.075796710991604781e-20
6.656000332052965859e+03 2.868638950022896376e-20 1.088427926214087632e-20
6.661006259986022087e+03 4.395404326413607755e-20 1.086128720659641935e-20
6.666012187919077405e+03 4.237433686811553378e-20 1.075155363568466138e-20
6.671018115852133633e+03 3.402611040323298476e-20 1.056157790779291543e-20
6.676024043785188951e+03 4.473461674989102020e-20 1.028253592762158635e-20
6.681029971718244269e+03 4.697225509683434209e-20 1.020757561310728027e-20
6.686035899651300497e+03 2.580408973558452354e-20 1.009491872087765505e-20
6.691041827584355815e+03 1.765386497379876292e-20 9.994650136658574110e-21
6.696047755517412043e+03 2.530990182251984267e-20 9.940102098317897739e-21
6.701053683450467361e+03 3.482421490372680344e-20 9.907410805280332664e-21
6.706059611383523588e+03 3.617815054921513249e-20 9.669183941302262481e-21
6.711065539316578906e+03 2.702784579908663963e-20 9.547441585266327132e-21
6.716071467249634225e+03 2.979792699702127935e-20 9.433774265687101209e-21
6.721077395182690452e+03 2.615373623682942165e-20 9.338055955175274245e-21
6.726083323115745770e+03 3.325028792113135206e-20 9.272875615047429649e-21
6.731089251048801998e+03 4.775006611719312094e-20 9.309060385007886282e-21
6.736095178981857316e+03 3.718793935921293030e-20 9.409905012954049461e-21
6.741101106914913544e+03 3.506796761052543104e-20 9.545192324701917698e-21
6.746107034847968862e+03 1.629142153750060962e-20 9.627149574932116509e-21
6.751112962781024180e+03 3.252716205947196154e-20 9.720734322399552933e-21
6.756118890714080408e+03 4.311673467421803328e-20 9.841823422690411044e-21
6.761124818647135726e+03 4.301531187418152966e-20 9.999578825920874362e-21
6.766130746580191044e+03 2.485708021949455795e-20 1.016012218628036556e-20
6.771136674513247272e+03 4.273534376640741030e-20 1.027372706905286670e-20
6.776142602446303499e+03 5.443566981186130880e-20 1.041013026070763994e-20
6.781148530379358817e+03 4.845763982074863037e-20 1.059931978407708578e-20
6.786154458312414135e+03 2.184727285112277880e-20 1.050130269008433037e-20
6.791160386245470363e+03 3.202085183944687317e-20 1.017983386933318750e-20
6.796166314178525681e+03 1.925529607384796351e-20 9.891051810708657572e-21
6.801172242111580999e+03 2.532026727242878473e-20 9.680596434562346243e-21
6.806178170044637227e+03 2.893953735023224348e-20 9.546704464643774021e-21
6.811184097977693455e+03 2.050427034162941832e-20 9.448325286241100806e-21
6.816190025910748773e+03 2.500635628381920291e-20 9.419895485150848416e-21
6.821195953843804091e+03 3.026637426367823860e-20 1.076376517262874972e-20
6.826201881776860318e+03 3.999623108913893388e-20 1.335955367520030773e-20
6.831207809709915637e+03 5.472672036977803233e-20 1.444839067884975806e-20
6.836213737642970955e+03 2.537634319615387083e-20 1.272032162327346833e-20
6.841219665576027182e+03 2.502620044551608622e-20 1.056266910367480137e-20
6.846225593509082501e+03 6.139213632972845845e-20 9.782817960417140403e-21
6.851231521442138728e+03 4.898058911383231749e-20 9.350597649381145846e-21
6.856237449375194046e+03 5.555383845832906821e-20 1.084625381050852395e-20
6.861243377308250274e+03 8.388287476259756035e-20 1.486298260269940902e-20
6.866249305241305592e+03 6.530097042688668906e-20 1.630960061842832282e-20
6.871255233174360910e+03 1.141436382890396516e-20 1.281416303802017654e-20
6.876261161107417138e+03 3.751913131503425964e-20 1.166301930345382849e-20
6.881267089040473365e+03 4.462466943618555118e-20 1.164784167446127117e-20
6.886273016973527774e+03 1.596408576315308172e-20 1.243361152042813615e-20
6.891278944906584002e+03 3.579153598290946565e-20 1.245340653837955432e-20
6.896284872839640229e+03 6.162006458242656048e-20 1.267965168995500740e-20
6.901290800772695547e+03 2.682893795101404312e-20 1.280403415370015763e-20
6.906296728705750866e+03 2.866910723850887497e-20 1.312935147161550538e-20
6.911302656638807093e+03 3.942679224157377226e-20 1.289044741097814090e-20
6.916308584571862411e+03 3.297388469320316603e-20 1.370523588949137865e-20
6.921314512504917730e+03 1.675573310796781038e-20 1.369785151158557033e-20
6.926320440437973957e+03 3.173129637854278400e-20 1.279548337442384367e-20
6.931326368371030185e+03 4.307388419131838146e-20 1.056214091719200207e-20
6.936332296304085503e+03 1.925317376485538307e-20 1.116925443002727227e-20
6.941338224237140821e+03 1.733356863706222110e-20 1.184526793514045360e-20
6.946344152170197049e+03 2.399115025212530026e-20 1.267615072069314346e-20
6.951350080103252367e+03 1.432822802031880347e-20 1.200098232039739765e-20
6.956356008036307685e+03 3.851095516164437991e-20 9.673532294054780990e-21
6.961361935969363913e+03 3.584673718164199137e-20 9.355465035637726690e-21
6.966367863902420140e+03 3.289661410175699875e-20 9.884805030952147250e-21
6.971373791835475458e+03 3.093283383577564790e-20 1.064633637428369810e-20
6.976379719768530776e+03 3.279670959345943512e-20 1.101269650335502580e-20
6.981385647701587004e+03 1.623691404298694179e-20 1.066650104558002634e-20
6.986391575634642322e+03 2.128672791933393893e-20 9.326994765260621645e-21
6.991397503567697640e+03 2.540712238387468386e-20 9.217250693993580556e-21
6.996403431500753868e+03 3.913547822805859423e-20 9.524653786509636414e-21
7.001409359433810096e+03 2.814031853412193091e-20 9.990599433332199661e-21
7.006415287366865414e+03 2.560833907051932064e-20 1.066547376510308327e-20
7.011421215299920732e+03 2.881709249139214427e-20 1.055161382017941537e-20
7.016427143232976960e+03 1.594563112702458319e-20 1.007948598429648441e-20
7.021433071166032278e+03 1.183924278901466442e-20 9.663967470980448720e-21
7.026438999099087596e+03 3.228344075739332207e-20 9.911008944728131281e-21
7.031444927032143823e+03 4.632287222864930580e-20 1.011158606747435800e-20
7.036450854965200051e+03 5.238437511438634459e-20 1.050496248080993374e-20
7.041456782898254460e+03 1.803145756082999046e-20 1.099779084620095998e-20
7.046462710831310687e+03 1.010112579801383135e-20 1.126853793097995782e-20
7.051468638764366915e+03 3.710750956951526945e-20 1.083333827344179795e-20
7.056474566697422233e+03 6.119995207336357236e-20 1.002269266657145408e-20
7.061480494630477551e+03 3.638224925222779638e-20 9.876525751669301976e-21
7.066486422563533779e+03 2.564880104076079811e-20 9.849167515970274221e-21
7.071492350496589097e+03 2.318212312140347871e-20 9.697156068266965954e-21
7.076498278429644415e+03 2.877145329590928878e-20 9.623106906310874563e-21
7.081504206362700643e+03 4.525671915487580953e-20 9.608595227453697354e-21
7.086510134295756870e+03 3.573934404326180143e-20 9.644242810394695860e-21
7.091516062228812189e+03 4.413747605391377155e-20 9.374080428659620186e-21
7.096521990161867507e+03 2.598893430833464273e-20 8.996107408089407943e-21
7.101527918094923734e+03 2.839983126196986970e-20 8.893628713198176100e-21
7.106533846027979052e+03 2.752572517470977084e-20 8.951224331819705573e-21
7.111539773961034371e+03 1.236348936838990887e-20 8.946991981330588797e-21
7.116545701894090598e+03 1.083465694844760156e-20 8.974747442927408610e-21
7.121551629827146826e+03 1.384981092048861006e-20 9.123979417327143889e-21
7.126557557760202144e+03 1.899085065886174018e-20 9.321332767417124670e-21
7.131563485693257462e+03 2.769105523748444014e-20 9.482275398634436321e-21
7.136569413626313690e+03 2.498533598809504850e-20 9.618903807188195522e-21
7.141575341559369008e+03 1.638155500336635135e-20 1.002109316443014346e-20
7.146581269492424326e+03 5.837754582502735933e-20 1.028147340942234994e-20
7.151587197425480554e+03 3.423016288254543557e-20 1.005041384630120933e-20
7.156593125358536781e+03 5.352480915841416333e-20 1.015347849999283348e-20
7.161599053291592099e+03 3.797664060353278671e-20 1.051299109738741277e-20
7.166604981224647418e+03 2.505409290078514544e-20 1.061702579746231265e-20
7.171610909157703645e+03 2.647193940102044464e-20 1.047654710903860092e-20
7.176616837090758963e+03 3.380642004981086205e-20 1.029253585353920058e-20
7.181622765023814281e+03 1.275125096158085861e-20 9.923309029669190221e-21
7.186628692956870509e+03 1.695341949640451858e-20 9.481828842571103114e-21
7.191634620889926737e+03 2.041876741115837043e-20 9.255877240934850335e-21
7.196640548822981145e+03 2.821502327348852172e-20 9.128069159512035125e-21
7.201646476756037373e+03 2.680596414441492805e-20 9.012297624789160826e-21
7.206652404689093601e+03 2.695527300786599695e-20 8.902815456600013028e-21
7.211658332622148919e+03 3.909866599987843654e-20 8.806282242563507915e-21
7.216664260555204237e+03 3.303832419682285049e-20 8.861349686113484223e-21
7.221670188488260465e+03 2.435251707821704342e-20 8.989998975578614041e-21
7.226676116421315783e+03 3.610430669783134427e-20 9.106426207866584637e-21
7.231682044354371101e+03 2.672841892103528239e-20 1.085692920130684724e-20
7.236687972287427328e+03 4.216564852002423345e-20 1.566984309056363459e-20
7.241693900220483556e+03 2.661689302550365724e-20 1.848271982733066635e-20
7.246699828153538874e+03 2.207347827256627749e-20 1.618485274623217079e-20
7.251705756086594192e+03 4.427856176163279050e-20 1.239668866680468785e-20
7.256711684019650420e+03 3.487840826311673923e-20 1.080403665846317669e-20
7.261717611952705738e+03 3.628187885648158756e-20 9.871431615060334805e-21
7.266723539885761056e+03 4.667764217589757410e-20 1.091188483090626480e-20
7.271729467818817284e+03 5.254136461893258946e-20 1.720556702707311347e-20
7.276735395751873511e+03 5.657030282382868364e-20 1.921493449082923424e-20
7.281741323684928830e+03 3.060038971227969390e-20 1.746597375288764661e-20
7.286747251617984148e+03 2.233198018965946792e-20 1.425755353089130200e-20
7.291753179551040375e+03 4.445445744822131190e-20 1.235367712835002902e-20
7.296759107484095694e+03 2.430990574741404322e-20 1.272988649518241905e-20
7.301765035417151012e+03 3.516705996734527731e-20 1.297606432665777186e-20
7.306770963350207239e+03 2.844246628171176966e-20 1.290929666316947089e-20
7.311776891283263467e+03 3.722951536898728833e-20 1.613340424565571005e-20
7.316782819216318785e+03 2.201080514863663375e-20 1.611073015405237548e-20
7.321788747149374103e+03 8.740010944143790983e-20 1.356412730802731037e-20
7.326794675082430331e+03 5.122099014173616454e-20 1.239157279049801071e-20
7.331800603015485649e+03 5.692057147728257706e-20 1.303827900233493943e-20
7.336806530948540967e+03 3.059228625246685459e-20 1.599384222348378644e-20
7.341812458881597195e+03 8.847005068573265562e-21 1.601967712747485216e-20
7.346818386814653422e+03 2.977972480078779360e-20 1.223508409587482115e-20
7.351824314747707831e+03 3.962932814313136950e-20 1.067482548323835599e-20
7.356830242680764059e+03 4.708725735593223064e-20 1.184757326954730718e-20
7.361836170613820286e+03 5.347322481098775915e-20 1.334729999750784693e-20
7.366842098546875604e+03 7.189485428901792253e-20 1.486284132217102449e-20
7.371848026479930923e+03 6.878233108878581552e-20 1.439250692272516038e-20
7.376853954412987150e+03 4.560181562232076453e-20 1.026043457878924829e-20
7.381859882346043378e+03 5.413561955656386316e-20 9.329596359447314928e-21
7.386865810279097786e+03 2.248772500752816878e-20 1.099300422023974186e-20
7.391871738212154014e+03 2.484758048945802986e-20 1.184186305138816440e-20
7.396877666145210242e+03 5.576698491103732762e-20 1.401194360364106163e-20
7.401883594078265560e+03 -4.628117834916103200e-21 1.400999398671837132e-20
7.406889522011320878e+03 2.081284484220083156e-21 1.237566612475414439e-20
7.411895449944377106e+03 2.483836768323732675e-20 1.021055928209694978e-20
7.416901377877432424e+03 4.948035717938259211e-20 1.033906833581549955e-20
7.421907305810487742e+03 3.094278584945957013e-20 1.069515621478813055e-20
7.426913233743543969e+03 4.053432032592065335e-20 1.143881491450074568e-20
7.431919161676600197e+03 6.249975406042037731e-20 1.241988131481567691e-20
7.436925089609655515e+03 3.897790424915529428e-20 1.233943170685698219e-20
7.441931017542710833e+03 2.792905316279683897e-20 1.142466977843592239e-20
7.446936945475767061e+03 2.731308003822219373e-20 9.382233479756905074e-21
7.451942873408822379e+03 1.213601270221737317e-20 9.161666501499842802e-21
7.456948801341877697e+03 3.832245858131109703e-20 9.491834814371140439e-21
7.461954729274933925e+03 3.934658144367646100e-20 1.026129969014165925e-20
7.466960657207990153e+03 2.424653363937505009e-20 1.132421643624519567e-20
7.471966585141045471e+03 4.918283408789303211e-20 1.180356216798699361e-20
7.476972513074100789e+03 2.269710471021276244e-20 1.239550838758863841e-20
7.481978441007157016e+03 3.670984080406348593e-20 1.187277073048621866e-20
7.486984368940212335e+03 3.281471942423150504e-20 1.069581197718214429e-20
7.491990296873267653e+03 4.212853187121612394e-20 9.491311152802105422e-21
7.496996224806323880e+03 1.757441769218701160e-20 9.276529518367949161e-21
7.502002152739380108e+03 2.074458497010133915e-20 8.866736010540905110e-21
7.507008080672435426e+03 2.352064664326866747e-20 8.851796624103984754e-21
7.512014008605490744e+03 2.018447835799231309e-20 9.328575006979212325e-21
7.517019936538546972e+03 5.573040178364210802e-21 1.224000897256530523e-20
7.522025864471602290e+03 4.593343609423655339e-20 1.498730626896014285e-20
7.527031792404657608e+03 7.899097283968591980e-21 1.530146530496085211e-20
7.532037720337713836e+03 3.682368524630815720e-20 1.202558795982528124e-20
7.537043648270770063e+03 3.701759634865688865e-20 1.094492728302414128e-20
7.542049576203824472e+03 1.727533805396166438e-20 1.063081860134765499e-20
7.547055504136880700e+03 4.531687971286138147e-20 1.053593706933346206e-20
7.552061432069936927e+03 5.626979454656088333e-20 1.140976381756816615e-20
7.557067360002992245e+03 -8.545601557465598062e-22 1.152094329290272339e-20
7.562073287936047564e+03 2.630022480060465781e-20 1.136659134950615754e-20
7.567079215869103791e+03 3.701657980765354175e-20 1.365288508948587543e-20
7.572085143802159109e+03 6.661785347289732593e-21 1.392145304309277547e-20
7.577091071735214427e+03 2.021634527137333254e-20 1.192203280461520314e-20
7.582096999668270655e+03 3.769241651810349660e-20 1.072200007058743143e-20
7.587102927601326883e+03 2.387368212604634162e-20 1.060245932179273382e-20
7.592108855534382201e+03 1.512190785043434366e-20 1.564988315441919526e-20
7.597114783467437519e+03 3.338032639334646798e-21 2.065477194906825420e-20
7.602120711400493747e+03 -1.013098203949901415e-20 2.214722031159808309e-20
7.607126639333549065e+03 3.485317384275510585e-20 1.771634429296710694e-20
7.612132567266604383e+03 4.416996404237753819e-20 1.526350434732536698e-20
7.617138495199660611e+03 -5.241666612070705504e-21 1.497809530509486091e-20
7.622144423132716838e+03 3.252179318402268252e-20 1.680743212425871887e-20
7.627150351065772156e+03 3.738209352616064442e-20 1.725198748684764285e-20
7.632156278998827474e+03 2.620887757003261430e-20 1.610146108843425888e-20
7.637162206931883702e+03 1.785908818548402466e-20 1.346975160702888609e-20
7.642168134864939020e+03 1.772063493591804795e-20 1.242239312965688362e-20
7.647174062797994338e+03 1.520132456797169026e-20 1.214144451505999577e-20
7.652179990731050566e+03 6.791088258940189588e-21 1.179990329576416919e-20
7.657185918664106794e+03 3.645125271450687522e-20 1.234362051223689457e-20
7.662191846597162112e+03 4.034125946119502931e-20 1.200707206728890069e-20
7.667197774530217430e+03 4.780114779929906032e-20 1.114175531928969597e-20
7.672203702463273657e+03 3.376683928570333178e-20 1.019243424284843066e-20
7.677209630396328976e+03 2.104214082632781870e-20 1.035746330532402205e-20
7.682215558329384294e+03 2.274382614613001876e-20 1.070138904830232369e-20
7.687221486262440521e+03 2.699661358001081634e-20 1.093510652649242564e-20
7.692227414195496749e+03 1.113045003994764878e-20 1.104826098072825843e-20
7.697233342128551158e+03 4.171953656912265795e-20 1.096516150887733649e-20
7.702239270061607385e+03 2.906829995161642226e-20 1.091341089946912422e-20
7.707245197994663613e+03 6.546285641498967445e-20 1.615307069651859568e-20
7.712251125927718931e+03 5.293988741128014089e-20 2.136011919992272160e-20
7.717257053860774249e+03 -2.612539321982988793e-20 2.066678555304272536e-20
7.722262981793830477e+03 9.595454369501720805e-23 1.572262403707947396e-20
7.727268909726885795e+03 7.159157251348721283e-21 1.232943419544541220e-20
7.732274837659941113e+03 3.549365288638836745e-20 1.077743982274886891e-20
7.737280765592997341e+03 3.588860359408237214e-20 1.023948690281874044e-20
7.742286693526053568e+03 2.830405678662353524e-20 1.257765466607005761e-20
7.747292621459108886e+03 7.833737106684570995e-21 1.875643291271541575e-20
7.752298549392164205e+03 1.567078718056756426e-20 1.974527503765053053e-20
7.757304477325220432e+03 6.460345449313586803e-20 1.609300895915221062e-20
7.762310405258275750e+03 7.287910908669270878e-20 1.360973304532284434e-20
7.767316333191331069e+03 4.362990982074944280e-20 1.256813267469986981e-20
7.772322261124387296e+03 7.109558090564353939e-20 1.379827166331310796e-20
7.777328189057443524e+03 3.160249975098926225e-20 1.478190787553284557e-20
7.782334116990498842e+03 5.942461436423892723e-20 1.333047671410795951e-20
7.787340044923554160e+03 5.976798670593484043e-20 1.560247358750092442e-20
7.792345972856610388e+03 2.958477977067215528e-20 1.878493639341040004e-20
7.797351900789665706e+03 4.723355725881748012e-20 1.780030741601038892e-20
7.802357828722721024e+03 5.990087943927842486e-20 1.402938175711916417e-20
7.807363756655777252e+03 1.055949473817394808e-20 1.493754183509032874e-20
7.812369684588833479e+03 3.510281919270461952e-20 1.522476503489229947e-20
7.817375612521888797e+03 3.427566232999901314e-20 1.917990270591477117e-20
7.822381540454944115e+03 6.694063001584538622e-20 1.933020147047810112e-20
7.827387468388000343e+03 4.382616985237921026e-20 1.429006192708591544e-20
7.832393396321055661e+03 3.662372119173384391e-20 1.065441137969778720e-20
7.837399324254110979e+03 4.394979829081964657e-20 1.276320698712322580e-20
7.842405252187167207e+03 3.611455503571176028e-20 1.338191622382783891e-20
7.847411180120223435e+03 2.435028302478787045e-20 1.734475898286948084e-20
7.852417108053277843e+03 6.292081565813569030e-20 1.975506384275379697e-20
7.857423035986334071e+03 6.224232618754253232e-20 1.918705202679477294e-20
7.862428963919390299e+03 4.338628764848677608e-20 1.564080385573908770e-20
7.867434891852445617e+03 5.266913601645159387e-20 1.546901179754282493e-20
7.872440819785500935e+03 4.640833856543361654e-20 1.554590935630307499e-20
7.877446747718557162e+03 3.604377997601084905e-20 1.440959299336726785e-20
7.882452675651613390e+03 3.243355008546495120e-20 1.516689676636068291e-20
7.887458603584667799e+03 5.240725017614679826e-20 1.583607246710160611e-20
7.892464531517724026e+03 2.711206888859260505e-20 1.495710240822527433e-20
7.897470459450780254e+03 3.173654198591307614e-20 1.121542396227710485e-20
7.902476387383835572e+03 1.584178007975095300e-20 1.055403878697929126e-20
7.907482315316890890e+03 4.204068316608660087e-20 1.795965719681369485e-20
7.912488243249947118e+03 8.243813736228928691e-21 2.256899583164633915e-20
7.917494171183002436e+03 9.316503606487421625e-20 2.340855719497185274e-20
7.922500099116057754e+03 3.039469111343378567e-20 1.796788813193082305e-20
7.927506027049113982e+03 2.728948198208624656e-21 1.680766916482898608e-20
7.932511954982170209e+03 2.808035424789607161e-20 1.562489297858095555e-20
7.937517882915225528e+03 2.905723897291207887e-21 1.277751306469722162e-20
7.942523810848280846e+03 1.792705674961958998e-20 1.298851477021133052e-20
7.947529738781337073e+03 7.048864637597719464e-21 1.408240573157856806e-20
7.952535666714392391e+03 4.175053678683013065e-20 1.295816679637032863e-20
7.957541594647447710e+03 3.965823748128590078e-20 1.488351476866778224e-20
7.962547522580503937e+03 7.068665691521135393e-20 1.900496475119411061e-20
7.967553450513560165e+03 2.459832713815603213e-20 1.813500312368232674e-20
7.972559378446615483e+03 3.363225385656166992e-20 1.399199753667755323e-20
7.977565306379670801e+03 2.201768455547642142e-20 1.464986149737289514e-20
7.982571234312727029e+03 4.300366180490112176e-20 1.411769040872534189e-20
7.987577162245782347e+03 4.796599117675747430e-20 1.710786471963666205e-20
7.992583090178837665e+03 7.054757995058925666e-20 1.920061573077554385e-20
7.997589018111893893e+03 8.203923075498699949e-20 1.695851446903640697e-20
8.002594946044950120e+03 1.369866972992356566e-20 1.065208028307119961e-20
8.007600873978005438e+03 3.131192153996978056e-20 1.175359423943544412e-20
8.012606801911060757e+03 4.265096553112237766e-20 1.327190332101455960e-20
8.017612729844116984e+03 6.013234051106577503e-20 1.465517557369383578e-20
8.022618657777172302e+03 5.016123405852343577e-20 1.755339253021604287e-20
8.027624585710227620e+03 3.349553169810362405e-20 1.775983025430227666e-20
8.032630513643283848e+03 3.424294214241744072e-20 1.333819245978532751e-20
8.037636441576340076e+03 2.563558899926303409e-20 1.061369446608868838e-20
8.042642369509394484e+03 3.198868465985437333e-20 1.083051739365050838e-20
8.047648297442450712e+03 1.924751784070720669e-20 1.274076155261106882e-20
8.052654225375506940e+03 -1.682776168270556681e-20 1.358911619266784928e-20
8.057660153308562258e+03 1.759086512645948805e-20 1.578194184820723050e-20
8.062666081241617576e+03 4.775303753618799976e-20 1.566793020755991291e-20
8.067672009174673803e+03 4.419298821920232133e-21 1.311310239584072692e-20
8.072677937107729122e+03 6.280622462081983996e-23 1.088500084737659175e-20
8.077683865040784440e+03 1.781360625304299410e-20 1.089673038185751825e-20
8.082689792973840667e+03 2.478616427992707920e-20 1.081275160274761113e-20
8.087695720906896895e+03 2.876613568089806858e-20 1.106967132944923363e-20
8.092701648839952213e+03 2.378790435412664649e-20 1.121943058983610170e-20
8.097707576773007531e+03 3.462013668986072866e-20 1.219088625105853708e-20
8.102713504706063759e+03 -3.649100717993022653e-21 1.189961355854749992e-20
8.107719432639119077e+03 9.590969411908273774e-21 1.086739650500620699e-20
8.112725360572174395e+03 1.238330695083260552e-20 9.749183224088095842e-21
8.117731288505230623e+03 2.341513431421016784e-20 9.586737470620237418e-21
8.122737216438286850e+03 2.298608125833426489e-20 9.694736293491698239e-21
8.127743144371342169e+03 1.661847043837642523e-20 9.817390102212954579e-21
8.132749072304397487e+03 1.495568916744685789e-20 1.025750402432870990e-20
8.137755000237453714e+03 1.114140794149684311e-20 1.059017507272529833e-20
8.142760928170509032e+03 -2.947674291963303602e-21 1.101191365528821726e-20
8.147766856103564351e+03 1.178076606900797310e-20 1.072009680641785600e-20
8.152772784036620578e+03 3.085018057871875290e-20 1.024870358947169622e-20
8.157778711969676806e+03 3.588780325763835088e-20 9.971550331165161675e-21
8.162784639902732124e+03 2.025219642106194849e-20 1.008377191891625286e-20
8.167790567835787442e+03 1.650406944701144812e-20 1.018776465840914960e-20
8.172796495768843670e+03 1.227421935461340656e-20 1.038994031969797847e-20
8.177802423701898988e+03 1.692346371096538687e-20 1.063673886385442313e-20
8.182808351634954306e+03 3.265691879271942815e-20 1.111912413934822895e-20
8.187814279568010534e+03 2.711938995266086339e-20 1.148188627449580552e-20
8.192820207501066761e+03 3.469174739700192427e-20 1.151056942215360680e-20
8.197826135434121170e+03 2.215485336083157347e-20 1.111168401861243438e-20
8.202832063367177398e+03 3.026509323548959404e-20 1.075708282634324215e-20
8.207837991300233625e+03 1.890290689568270215e-20 1.064648101052471594e-20
8.212843919233288034e+03 4.157856818832032638e-20 1.048670055879111565e-20
8.217849847166344261e+03 3.835440342740711834e-20 1.027685320352169742e-20
8.222855775099400489e+03 2.026694203350439629e-20 1.006551727289881803e-20
8.227861703032456717e+03 2.763717927938103899e-20 9.922080415862541015e-21
8.232867630965511125e+03 3.599598696732418013e-20 9.824100985925264987e-21
8.237873558898567353e+03 3.648731183864333957e-20 1.001693354291684013e-20
8.242879486831623581e+03 4.260843630026548307e-20 1.024290272226759343e-20
8.247885414764677989e+03 2.431340357048075234e-20 1.022034163110704393e-20
8.252891342697734217e+03 2.372518764019299762e-20 1.008094138895882726e-20
8.257897270630790445e+03 3.568573272870616447e-20 9.877016774705840255e-21
8.262903198563846672e+03 2.612406174494912987e-20 9.866432825805526512e-21
8.267909126496901081e+03 2.013707904618406342e-20 1.014253498051441454e-20
8.272915054429957308e+03 -1.407079029582413614e-21 1.339350371807192816e-20
8.277920982363013536e+03 6.018735411252608655e-20 1.835847177684872045e-20
8.282926910296067945e+03 3.474049534881486586e-20 2.251574751178504963e-20
8.287932838229124172e+03 3.692799035847600713e-20 2.184743996139281854e-20
8.292938766162180400e+03 2.924038991825662972e-20 2.332915722281110563e-20
8.297944694095236628e+03 4.261125423747387007e-20 2.246672221554486679e-20
8.302950622028291036e+03 3.487479598784961422e-20 1.999065756547258965e-20
8.307956549961347264e+03 5.241070754888158050e-20 1.585799541114455364e-20
8.312962477894403492e+03 3.811206714434914196e-20 1.548432281274081445e-20
8.317968405827457900e+03 2.108290873569685108e-20 1.266356752917252005e-20
8.322974333760514128e+03 2.654025062383379310e-20 1.141060933594704467e-20
8.327980261693570355e+03 2.610569628319000053e-20 1.097293940826909358e-20
8.332986189626626583e+03 1.947501321968086972e-20 1.159284741953585777e-20
8.337992117559680992e+03 5.450817099607632578e-20 2.333463318344154197e-20
8.342998045492737219e+03 2.935232414525114096e-20 2.925597862152740923e-20
8.348003973425793447e+03 -2.354380266177917174e-20 2.918672879066327616e-20
8.353009901358847856e+03 5.264344106422282771e-20 1.969860690044715976e-20
8.358015829291904083e+03 2.509729736599406254e-20 1.654095558675175315e-20
8.363021757224960311e+03 2.386447000650989351e-20 1.411675280404486263e-20
8.368027685158016538e+03 2.570891714916405959e-20 1.301753404970640187e-20
8.373033613091070947e+03 1.957456617182926267e-20 1.164694644347007066e-20
8.378039541024127175e+03 1.689857351486517361e-20 1.545826425315457716e-20
8.383045468957181583e+03 3.953142223323872080e-20 1.591951218281813136e-20
8.388051396890237811e+03 3.406478676739722455e-20 1.338978212805991607e-20
8.393057324823294039e+03 -1.843314607698397675e-20 2.007662258488809533e-20
8.398063252756350266e+03 4.999831179976367820e-20 2.425247555436912008e-20
8.403069180689406494e+03 1.527534064771327259e-20 2.182100822181712196e-20
8.408075108622460903e+03 2.460264540653350978e-20 1.486635345275079856e-20
8.413081036555517130e+03 3.818696730349852376e-20 1.759479110430755048e-20
8.418086964488571539e+03 7.509974024201417894e-21 1.752217557129832965e-20
8.423092892421627766e+03 1.816575633419814447e-20 2.075548732489935299e-20
8.428098820354683994e+03 2.984437255179957466e-20 2.795741568703132577e-20
8.433104748287740222e+03 1.793135665843580246e-20 2.696024965072825156e-20
8.438110676220796449e+03 1.379557291248026404e-20 1.494984632638657322e-20
8.443116604153850858e+03 2.206378400217683778e-20 1.358091755277762883e-20
8.448122532086907086e+03 -1.734034888673694607e-20 1.847942817754249263e-20
8.453128460019961494e+03 3.677836513463095203e-20 1.833030879980749553e-20
8.458134387953017722e+03 4.752556229391192125e-20 1.996386801517142521e-20
8.463140315886073950e+03 2.129767745293851331e-20 2.389006657079607441e-20
8.468146243819130177e+03 1.055471614806209115e-19 2.237167206816534698e-20
8.473152171752186405e+03 4.517764577606580181e-20 1.304215623055386112e-20
8.478158099685240813e+03 2.036316264498581706e-20 1.080279525475714536e-20
8.483164027618297041e+03 2.197921984055251671e-20 1.061726416547319320e-20
8.488169955551351450e+03 3.155648513494215259e-20 1.371864136866282645e-20
8.493175883484407677e+03 3.660139910337282121e-20 1.476116549230211699e-20
8.498181811417463905e+03 2.961803856284061743e-20 1.699874583845639406e-20
8.503187739350520133e+03 4.597803448048675121e-21 1.804122232426816607e-20
8.508193667283574541e+03 3.568193147134231822e-20 1.658652291296216259e-20
8.513199595216630769e+03 3.917172692579843668e-20 1.106571671722028793e-20
8.518205523149686996e+03 3.368921417583108987e-20 1.029034684780869472e-20
8.523211451082741405e+03 2.178531552680987888e-20 1.033483019811705496e-20
8.528217379015797633e+03 1.611848303327538239e-20 1.030158121140445841e-20
8.533223306948853860e+03 9.246836204590243744e-21 1.182873145735369569e-20
8.538229234881910088e+03 4.174823221957662565e-20 1.280053266977508906e-20
8.543235162814964497e+03 3.070015401740714151e-20 1.484657589242535245e-20
8.548241090748020724e+03 3.190546565302248662e-20 1.513869518320453208e-20
8.553247018681076952e+03 2.948430107586271841e-20 1.391574295263811418e-20
8.558252946614131361e+03 2.992993340590164157e-20 1.132338684583801437e-20
8.563258874547187588e+03 2.619245403582419363e-20 1.133337425868443634e-20
8.568264802480243816e+03 -1.029262369547459109e-21 1.185189232185547792e-20
8.573270730413300043e+03 2.913065374762133526e-20 1.216316416531426077e-20
8.578276658346354452e+03 4.697368600144512624e-20 1.191215852459288724e-20
8.583282586279410680e+03 2.889400843711611577e-20 1.245814998438115376e-20
8.588288514212466907e+03 2.116197916679390931e-20 1.280071384717226973e-20
8.593294442145521316e+03 1.198674978186341150e-20 1.331274483850876107e-20
8.598300370078577544e+03 7.124089040905172503e-21 1.271049591353701214e-20
8.603306298011633771e+03 2.823029767251514986e-20 1.172394759864999491e-20
8.608312225944689999e+03 4.424466685823701049e-20 1.240033655452407998e-20
8.613318153877744408e+03 2.311875581858576007e-20 1.502901739546804662e-20
8.618324081810800635e+03 1.420139821447746526e-20 1.832376738502769205e-20
8.623330009743856863e+03 5.301721589932560644e-20 2.113904905076674740e-20
8.628335937676911271e+03 5.440654946066697891e-20 2.214299903327479691e-20
8.633341865609967499e+03 -6.800109457050065026e-20 2.095913228050374638e-20
8.638347793543023727e+03 3.039791188168485457e-20 1.786697526082041292e-20
8.643353721476079954e+03 5.811416749892622860e-20 1.669816876606727673e-20
8.648359649409134363e+03 4.679878016714983694e-20 1.903350420761748434e-20
8.653365577342190591e+03 2.226675904828936091e-20 2.195573647403791096e-20
8.658371505275246818e+03 8.729401043609835316e-20 2.279889492012762001e-20
8.663377433208301227e+03 3.359397549811801203e-20 2.234426245351055650e-20
8.668383361141357454e+03 1.839533973039019981e-20 2.103154894518161830e-20
8.673389289074413682e+03 4.088288530906169366e-20 1.932694385376187551e-20
8.678395217007469910e+03 3.473157001088181821e-20 1.755173262747873623e-20
8.683401144940524318e+03 3.935564961648287127e-21 1.586756456247161474e-20
8.688407072873580546e+03 4.051692680308103278e-21 1.466142354917123148e-20
8.693413000806636774e+03 -1.092597709328000660e-20 1.414564439460114981e-20
8.698418928739691182e+03 3.220844815189573991e-20 1.412780941580014055e-20
8.703424856672747410e+03 2.426530537409541743e-20 1.396908729276845968e-20
8.708430784605803638e+03 2.417121741735025960e-20 1.315966418122516198e-20
8.713436712538859865e+03 2.709048411666987875e-20 1.219198505856207265e-20
8.718442640471914274e+03 3.670481895834336606e-20 1.178228222717938743e-20
8.723448568404970501e+03 2.502334354221185995e-20 1.173419630190689376e-20
8.728454496338024910e+03 2.871023637717804744e-20 1.154792175118786670e-20
8.733460424271081138e+03 9.379437985536386665e-21 1.149955741569901321e-20
8.738466352204137365e+03 1.464376402395277958e-20 1.160197941400510317e-20
8.743472280137193593e+03 1.150917228279414623e-20 1.153999539377100197e-20
8.748478208070249821e+03 2.734620191691454411e-20 1.181244473222014003e-20
8.753484136003304229e+03 7.520774447854206651e-20 1.827867435416634779e-20
8.758490063936360457e+03 2.268385534119006189e-21 2.561569729029340268e-20
8.763495991869414866e+03 2.123011703912392708e-21 3.083433067499531593e-20
8.768501919802471093e+03 2.485940739951161542e-20 2.841603141666212492e-20
8.773507847735527321e+03 5.917741703877688947e-20 2.889240116443475878e-20
8.778513775668583548e+03 4.985222217704998571e-20 2.686022085959172888e-20
8.783519703601639776e+03 2.023300581117513146e-20 2.091483049009482047e-20
8.788525631534694185e+03 5.441623402832581642e-20 1.786082342999980841e-20
8.793531559467750412e+03 2.729079728154449834e-20 1.739926049478303100e-20
8.798537487400804821e+03 2.525120048315487362e-20 1.300310646930499935e-20
8.803543415333861049e+03 2.109025774290493629e-20 1.245432136447544462e-20
8.808549343266917276e+03 4.015794380162718773e-20 1.301587368455663781e-20
8.813555271199973504e+03 1.666216532280877966e-20 1.319087814670181271e-20
8.818561199133029731e+03 1.488012898038706638e-20 2.362958415501490572e-20
8.823567127066084140e+03 2.915566667792126846e-20 4.000902276364633065e-20
8.828573054999140368e+03 6.018303517187235619e-20 4.293474778749125801e-20
8.833578982932194776e+03 9.249612264463409617e-20 3.272995177971012665e-20
8.838584910865251004e+03 2.908563296519285919e-20 2.515042094595769283e-20
8.843590838798307232e+03 2.725432933474621583e-20 1.853310255651815220e-20
8.848596766731363459e+03 2.623189794378030003e-20 1.752167913872833827e-20
8.853602694664417868e+03 4.204575687987004971e-20 1.576785983256184168e-20
8.858608622597474096e+03 -1.827119894795613745e-20 1.535532848151521436e-20
8.863614550530530323e+03 2.537667409564641444e-20 2.072449738507064249e-20
8.868620478463584732e+03 -6.545756616591739577e-21 2.033849356127077475e-20
8.873626406396640959e+03 -3.668987806102273567e-22 1.514971280701131031e-20
8.878632334329697187e+03 -9.567075162455306885e-21 2.309854622644354434e-20
8.883638262262753415e+03 2.016366186769988827e-20 3.044472392388433630e-20
8.888644190195807823e+03 8.477379927732039931e-20 2.855558593658525176e-20
8.893650118128864051e+03 4.903881630183130675e-20 1.742966406498309119e-20
8.898656046061920279e+03 3.152917633049680167e-20 2.113749348716524876e-20
8.903661973994974687e+03 1.895975738968632652e-20 2.229761791877354326e-20
8.908667901928030915e+03 2.345018246232822351e-20 1.854433633281169651e-20
8.913673829861087142e+03 2.561200124152165008e-20 2.876712070669911398e-20
8.918679757794143370e+03 4.715736783890280422e-20 3.431151711158810013e-20
8.923685685727199598e+03 -1.449028062254269384e-20 2.983303215050967049e-20
8.928691613660254006e+03 5.422795240471820743e-20 1.607975830671218332e-20
8.933697541593308415e+03 3.300859681986624756e-20 1.508499868555587041e-20
8.938703469526364643e+03 2.211257475990506285e-20 2.187776696485153508e-20
8.943709397459420870e+03 3.126115466922138026e-20 2.344352723711494758e-20
8.948715325392477098e+03 6.533394063936718166e-20 2.243610333535638961e-20
8.953721253325533326e+03 1.023626110269289249e-19 3.197603281219381201e-20
8.958727181258589553e+03 5.683638257153451930e-20 3.342914990764370233e-20
8.963733109191643962e+03 6.313136700442963207e-20 2.360714341480193879e-20
8.968739037124698370e+03 2.769579211325860554e-20 1.446713119047020003e-20
8.973744965057754598e+03 1.980351169629859724e-20 1.409474152208875021e-20
8.978750892990810826e+03 2.545814990683103243e-20 1.511233949635600991e-20
8.983756820923867053e+03 -2.166815109915413290e-21 1.971683213992262139e-20
8.988762748856923281e+03 2.702891911791716090e-20 2.048885142700943738e-20
8.993768676789977690e+03 3.873310657539904269e-20 2.129859679583730803e-20
8.998774604723033917e+03 7.935547219841040308e-20 2.482832456650108242e-20
9.003780532656088326e+03 2.039260631530944216e-20 2.301428830819586508e-20
9.008786460589144554e+03 3.744065805883953956e-21 1.515152284631064607e-20
9.013792388522200781e+03 8.088122142643721966e-21 1.247237015346209940e-20
9.018798316455257009e+03 3.281969365013465994e-20 1.258074775510271539e-20
9.023804244388313236e+03 -1.283804485615013308e-21 1.285411369302521659e-20
9.028810172321367645e+03 1.061686705640215810e-20 1.348337016995833189e-20
9.033816100254423873e+03 3.717522734785913531e-20 1.615939078725941645e-20
9.038822028187478281e+03 5.833692740047049318e-20 1.713275236401246780e-20
9.043827956120534509e+03 -2.417150903419559027e-20 1.952419033566538230e-20
9.048833884053590737e+03 3.850491410226008800e-21 2.060455535545064220e-20
9.053839811986646964e+03 -9.165061284353372291e-21 1.887849898971761461e-20
9.058845739919703192e+03 3.590437331489434322e-20 1.511078499279373740e-20
9.063851667852757600e+03 2.349701625341664879e-21 1.542171930235594213e-20
9.068857595785813828e+03 3.882765633354091089e-21 1.573127709263176248e-20
9.073863523718868237e+03 2.192175422375019956e-20 1.513188429387334099e-20
9.078869451651924464e+03 2.456285090967484810e-20 1.540621622695720635e-20
9.083875379584980692e+03 4.815194578527765919e-21 1.611200113829575081e-20
9.088881307518036920e+03 5.011574228349994269e-20 1.803018086803358129e-20
9.093887235451093147e+03 1.672944693523576259e-20 1.874135434039094061e-20
9.098893163384147556e+03 -3.009786116974566957e-21 1.914994713802737395e-20
9.103899091317203784e+03 -1.227716300056455694e-20 1.814819120564031204e-20
9.108905019250258192e+03 2.323934334371562986e-20 1.543252220561105197e-20
9.113910947183314420e+03 1.817794683214422970e-21 1.388120829519661996e-20
9.118916875116370647e+03 1.268110456196483113e-20 1.364266126473115895e-20
9.123922803049426875e+03 1.715046546815170518e-20 1.349605234306057652e-20
9.128928730982483103e+03 1.325165517391083349e-20 1.351791493701678319e-20
9.133934658915537511e+03 1.141996500348240725e-20 1.377980483883936890e-20
9.138940586848593739e+03 2.561219477434998033e-21 1.375037638526601399e-20
9.143946514781648148e+03 3.891032487914758099e-20 1.457902357141618958e-20
9.148952442714704375e+03 3.863495626813200363e-20 1.592597101445340877e-20
9.153958370647760603e+03 2.012071027747582696e-20 1.725138827216938319e-20
9.158964298580816831e+03 5.403096334096906321e-21 1.717440885506654551e-20
9.163970226513873058e+03 -1.430503209367512700e-20 1.648383481815930337e-20
9.168976154446927467e+03 3.184638584758855177e-20 1.523513401475723921e-20
9.173982082379983694e+03 4.805374672910487673e-20 1.449973084068592094e-20
9.178988010313038103e+03 1.315620736984448331e-20 1.471534901765897353e-20
9.183993938246094331e+03 3.096472737030266804e-20 1.486554018714051952e-20
9.188999866179150558e+03 5.160287991498632292e-21 1.492070527119111541e-20
9.194005794112206786e+03 3.603146914283285761e-21 1.554570558460767969e-20
9.199011722045263014e+03 -3.735797763892481092e-21 1.575583220678096628e-20
9.204017649978317422e+03 2.571927517012214348e-20 1.609808226314192225e-20
9.209023577911373650e+03 1.086250450571914248e-20 1.700308889039104058e-20
9.214029505844428058e+03 1.904401484614081308e-20 1.766276736170413078e-20
9.219035433777484286e+03 -8.997999302437533693e-21 1.852000701447936667e-20
9.224041361710540514e+03 1.297768019064393150e-20 1.796782527818521663e-20
9.229047289643596741e+03 2.228077189490899978e-20 1.695941183266031984e-20
9.234053217576652969e+03 4.534099307433835897e-20 1.531142377978066918e-20
9.239059145509707378e+03 1.531515696969437226e-20 1.482210220029181729e-20
9.244065073442761786e+03 -1.086158520012085615e-20 1.563870421879532023e-20
9.249071001375818014e+03 3.777836647168081387e-20 1.629888131075262626e-20
9.254076929308874242e+03 3.376913339026838596e-20 1.624643388517579346e-20
9.259082857241930469e+03 5.025325245617826044e-21 1.603204451233012271e-20
9.264088785174986697e+03 7.920000253790003939e-21 1.576672124821514177e-20
9.269094713108042924e+03 7.415040898110726821e-21 1.521093505616257776e-20
9.274100641041097333e+03 1.698703715189056405e-20 1.503186456843608602e-20
9.279106568974151742e+03 3.593183467057144296e-20 1.616259826746735354e-20
9.284112496907207969e+03 -1.386116363296705668e-20 1.783121523928605200e-20
9.289118424840264197e+03 5.796719271442117222e-20 1.933140074782938401e-20
9.294124352773320425e+03 2.192976509098690424e-20 1.986368794229869650e-20
9.299130280706376652e+03 6.833362814803941487e-20 2.754523478865560004e-20
9.304136208639432880e+03 1.477088450823755084e-19 4.600882535720875987e-20
9.309142136572487289e+03 1.205693793023998869e-19 6.055351807515498385e-20
9.314148064505541697e+03 2.022771025196206611e-19 5.916072209536419986e-20
9.319153992438597925e+03 1.072215420584605169e-19 5.877046002584666678e-20
9.324159920371654152e+03 3.575326418842346413e-20 5.511830088803374228e-20
9.329165848304710380e+03 1.798374995221678852e-19 4.276364129873046434e-20
9.334171776237766608e+03 6.168487834295445445e-20 3.952312864120932164e-20
9.339177704170821016e+03 1.171119127524029170e-20 3.983330998716161310e-20
9.344183632103877244e+03 6.290526710030332258e-20 3.216428586998080301e-20
9.349189560036931653e+03 5.626492867351717521e-20 2.686544233335097030e-20
9.354195487969987880e+03 5.554770515359176476e-20 2.658661468586361524e-20
9.359201415903044108e+03 -1.217559425908369377e-20 2.549035356279819617e-20
9.364207343836100335e+03 1.193661592989642735e-19 2.935634079977411711e-20
9.369213271769156563e+03 2.296675452792156113e-19 6.547222143456769293e-20
9.374219199702210972e+03 1.466120446747230591e-20 7.700017771650116525e-20
9.379225127635267199e+03 7.704373045394410389e-20 6.396744613898554565e-20
9.384231055568321608e+03 6.673809552808163470e-20 3.491075990948464971e-20
9.389236983501377836e+03 3.355851212849789487e-20 2.593783975030056591e-20
9.394242911434434063e+03 5.501649491875825852e-20 2.481181894236641734e-20
9.399248839367490291e+03 1.743542788466941362e-21 3.046063066499151148e-20
9.404254767300546519e+03 2.023843459516059278e-20 2.903802987318496661e-20
9.409260695233600927e+03 7.342345375034539933e-20 2.465537926936068591e-20
9.414266623166657155e+03 6.158411725765686183e-20 3.494644252333394961e-20
9.419272551099711563e+03 1.079054830757228925e-20 4.389305902277342365e-20
9.424278479032767791e+03 1.053002829600186960e-20 4.064412562581803632e-20
9.429284406965824019e+03 4.884907794033146838e-20 3.097203012459891047e-20
9.434290334898880246e+03 2.032410521072222649e-19 5.915821224857489719e-20
9.439296262831936474e+03 7.248826980930349005e-20 6.796854464812931242e-20
9.444302190764990883e+03 8.874685307051810202e-20 5.126007876951352844e-20
9.449308118698047110e+03 5.236931645821825793e-20 3.391315136725712822e-20
9.454314046631101519e+03 1.014180848980232615e-19 4.773650854110541716e-20
9.459319974564157746e+03 9.306019872559317026e-20 4.964343190165169694e-20
9.464325902497213974e+03 7.130941428920266823e-20 3.542191966340166422e-20
9.469331830430270202e+03 1.096703967703323708e-19 4.596929145044525599e-20
9.474337758363326429e+03 6.903052152876497906e-20 6.495720062254557479e-20
9.479343686296380838e+03 1.024961715099813016e-19 6.193303260466224205e-20
9.484349614229437066e+03 7.834440028333406013e-20 3.438272494564464649e-20
9.489355542162491474e+03 4.364798850130866301e-20 2.648879417780842405e-20
9.494361470095547702e+03 -2.462102543962101425e-20 3.267635355855243135e-20
9.499367398028603930e+03 -5.838093134033244637e-20 4.241912957743808569e-20
9.504373325961660157e+03 2.940517091024111827e-20 3.935334930029940837e-20
9.509379253894716385e+03 1.931540664037304355e-20 3.133753627112843223e-20
9.514385181827770793e+03 7.613714517955780056e-20 4.470591999191753239e-20
9.519391109760827021e+03 5.272786263785673553e-20 4.673132271204613851e-20
9.524397037693881430e+03 -1.467493995176696132e-20 3.674304601810157328e-20
9.529402965626937657e+03 2.600761343060207169e-20 2.651211079903911248e-20
9.534408893559993885e+03 1.281559503237975629e-21 2.593947831166468002e-20
9.539414821493050113e+03 5.159975526399487024e-20 2.547576564325006048e-20
9.544420749426106340e+03 3.631879882155028966e-20 2.965106653660183197e-20
9.549426677359160749e+03 1.345512742097070557e-21 3.758162581440161240e-20
9.554432605292216977e+03 9.519432519130106280e-20 4.195696322961175188e-20
9.559438533225271385e+03 8.778699096872272943e-20 4.341751413964823092e-20
9.564444461158327613e+03 -6.591016721248561393e-20 5.284736323490980474e-20
9.569450389091383840e+03 3.401276787049693654e-20 5.001503829579865759e-20
9.574456317024440068e+03 7.515348646787141702e-20 3.450980067651826854e-20
9.579462244957496296e+03 3.820882612858530856e-20 2.754210047608483612e-20
9.584468172890550704e+03 4.685593129673083344e-20 2.792663291519654651e-20
9.589474100823605113e+03 7.261437046163559625e-21 3.009500061028734828e-20
9.594480028756661341e+03 4.388328838491506522e-21 2.809629173392645454e-20
9.599485956689717568e+03 9.190015547186991743e-21 2.952123019283227016e-20
9.604491884622773796e+03 9.991241139023189050e-20 3.547647399497821775e-20
9.609497812555830023e+03 1.211103726236460481e-20 3.564825174811558296e-20
9.614503740488886251e+03 5.155791415772391914e-20 3.536792753279706262e-20
9.619509668421940660e+03 9.533564281732530069e-21 3.535771129088701083e-20
9.624515596354995068e+03 -5.804090237843877524e-21 3.377814730672787254e-20
9.629521524288051296e+03 6.784233548097153493e-20 2.754273104511530034e-20
9.634527452221107524e+03 3.601808741147159444e-20 2.651733940360719486e-20
9.639533380154163751e+03 5.920923987448110871e-20 2.580585500998818701e-20
9.644539308087219979e+03 4.489633048399888807e-20 2.514740800829272355e-20
9.649545236020274388e+03 9.928178257446713870e-21 2.494632746563608119e-20
9.654551163953330615e+03 4.049236483536213523e-20 2.669541972115658708e-20
9.659557091886385024e+03 -1.988902941061229840e-20 2.858785082292728428e-20
9.664563019819441251e+03 8.923588343154861304e-20 3.291485005885366696e-20
9.669568947752497479e+03 5.662204015844304718e-20 3.327120626823227124e-20
9.674574875685553707e+03 -2.701561913701975839e-20 3.496639026781104566e-20
9.679580803618609934e+03 2.804244808686238163e-20 3.720114337866467225e-20
9.684586731551664343e+03 1.339849409650203260e-19 3.639338258832387016e-20
9.689592659484720571e+03 5.136693128216813421e-20 3.318069967287753833e-20
9.694598587417774979e+03 4.909242147507183908e-20 4.157191372280603904e-20
9.699604515350831207e+03 8.005254912438992043e-20 4.187354855789056646e-20
9.704610443283887435e+03 3.255237621691117874e-20 3.870766497962194616e-20
9.709616371216943662e+03 1.260463577116149116e-19 3.800689986526926031e-20
9.714622299149999890e+03 -2.206151499157490939e-20 4.812606418859325357e-20
9.719628227083054298e+03 -3.294836729610640161e-21 5.049553075037824523e-20
9.724634155016110526e+03 1.103901618743396160e-20 4.317592091915701064e-20
9.729640082949164935e+03 1.169595340171578957e-20 3.708846507938508101e-20
9.734646010882221162e+03 -6.260734669964616553e-21 3.959204698256197492e-20
9.739651938815277390e+03 8.085771131064941116e-20 3.935751524316105121e-20
9.744657866748333618e+03 5.009220447190058587e-20 3.541047482305555583e-20
9.749663794681389845e+03 2.890869611851076425e-20 3.153309769057513952e-20
9.754669722614444254e+03 1.358936007739305519e-20 2.911039264688422000e-20
9.759675650547500481e+03 4.504920279365186682e-20 2.817398612417180627e-20
9.764681578480554890e+03 5.096460731894671144e-20 2.781617553723689840e-20
9.769687506413611118e+03 1.650533077712384766e-20 2.835440608292455396e-20
9.774693434346667345e+03 -6.287895911173804229e-20 2.923140957835044893e-20
9.779699362279723573e+03 -3.081970638452483937e-20 3.202212935745241687e-20
9.784705290212779801e+03 4.698876930871184151e-20 5.400970966582858465e-20
9.789711218145834209e+03 4.587903373327606916e-20 6.679482077446550089e-20
9.794717146078890437e+03 2.135994855252159306e-20 6.323189510054432600e-20
9.799723074011944846e+03 9.318263355456815506e-20 4.912273820381576831e-20
9.804729001945001073e+03 1.566523095377273902e-20 4.272938952872217224e-20
9.809734929878057301e+03 2.184681416688437772e-20 3.972313649856079027e-20
9.814740857811113528e+03 5.445045917043093146e-21 3.756042866641459755e-20
9.819746785744169756e+03 6.042486127467155495e-20 3.601915326060690956e-20
9.824752713677224165e+03 5.133712203687159782e-20 3.652671358789467169e-20
9.829758641610280392e+03 -9.498695961502220067e-20 3.559678405080564014e-20
9.834764569543334801e+03 3.730567876356758540e-20 3.438675981355964024e-20
9.839770497476391029e+03 2.490350078090247185e-20 3.723581641564812262e-20
9.844776425409447256e+03 5.419333888496846179e-20 4.673577406527415570e-20
9.849782353342503484e+03 4.824762612587005619e-20 4.971668461789196751e-20
9.854788281275559712e+03 6.550922801626471545e-20 4.113865043079758810e-20
9.859794209208614120e+03 -1.357624460430328667e-20 3.727065963353026405e-20
9.864800137141670348e+03 1.107768646911073525e-19 5.131530132895734976e-20
9.869806065074724756e+03 6.651810217741607960e-20 6.424193986401263667e-20
9.874811993007780984e+03 1.564440075139985472e-19 6.573735833278321527e-20
9.879817920940837212e+03 2.677008937898394769e-20 4.587120152561611811e-20
9.884823848873893439e+03 2.361405437787344668e-20 4.055276043261281948e-20
9.889829776806949667e+03 8.985403746394499594e-20 4.801375288853378930e-20
9.894835704740004076e+03 6.085731063456178479e-20 5.105821046174674960e-20
9.899841632673058484e+03 9.997324897954559407e-20 4.895727916717874309e-20
9.904847560606114712e+03 4.548885532736000750e-20 4.168438275178059150e-20
9.909853488539170939e+03 -6.342784220513335778e-20 6.406337719851313120e-20
9.914859416472227167e+03 8.296433345123269525e-20 7.062120923730118391e-20
9.919865344405283395e+03 8.114202850018783562e-20 5.683323095360537220e-20
9.924871272338339622e+03 2.876858635565488216e-20 4.236516655211165961e-20
9.929877200271394031e+03 5.403205097511164407e-21 4.085226994960122614e-20
9.934883128204448440e+03 1.321130051748495511e-19 5.366708267571840823e-20
9.939889056137504667e+03 1.715196457977190553e-19 7.981675692723182569e-20
9.944894984070560895e+03 2.116465419333420568e-19 8.721566386841695210e-20
9.949900912003617123e+03 2.430589970649619181e-20 8.826737931698668814e-20
9.954906839936673350e+03 5.477072192331529625e-20 8.443699899714002881e-20
9.959912767869729578e+03 1.564442819491816555e-19 8.621525084036998869e-20
9.964918695802783986e+03 1.915551924665605022e-19 7.520730199096311608e-20
9.969924623735838395e+03 -2.029614247596220663e-20 6.376263750324418177e-20
9.974930551668894623e+03 9.793047028543119680e-20 5.968051719146208830e-20
9.979936479601950850e+03 1.103237731989874651e-21 5.345085944541370873e-20
9.984942407535007078e+03 1.853795839275236917e-20 4.649381413903958236e-20
9.989948335468063306e+03 3.204454745790259335e-21 4.768640959986916630e-20
9.994954263401117714e+03 -1.064746204745873415e-21 5.163075379571215984e-20
9.999960191334173942e+03 1.004415479444316659e-19 5.583216717889650358e-20
1.000496611926722835e+04 6.814144683137622359e-20 6.441779083858807042e-20
1.000997204720028458e+04 1.518213925977746648e-19 8.727367956998955594e-20
1.001497797513334081e+04 1.263838289668032327e-19 8.675727329424374868e-20
1.001998390306639703e+04 -7.124446512439750448e-20 7.605782205275643793e-20
1.002498983099945326e+04 2.647955174645046768e-20 6.866642982783099546e-20
1.002999575893250767e+04 -7.626157222836155619e-20 6.295725812721107546e-20
1.003500168686556390e+04 9.550368960058353730e-20 5.475544302340623487e-20
1.004000761479861831e+04 1.092319725219126903e-19 5.475053235406699518e-20
1.004501354273167453e+04 3.523883603300515669e-20 5.436811426861198792e-20
1.005001947066473076e+04 5.963667487891461937e-20 5.426592846241886998e-20
1.005502539859778699e+04 -7.693432134485475534e-21 5.883351650146755677e-20
1.006003132653084322e+04 4.287254135705566281e-20 6.674477024202658808e-20
1.006503725446389763e+04 9.607727466323655190e-20 7.032959159679093820e-20
1.007004318239695385e+04 6.838584729349255015e-20 6.686877058107293969e-20
1.007504911033000826e+04 5.080789057550653845e-20 7.238219543983481772e-20
1.008005503826306449e+04 -5.867034210995211939e-20 8.868652230960130277e-20
1.008506096619612072e+04 -1.446710627823134364e-19 8.867157057714273974e-20
1.009006689412917694e+04 9.976294020522159459e-20 7.419535588395304560e-20
1.009507282206223317e+04 -3.903743702378504904e-20 6.986075756942378760e-20
1.010007874999528758e+04 -9.950704631059758855e-21 8.225940699488369544e-20
1.010508467792834381e+04 1.073834397953975876e-19 8.207872744791213339e-20
1.011009060586139822e+04 7.225578150001415686e-21 7.996375571767788631e-20
1.011509653379445444e+04 1.727648482107956087e-19 8.134099247892952472e-20
1.012010246172751067e+04 1.207220332325581511e-19 1.024331839796245339e-19
1.012510838966056690e+04 -6.102992472032441911e-20 1.035326877117754701e-19
1.013011431759362313e+04 -1.878928422304365969e-20 9.082826903757014682e-20
1.013512024552667754e+04 3.467475819484269563e-22 7.683573079205397212e-20
1.014012617345973376e+04 1.309130208992511536e-19 7.462938927447680770e-20
1.014513210139278817e+04 8.444160075679164373e-20 7.555080527704482309e-20
1.015013802932584440e+04 -6.957820436766846984e-21 8.572776582811850562e-20
1.015514395725890063e+04 1.634856091373911925e-19 9.812536585906996851e-20
1.016014988519195686e+04 1.039966227734860971e-19 8.476237991685032377e-20
1.016515581312501308e+04 2.981323514291403298e-20 9.611515769299132697e-20
1.017016174105806749e+04 1.036107274620838658e-19 1.041780547612322107e-19
1.017516766899112372e+04 3.434769636832510974e-19 1.075510738447149595e-19
1.018017359692417813e+04 2.162706454894734966e-19 9.839010068038838156e-20
1.018517952485723436e+04 -9.706635682228354798e-20 1.025549901084789840e-19
1.019018545279029058e+04 1.618174260921275388e-20 1.085971338500956338e-19
1.019519138072334681e+04 1.902048916680087177e-19 1.082683334665201319e-19
1.020019730865640304e+04 7.470836383386609864e-20 1.035145370084121263e-19
1.020520323658945745e+04 -1.790362663602700128e-19 1.157137355430058786e-19
1.021020916452251367e+04 1.692529712187617056e-19 1.274237096050420543e-19
1.021521509245556808e+04 -1.342263304982899391e-19 1.257410499096076697e-19
1.022022102038862431e+04 5.656490823415231762e-21 1.076671258224774629e-19
1.022522694832168054e+04 2.458797476407861868e-20 1.150151150978007581e-19
1.023023287625473677e+04 1.284146504720571963e-19 1.225124367055769058e-19
1.023523880418779299e+04 -6.648386580879550497e-20 1.086013488662482206e-19
1.024024473212084740e+04 6.584512571921107309e-20 9.762594775772036008e-20
1.024525066005390181e+04 1.690336699014976655e-19 9.865091493526173212e-20
1.025025658798695804e+04 4.620295332009440003e-20 1.031834647292954831e-19
1.025526251592001427e+04 1.691731872887968178e-20 9.948550242969879221e-20
1.026026844385307049e+04 -6.450056931134975632e-20 1.035677527643082261e-19
1.026527437178612672e+04 3.444447074260068393e-21 1.037624365914019201e-19
1.027028029971918295e+04 3.940375616292810801e-20 1.114926223515964445e-19
1.027528622765223736e+04 1.941104064266107282e-19 1.195277452711373382e-19
1.028029215558529177e+04 1.111850982226242621e-20 1.280850209661736789e-19
1.028529808351834799e+04 2.243032538951689832e-19 1.450508582884596250e-19
1.029030401145140422e+04 1.309440672071435655e-19 1.547557614464627059e-19
1.029530993938446045e+04 1.428060994054772085e-19 1.499038902530907898e-19
