#  wl flam flam_err
4.803806996822357178e+03 1.191882035678706096e-18 1.494392482030034503e-18
4.808812924755412496e+03 1.102560286453537032e-18 1.335320860409737480e-18
4.813818852688468723e+03 1.451387344196749690e-18 1.172047086825218235e-18
4.818824780621524042e+03 -4.278686123219868768e-19 1.014942947722088711e-18
4.823830708554580269e+03 -1.280572342563495439e-19 9.068096474435320406e-19
4.828836636487635587e+03 -1.139446351510895031e-21 8.529823488358022486e-19
4.833842564420691815e+03 -1.471168298265757313e-18 8.135889543508260731e-19
4.838848492353747133e+03 1.559422207019400723e-18 7.682123447941009103e-19
4.843854420286802451e+03 -2.464469898141235265e-19 6.796418553467427263e-19
4.848860348219858679e+03 7.727886518501270903e-19 5.905218503742959720e-19
4.853866276152913997e+03 9.313434529794547794e-19 5.123070244165037201e-19
4.858872204085970225e+03 5.336366704288388291e-19 4.621010306180867445e-19
4.863878132019025543e+03 3.496239544478917483e-19 4.514857763200848623e-19
4.868884059952080861e+03 8.205082186730653287e-19 4.541265021083710926e-19
4.873889987885137089e+03 2.632396658861355985e-19 4.547256048879159989e-19
4.878895915818192407e+03 3.078480273319859208e-19 4.477014874827046869e-19
4.883901843751248634e+03 8.254033892282079074e-19 4.209053115872266563e-19
4.888907771684303952e+03 8.063857985121139034e-19 3.808929473490829207e-19
4.893913699617360180e+03 -2.892665367608308007e-19 3.481681541297727072e-19
4.898919627550415498e+03 4.909561391502230808e-19 3.320662463624812930e-19
4.903925555483470816e+03 2.958218366567869411e-19 3.254618903083214737e-19
4.908931483416527044e+03 2.769512276181531321e-19 3.234828315393351002e-19
4.913937411349582362e+03 6.850308379119879054e-19 3.124742201002176702e-19
4.918943339282638590e+03 1.288339478241211474e-19 2.959860387611383734e-19
4.923949267215693908e+03 3.844849548924781591e-19 2.799082058694995859e-19
4.928955195148750136e+03 3.688865623222649098e-19 2.637335988567471723e-19
4.933961123081805454e+03 -6.639681187152191483e-20 2.504974412758737046e-19
4.938967051014860772e+03 1.887939126736630048e-19 2.436611811525804460e-19
4.943972978947916999e+03 -2.028000617545828837e-19 2.443880915555003879e-19
4.948978906880972318e+03 -8.020205826179402084e-20 2.479917799764991103e-19
4.953984834814028545e+03 -1.948274710293123683e-20 2.442468013807700828e-19
4.958990762747083863e+03 3.357969944386759752e-19 2.382606676012658582e-19
4.963996690680139181e+03 2.431181009887685186e-19 2.304668495035384804e-19
4.969002618613195409e+03 -2.114521210435054084e-19 2.215187181220615640e-19
4.974008546546250727e+03 1.637900515410354991e-19 2.138858919555820041e-19
4.979014474479306955e+03 5.812130165307672728e-20 2.085325144434454492e-19
4.984020402412362273e+03 1.342772900108342901e-19 2.090876191332669494e-19
4.989026330345418501e+03 1.721424249520640274e-19 2.165091050188744715e-19
4.994032258278473819e+03 1.132326426928890897e-19 2.201696124489660696e-19
4.999038186211529137e+03 4.533234581442514067e-19 2.134619373152531542e-19
5.004044114144585365e+03 -4.192844130584745087e-19 2.003403114225995861e-19
5.009050042077640683e+03 1.121447975177495358e-19 1.855614394797060235e-19
5.014055970010696910e+03 2.421962799251447360e-19 1.720109710953861173e-19
5.019061897943752228e+03 1.305200435445873634e-19 1.642887043870270007e-19
5.024067825876807547e+03 3.029830485320476537e-19 1.626273646069782875e-19
5.029073753809863774e+03 2.153094854026691059e-19 1.641799135157974670e-19
5.034079681742919092e+03 2.019910627824264510e-19 1.649005089275020611e-19
5.039085609675975320e+03 2.378966544548654919e-19 1.616659726095079272e-19
5.044091537609030638e+03 4.756116620889883508e-20 1.590690898890369657e-19
5.049097465542086866e+03 -8.504788894691049447e-20 1.548643716302601290e-19
5.054103393475142184e+03 2.752964450358054538e-19 1.502016635413841838e-19
5.059109321408197502e+03 1.996679377197642925e-19 1.458164766064865892e-19
5.064115249341253730e+03 1.377230954249652290e-19 1.424692330153142446e-19
5.069121177274309048e+03 2.861481128718144130e-20 1.421186419204333701e-19
5.074127105207365275e+03 -7.368612504288500698e-20 1.417701507042819982e-19
5.079133033140420594e+03 2.470646553626725913e-19 1.438907667895380891e-19
5.084138961073476821e+03 6.994321267648323805e-20 1.469323906803063942e-19
5.089144889006532139e+03 -4.194249795117963612e-20 1.491083808572583435e-19
5.094150816939587457e+03 1.551738462850776664e-19 1.471916711326459664e-19
5.099156744872643685e+03 -2.803076631737189269e-20 1.457626504113039163e-19
5.104162672805699003e+03 -4.880274282534767146e-20 1.437342057722576723e-19
5.109168600738755231e+03 2.518371526015187045e-20 1.446141647825583741e-19
5.114174528671810549e+03 1.265284848400297677e-19 1.502971717559640626e-19
5.119180456604865867e+03 2.303156771064626526e-19 1.566079471094261331e-19
5.124186384537922095e+03 5.125872789700614728e-19 1.596289292735537846e-19
5.129192312470977413e+03 3.437943476789827132e-19 1.541692689999500151e-19
5.134198240404033641e+03 1.094782886124484111e-20 1.490394797916281462e-19
5.139204168337088959e+03 6.348808638377900644e-20 1.424594307041564014e-19
5.144210096270145186e+03 3.975624043126584062e-19 1.354344725732007689e-19
5.149216024203200504e+03 6.798660400189550580e-20 1.291427069062624967e-19
5.154221952136255823e+03 1.148368718339937254e-19 1.247984457479734912e-19
5.159227880069312050e+03 2.064916780449866799e-19 1.195868637355574357e-19
5.164233808002367368e+03 2.454924419995556636e-19 1.148930058911649088e-19
5.169239735935423596e+03 9.217826491486210440e-20 1.115311689867493944e-19
5.174245663868478914e+03 1.261007696655629468e-19 1.121257166655531666e-19
5.179251591801534232e+03 3.918840482559031073e-19 1.117514208854098713e-19
5.184257519734590460e+03 4.118111287698410869e-19 1.126700257932225843e-19
5.189263447667645778e+03 4.928807373024635265e-19 1.143331266690146667e-19
5.194269375600702006e+03 2.132483004559010120e-19 1.168724607210883837e-19
5.199275303533757324e+03 2.722423362863471657e-19 1.180680911930196062e-19
5.204281231466813551e+03 2.759789174035347210e-19 1.164821825037468294e-19
5.209287159399868870e+03 1.164054498100308779e-19 1.129312686926003832e-19
5.214293087332924188e+03 1.879414987435286378e-19 1.145593957076081714e-19
5.219299015265980415e+03 1.905212835424118828e-19 1.185237799148701588e-19
5.224304943199035733e+03 3.706311259426901269e-19 1.213353384367583252e-19
5.229310871132091961e+03 1.660131995641721318e-19 1.214634403881744739e-19
5.234316799065147279e+03 2.787283142614719982e-19 1.246508575877009115e-19
5.239322726998203507e+03 1.894750246317188269e-19 1.264767243065172033e-19
5.244328654931258825e+03 2.385882947152922854e-19 1.243025142390856789e-19
5.249334582864314143e+03 -6.725037250056880661e-20 1.226226680170350892e-19
5.254340510797370371e+03 3.150471968003736594e-19 1.226859034874928398e-19
5.259346438730425689e+03 3.507418796621841382e-19 1.170493719293043524e-19
5.264352366663481916e+03 4.259802245738112431e-19 1.097374121397097564e-19
5.269358294596537235e+03 2.885710417182329243e-19 1.075810775834952713e-19
5.274364222529593462e+03 5.769686591258033422e-19 1.098739859986716127e-19
5.279370150462648780e+03 3.646600257018257320e-19 1.097528389541375726e-19
5.284376078395704099e+03 -9.447085935222019076e-21 1.075173764336278823e-19
5.289382006328760326e+03 2.452251589617778764e-19 1.074721676686647378e-19
5.294387934261815644e+03 2.701907377709096363e-19 1.071966143159445057e-19
5.299393862194871872e+03 4.467274831925097602e-20 1.053133062612801638e-19
5.304399790127927190e+03 3.902329280977594070e-20 1.030610315197173503e-19
5.309405718060982508e+03 1.602448524824722908e-19 1.019665747957055215e-19
5.314411645994038736e+03 1.529055271787567254e-19 1.005344974387068737e-19
5.319417573927094054e+03 1.932429873909375554e-19 1.002491936429551957e-19
5.324423501860150282e+03 3.939314544566820055e-19 9.972121577463555217e-20
5.329429429793205600e+03 2.254549904995631689e-19 9.997934858201841463e-20
5.334435357726260918e+03 4.009171738760303694e-19 1.007229589303993487e-19
5.339441285659317145e+03 4.991311056988037093e-19 1.014307004725205123e-19
5.344447213592372464e+03 2.974664177876919535e-19 1.020369089282433015e-19
5.349453141525428691e+03 3.580172310461440865e-19 1.033438234783817479e-19
5.354459069458484009e+03 2.754316698426532902e-19 1.045469395460511887e-19
5.359464997391540237e+03 3.619280975014019709e-19 1.057713928744319855e-19
5.364470925324595555e+03 1.666221505076529217e-19 1.057065232518019785e-19
5.369476853257650873e+03 4.561027523145159022e-19 1.079332476662671619e-19
5.374482781190707101e+03 2.746554420548308298e-19 1.093528549240035713e-19
5.379488709123762419e+03 3.312391320971470176e-19 1.095071248709359838e-19
5.384494637056818647e+03 2.649464314633521245e-19 1.070266100750260371e-19
5.389500564989873965e+03 3.559716126974125420e-19 1.031144830481211867e-19
5.394506492922930192e+03 1.760520121781893445e-19 9.969148886120134417e-20
5.399512420855985511e+03 7.962346421416581666e-20 9.599723743706718168e-20
5.404518348789040829e+03 1.339052444378640823e-19 9.370001366277853935e-20
5.409524276722097056e+03 2.475537772920792620e-19 9.219463210437921740e-20
5.414530204655152374e+03 4.199504956759216602e-19 9.211625072400297487e-20
5.419536132588208602e+03 3.873832691194509751e-19 9.182780102267340931e-20
5.424542060521263920e+03 3.236406506838005772e-19 9.083948703531867815e-20
5.429547988454320148e+03 4.122643023584957863e-19 9.100781143973935957e-20
5.434553916387375466e+03 3.804592658665981792e-19 9.152903929762224142e-20
5.439559844320430784e+03 1.867597364998075160e-19 9.081733553484581838e-20
5.444565772253487012e+03 5.150481118715064692e-19 9.145588497374243176e-20
5.449571700186542330e+03 4.962236081892256485e-19 9.131345397002226437e-20
5.454577628119598558e+03 9.868432235818691809e-20 9.193797244115368042e-20
5.459583556052653876e+03 1.766473713181833989e-19 9.195438368376908633e-20
5.464589483985709194e+03 1.257221779304309965e-19 9.299393572883281905e-20
5.469595411918765421e+03 1.239810335323831927e-19 9.265901502277552343e-20
5.474601339851820740e+03 1.300837502780209859e-19 9.317214577601137559e-20
5.479607267784876967e+03 3.104645704216529255e-19 9.321665974160923397e-20
5.484613195717932285e+03 2.117760928219992953e-19 9.419126533889468130e-20
5.489619123650987603e+03 8.378761089706264745e-20 9.554316481212625483e-20
5.494625051584043831e+03 1.326021114151569235e-19 9.665849825027618868e-20
5.499630979517099149e+03 1.337479632246156512e-19 9.844987154241442616e-20
5.504636907450155377e+03 2.050494713568250112e-19 9.863807635964848016e-20
5.509642835383210695e+03 2.930372549602055283e-19 9.713659880511451744e-20
5.514648763316266923e+03 3.975042767350968226e-19 9.429921277812961733e-20
5.519654691249322241e+03 2.778731336349909774e-19 9.129515701575999243e-20
5.524660619182377559e+03 1.524354564117451037e-19 8.875549649093899049e-20
5.529666547115433787e+03 2.935392613189087508e-19 8.615621936180510242e-20
5.534672475048489105e+03 3.019713484311266010e-19 8.596802271500730348e-20
5.539678402981545332e+03 1.905121301781852925e-19 8.872331895344127977e-20
5.544684330914600650e+03 2.493823966011616288e-19 8.994122554378081124e-20
5.549690258847656878e+03 2.885356676924690971e-19 8.876426720120247071e-20
5.554696186780712196e+03 2.913995262017748028e-19 8.745945592239847221e-20
5.559702114713767514e+03 4.260490469016052257e-19 9.078528086991097718e-20
5.564708042646823742e+03 3.281770898067071910e-19 9.695618498170527580e-20
5.569713970579879060e+03 -9.841310258137802889e-20 1.992470435885030249e-19
5.574719898512935288e+03 -3.005751306832274661e-19 3.422623323176843192e-19
5.579725826445990606e+03 1.877411939687517376e-19 3.477029720349464549e-19
5.584731754379046833e+03 6.925880664359037437e-19 2.112288013220350336e-19
5.589737682312102152e+03 3.834441478445270888e-19 9.621510572460311469e-20
5.594743610245157470e+03 3.659069227655109869e-19 8.919450327693572434e-20
5.599749538178213697e+03 3.031278558193280593e-19 8.955378591355059442e-20
5.604755466111269016e+03 2.771011738910457797e-19 8.922507109034723681e-20
5.609761394044325243e+03 2.643827363055201029e-19 8.752479295578186249e-20
5.614767321977380561e+03 1.424349114796169555e-19 8.523469920531442589e-20
5.619773249910436789e+03 -4.560027113469283754e-20 8.675287856631740636e-20
5.624779177843492107e+03 2.122446404878407671e-19 8.785468011094908295e-20
5.629785105776547425e+03 2.531934188952955498e-19 8.749644214926301318e-20
5.634791033709603653e+03 1.515333403367405814e-19 8.644136249913535300e-20
5.639796961642658971e+03 5.334149483651765521e-19 8.645716574020285082e-20
5.644802889575714289e+03 2.551990967335206284e-19 8.518515286361072871e-20
5.649808817508770517e+03 2.451009681074108341e-19 8.214005276268644401e-20
5.654814745441825835e+03 2.018381086476235529e-19 7.920299272808528068e-20
5.659820673374882062e+03 4.036646065566443708e-19 7.789075318809612603e-20
5.664826601307937381e+03 3.408022224098807595e-19 7.818223376071264565e-20
5.669832529240993608e+03 1.547731521234009521e-19 7.743263308192432195e-20
5.674838457174048926e+03 2.931155363698089935e-19 7.661996990780517035e-20
5.679844385107104245e+03 3.068008425073689099e-19 7.572485191933976515e-20
5.684850313040160472e+03 4.930067367185491296e-19 7.523062806392798393e-20
5.689856240973215790e+03 5.147735165783764401e-19 7.532512698840065597e-20
5.694862168906272018e+03 3.070848278192434582e-19 7.589389173659132248e-20
5.699868096839327336e+03 2.745404485550351083e-19 7.519112959224203586e-20
5.704874024772383564e+03 3.348258163245761598e-19 7.484533791247252979e-20
5.709879952705438882e+03 2.955566913791362554e-19 7.381991242344206195e-20
5.714885880638494200e+03 2.985184994944502861e-19 7.474955244320455784e-20
5.719891808571550428e+03 1.647194695370266331e-19 7.647079066001610551e-20
5.724897736504605746e+03 1.413644665139645079e-19 7.688364832321920820e-20
5.729903664437661973e+03 3.915818861597040815e-19 7.803798185312460061e-20
5.734909592370717291e+03 2.120081325220349513e-19 7.893882004418540038e-20
5.739915520303773519e+03 2.586541806617431557e-19 8.040752853217942536e-20
5.744921448236828837e+03 3.669203868290673703e-19 8.174827906205183873e-20
5.749927376169884155e+03 3.883823778918828285e-19 8.336646398397728837e-20
5.754933304102940383e+03 3.469648930658702987e-19 8.389493833671129327e-20
5.759939232035995701e+03 3.952961151456791314e-19 8.505465431786657169e-20
5.764945159969051929e+03 4.210861991746673485e-19 8.436024061307898357e-20
5.769951087902107247e+03 4.445178833969708391e-19 8.153550679918868735e-20
5.774957015835163475e+03 3.636748105421133480e-19 7.894149119652285576e-20
5.779962943768218793e+03 4.018476112555245479e-19 7.597668638147763122e-20
5.784968871701274111e+03 3.093414665314683722e-19 7.357156277413394726e-20
5.789974799634330338e+03 2.571729875065562519e-19 7.247314329249575538e-20
5.794980727567385657e+03 3.238576031677867533e-19 7.097640554491307166e-20
5.799986655500441884e+03 1.975726276920803947e-19 6.962162352290741409e-20
5.804992583433497202e+03 2.470043307843437078e-19 6.873654032088622573e-20
5.809998511366552520e+03 1.586660389214997082e-19 6.807754926667264106e-20
5.815004439299608748e+03 2.847209601671572250e-19 6.836179839275039896e-20
5.820010367232664066e+03 2.361285329697886828e-19 6.837668463690348238e-20
5.825016295165720294e+03 1.285408201885024171e-19 6.823756752309785811e-20
5.830022223098775612e+03 2.407366353887565313e-19 6.891585345356217594e-20
5.835028151031830930e+03 1.125853110479596138e-19 6.932466798571532622e-20
5.840034078964887158e+03 5.981065600918088603e-20 7.002578188405992178e-20
5.845040006897942476e+03 1.308756326463611012e-19 7.047020599611202196e-20
5.850045934830998704e+03 2.203958590418705708e-19 7.043654308098790780e-20
5.855051862764054022e+03 3.361181422565041891e-19 7.087800382488086986e-20
5.860057790697110249e+03 8.986024306081564651e-20 7.611829211833464604e-20
5.865063718630165567e+03 3.550327840201632922e-20 8.427479902994520707e-20
5.870069646563220886e+03 3.538149084765134805e-19 8.655121356668337899e-20
5.875075574496277113e+03 3.473004084848402645e-19 8.021896689750321093e-20
5.880081502429332431e+03 3.466895717247844785e-19 8.421341289772134502e-20
5.885087430362388659e+03 2.984539436554098955e-19 1.169422311390443402e-19
5.890093358295443977e+03 3.164242805092928303e-19 1.338371980712452831e-19
5.895099286228500205e+03 8.699286721373479175e-20 1.204752571333258463e-19
5.900105214161555523e+03 3.033703860564112966e-19 9.199877361954078186e-20
5.905111142094610841e+03 1.976609681992614131e-19 7.677497543051118717e-20
5.910117070027667069e+03 1.810812405350370521e-19 7.915439789694102002e-20
5.915122997960722387e+03 3.508997992660384389e-19 7.993396939171968511e-20
5.920128925893778614e+03 2.310824078384347827e-19 7.822378610577599567e-20
5.925134853826833933e+03 4.068300637122162578e-19 7.781482407157192430e-20
5.930140781759890160e+03 2.779463984633314347e-19 8.029443667771326931e-20
5.935146709692945478e+03 2.251237775644973695e-19 7.752209467619683513e-20
5.940152637626000796e+03 2.443086802979821975e-19 7.183011240723559740e-20
5.945158565559057024e+03 2.499015505441729207e-19 7.280631479314512622e-20
5.950164493492112342e+03 1.967687996412089935e-19 7.615041275501400518e-20
5.955170421425167660e+03 1.788426860785313876e-19 7.392285940650911304e-20
5.960176349358223888e+03 1.608506233864684866e-19 6.910268882181114361e-20
5.965182277291280116e+03 3.844327167723054061e-19 6.833298944997958152e-20
5.970188205224335434e+03 3.043433837885479678e-19 7.133739827710185999e-20
5.975194133157390752e+03 1.502100769318787860e-19 7.286280700217497468e-20
5.980200061090446980e+03 3.345878506138500379e-19 7.083601651351472647e-20
5.985205989023502298e+03 2.455978478249863936e-19 6.688090296420447996e-20
5.990211916956557616e+03 2.461971909227054618e-19 6.645588166518267442e-20
5.995217844889613843e+03 1.799908625206243050e-19 6.796355892751848626e-20
6.000223772822669162e+03 1.857699101269058969e-19 7.065850985494480355e-20
6.005229700755725389e+03 1.059517445677543813e-19 6.974379241491452209e-20
6.010235628688780707e+03 1.803821253267982508e-19 6.885557674361365890e-20
6.015241556621836935e+03 1.477528784296390240e-19 6.806283335185712647e-20
6.020247484554892253e+03 1.787363441494939252e-19 6.751098963181753379e-20
6.025253412487947571e+03 2.658712206938628634e-19 6.706940494234556614e-20
6.030259340421003799e+03 4.148509712164184563e-19 6.728275788051804263e-20
6.035265268354059117e+03 3.454534829218087886e-19 6.565360516753850884e-20
6.040271196287115345e+03 3.782809064996795528e-19 6.375994800607500352e-20
6.045277124220170663e+03 2.651479766335864875e-19 6.168824710350580577e-20
6.050283052153226890e+03 1.590581449449189379e-19 6.085169647809894761e-20
6.055288980086282209e+03 1.314803409341640065e-19 6.006858830566975199e-20
6.060294908019337527e+03 2.938403271069927768e-19 5.944903165542797301e-20
6.065300835952393754e+03 2.751427348791626166e-19 5.937859520109117030e-20
6.070306763885449072e+03 3.351736663375325473e-19 5.829793632545092493e-20
6.075312691818505300e+03 2.274928965705024340e-19 5.765653282840237517e-20
6.080318619751560618e+03 2.266423132763448266e-19 5.702012343560718945e-20
6.085324547684616846e+03 2.444258508827317904e-19 5.742263381898661204e-20
6.090330475617672164e+03 2.172572072866859364e-19 5.736373649716223792e-20
6.095336403550727482e+03 1.973672729842712759e-19 5.801083897820917899e-20
6.100342331483783710e+03 3.078046882205238887e-19 5.974516940926809490e-20
6.105348259416839028e+03 2.839901898897309157e-19 5.940357944299316957e-20
6.110354187349894346e+03 3.219933213693970530e-19 5.947831385801715932e-20
6.115360115282950574e+03 2.711946282406822222e-19 6.006987488706644771e-20
6.120366043216006801e+03 1.584578733850306997e-19 6.031899275864680321e-20
6.125371971149062119e+03 1.655664485899658068e-19 6.144348557789105012e-20
6.130377899082117438e+03 2.565496227964263910e-19 6.393146653401962478e-20
6.135383827015173665e+03 2.980554235609112634e-19 6.825640715786729920e-20
6.140389754948228983e+03 3.541747314753469780e-19 7.172276310854240832e-20
6.145395682881284301e+03 2.044318662127264806e-19 7.046420618623715798e-20
6.150401610814340529e+03 2.685666985064904410e-19 6.744491592859396476e-20
6.155407538747396757e+03 2.806482667362349803e-19 6.449671956288255956e-20
6.160413466680452075e+03 2.977771246721527621e-19 6.299800524771612091e-20
6.165419394613507393e+03 2.301539798067331136e-19 6.444031651007412669e-20
6.170425322546563621e+03 3.596561611785547101e-19 6.543043533381961063e-20
6.175431250479618939e+03 1.956091081729170308e-19 6.288075646203238456e-20
6.180437178412674257e+03 3.086699628671048195e-19 5.922167855408552126e-20
6.185443106345730484e+03 1.372013934522504008e-19 5.733327328812118477e-20
6.190449034278785803e+03 1.545839346620570988e-19 5.664835009436079988e-20
6.195454962211842030e+03 2.643356599349999522e-19 5.718093878676431391e-20
6.200460890144897348e+03 3.000990405974119463e-19 5.764884768585646919e-20
6.205466818077953576e+03 1.447485464740349652e-19 5.708156491446201120e-20
6.210472746011008894e+03 2.251355729974612182e-19 5.509424184838437974e-20
6.215478673944064212e+03 2.524431105843999106e-19 5.662573837952722861e-20
6.220484601877120440e+03 1.757680148881987632e-19 5.703216497932179381e-20
6.225490529810175758e+03 2.129771075172680995e-19 5.840655847677922941e-20
6.230496457743231986e+03 3.517255203546124412e-19 6.882002829189228099e-20
6.235502385676287304e+03 2.356242407420687957e-19 7.590319538455915920e-20
6.240508313609343531e+03 2.272723189098934479e-19 7.267773860483593664e-20
6.245514241542398850e+03 2.823330097109984531e-19 6.230299695376373469e-20
6.250520169475454168e+03 3.578084328204491914e-19 6.445004983443810546e-20
6.255526097408510395e+03 2.183773448813176973e-19 7.511142912146961744e-20
6.260532025341565713e+03 2.761339923429996540e-19 7.942837278024356495e-20
6.265537953274621032e+03 2.577942924314658840e-19 7.177105227109886883e-20
6.270543881207677259e+03 3.531716265410638154e-19 6.910430384337330710e-20
6.275549809140733487e+03 3.566527648151635204e-19 6.611495082446147672e-20
6.280555737073788805e+03 3.359331344980644457e-19 7.122502056037572306e-20
6.285561665006844123e+03 2.998905732805711310e-19 7.428021491058672465e-20
6.290567592939900351e+03 2.383373390940343951e-19 8.551046434508733864e-20
6.295573520872955669e+03 3.736446492043654197e-19 1.281399967929357631e-19
6.300579448806010987e+03 2.955324326330625490e-19 1.369750687056412278e-19
6.305585376739067215e+03 4.034192807824973406e-19 1.051713985531672254e-19
6.310591304672123442e+03 3.799644363268105099e-19 6.724176740877112616e-20
6.315597232605178760e+03 1.846634569831284974e-19 5.803081029998091778e-20
6.320603160538234079e+03 2.221643937415053984e-19 6.133133051930572465e-20
6.325609088471290306e+03 1.444127533460343842e-19 6.805081877802385600e-20
6.330615016404345624e+03 2.883903564062661919e-19 6.619733507770001260e-20
6.335620944337400942e+03 2.689648492451592735e-19 5.861219915074680212e-20
6.340626872270457170e+03 2.899103799851904421e-19 5.501687988213709094e-20
6.345632800203512488e+03 2.484002109370754229e-19 5.748354868082747099e-20
6.350638728136568716e+03 2.415583369078344841e-19 6.324885225469570096e-20
6.355644656069624034e+03 2.174912119924735707e-19 7.362171915466376259e-20
6.360650584002680262e+03 1.383123117403049212e-19 8.902396459611196582e-20
6.365656511935735580e+03 1.757222974941876359e-19 8.492429796637655268e-20
6.370662439868790898e+03 2.997496870228974562e-19 6.462739016443702845e-20
6.375668367801847126e+03 1.718651989075325166e-19 5.827027962891663638e-20
6.380674295734902444e+03 1.419350535772728226e-19 6.262041542420541178e-20
6.385680223667958671e+03 3.101647159386167632e-19 6.337806682851980510e-20
6.390686151601013989e+03 2.220645687564196052e-19 6.163134232730281094e-20
6.395692079534070217e+03 2.493416210974062458e-19 5.836429842398214593e-20
6.400698007467125535e+03 2.715666408722235383e-19 5.820310264966308724e-20
6.405703935400180853e+03 2.966016543823523891e-19 5.755449384621428487e-20
6.410709863333237081e+03 1.733936419209607891e-19 5.758610192767665455e-20
6.415715791266292399e+03 2.012209927492016393e-19 5.824187611020365470e-20
6.420721719199348627e+03 1.654890018680252184e-20 5.562274492593911447e-20
6.425727647132403945e+03 1.261914342567202673e-19 5.293136172824699348e-20
6.430733575065460172e+03 2.169574442086285207e-19 5.131249086792676785e-20
6.435739502998515491e+03 2.776015071790920885e-19 5.031270747567986732e-20
6.440745430931570809e+03 2.174810060531038111e-19 4.953457372661238814e-20
6.445751358864627036e+03 2.086566372786934731e-19 5.047880340254744782e-20
6.450757286797682355e+03 2.830142319206656711e-19 5.162210069202551348e-20
6.455763214730737673e+03 2.727191547289647978e-19 5.412018461595756569e-20
6.460769142663793900e+03 3.209678294811011530e-19 6.137980222874313669e-20
6.465775070596850128e+03 1.392797858519144154e-19 6.662727420474508055e-20
6.470780998529905446e+03 2.536030689616570690e-19 6.329621445385690104e-20
6.475786926462960764e+03 3.418453716780581270e-19 5.634340630119604279e-20
6.480792854396016992e+03 1.790938150827492719e-19 5.075043035353868368e-20
6.485798782329072310e+03 2.302668971270681923e-19 4.869377715596526042e-20
6.490804710262127628e+03 2.879022966148838398e-19 5.563898952246817369e-20
6.495810638195183856e+03 2.647829601845271666e-19 6.848123148858304508e-20
6.500816566128239174e+03 2.117233375032899813e-19 7.234596572250915853e-20
6.505822494061295401e+03 1.614758592225791415e-19 6.146481673776053875e-20
6.510828421994350720e+03 2.117428394189402160e-19 5.568829179612219034e-20
6.515834349927406947e+03 8.593702227893987377e-20 5.646119024816300199e-20
6.520840277860462265e+03 1.571713367475623014e-19 5.925045189802364028e-20
6.525846205793517584e+03 2.531197631409970237e-19 6.607900397190518465e-20
6.530852133726573811e+03 9.528521057410648184e-20 6.992933925782083429e-20
6.535858061659629129e+03 2.244862892867329929e-19 6.915658885814194102e-20
6.540863989592685357e+03 2.412034435055946264e-19 6.158278471779239857e-20
6.545869917525740675e+03 4.032234421533292006e-19 6.445591517693398045e-20
6.550875845458796903e+03 1.856919502088827439e-19 6.776723851755982526e-20
6.555881773391852221e+03 3.136264784219628770e-19 6.762397078121822731e-20
6.560887701324907539e+03 2.912322729899553509e-19 6.136430986201878419e-20
6.565893629257963767e+03 3.107153042886132245e-19 5.975786100107403950e-20
6.570899557191019085e+03 2.257781521173755964e-19 6.027257908585462795e-20
6.575905485124075312e+03 3.333759397082511411e-19 6.031348904482989399e-20
6.580911413057130630e+03 2.815436215773555917e-19 5.615495763142398939e-20
6.585917340990186858e+03 2.567464087127316608e-19 4.776016371175504877e-20
6.590923268923242176e+03 3.116750585922175460e-19 4.861701799767137983e-20
6.595929196856297494e+03 2.668004986714848521e-19 5.073335775841374618e-20
6.600935124789353722e+03 2.160467634159535032e-19 5.365735515914066965e-20
6.605941052722409040e+03 2.385863672694778575e-19 5.197228609623960838e-20
6.610946980655464358e+03 3.042765181598318798e-19 4.729989188756169409e-20
6.615952908588520586e+03 2.992351389457186310e-19 4.577537083698535919e-20
6.620958836521576814e+03 2.576685058814866714e-19 4.740562300196710952e-20
6.625964764454632132e+03 1.972998067634821203e-19 4.961394577280503519e-20
6.630970692387687450e+03 2.105333704106596339e-19 5.206448549138590699e-20
6.635976620320743677e+03 2.218104746004552558e-19 5.167567621946547213e-20
6.640982548253798996e+03 1.643100087382274807e-19 5.003647821949881068e-20
6.645988476186854314e+03 2.723388296231443860e-19 4.989082312749950547e-20
6.650994404119910541e+03 1.838571383033836492e-19 5.096253104130640919e-20
6.656000332052965859e+03 3.069058131748780477e-19 5.222384210443759529e-20
6.661006259986022087e+03 2.172238989792885619e-19 5.221670003648927008e-20
6.666012187919077405e+03 1.588023568384100107e-19 5.174132676286995847e-20
6.671018115852133633e+03 1.552215635143084291e-19 5.018379407977586529e-20
6.676024043785188951e+03 3.548592135392666407e-19 4.799191417578943242e-20
6.681029971718244269e+03 2.449879148366059090e-19 4.711773252897854581e-20
6.686035899651300497e+03 2.655607518936634483e-19 4.627978649730761124e-20
6.691041827584355815e+03 2.132697521733869669e-19 4.572528571625525646e-20
6.696047755517412043e+03 1.905354783812771433e-19 4.613515764316857205e-20
6.701053683450467361e+03 1.750691061941969584e-19 4.653432015224451053e-20
6.706059611383523588e+03 2.470370209779875852e-19 4.579655032262494647e-20
6.711065539316578906e+03 2.124121775220772824e-19 4.499108969984165550e-20
6.716071467249634225e+03 2.493049852481795073e-19 4.462265834968671358e-20
6.721077395182690452e+03 1.773057048057369104e-19 4.423527985831086464e-20
6.726083323115745770e+03 1.710386122133481114e-19 4.418888883501726109e-20
6.731089251048801998e+03 1.910961955670398612e-19 4.387993320223492278e-20
6.736095178981857316e+03 3.364557977771513124e-19 4.465482715949737830e-20
6.741101106914913544e+03 2.441175474326063545e-19 4.528336809538583755e-20
6.746107034847968862e+03 2.716536198463074545e-19 4.524382132492165461e-20
6.751112962781024180e+03 1.831339336721000347e-19 4.495576683132661905e-20
6.756118890714080408e+03 1.932283256676357829e-19 4.490656404227597470e-20
6.761124818647135726e+03 1.501192477509790964e-19 4.543917563537936003e-20
6.766130746580191044e+03 1.720323739194375206e-19 4.607523823127596268e-20
6.771136674513247272e+03 1.182847473216293133e-19 4.677180174396482103e-20
6.776142602446303499e+03 2.717407636662715889e-19 4.768795092808515997e-20
6.781148530379358817e+03 1.304256607373327408e-19 4.894812749302282170e-20
6.786154458312414135e+03 1.442177908681805989e-19 4.933615631983787988e-20
6.791160386245470363e+03 2.002878113797907045e-19 4.796586493219587002e-20
6.796166314178525681e+03 1.653132943225751872e-19 4.661930143356960694e-20
6.801172242111580999e+03 1.806163585440067603e-19 4.570111271798549745e-20
6.806178170044637227e+03 2.566100293539910727e-19 4.552959530520825207e-20
6.811184097977693455e+03 2.894094461360757452e-19 4.467222903501161541e-20
6.816190025910748773e+03 1.229119474319193326e-19 4.454629925427375206e-20
6.821195953843804091e+03 8.145176937329791744e-20 5.705980876114385057e-20
6.826201881776860318e+03 1.230020153074535793e-19 7.705770400278843435e-20
6.831207809709915637e+03 3.059423864970763309e-19 8.472311809363179099e-20
6.836213737642970955e+03 1.922274488863629028e-19 7.269546706988103573e-20
6.841219665576027182e+03 2.820005601364078554e-19 5.537443572325635110e-20
6.846225593509082501e+03 2.391562352764956525e-19 4.836637401470755009e-20
6.851231521442138728e+03 1.965536601195844602e-19 4.483615456019558075e-20
6.856237449375194046e+03 1.632271392489557636e-19 6.117466974314153735e-20
6.861243377308250274e+03 2.037459457257391973e-19 8.574635753885330028e-20
6.866249305241305592e+03 6.880219340087022641e-20 1.052891026885494750e-19
6.871255233174360910e+03 1.945011845590867780e-19 7.413276718366264497e-20
6.876261161107417138e+03 3.019350674703357906e-19 6.966547319573601991e-20
6.881267089040473365e+03 2.385479859312380337e-19 6.246283994976470343e-20
6.886273016973527774e+03 3.265103412256902297e-19 6.630786658007666700e-20
6.891278944906584002e+03 1.911578088636048036e-19 6.681243194524279460e-20
6.896284872839640229e+03 3.275154872356039352e-19 7.565662044893791281e-20
6.901290800772695547e+03 2.195656636404515099e-19 6.266702589403929660e-20
6.906296728705750866e+03 2.562927917276715795e-19 6.715054306280940530e-20
6.911302656638807093e+03 1.545614167208785116e-19 6.646664408812364506e-20
6.916308584571862411e+03 4.145387187596983674e-19 7.476407766909729637e-20
6.921314512504917730e+03 3.577698493246212426e-19 7.773019360669800611e-20
6.926320440437973957e+03 3.163061838705834476e-19 7.789845953376368261e-20
6.931326368371030185e+03 3.415701065358834439e-19 5.954316729563036841e-20
6.936332296304085503e+03 3.162853829430398466e-19 6.063143348691206692e-20
6.941338224237140821e+03 2.245184776045180264e-19 7.542296290724431758e-20
6.946344152170197049e+03 3.094986757802186138e-19 9.182264521190045225e-20
6.951350080103252367e+03 1.020272011368210149e-19 7.050503005615742752e-20
6.956356008036307685e+03 1.734525925622986378e-19 5.131987447592756420e-20
6.961361935969363913e+03 2.130425095017734837e-19 4.906244681970917617e-20
6.966367863902420140e+03 2.325139238705366949e-19 5.395521037439021058e-20
6.971373791835475458e+03 1.729197955575204837e-19 6.135596097463721890e-20
6.976379719768530776e+03 2.651668581259964120e-19 6.345835257428320699e-20
6.981385647701587004e+03 3.017056529897399370e-19 5.976825638700393672e-20
6.986391575634642322e+03 2.756093742522126307e-19 4.764239834882929720e-20
6.991397503567697640e+03 2.335768058277659865e-19 4.602211431806214401e-20
6.996403431500753868e+03 2.396751153762640138e-19 4.829034265103045136e-20
7.001409359433810096e+03 2.480513253938683118e-19 5.151465502357548645e-20
7.006415287366865414e+03 2.730870349697003030e-19 5.677846922882099415e-20
7.011421215299920732e+03 1.755650682507525846e-19 5.435870403016781359e-20
7.016427143232976960e+03 2.769679219891874108e-19 5.021065161430486917e-20
7.021433071166032278e+03 2.049632353143542566e-19 4.566677804936902269e-20
7.026438999099087596e+03 1.825676386993779638e-19 4.752167682308820584e-20
7.031444927032143823e+03 1.444023915885262759e-19 4.809112790305488440e-20
7.036450854965200051e+03 1.689601470841978427e-19 5.070148299658986434e-20
7.041456782898254460e+03 1.764500364172898944e-19 5.658194977997609319e-20
7.046462710831310687e+03 9.678893018229441698e-20 5.928486811621688572e-20
7.051468638764366915e+03 2.286800792611573126e-19 5.607556149741871913e-20
7.056474566697422233e+03 2.999338139194809997e-19 4.987906841027394362e-20
7.061480494630477551e+03 1.421233623511258751e-19 4.846595782780765493e-20
7.066486422563533779e+03 2.210936453576662989e-19 4.907956879079930860e-20
7.071492350496589097e+03 2.348543008797362046e-19 4.789005472506913300e-20
7.076498278429644415e+03 2.950249862502684330e-19 4.729195667195572160e-20
7.081504206362700643e+03 2.329015917376876401e-19 4.757595055404668726e-20
7.086510134295756870e+03 1.878519051753526466e-19 4.735401991713200874e-20
7.091516062228812189e+03 1.642566376215455904e-19 4.474654286278219430e-20
7.096521990161867507e+03 1.926338984365368346e-19 4.181596648284375636e-20
7.101527918094923734e+03 1.680492577119079637e-19 4.111908364400005175e-20
7.106533846027979052e+03 1.799938009473386878e-19 4.128247298779886116e-20
7.111539773961034371e+03 2.072829951990133693e-19 4.150768499818448617e-20
7.116545701894090598e+03 2.788320407804282886e-19 4.143600332517014681e-20
7.121551629827146826e+03 2.495161243889639395e-19 4.272132041701201568e-20
7.126557557760202144e+03 2.046357631385162493e-19 4.491326791391118053e-20
7.131563485693257462e+03 2.807054031474957985e-19 4.588385224821590976e-20
7.136569413626313690e+03 2.835567911977580142e-19 4.726349035855300972e-20
7.141575341559369008e+03 2.454574640373349618e-19 5.110434955049290913e-20
7.146581269492424326e+03 2.788176083560816198e-19 5.255896184528511122e-20
7.151587197425480554e+03 2.720875011972189778e-19 5.066435333372603011e-20
7.156593125358536781e+03 2.738416899259471517e-19 5.025038322466454868e-20
7.161599053291592099e+03 2.300498234135398405e-19 5.279922053441466806e-20
7.166604981224647418e+03 2.106062460033202104e-19 5.381702462644996815e-20
7.171610909157703645e+03 2.597827183069235590e-19 5.342672949906356432e-20
7.176616837090758963e+03 1.735032743059828544e-19 5.253008664764079482e-20
7.181622765023814281e+03 2.108978333252041378e-19 4.973963284299653098e-20
7.186628692956870509e+03 2.568747544416438264e-19 4.634166905879946681e-20
7.191634620889926737e+03 1.150328657643370186e-19 4.435826920230721322e-20
7.196640548822981145e+03 1.841901360873954438e-19 4.436620050106130439e-20
7.201646476756037373e+03 1.705541906504968040e-19 4.360027856913540953e-20
7.206652404689093601e+03 2.983302064081685954e-19 4.321623209480725198e-20
7.211658332622148919e+03 1.967075904387278527e-19 4.231602176741874808e-20
7.216664260555204237e+03 1.699920566058003259e-19 4.357329157459927844e-20
7.221670188488260465e+03 1.702058705010276394e-19 4.481862984973904799e-20
7.226676116421315783e+03 3.106236728271350655e-19 4.645825163364574252e-20
7.231682044354371101e+03 3.163301260062573080e-19 6.433244456487287504e-20
7.236687972287427328e+03 3.043170394065051913e-20 1.024392930857659079e-19
7.241693900220483556e+03 1.406280939645485279e-19 1.214320260196608057e-19
7.246699828153538874e+03 2.363093859959800110e-19 1.039362368327085241e-19
7.251705756086594192e+03 2.533414914019899093e-19 7.344206618147476236e-20
7.256711684019650420e+03 1.938449045238862409e-19 5.936322238232355051e-20
7.261717611952705738e+03 1.609057237267489596e-19 5.038703862070202456e-20
7.266723539885761056e+03 1.300273349623451294e-19 6.042270078560075999e-20
7.271729467818817284e+03 2.474464500939979869e-19 1.074580722390774544e-19
7.276735395751873511e+03 1.813317957568107609e-19 1.189845485706002176e-19
7.281741323684928830e+03 2.496087829041754062e-19 1.072650808258979766e-19
7.286747251617984148e+03 2.690330867223394553e-19 8.167028770901236310e-20
7.291753179551040375e+03 2.308737190211103982e-19 6.655533874358900648e-20
7.296759107484095694e+03 2.878177793251578278e-19 7.036584471370144109e-20
7.301765035417151012e+03 2.566470082925209241e-19 7.191475980778163157e-20
7.306770963350207239e+03 3.049108311133999618e-19 7.383251551206618594e-20
7.311776891283263467e+03 9.176130303464985985e-20 9.692162143423763273e-20
7.316782819216318785e+03 -3.727678583975534995e-20 9.691112597008760334e-20
7.321788747149374103e+03 2.326780050591213952e-19 8.019646314994750552e-20
7.326794675082430331e+03 1.367116940051644017e-19 7.031176871033723954e-20
7.331800603015485649e+03 2.359672454011025938e-19 7.782822190248030194e-20
7.336806530948540967e+03 1.858623211020527220e-19 9.927115703234475822e-20
7.341812458881597195e+03 4.291766130552276851e-19 1.006609252976924805e-19
7.346818386814653422e+03 2.719722094733837921e-19 7.239822329008617470e-20
7.351824314747707831e+03 2.821074340850799468e-20 5.979182743443232820e-20
7.356830242680764059e+03 2.076423053822397915e-19 6.836624346771615078e-20
7.361836170613820286e+03 1.994665531119441585e-19 8.190759469152271414e-20
7.366842098546875604e+03 2.216523873913974275e-19 9.247666781513239763e-20
7.371848026479930923e+03 1.186739134237217880e-19 8.862063698278873472e-20
7.376853954412987150e+03 1.859736585938715648e-19 5.614422592011405982e-20
7.381859882346043378e+03 8.670891959000715501e-20 4.574788027678533104e-20
7.386865810279097786e+03 2.022800787673533910e-19 5.965914832869683241e-20
7.391871738212154014e+03 1.827549656398837963e-19 6.585382938402048027e-20
7.396877666145210242e+03 2.255464201796830398e-19 8.283292327185298841e-20
7.401883594078265560e+03 2.002282755965857733e-19 8.060703668601736411e-20
7.406889522011320878e+03 2.795010406658245177e-19 6.918435845239525135e-20
7.411895449944377106e+03 1.778677627094392590e-19 4.902682913602369593e-20
7.416901377877432424e+03 1.061587989936184286e-19 4.903122670486271536e-20
7.421907305810487742e+03 1.601452556557106269e-19 5.226762970150297791e-20
7.426913233743543969e+03 1.382095801627075322e-19 5.890565759061793937e-20
7.431919161676600197e+03 2.432954720633779987e-19 6.835978650605273665e-20
7.436925089609655515e+03 3.478337649310984161e-19 6.741956939970511969e-20
7.441931017542710833e+03 2.793460731614222744e-19 6.094464187745127894e-20
7.446936945475767061e+03 2.088854888745740690e-19 4.390108640589942167e-20
7.451942873408822379e+03 1.718357015115916441e-19 4.293283457967396832e-20
7.456948801341877697e+03 1.211342320024179107e-19 4.720402189241109231e-20
7.461954729274933925e+03 2.627452609214266106e-19 5.432295689967140729e-20
7.466960657207990153e+03 2.531936891165678936e-19 6.426577934288559858e-20
7.471966585141045471e+03 2.713824423404994426e-19 6.856519330148997911e-20
7.476972513074100789e+03 2.186634071318171093e-19 7.370856135712114025e-20
7.481978441007157016e+03 1.568421124565983463e-19 6.882631062164909062e-20
7.486984368940212335e+03 2.011089289704138510e-19 5.980446904243865175e-20
7.491990296873267653e+03 1.956079519829212186e-19 4.873245330296653275e-20
7.496996224806323880e+03 1.912665596156772860e-19 4.662596385103266568e-20
7.502002152739380108e+03 2.450858621998606767e-19 4.249177114284514476e-20
7.507008080672435426e+03 2.077762341935652535e-19 4.206687300166234887e-20
7.512014008605490744e+03 1.973661608655808724e-19 4.570733274641345860e-20
7.517019936538546972e+03 1.157019046708152024e-19 6.942013526056151558e-20
7.522025864471602290e+03 1.924740193633391351e-19 8.868364988957536629e-20
7.527031792404657608e+03 1.606888728835649185e-19 9.025155793030300692e-20
7.532037720337713836e+03 2.365009643109049679e-19 6.531943557750699511e-20
7.537043648270770063e+03 2.083724685427510560e-19 5.496293190755330904e-20
7.542049576203824472e+03 1.531324415604422024e-19 5.066831041412907264e-20
7.547055504136880700e+03 2.208747615978526887e-19 4.921545564423981882e-20
7.552061432069936927e+03 2.676138530643456745e-19 5.621727108910087286e-20
7.557067360002992245e+03 2.636512383542165211e-19 5.761507886382090386e-20
7.562073287936047564e+03 2.577818790267852938e-19 5.811752569009596852e-20
7.567079215869103791e+03 2.169411708024443945e-19 7.596546242979926310e-20
7.572085143802159109e+03 2.689215630205999902e-19 7.819590930099994290e-20
7.577091071735214427e+03 3.174361898839849818e-19 6.430008520674066791e-20
7.582096999668270655e+03 2.449413157072030351e-19 5.443588866882696593e-20
7.587102927601326883e+03 1.687270353901660999e-19 5.416130872892303256e-20
7.592108855534382201e+03 1.043347424172253283e-19 1.079860473532151069e-19
7.597114783467437519e+03 1.456357016705207522e-19 2.469530411563587435e-19
7.602120711400493747e+03 3.308556922193669834e-19 5.388906373210564415e-19
7.607126639333549065e+03 4.445248583417341152e-20 2.362293698862398049e-19
7.612132567266604383e+03 1.386645160137126757e-19 1.174813512747216903e-19
7.617138495199660611e+03 1.054778594579921723e-19 6.537098699209336069e-20
7.622144423132716838e+03 3.014105388514740120e-20 9.070105563993384727e-20
7.627150351065772156e+03 1.591478481335357490e-19 1.416693045283343691e-19
7.632156278998827474e+03 3.102143502210117268e-19 1.535529801125604766e-19
7.637162206931883702e+03 2.595763606659233101e-19 1.050097305143092022e-19
7.642168134864939020e+03 2.852069266350573817e-19 8.805737752181317145e-20
7.647174062797994338e+03 1.777646081213868697e-19 7.114835709813194928e-20
7.652179990731050566e+03 7.370611308528066768e-20 7.925403950597302790e-20
7.657185918664106794e+03 2.186650662052805401e-19 8.374840346766984003e-20
7.662191846597162112e+03 2.034041838336101637e-19 8.000733798694367287e-20
7.667197774530217430e+03 2.076807228478100118e-19 6.419828785600208251e-20
7.672203702463273657e+03 1.727208435720838789e-19 4.740726821222099425e-20
7.677209630396328976e+03 1.586610591491740710e-19 4.712975732866072339e-20
7.682215558329384294e+03 2.060210253073164646e-19 5.082137914227883594e-20
7.687221486262440521e+03 1.720342299248649230e-19 5.311354297335221040e-20
7.692227414195496749e+03 2.248604130456488893e-19 5.597867499031001484e-20
7.697233342128551158e+03 1.655784422677576998e-19 5.724259062491704293e-20
7.702239270061607385e+03 2.636648098328855748e-19 5.415086694417230733e-20
7.707245197994663613e+03 1.075735729822178738e-19 1.065552672874180260e-19
7.712251125927718931e+03 1.829627926004212332e-19 1.328912881819395856e-19
7.717257053860774249e+03 2.975532655198205624e-19 1.277293023001256268e-19
7.722262981793830477e+03 2.365848885914805711e-19 9.472053975065679899e-20
7.727268909726885795e+03 8.442045611901619631e-20 6.772334537529152119e-20
7.732274837659941113e+03 2.360273238295702846e-19 5.509014214003482299e-20
7.737280765592997341e+03 1.756934813781043106e-19 5.032189791232757746e-20
7.742286693526053568e+03 2.129867877601187188e-19 7.329932279627896798e-20
7.747292621459108886e+03 2.358094916049233849e-19 1.141364520288732973e-19
7.752298549392164205e+03 4.592891353181021225e-19 1.205295503229847238e-19
7.757304477325220432e+03 1.831046909498172326e-19 9.259738685273797989e-20
7.762310405258275750e+03 1.501086947067659065e-19 7.427034966166761156e-20
7.767316333191331069e+03 2.587877255206334400e-19 6.449767878364379179e-20
7.772322261124387296e+03 4.966560454719280469e-20 7.117460541543417799e-20
7.777328189057443524e+03 2.576956240134065175e-19 7.803890917123063263e-20
7.782334116990498842e+03 2.285657785263935225e-19 6.955577009488253819e-20
7.787340044923554160e+03 4.369443489880478999e-19 8.930562370710304398e-20
7.792345972856610388e+03 1.546060988720347038e-19 1.072351589516880117e-19
7.797351900789665706e+03 1.453834702034998041e-19 1.006065917128770443e-19
7.802357828722721024e+03 1.306975304528643920e-19 7.522026470365460838e-20
7.807363756655777252e+03 2.224150727219870321e-19 8.065405364019362012e-20
7.812369684588833479e+03 1.339086128679220394e-19 8.597678304800898982e-20
7.817375612521888797e+03 2.949027375528844172e-19 1.143120107011830069e-19
7.822381540454944115e+03 3.890082131746962242e-19 1.158232250065083411e-19
7.827387468388000343e+03 2.502780130081712874e-19 8.298543710001115136e-20
7.832393396321055661e+03 2.285566802399890967e-19 5.354626662304023878e-20
7.837399324254110979e+03 1.624451542634412089e-19 7.138742541302355031e-20
7.842405252187167207e+03 2.300468159218190365e-19 7.741472057054378623e-20
7.847411180120223435e+03 1.856534913554881936e-19 1.096039004216231353e-19
7.852417108053277843e+03 5.733238132423246523e-19 1.263583837614966294e-19
7.857423035986334071e+03 1.972832372199737966e-19 1.215915311977737733e-19
7.862428963919390299e+03 1.379686402461824650e-19 9.478416078505960725e-20
7.867434891852445617e+03 3.265074012216218168e-19 9.242137785552695159e-20
7.872440819785500935e+03 1.485371130290413228e-19 9.301336530065379881e-20
7.877446747718557162e+03 7.635135791671929032e-20 8.370325679695440444e-20
7.882452675651613390e+03 1.464363376352014089e-19 8.946197648462208519e-20
7.887458603584667799e+03 1.946385640616425910e-19 9.143566042342831847e-20
7.892464531517724026e+03 3.223871015897078685e-19 8.355793060447160832e-20
7.897470459450780254e+03 2.906194723880171446e-19 5.576916450741774932e-20
7.902476387383835572e+03 2.735572651679238823e-19 5.088425024714283745e-20
7.907482315316890890e+03 3.771162249497574997e-19 1.015818985253957997e-19
7.912488243249947118e+03 2.866393672889945918e-19 1.294446920020132307e-19
7.917494171183002436e+03 2.985256064796444383e-19 1.362352543364064330e-19
7.922500099116057754e+03 1.772792634229124284e-19 1.010248450183860682e-19
7.927506027049113982e+03 3.273105561180982117e-19 9.353379861122408938e-20
7.932511954982170209e+03 1.981361337904325041e-19 8.443012982768372927e-20
7.937517882915225528e+03 2.863537464379199801e-19 6.700306492218635435e-20
7.942523810848280846e+03 2.815726411975460903e-19 6.658522509925114233e-20
7.947529738781337073e+03 3.297551629993952049e-19 7.621455748564077458e-20
7.952535666714392391e+03 3.118554568719035547e-19 6.976489433299759765e-20
7.957541594647447710e+03 1.465563642145478823e-19 8.631858707253552456e-20
7.962547522580503937e+03 1.918721751155700360e-19 1.142502371257227752e-19
7.967553450513560165e+03 3.981407390728393967e-19 1.089808935733119695e-19
7.972559378446615483e+03 9.155955954385611958e-20 7.979392880622574513e-20
7.977565306379670801e+03 1.286267016839281392e-19 8.243183612704944827e-20
7.982571234312727029e+03 3.230999728660925703e-19 7.823671763384302667e-20
7.987577162245782347e+03 3.220322484876560372e-20 1.003491777613139675e-19
7.992583090178837665e+03 2.379541210568902842e-19 1.079709137612706359e-19
7.997589018111893893e+03 4.661150453193131539e-19 9.146534787637468366e-20
8.002594946044950120e+03 2.019164636703453862e-19 4.894874332328100147e-20
8.007600873978005438e+03 5.987251147034850962e-20 5.692134786364674674e-20
8.012606801911060757e+03 1.625976628934460092e-19 6.597357945383606993e-20
8.017612729844116984e+03 7.800518678456252249e-20 7.769593276741091592e-20
8.022618657777172302e+03 1.610884225056712052e-19 9.479828154068405104e-20
8.027624585710227620e+03 3.635659635506874803e-19 9.590302547493503930e-20
8.032630513643283848e+03 2.790717222948477906e-19 6.925545180075794040e-20
8.037636441576340076e+03 1.241023451396045713e-19 4.593137355575679388e-20
8.042642369509394484e+03 1.935195182163950274e-19 4.754629949449019454e-20
8.047648297442450712e+03 2.828568445599473647e-19 6.353312200306285310e-20
8.052654225375506940e+03 1.983327449571906138e-19 7.054160268153011956e-20
8.057660153308562258e+03 8.392282601709411767e-20 8.823755974381276462e-20
8.062666081241617576e+03 1.016480702648306051e-19 8.575290920993053898e-20
8.067672009174673803e+03 1.453886350485463742e-19 6.778671689339687278e-20
8.072677937107729122e+03 1.485733415364495704e-19 5.002418961298195916e-20
8.077683865040784440e+03 2.484790034410877406e-19 5.056547145053274539e-20
8.082689792973840667e+03 1.752768373283520772e-19 4.951743848175847105e-20
8.087695720906896895e+03 1.457000520555870270e-19 5.263941035515952346e-20
8.092701648839952213e+03 1.043290001080520305e-19 5.302348546619427514e-20
8.097707576773007531e+03 6.953414785286241556e-20 5.964851221557532722e-20
8.102713504706063759e+03 1.363451025132532247e-19 5.640771654558319164e-20
8.107719432639119077e+03 2.649387164494545363e-19 4.806113922934180223e-20
8.112725360572174395e+03 1.974010477901922313e-19 3.914947305517976033e-20
8.117731288505230623e+03 2.449872478485409243e-19 3.766642737910125890e-20
8.122737216438286850e+03 1.809605003749645153e-19 3.881846814897942334e-20
8.127743144371342169e+03 2.186874566142368677e-19 4.024246012634895662e-20
8.132749072304397487e+03 1.116817033441413866e-19 4.376785149708448522e-20
8.137755000237453714e+03 1.795665486930591149e-19 4.730820934621468273e-20
8.142760928170509032e+03 1.900257019179004113e-19 5.213330922097610657e-20
8.147766856103564351e+03 1.675927708419927568e-19 4.954750957870722642e-20
8.152772784036620578e+03 1.900925336771861602e-19 4.589325023164288338e-20
8.157778711969676806e+03 1.478846195474328260e-19 4.226868317997240469e-20
8.162784639902732124e+03 1.839889163188726033e-19 4.314324125703403736e-20
8.167790567835787442e+03 1.309335643758286802e-19 4.364279135344244110e-20
8.172796495768843670e+03 9.294742540335315346e-20 4.434246695832885602e-20
8.177802423701898988e+03 2.659200430530821383e-19 4.516974304114032124e-20
8.182808351634954306e+03 1.922229675470995039e-19 4.783307046846691770e-20
8.187814279568010534e+03 1.475521985603912061e-19 5.006974045462680010e-20
8.192820207501066761e+03 1.850439623666615483e-19 4.897031598389748155e-20
8.197826135434121170e+03 1.215853958302228000e-19 4.587109055319790561e-20
8.202832063367177398e+03 2.316639417927982949e-19 4.321383834858822421e-20
8.207837991300233625e+03 1.924881555046693637e-19 4.243545885545913647e-20
8.212843919233288034e+03 1.367818721939608332e-19 4.077998424870591976e-20
8.217849847166344261e+03 2.012740220888372437e-19 3.975116713471877031e-20
8.222855775099400489e+03 2.297144224508308882e-19 3.913270059820607536e-20
8.227861703032456717e+03 2.008218269596232153e-19 3.857906134734683073e-20
8.232867630965511125e+03 1.414212124110534202e-19 3.904674769555172057e-20
8.237873558898567353e+03 1.458795881531107203e-19 4.156271183178093068e-20
8.242879486831623581e+03 1.586223014762264120e-19 4.485589550693011369e-20
8.247885414764677989e+03 9.281550708976829459e-20 4.513323899265392490e-20
8.252891342697734217e+03 9.316751669388608183e-20 4.400695588905164596e-20
8.257897270630790445e+03 1.413635375040116301e-19 4.280535986387907636e-20
8.262903198563846672e+03 1.773645862263456834e-19 4.253260809042434951e-20
8.267909126496901081e+03 1.800806048842879290e-19 4.456438210314168798e-20
8.272915054429957308e+03 1.094510827101800454e-20 7.304541380297491497e-20
8.277920982363013536e+03 1.552052515272808037e-19 1.047788744493393478e-19
8.282926910296067945e+03 6.051437534836404815e-20 1.299903819459043923e-19
8.287932838229124172e+03 2.865729136698737340e-19 1.214837276170893090e-19
8.292938766162180400e+03 4.972135040138707494e-19 1.296977477606164705e-19
8.297944694095236628e+03 3.419674126513211737e-19 1.211036159345179798e-19
8.302950622028291036e+03 5.146815344345650846e-19 1.047605318297878820e-19
8.307956549961347264e+03 3.417428440302437486e-20 7.780221875948859439e-20
8.312962477894403492e+03 1.699236468139948199e-19 7.471100582093736722e-20
8.317968405827457900e+03 1.576577941325625533e-19 5.696521481601837214e-20
8.322974333760514128e+03 1.076670451274834693e-19 4.693541748845131554e-20
8.327980261693570355e+03 2.227195678558859513e-19 4.411904862484304390e-20
8.332986189626626583e+03 1.123405502815124375e-19 5.318977731316942622e-20
8.337992117559680992e+03 1.282211268923774858e-19 1.373630429152113541e-19
8.342998045492737219e+03 -2.150515019502170375e-20 1.774062363511181670e-19
8.348003973425793447e+03 2.324885347437292478e-19 1.787544119347071386e-19
8.353009901358847856e+03 1.324852371161120320e-19 1.128393359806009488e-19
8.358015829291904083e+03 3.616092699331877977e-19 9.299567034969529831e-20
8.363021757224960311e+03 1.197539719188183293e-19 7.454889393728879886e-20
8.368027685158016538e+03 9.449885307543468512e-20 6.515074554269637519e-20
8.373033613091070947e+03 1.750772599131626864e-19 5.668931322568765656e-20
8.378039541024127175e+03 9.593775074775619711e-20 8.083529484155600709e-20
8.383045468957181583e+03 1.768758858074302999e-19 8.187456428150708856e-20
8.388051396890237811e+03 3.146169350658482556e-19 6.638902469206487690e-20
8.393057324823294039e+03 2.417241272371219955e-19 1.084766422206403332e-19
8.398063252756350266e+03 1.615835146315596449e-19 1.309980273698392344e-19
8.403069180689406494e+03 2.720176382636898631e-19 1.190697133851397856e-19
8.408075108622460903e+03 2.218740354895943790e-19 7.684129215931722089e-20
8.413081036555517130e+03 2.757581835386020324e-19 9.320549729757476386e-20
8.418086964488571539e+03 3.926472549212861689e-20 9.520985353736725858e-20
8.423092892421627766e+03 2.259836022589406474e-19 1.199524204679027582e-19
8.428098820354683994e+03 -1.485737390333910459e-19 1.676489609604495920e-19
8.433104748287740222e+03 3.251971215345222168e-19 1.630744944796054080e-19
8.438110676220796449e+03 1.630839142041655473e-19 7.632792600066887948e-20
8.443116604153850858e+03 2.391453138958886216e-19 6.581603492018894283e-20
8.448122532086907086e+03 2.486492758463115973e-19 1.020907910110654250e-19
8.453128460019961494e+03 2.346185039714471347e-20 9.944276511104002381e-20
8.458134387953017722e+03 -6.714611039116219046e-20 1.156057644472820786e-19
8.463140315886073950e+03 2.789847971561870726e-19 1.329206270467225135e-19
8.468146243819130177e+03 1.006534708413008929e-19 1.188075819525728565e-19
8.473152171752186405e+03 9.309291061968593040e-20 6.019690134361298088e-20
8.478158099685240813e+03 1.340764160182316570e-19 4.284086043836543830e-20
8.483164027618297041e+03 7.313832001363904746e-20 4.357031494114127518e-20
8.488169955551351450e+03 1.678045778893856921e-19 6.597573528919940491e-20
8.493175883484407677e+03 1.780692595726797792e-19 7.545634874770960128e-20
8.498181811417463905e+03 8.791206163684403848e-20 9.261579733456833686e-20
8.503187739350520133e+03 1.565697153065832933e-19 1.003172077555048540e-19
8.508193667283574541e+03 1.991294957560347697e-19 9.333207045302644897e-20
8.513199595216630769e+03 1.634136793372491626e-19 5.107016848999398190e-20
8.518205523149686996e+03 1.668442884667620423e-19 4.404822462400216399e-20
8.523211451082741405e+03 1.398651546621244341e-19 4.391122133020538540e-20
8.528217379015797633e+03 6.848947702637787008e-20 4.337927644572706834e-20
8.533223306948853860e+03 2.327074261560547101e-19 5.666462948185491450e-20
8.538229234881910088e+03 1.982007703625364927e-19 6.322008459230190688e-20
8.543235162814964497e+03 3.269658628800803675e-19 7.750412295275043743e-20
8.548241090748020724e+03 2.812094465193239643e-20 7.646949249252048258e-20
8.553247018681076952e+03 7.860606057827202424e-20 6.495227096202656456e-20
8.558252946614131361e+03 1.090596440380582703e-19 4.437470816808188215e-20
8.563258874547187588e+03 2.192586689516695881e-19 4.326687456508702210e-20
8.568264802480243816e+03 1.603033436704235657e-19 4.690513405749182988e-20
8.573270730413300043e+03 1.477355464482311814e-19 4.937002888715446343e-20
8.578276658346354452e+03 1.870709451119020389e-19 4.944973029181605958e-20
8.583282586279410680e+03 1.239871573265494459e-19 5.521424057188621141e-20
8.588288514212466907e+03 8.756912027869012157e-20 5.995210480863414656e-20
8.593294442145521316e+03 2.386152627730954679e-19 6.631917579745041274e-20
8.598300370078577544e+03 1.112753586098373536e-19 6.110597588521311696e-20
8.603306298011633771e+03 1.331477880143499654e-19 5.395291858420302517e-20
8.608312225944689999e+03 1.793557208907377306e-20 5.999963709458516218e-20
8.613318153877744408e+03 4.795884608434978716e-20 8.026038449516207657e-20
8.618324081810800635e+03 2.613147862964049508e-19 1.026913119042611251e-19
8.623330009743856863e+03 2.021432708681279272e-19 1.191641801725373979e-19
8.628335937676911271e+03 1.096948076527858235e-19 1.240080740598164834e-19
8.633341865609967499e+03 5.627174696501103154e-19 1.142849442656936978e-19
8.638347793543023727e+03 2.672864168362924021e-19 9.508851335030201838e-20
8.643353721476079954e+03 8.224141831133831135e-20 8.722705156317233198e-20
8.648359649409134363e+03 1.692891218786468315e-20 1.026221385527983486e-19
8.653365577342190591e+03 7.719364415801283166e-20 1.223759315668614494e-19
8.658371505275246818e+03 4.496714850522606649e-20 1.295143742946303744e-19
8.663377433208301227e+03 2.959176341398522891e-19 1.272114392938157115e-19
8.668383361141357454e+03 3.015915765272468253e-19 1.199713902337788360e-19
8.673389289074413682e+03 8.539113404546109299e-20 1.085869514419339221e-19
8.678395217007469910e+03 1.952775724509086146e-19 9.645954142689839965e-20
8.683401144940524318e+03 3.909561574153105453e-19 8.341697914521569567e-20
8.688407072873580546e+03 5.138201293413643644e-20 7.245428957468025495e-20
8.693413000806636774e+03 1.502129610195352939e-19 6.717730753118939014e-20
8.698418928739691182e+03 1.387113455214297553e-19 6.551255513599084226e-20
8.703424856672747410e+03 1.318002329459224737e-19 6.442546314401268336e-20
8.708430784605803638e+03 9.270794503161479863e-20 5.724121879864541582e-20
8.713436712538859865e+03 1.386854498580905415e-19 5.040305617824688771e-20
8.718442640471914274e+03 1.731705212983655201e-19 4.738942101028416215e-20
8.723448568404970501e+03 1.539833650946787925e-19 4.785706556437990580e-20
8.728454496338024910e+03 2.147299465722821769e-19 4.749983048543954650e-20
8.733460424271081138e+03 2.180398263072464581e-19 4.868874577688487415e-20
8.738466352204137365e+03 1.284629819683769799e-19 5.038959615872717317e-20
8.743472280137193593e+03 6.708703977690965019e-20 5.121972498087069018e-20
8.748478208070249821e+03 1.964096568730161651e-19 5.463424518672965938e-20
8.753484136003304229e+03 1.679308714494803651e-19 1.048386082841879480e-19
8.758490063936360457e+03 7.503962879243646103e-20 1.562638882000765277e-19
8.763495991869414866e+03 5.919837524889714681e-19 1.933749891752933578e-19
8.768501919802471093e+03 1.391169635678746528e-19 1.744373213555173863e-19
8.773507847735527321e+03 1.191617115308238939e-19 1.774243491400550679e-19
8.778513775668583548e+03 2.242616174206163697e-19 1.594953723245372835e-19
8.783519703601639776e+03 1.235899864314853780e-19 1.217875199576048430e-19
8.788525631534694185e+03 2.370001447109869820e-19 9.787554889591562665e-20
8.793531559467750412e+03 2.874369213206073094e-19 9.374173724181186425e-20
8.798537487400804821e+03 1.024689775003678771e-19 6.203582306801427981e-20
8.803543415333861049e+03 1.080051177786479141e-19 5.462786081121423639e-20
8.808549343266917276e+03 6.450116396918225047e-20 5.900492650397121421e-20
8.813555271199973504e+03 1.764130406451807993e-19 6.119152259011887771e-20
8.818561199133029731e+03 -2.710980532461959432e-20 1.381987745445960068e-19
8.823567127066084140e+03 6.656419905079193130e-19 2.509829143795310139e-19
8.828573054999140368e+03 2.477346655847026219e-19 2.712903060469484715e-19
8.833578982932194776e+03 -4.826198173438323685e-20 2.139722408953138786e-19
8.838584910865251004e+03 2.170478791380335399e-19 1.550669115237779624e-19
8.843590838798307232e+03 8.654128945119138591e-20 1.063986898403524367e-19
8.848596766731363459e+03 4.229275712602873341e-20 9.600285161444684584e-20
8.853602694664417868e+03 5.029609450956681444e-20 8.384338751316693590e-20
8.858608622597474096e+03 1.693240319185088001e-19 8.240866040800795381e-20
8.863614550530530323e+03 1.285723846099061362e-19 1.190989881863272205e-19
8.868620478463584732e+03 2.907302038273208655e-19 1.188461716721246948e-19
8.873626406396640959e+03 2.686969149413984577e-19 8.601817787344689112e-20
8.878632334329697187e+03 1.016385619856254377e-19 1.375565899556590915e-19
8.883638262262753415e+03 2.849136319422620285e-19 1.889349426518487346e-19
8.888644190195807823e+03 8.266286707165982878e-20 1.786326884737211568e-19
8.893650118128864051e+03 2.025493841009364999e-19 1.043177440790146846e-19
8.898656046061920279e+03 1.347521189673879859e-19 1.257754283355206327e-19
8.903661973994974687e+03 1.861883978665285177e-19 1.344224309845594579e-19
8.908667901928030915e+03 3.389305041784711038e-21 1.137787459888130270e-19
8.913673829861087142e+03 -2.430443686305119877e-19 1.824752086530736725e-19
8.918679757794143370e+03 4.667285159025017973e-21 2.155498399302005472e-19
8.923685685727199598e+03 5.953407142921849939e-19 1.882310719297536160e-19
8.928691613660254006e+03 1.143320538490493139e-19 8.206637416602785911e-20
8.933697541593308415e+03 1.546358431743346364e-19 7.661761025245155295e-20
8.938703469526364643e+03 9.409178136184635752e-20 1.261047417663605156e-19
8.943709397459420870e+03 -2.441604390913807709e-19 1.371782637388314075e-19
8.948715325392477098e+03 7.877064707521671840e-20 1.371451805245589722e-19
8.953721253325533326e+03 4.981885780832716372e-19 1.988890731520807441e-19
8.958727181258589553e+03 3.024101263915417698e-19 2.096651331023727205e-19
8.963733109191643962e+03 1.801974063351771910e-19 1.465828892385753488e-19
8.968739037124698370e+03 1.347201193651191915e-19 6.887716405866858127e-20
8.973744965057754598e+03 2.190329505291097758e-19 6.784955170810442184e-20
8.978750892990810826e+03 1.111981126272295614e-19 7.794514236695370574e-20
8.983756820923867053e+03 2.866398312405608510e-19 1.140877448150186200e-19
8.988762748856923281e+03 2.110142610002140055e-19 1.238367091729077052e-19
8.993768676789977690e+03 8.949382113232230507e-20 1.265644231281360030e-19
8.998774604723033917e+03 6.769525591774634502e-21 1.490211676952964988e-19
9.003780532656088326e+03 4.229991790918665252e-19 1.364640243661066055e-19
9.008786460589144554e+03 9.085700870686037853e-20 7.362584089547859758e-20
9.013792388522200781e+03 1.511809419645635187e-19 5.038919488901988188e-20
9.018798316455257009e+03 9.658243723188683516e-20 5.328225149050337528e-20
9.023804244388313236e+03 8.021653888413150775e-20 5.697029171672757746e-20
9.028810172321367645e+03 6.767371535921678706e-20 6.428211023474688654e-20
9.033816100254423873e+03 -4.196296507607886384e-20 8.772676917610448191e-20
9.038822028187478281e+03 1.828503540712579581e-19 9.588296671322154743e-20
9.043827956120534509e+03 1.918016632455490452e-20 1.141028513031448129e-19
9.048833884053590737e+03 -1.266291068754679396e-19 1.170787469102627869e-19
9.053839811986646964e+03 9.770753497514604851e-20 1.080475607458789781e-19
9.058845739919703192e+03 2.067301758560758537e-19 6.663449843129660273e-20
9.063851667852757600e+03 7.027555600209385044e-20 7.448067568286220411e-20
9.068857595785813828e+03 2.171279688470332186e-19 7.514099672601197582e-20
9.073863523718868237e+03 1.247778757841868119e-19 6.510044913691444193e-20
9.078869451651924464e+03 8.944917956962043606e-20 6.204094269971653983e-20
9.083875379584980692e+03 1.456472439152739078e-19 6.998316846957892444e-20
9.088881307518036920e+03 2.646939840251290904e-20 8.706680138481543009e-20
9.093887235451093147e+03 1.194424656269522407e-19 9.751419018267431261e-20
9.098893163384147556e+03 8.960842932908873731e-20 1.010114190337472736e-19
9.103899091317203784e+03 9.156710146131457653e-20 9.559451970623065919e-20
9.108905019250258192e+03 -2.640687320597123751e-20 7.123352989231448718e-20
9.113910947183314420e+03 6.641244705752039186e-20 5.669435611191556644e-20
9.118916875116370647e+03 1.686335986531063903e-19 5.292030823057424552e-20
9.123922803049426875e+03 1.674536350540354004e-19 5.213102980844110136e-20
9.128928730982483103e+03 5.880276650847740172e-20 6.402722285485270154e-20
9.133934658915537511e+03 1.002876787839622119e-19 5.505931435874211046e-20
9.138940586848593739e+03 5.642097725156193343e-20 5.358712333181532812e-20
9.143946514781648148e+03 1.452380355629511343e-19 5.970405172341670860e-20
9.148952442714704375e+03 1.123590121346245735e-19 7.248263653898850970e-20
9.153958370647760603e+03 1.301270551452836358e-19 8.306258409564299562e-20
9.158964298580816831e+03 2.560767429971375074e-19 8.378207771788165305e-20
9.163970226513873058e+03 4.374745407360315557e-20 7.602469845130335782e-20
9.168976154446927467e+03 2.192719465080295309e-19 6.372863298574087014e-20
9.173982082379983694e+03 1.465610540679110616e-19 6.203828070729007535e-20
9.178988010313038103e+03 8.048260562040168388e-20 6.166282473205971117e-20
9.183993938246094331e+03 7.946220052061125715e-20 5.906263742058554401e-20
9.188999866179150558e+03 2.078064147325356013e-19 5.898488778623201456e-20
9.194005794112206786e+03 2.801712755922210912e-20 5.727040428459184132e-20
9.199011722045263014e+03 4.666433043414066399e-20 5.834022742025744159e-20
9.204017649978317422e+03 2.034228391691205515e-19 6.409510442384735898e-20
9.209023577911373650e+03 1.604737196666009357e-19 7.012647017347460881e-20
9.214029505844428058e+03 8.074237345561040298e-20 7.870702446473668739e-20
9.219035433777484286e+03 3.550055629366476732e-19 9.095291935218772902e-20
9.224041361710540514e+03 1.800321602726589187e-19 8.404488642101071202e-20
9.229047289643596741e+03 1.644228407267854680e-19 7.499865887610737705e-20
9.234053217576652969e+03 1.235133678362789862e-19 6.117410321962146409e-20
9.239059145509707378e+03 2.341844604993262272e-19 6.061365571638994822e-20
9.244065073442761786e+03 1.438158918103184967e-19 6.550955934764342594e-20
9.249071001375818014e+03 2.014514845875510379e-19 6.800285892569817312e-20
9.254076929308874242e+03 1.097240858104499247e-19 6.596327317529270955e-20
9.259082857241930469e+03 1.402630427509333576e-19 6.443015864598841058e-20
9.264088785174986697e+03 1.241054557289744909e-19 6.221880932832786219e-20
9.269094713108042924e+03 1.866296381652294847e-19 5.755460805131059746e-20
9.274100641041097333e+03 1.165765746435825467e-19 5.708083636933046802e-20
9.279106568974151742e+03 -1.709585569607543174e-20 6.238177267898684337e-20
9.284112496907207969e+03 2.829505290698663915e-20 7.251469115641818234e-20
9.289118424840264197e+03 1.508673063875246116e-19 8.703991548201303476e-20
9.294124352773320425e+03 3.150266901736686147e-19 9.745964904944354147e-20
9.299130280706376652e+03 -2.021781530102812908e-19 2.471384208401688220e-19
9.304136208639432880e+03 2.812718165774412587e-19 5.801332751333269775e-19
9.309142136572487289e+03 4.753001906864359654e-19 5.420126738662173670e-19
9.314148064505541697e+03 1.233511747588015862e-19 3.971558615377214383e-19
9.319153992438597925e+03 4.138232764220757341e-20 3.132834919901297433e-19
9.324159920371654152e+03 2.982678194489747969e-19 2.512668962289802637e-19
9.329165848304710380e+03 1.922651408873783697e-19 2.384672457501639977e-19
9.334171776237766608e+03 7.056450895636276639e-19 3.382947470242039699e-19
9.339177704170821016e+03 -1.845651671271179078e-19 4.189739501573521465e-19
9.344183632103877244e+03 1.736862607540423470e-19 1.910286924234200252e-19
9.349189560036931653e+03 -9.476680814285041601e-20 1.372210134657313898e-19
9.354195487969987880e+03 7.807286323747514692e-20 1.697629537649969304e-19
9.359201415903044108e+03 1.431263006195715332e-19 1.583721571069687951e-19
9.364207343836100335e+03 3.739881112571648682e-19 2.006177700383805894e-19
9.369213271769156563e+03 -9.871856829586722028e-19 1.121773788518934367e-18
9.374219199702210972e+03 8.488294620425418965e-19 8.632338838584246388e-19
9.379225127635267199e+03 1.656070129238835007e-18 5.531616538918471376e-19
9.384231055568321608e+03 3.373205490015072056e-19 2.166637604487841737e-19
9.389236983501377836e+03 4.369654618174149974e-20 1.657095794084590769e-19
9.394242911434434063e+03 5.176436431689993769e-20 1.838428630675232586e-19
9.399248839367490291e+03 7.017809145288849118e-19 2.675176261679832352e-19
9.404254767300546519e+03 3.694483527832463713e-20 2.199051305039009117e-19
9.409260695233600927e+03 -4.859159953273589174e-20 1.329243557556959183e-19
9.414266623166657155e+03 -2.085504831778275686e-19 1.664771513691911141e-19
9.419272551099711563e+03 4.043126764684828675e-21 1.848484724818092113e-19
9.424278479032767791e+03 1.780045809601398675e-19 1.762565254924951106e-19
9.429284406965824019e+03 4.394801595386316543e-19 4.851723617225437568e-19
9.434290334898880246e+03 7.703939598466691762e-19 1.363511958377366553e-18
9.439296262831936474e+03 4.327481435352676703e-19 4.206991131429400239e-19
9.444302190764990883e+03 -1.792591586947865336e-19 2.380989955884850101e-19
9.449308118698047110e+03 -1.416908727041963218e-20 2.073339514121624639e-19
9.454314046631101519e+03 6.434609578206687112e-20 5.712845710944789605e-19
9.459319974564157746e+03 6.085531897051084768e-20 3.845841951868563592e-19
9.464325902497213974e+03 1.777120663691829650e-19 2.550148145810308909e-19
9.469331830430270202e+03 4.215050879570408190e-19 2.759307623168345058e-19
9.474337758363326429e+03 5.513913986377775101e-19 6.344911890228567286e-19
9.479343686296380838e+03 2.979053650263002220e-19 4.628507881501737146e-19
9.484349614229437066e+03 1.873855890476895928e-19 2.062510045238948498e-19
9.489355542162491474e+03 1.880884757004905317e-19 1.544044499219206111e-19
9.494361470095547702e+03 2.211217864669561733e-19 3.036847178511056296e-19
9.499367398028603930e+03 -6.522092662152145799e-20 3.143425972115717665e-19
9.504373325961660157e+03 3.836672829311663630e-19 2.301004917035404507e-19
9.509379253894716385e+03 2.085312794416161907e-20 1.711478983786641674e-19
9.514385181827770793e+03 -8.458515110947224933e-19 4.353086120555441723e-19
9.519391109760827021e+03 -4.928846751417694381e-19 2.652186111315146341e-19
9.524397037693881430e+03 1.886219745201153774e-19 2.272013458294489030e-19
9.529402965626937657e+03 3.640327725548449305e-19 1.693715619421568055e-19
9.534408893559993885e+03 4.792632450070679829e-19 1.661548263243362757e-19
9.539414821493050113e+03 1.268818900704454983e-19 1.886722638946454399e-19
9.544420749426106340e+03 -1.414257839230976943e-21 2.045130187692197360e-19
9.549426677359160749e+03 7.311343796284481687e-19 3.702258102550623672e-19
9.554432605292216977e+03 4.514270836542133862e-19 3.328023789420939620e-19
9.559438533225271385e+03 -9.585847639397251811e-20 3.076679382768274661e-19
9.564444461158327613e+03 -4.528547628105608087e-20 3.315471544121359676e-19
9.569450389091383840e+03 -4.881818710127076285e-20 3.526516797681185544e-19
9.574456317024440068e+03 1.773137492917562030e-19 2.008395773947171522e-19
9.579462244957496296e+03 3.872190866984177177e-20 1.406919370818299214e-19
9.584468172890550704e+03 2.662687209934764445e-19 1.313217216639145673e-19
9.589474100823605113e+03 4.658994504734855439e-19 1.548646851342867621e-19
9.594480028756661341e+03 4.310890841944351128e-19 1.522842603001130103e-19
9.599485956689717568e+03 -3.303155887537195990e-20 1.689487905770311350e-19
9.604491884622773796e+03 5.506644589212344460e-20 2.760461481371597539e-19
9.609497812555830023e+03 3.483043724927718585e-19 2.468955503472794098e-19
9.614503740488886251e+03 4.950336589419235633e-19 2.618223911723466893e-19
9.619509668421940660e+03 3.381620668608685285e-19 3.132186678092115265e-19
9.624515596354995068e+03 7.670043069056456104e-19 2.781973970902787789e-19
9.629521524288051296e+03 2.806951573839277825e-19 1.826725068549311210e-19
9.634527452221107524e+03 1.887399045877835014e-19 1.520018850711649146e-19
9.639533380154163751e+03 1.847365831154934738e-20 1.669342621206566026e-19
9.644539308087219979e+03 2.770471824946587564e-19 1.461790668598083643e-19
9.649545236020274388e+03 1.560000540686310729e-19 1.771311495583113513e-19
9.654551163953330615e+03 8.660844382615564888e-20 1.774106972424931328e-19
9.659557091886385024e+03 3.185312592102126457e-19 2.095982329452506573e-19
9.664563019819441251e+03 -3.763041371653003966e-20 2.801731460729020129e-19
9.669568947752497479e+03 2.289253316513775603e-19 2.543389315119635466e-19
9.674574875685553707e+03 2.726751610840603232e-19 2.949343787852360397e-19
9.679580803618609934e+03 -4.550478757340093032e-20 3.328541441567880030e-19
9.684586731551664343e+03 3.169132147042701636e-20 2.969664401237091967e-19
9.689592659484720571e+03 7.283031369292778908e-20 2.633356719109028660e-19
9.694598587417774979e+03 1.102090351701033824e-19 4.297874803266234072e-19
9.699604515350831207e+03 3.073826568067683781e-19 3.775748940122053813e-19
9.704610443283887435e+03 1.160581246757351328e-20 3.453008706390249219e-19
9.709616371216943662e+03 -2.269728175861609541e-19 3.084860916288666416e-19
9.714622299149999890e+03 6.058237560422449978e-19 4.750685110701404998e-19
9.719628227083054298e+03 7.703443655102725157e-19 5.426320561311770792e-19
9.724634155016110526e+03 6.379562676933909741e-19 3.661208955489266788e-19
9.729640082949164935e+03 -9.319172701949850691e-20 2.458442025884185257e-19
9.734646010882221162e+03 4.777950390368827237e-19 4.203337564310500357e-19
9.739651938815277390e+03 -4.016129644909842043e-20 3.221698630200522437e-19
9.744657866748333618e+03 5.866987863336893457e-20 3.353618188598948138e-19
9.749663794681389845e+03 6.292284138379262636e-19 2.438421068065167826e-19
9.754669722614444254e+03 2.729150797931881219e-19 1.936222851284813957e-19
9.759675650547500481e+03 1.581618387476615419e-19 1.796938221310501685e-19
9.764681578480554890e+03 3.008519123614972604e-19 1.801425056270087179e-19
9.769687506413611118e+03 2.004550992949030890e-19 2.061889303153434921e-19
9.774693434346667345e+03 1.706846793814358972e-19 2.067755980523327384e-19
9.779699362279723573e+03 -4.356738339966267505e-20 2.355576256097550102e-19
9.784705290212779801e+03 -7.206265399688027413e-20 5.786252858240849469e-19
9.789711218145834209e+03 6.324662523293182969e-20 7.281124154497756691e-19
9.794717146078890437e+03 4.396648617482115243e-19 5.311676566131228820e-19
9.799723074011944846e+03 -3.626856663468585400e-19 4.218180440017554955e-19
9.804729001945001073e+03 -2.425515212625426212e-19 4.611275160049879729e-19
9.809734929878057301e+03 7.312873441892325687e-19 4.012592616986945512e-19
9.814740857811113528e+03 2.611477863354660969e-19 3.775909217238050091e-19
9.819746785744169756e+03 9.711756590779036743e-20 2.689243677423729878e-19
9.824752713677224165e+03 -3.545281816751675041e-20 3.148769657076724385e-19
9.829758641610280392e+03 -2.180599281723130584e-19 3.589795423314184616e-19
9.834764569543334801e+03 1.640848645862164235e-19 2.842327633162437272e-19
9.839770497476391029e+03 7.064116809788423534e-20 2.734476820835586794e-19
9.844776425409447256e+03 -1.937965237184189101e-20 4.046873046440726153e-19
9.849782353342503484e+03 2.593379958335699562e-19 4.139018581212454149e-19
9.854788281275559712e+03 2.021130441940538572e-19 3.796874731373497288e-19
9.859794209208614120e+03 2.397026382994648698e-19 3.605750835654844762e-19
9.864800137141670348e+03 4.702871710187271091e-19 6.746042507439692132e-19
9.869806065074724756e+03 1.053206764064937430e-18 9.299810345714797050e-19
9.874811993007780984e+03 1.000472974661738497e-18 7.463780071253172598e-19
9.879817920940837212e+03 3.738872328229045043e-19 3.504376235833823307e-19
9.884823848873893439e+03 2.635612708136477663e-19 3.522230661953372510e-19
9.889829776806949667e+03 2.064564131177183372e-19 5.174593751717172966e-19
9.894835704740004076e+03 9.078428639029907627e-20 3.937751180586277522e-19
9.899841632673058484e+03 2.808217409715544955e-19 3.200489351478489728e-19
9.904847560606114712e+03 1.067235413493331506e-20 4.823748168140658380e-19
9.909853488539170939e+03 1.045378302394543252e-18 3.775479642873031043e-18
9.914859416472227167e+03 1.969667778230946585e-19 1.981848013612251160e-18
9.919865344405283395e+03 6.947355490228596698e-19 5.164831449153227603e-19
9.924871272338339622e+03 3.259770304490862236e-19 3.873544994567653361e-19
9.929877200271394031e+03 4.784022094994231897e-19 5.158255478257544853e-19
9.934883128204448440e+03 6.833522715064096640e-19 7.593267956934529244e-19
9.939889056137504667e+03 3.497827260622078504e-20 7.245341742910757715e-19
9.944894984070560895e+03 1.481207558989262874e-18 6.839360873983707008e-19
9.949900912003617123e+03 6.882953537430053327e-19 7.923340064768723365e-19
9.954906839936673350e+03 -2.595746106259188439e-19 8.051133526953875554e-19
9.959912767869729578e+03 9.589058573694342602e-19 6.320100150089321188e-19
9.964918695802783986e+03 -4.372749535251018454e-20 5.667183607664697516e-19
9.969924623735838395e+03 -6.486401769994686497e-20 5.091110443102567399e-19
9.974930551668894623e+03 4.495116200352487177e-19 7.230639024783920488e-19
9.979936479601950850e+03 4.012948132319688523e-19 6.103492706569301179e-19
9.984942407535007078e+03 2.663135265183620917e-19 7.093025240621169841e-19
9.989948335468063306e+03 2.282885200125116753e-19 5.848398436297706562e-19
9.994954263401117714e+03 -2.053905492481967187e-19 5.675241030330083315e-19
9.999960191334173942e+03 1.581108071355614548e-19 6.506160132510005614e-19
1.000496611926722835e+04 9.521407614336088514e-19 8.655396269634504773e-19
1.000997204720028458e+04 1.339419716988969649e-18 3.824936840284217452e-18
1.001497797513334081e+04 1.202713123759052374e-18 3.143428482687456465e-18
1.001998390306639703e+04 8.922511965200132647e-19 7.744487114863644093e-19
1.002498983099945326e+04 9.248629854441969818e-19 8.190711709185836978e-19
1.002999575893250767e+04 2.935757022029286973e-19 5.530747113043070088e-19
1.003500168686556390e+04 3.943928378837136133e-19 7.021597421811529579e-19
1.004000761479861831e+04 3.890501598071540242e-19 6.731553845171169915e-19
1.004501354273167453e+04 2.240183880624888911e-18 1.826704925773253571e-18
1.005001947066473076e+04 4.039053813088579368e-19 6.481856041175813354e-19
1.005502539859778699e+04 1.603995950157911917e-18 1.249877432974606903e-18
1.006003132653084322e+04 1.035125991766277016e-18 1.081202107973949212e-18
1.006503725446389763e+04 1.011617270002512082e-18 1.583019152753896842e-18
1.007004318239695385e+04 3.869387801062200361e-19 1.296306357318737600e-18
1.007504911033000826e+04 1.626979821640121687e-18 1.078559997076475768e-18
1.008005503826306449e+04 9.034545939692444145e-19 2.265648582822556434e-18
1.008506096619612072e+04 2.991181152270755949e-18 9.132051569801410325e-18
1.009006689412917694e+04 5.748365763247828187e-19 1.597020301557048112e-18
1.009507282206223317e+04 8.430773941155291928e-19 1.134998353512393594e-18
1.010007874999528758e+04 1.653843422678840620e-19 1.900082226916513010e-18
1.010508467792834381e+04 5.351900646500497631e-21 2.684032556836863204e-18
1.011009060586139822e+04 1.923390532162081863e-18 2.073815390576857159e-18
1.011509653379445444e+04 1.403493554179154669e-20 1.357593198575285437e-18
1.012010246172751067e+04 -1.124470261086527083e-18 5.168084428868184266e-18
1.012510838966056690e+04 1.316982669030875985e-18 2.440548175075554089e-18
1.013011431759362313e+04 1.404943639284508976e-18 3.151131497710922640e-18
1.013512024552667754e+04 -1.036709939566424609e-19 9.239665028230460598e-19
1.014012617345973376e+04 6.183228013821048139e-19 1.784206628109333151e-18
1.014513210139278817e+04 6.208022418353326379e-19 3.324866097772645061e-18
1.015013802932584440e+04 -1.548915115062952628e-18 5.037985289066962333e-18
1.015514395725890063e+04 2.221033554259428264e-18 1.196722468690560943e-17
1.016014988519195686e+04 6.274359075613021203e-19 1.753623591636657392e-17
1.016515581312501308e+04 1.029226747262522942e-19 3.242475146781764901e-18
1.017016174105806749e+04 -1.825762366209863158e-18 3.235492712550777486e-18
1.017516766899112372e+04 1.356717957609165988e-19 2.288377837962811314e-18
1.018017359692417813e+04 1.002346440921050556e-18 1.797661797380362108e-18
1.018517952485723436e+04 1.520594842196164137e-19 1.576607485202475254e-18
1.019018545279029058e+04 -4.682739955020513062e-19 2.375466580448157581e-18
1.019519138072334681e+04 4.415974319054289120e-19 5.928476020824442474e-18
1.020019730865640304e+04 -1.276003649022895292e-18 1.055057158854002619e-17
1.020520323658945745e+04 3.551867084895341196e-18 9.351433227550059146e-18
1.021020916452251367e+04 2.981723089787506158e-18 9.519048445430799730e-18
1.021521509245556808e+04 1.243800288305055774e-18 2.663454844391814002e-18
1.022022102038862431e+04 -4.370903093487911909e-19 6.460861678164212673e-18
1.022522694832168054e+04 1.043500564435733061e-19 4.502266951340531240e-18
1.023023287625473677e+04 2.333487221283426581e-18 1.513605949355441903e-17
1.023523880418779299e+04 5.876777217165814478e-19 9.047164796843656566e-18
1.024024473212084740e+04 9.542053907325407383e-19 3.975100277072689388e-18
1.024525066005390181e+04 1.769692006436385040e-18 4.357176427777621813e-18
1.025025658798695804e+04 2.184731567699467463e-18 5.257116024365970699e-18
1.025526251592001427e+04 -6.203004128067990563e-19 4.523605382125629393e-18
1.026026844385307049e+04 2.682711745515338780e-19 4.883444696261912160e-18
1.026527437178612672e+04 3.775548366875742377e-18 1.294284145534470495e-17
1.027028029971918295e+04 2.906557946734192390e-18 9.477660481147379983e-18
1.027528622765223736e+04 3.436195902236026871e-19 4.001232009177515823e-18
1.028029215558529177e+04 1.104438452387886525e-18 5.006532486083376418e-18
1.028529808351834799e+04 2.792647491059065900e-18 3.413543132064471962e-18
1.029030401145140422e+04 7.561768120729908291e-19 4.862285743655146623e-18
1.029530993938446045e+04 -3.903610847799075044e-19 3.765687764554992272e-18
