#  wl flam flam_err
4.803806996822357178e+03 1.341596841366214879e-19 9.908614749049473371e-19
4.808812924755412496e+03 1.335352355307954720e-19 9.016576345330098970e-19
4.813818852688468723e+03 1.329298623634871075e-19 8.196272724886954431e-19
4.818824780621524042e+03 1.308125377641159256e-19 7.487886051975149157e-19
4.823830708554580269e+03 1.268360082769038970e-19 6.725119342789419990e-19
4.828836636487635587e+03 1.191788290466056678e-19 6.092781320511455667e-19
4.833842564420691815e+03 1.249095566809826348e-19 5.539860667690557622e-19
4.838848492353747133e+03 2.853997130058827230e-19 5.105697809618599574e-19
4.843854420286802451e+03 1.234868282887341478e-19 4.642224822154850667e-19
4.848860348219858679e+03 1.233327467684203216e-19 4.183441118064312649e-19
4.853866276152913997e+03 5.247414581602704962e-20 3.773023100706842907e-19
4.858872204085970225e+03 -2.898106515218457308e-20 3.449313166849142434e-19
4.863878132019025543e+03 2.928191717527528482e-19 3.247827120768721141e-19
4.868884059952080861e+03 1.115362693141542297e-19 3.166605000515694640e-19
4.873889987885137089e+03 1.089420517537620131e-20 3.106838680039493966e-19
4.878895915818192407e+03 6.267740535019105257e-20 3.077038340876779446e-19
4.883901843751248634e+03 1.647789823816220732e-19 2.953050781554125339e-19
4.888907771684303952e+03 5.636214973910882613e-20 2.793014458252298409e-19
4.893913699617360180e+03 1.548608218226055063e-19 2.644774020911304814e-19
4.898919627550415498e+03 2.334948308231867785e-19 2.489030657622954449e-19
4.903925555483470816e+03 2.661513738935275148e-19 2.366989310622817479e-19
4.908931483416527044e+03 -2.346292753971335952e-20 2.256548902932848317e-19
4.913937411349582362e+03 -2.952150679721113404e-23 2.160968422855438389e-19
4.918943339282638590e+03 5.078155146278967906e-20 2.088628490982797353e-19
4.923949267215693908e+03 8.683806855167281187e-20 2.041919794502000646e-19
4.928955195148750136e+03 -3.522157779328508991e-20 1.986635740965322532e-19
4.933961123081805454e+03 5.725835502489919217e-20 1.913806480844173340e-19
4.938967051014860772e+03 -1.023067131285187933e-19 1.853701180984835005e-19
4.943972978947916999e+03 -4.455666748111200987e-19 1.802490714790245467e-19
4.948978906880972318e+03 4.275790381051326760e-20 1.776530087912822130e-19
4.953984834814028545e+03 2.098609237638516899e-24 1.731664454100137519e-19
4.958990762747083863e+03 2.278658511135192489e-19 1.701719836591137075e-19
4.963996690680139181e+03 1.331018874477509329e-19 1.691311973025543858e-19
4.969002618613195409e+03 3.406009782838137154e-20 1.656456594008139865e-19
4.974008546546250727e+03 5.489516468818979538e-20 1.630088569131333717e-19
4.979014474479306955e+03 2.468605499233554526e-19 1.588539715082091243e-19
4.984020402412362273e+03 -5.321131655537600456e-20 1.576148223819055933e-19
4.989026330345418501e+03 1.573180192193435932e-19 1.593203437417128228e-19
4.994032258278473819e+03 1.805688225882704923e-19 1.590563764705321102e-19
4.999038186211529137e+03 -3.465246397190134037e-20 1.526184507548304620e-19
5.004044114144585365e+03 -1.630800277511691812e-19 1.452867656110806239e-19
5.009050042077640683e+03 1.853293617380013323e-19 1.377339730018262114e-19
5.014055970010696910e+03 2.489779644753805803e-19 1.317314634736488132e-19
5.019061897943752228e+03 -1.984693612077429110e-20 1.274927322833022598e-19
5.024067825876807547e+03 5.027308542581608302e-20 1.250242814884165248e-19
5.029073753809863774e+03 -1.559442146348844170e-19 1.236747092024667850e-19
5.034079681742919092e+03 -2.119869805545322705e-19 1.212566868072054094e-19
5.039085609675975320e+03 2.545091778785628921e-19 1.184143565925681094e-19
5.044091537609030638e+03 1.379279373184913493e-19 1.151392876661087909e-19
5.049097465542086866e+03 1.764071103517432214e-19 1.142761652062351997e-19
5.054103393475142184e+03 3.144012734328918569e-19 1.138346465495607765e-19
5.059109321408197502e+03 -5.504766940577960556e-20 1.132313606910204593e-19
5.064115249341253730e+03 2.883253231389345793e-20 1.121690711877015828e-19
5.069121177274309048e+03 -9.318620774439579751e-20 1.102757606126150398e-19
5.074127105207365275e+03 1.135386788330795401e-19 1.084798389653507625e-19
5.079133033140420594e+03 1.445069499766000168e-19 1.073463932024297638e-19
5.084138961073476821e+03 -4.798957459563443303e-20 1.076764799401030474e-19
5.089144889006532139e+03 -2.533851571588040291e-19 1.091451328338716285e-19
5.094150816939587457e+03 -6.764354930686613507e-20 1.099361421544095368e-19
5.099156744872643685e+03 9.108075561469684905e-20 1.113289147980821873e-19
5.104162672805699003e+03 1.327262703781328316e-19 1.124197260112752445e-19
5.109168600738755231e+03 2.053194050148915348e-19 1.157799987742739598e-19
5.114174528671810549e+03 4.754104554973662974e-19 1.200634682143336757e-19
5.119180456604865867e+03 3.108361437646627123e-19 1.201856668233223559e-19
5.124186384537922095e+03 1.156046515327328552e-19 1.164536554064216300e-19
5.129192312470977413e+03 8.176702554787295747e-20 1.122207782446565774e-19
5.134198240404033641e+03 1.250228073829770325e-19 1.086001254702920681e-19
5.139204168337088959e+03 1.764155556392407325e-19 1.049125501391941976e-19
5.144210096270145186e+03 1.688348267577034056e-19 1.022246566878107712e-19
5.149216024203200504e+03 2.091984098667006600e-19 1.007031027664602085e-19
5.154221952136255823e+03 1.301380570777202126e-19 9.786422312294922278e-20
5.159227880069312050e+03 1.222993168470537584e-19 9.349213476917184206e-20
5.164233808002367368e+03 -7.035406803030407081e-20 8.772588601851649656e-20
5.169239735935423596e+03 2.096419888952886787e-19 8.364857607391984615e-20
5.174245663868478914e+03 4.255211436540367028e-20 8.294044519601259832e-20
5.179251591801534232e+03 1.218350523626381173e-19 8.253745012828662045e-20
5.184257519734590460e+03 1.254931178267411407e-19 8.418710093605936744e-20
5.189263447667645778e+03 2.507160064631028080e-19 8.679669023950676281e-20
5.194269375600702006e+03 4.629864642590933809e-20 9.103060947410609848e-20
5.199275303533757324e+03 2.116706520571535159e-19 9.340794780502780120e-20
5.204281231466813551e+03 1.064310420493892124e-19 9.103728502889469609e-20
5.209287159399868870e+03 7.891738438144117808e-20 8.787006950233825289e-20
5.214293087332924188e+03 1.196998102164711322e-19 8.860546381799036141e-20
5.219299015265980415e+03 1.591408999875188376e-19 8.978938115245395619e-20
5.224304943199035733e+03 5.660590585402931571e-20 9.083474860075811450e-20
5.229310871132091961e+03 3.182675289185245160e-19 9.176484307134790830e-20
5.234316799065147279e+03 1.461346772726860212e-19 9.520432516693668193e-20
5.239322726998203507e+03 2.822778496263351083e-19 9.706743899701514366e-20
5.244328654931258825e+03 2.190179680503808050e-19 9.638275730661552604e-20
5.249334582864314143e+03 2.400359608406799680e-19 9.658133445152734205e-20
5.254340510797370371e+03 3.039750403203259031e-19 9.600008948957028697e-20
5.259346438730425689e+03 -8.838213601663816489e-20 8.984659287753305491e-20
5.264352366663481916e+03 -8.717271794249145799e-20 8.401897261062885662e-20
5.269358294596537235e+03 1.429717562397693912e-19 8.407728382391579510e-20
5.274364222529593462e+03 1.482617310794571686e-19 8.545558013887388124e-20
5.279370150462648780e+03 5.346403534168907572e-20 8.450043202406733364e-20
5.284376078395704099e+03 5.197129869413797798e-20 8.377091121480842577e-20
5.289382006328760326e+03 1.941796001356058030e-20 8.371220438165129228e-20
5.294387934261815644e+03 4.677107369285640261e-20 8.360252179568692700e-20
5.299393862194871872e+03 2.211522183710531567e-19 8.201539266952665142e-20
5.304399790127927190e+03 1.399862071802549148e-19 8.082544376319232297e-20
5.309405718060982508e+03 3.243143147802673736e-20 8.010863172761900143e-20
5.314411645994038736e+03 7.211791429323678693e-20 7.895351338292827193e-20
5.319417573927094054e+03 5.132670975104428704e-20 7.849660033106851051e-20
5.324423501860150282e+03 3.521221582474672818e-20 7.815056039348178841e-20
5.329429429793205600e+03 1.333526295882885497e-20 7.816939122247019786e-20
5.334435357726260918e+03 2.537886437678291489e-20 7.874426999753197688e-20
5.339441285659317145e+03 2.297054590131697212e-19 7.883441485096167904e-20
5.344447213592372464e+03 5.038803676895105880e-20 7.939129809600016283e-20
5.349453141525428691e+03 1.399464369160826020e-19 8.100868656557217039e-20
5.354459069458484009e+03 6.165486308965577370e-21 8.213788984910752086e-20
5.359464997391540237e+03 6.743604431085240453e-20 8.241876757045016127e-20
5.364470925324595555e+03 1.756444793252077392e-19 8.349691803949127004e-20
5.369476853257650873e+03 2.552756677325933964e-20 8.486401478475480932e-20
5.374482781190707101e+03 2.152376046230139260e-19 8.760939407582384238e-20
5.379488709123762419e+03 1.781985553377131253e-19 8.809878424456246414e-20
5.384494637056818647e+03 1.048861411539961818e-19 8.564731856794140134e-20
5.389500564989873965e+03 1.485387286036052966e-19 8.254403215876023657e-20
5.394506492922930192e+03 1.305384963389980890e-19 7.935808604183192111e-20
5.399512420855985511e+03 4.360243446099472581e-20 7.656353816195073413e-20
5.404518348789040829e+03 3.298521547035265264e-19 7.431812726956080267e-20
5.409524276722097056e+03 2.247625543926250751e-19 7.284340372360145498e-20
5.414530204655152374e+03 1.096092214306542515e-19 7.313806097730040588e-20
5.419536132588208602e+03 3.018970479292797915e-19 7.303276178832767514e-20
5.424542060521263920e+03 2.548856817590876745e-19 7.290481008772377635e-20
5.429547988454320148e+03 2.104563506817791675e-19 7.297831400700561002e-20
5.434553916387375466e+03 1.290407993558466848e-19 7.344168929493906750e-20
5.439559844320430784e+03 1.474418186129523282e-19 7.414085832895616637e-20
5.444565772253487012e+03 1.081328153111008205e-19 7.391316403203389373e-20
5.449571700186542330e+03 8.382232069471609495e-20 7.327335398702767571e-20
5.454577628119598558e+03 6.347852673969250307e-20 7.390385109653298132e-20
5.459583556052653876e+03 1.216861688901997001e-19 7.476466203895894777e-20
5.464589483985709194e+03 8.180653602580404829e-20 7.507127938208265108e-20
5.469595411918765421e+03 1.929292585070865609e-20 7.471602789395878451e-20
5.474601339851820740e+03 1.874124336890356978e-19 7.578202586476500220e-20
5.479607267784876967e+03 2.420041153803200485e-19 7.663443501692408423e-20
5.484613195717932285e+03 2.801429399923297039e-19 7.792609188150751638e-20
5.489619123650987603e+03 1.577235864919975880e-19 7.835219416173397636e-20
5.494625051584043831e+03 2.147721708806938768e-19 7.919821442163268341e-20
5.499630979517099149e+03 1.264664166473091158e-19 7.913042853162267818e-20
5.504636907450155377e+03 1.009604334225803010e-19 7.956379672260850408e-20
5.509642835383210695e+03 1.220244282942360158e-19 7.818125989986224458e-20
5.514648763316266923e+03 -1.465556792637742189e-20 7.596376935693235355e-20
5.519654691249322241e+03 9.871003182776797385e-20 7.432267985039573355e-20
5.524660619182377559e+03 -7.156420558953862170e-20 7.226541015492983242e-20
5.529666547115433787e+03 -3.513695546907497530e-20 7.154658932334362879e-20
5.534672475048489105e+03 6.964821155555195573e-20 7.202675155416664801e-20
5.539678402981545332e+03 9.548090696982778531e-20 7.395983408309590430e-20
5.544684330914600650e+03 7.147480283302289969e-20 7.450536154000170837e-20
5.549690258847656878e+03 9.435754056164311577e-20 7.301741988305678149e-20
5.554696186780712196e+03 6.483998919096107608e-20 7.180024912271816904e-20
5.559702114713767514e+03 9.451966565976717194e-20 7.373220452332724028e-20
5.564708042646823742e+03 -4.127220933146685628e-20 7.534727089101782204e-20
5.569713970579879060e+03 5.082940891741844583e-19 1.402094310841101176e-19
5.574719898512935288e+03 3.715415613169809556e-19 2.193655431593987450e-19
5.579725826445990606e+03 3.472060609717058898e-20 2.128646977471790007e-19
5.584731754379046833e+03 7.725142747691820045e-20 1.095389293567703798e-19
5.589737682312102152e+03 3.822942455129074065e-19 7.360740682718992088e-20
5.594743610245157470e+03 2.751634930210046672e-20 7.265931575277589136e-20
5.599749538178213697e+03 9.434980204184311569e-20 7.372275950920554894e-20
5.604755466111269016e+03 7.226639185535537412e-20 7.405576445873296477e-20
5.609761394044325243e+03 7.108511978931025836e-20 7.281235451560410688e-20
5.614767321977380561e+03 1.161990983998962761e-19 7.161982772850519478e-20
5.619773249910436789e+03 3.016502537206797904e-20 7.307933180436231219e-20
5.624779177843492107e+03 1.404884778050451185e-19 7.335589716264498623e-20
5.629785105776547425e+03 1.371853053360435885e-19 7.261585438887481697e-20
5.634791033709603653e+03 3.943370675559535566e-20 7.155690109946658211e-20
5.639796961642658971e+03 2.336564401976564083e-20 7.097842224573317217e-20
5.644802889575714289e+03 1.765322818263411988e-19 6.914211987653142125e-20
5.649808817508770517e+03 8.553027230002477014e-20 6.696986547356539657e-20
5.654814745441825835e+03 1.442068350055566970e-19 6.463035742776556146e-20
5.659820673374882062e+03 1.134635762177255543e-19 6.437569701295236231e-20
5.664826601307937381e+03 1.130320512925632903e-19 6.513834833979334934e-20
5.669832529240993608e+03 1.674729978174282025e-19 6.522085879568545853e-20
5.674838457174048926e+03 1.413238846282660303e-19 6.486209756641986920e-20
5.679844385107104245e+03 1.746536619217855102e-19 6.434568371683280076e-20
5.684850313040160472e+03 2.463370226896425371e-19 6.417473529502614458e-20
5.689856240973215790e+03 1.705529080439393750e-19 6.474803120403796383e-20
5.694862168906272018e+03 2.022761483454103872e-19 6.461931385214837193e-20
5.699868096839327336e+03 1.044189848485107969e-19 6.402642175759110857e-20
5.704874024772383564e+03 1.442907632442967089e-19 6.282048869839024514e-20
5.709879952705438882e+03 -2.906695283286980978e-21 6.241277300273994891e-20
5.714885880638494200e+03 8.570171302413873484e-20 6.299762579094372712e-20
5.719891808571550428e+03 1.528265455086531988e-19 6.377003360858783628e-20
5.724897736504605746e+03 8.230792751960896913e-20 6.478492303656588393e-20
5.729903664437661973e+03 1.410030210290397342e-19 6.535421822825865833e-20
5.734909592370717291e+03 7.754504379568947031e-20 6.590547238189728664e-20
5.739915520303773519e+03 9.462695450553077571e-20 6.704283158349258310e-20
5.744921448236828837e+03 1.567079470017402432e-19 6.816893526752157870e-20
5.749927376169884155e+03 1.506770366685747829e-19 6.893779043435727371e-20
5.754933304102940383e+03 6.979476552196468349e-20 6.999203661654200676e-20
5.759939232035995701e+03 1.464062266611976772e-19 7.145037198440633573e-20
5.764945159969051929e+03 2.843878268388925834e-19 7.130730020841944140e-20
5.769951087902107247e+03 1.255902301756187454e-19 6.895567045930696617e-20
5.774957015835163475e+03 8.091642743395333600e-20 6.697855833001641409e-20
5.779962943768218793e+03 1.211543430658777128e-19 6.477466060670540476e-20
5.784968871701274111e+03 3.989704267570539840e-20 6.343142970811460225e-20
5.789974799634330338e+03 1.126440999897784683e-19 6.252377192334600129e-20
5.794980727567385657e+03 1.384125591132295655e-19 6.132614447804180635e-20
5.799986655500441884e+03 1.287805874048709551e-19 6.062624725060557592e-20
5.804992583433497202e+03 1.620858449484196724e-19 6.017343118957842799e-20
5.809998511366552520e+03 1.148432687815701921e-19 5.967381967934828497e-20
5.815004439299608748e+03 1.943460317245558426e-19 5.917150715324134654e-20
5.820010367232664066e+03 9.646781795921190966e-20 5.881536517157733072e-20
5.825016295165720294e+03 2.024154260167219840e-19 5.867215243007863994e-20
5.830022223098775612e+03 1.344155623651476311e-19 5.865122090100511143e-20
5.835028151031830930e+03 9.495857215073141568e-20 5.865646786390674485e-20
5.840034078964887158e+03 1.925418956930664719e-19 5.879430754406581301e-20
5.845040006897942476e+03 7.383925052117757136e-20 5.881614379540522629e-20
5.850045934830998704e+03 6.388024806195397301e-20 5.864368724766738834e-20
5.855051862764054022e+03 1.434113138404095735e-19 5.918770030416992726e-20
5.860057790697110249e+03 2.366063976337871900e-19 6.343609645021519501e-20
5.865063718630165567e+03 -1.483385576213784991e-20 6.861333481057484981e-20
5.870069646563220886e+03 1.869167617217487831e-19 6.950447398866136816e-20
5.875075574496277113e+03 2.428891474703166757e-19 6.585802003979656681e-20
5.880081502429332431e+03 6.746828925888130188e-20 7.188782514296311445e-20
5.885087430362388659e+03 1.807999458053042561e-19 1.070118649571791005e-19
5.890093358295443977e+03 3.053318718721074959e-19 1.238183770609540062e-19
5.895099286228500205e+03 1.857649123623698669e-19 1.072835129763846147e-19
5.900105214161555523e+03 1.889348244307359787e-19 8.196083521596443617e-20
5.905111142094610841e+03 4.472172755532787750e-20 6.673052307572745730e-20
5.910117070027667069e+03 6.503484721684350331e-20 6.894949996661459951e-20
5.915122997960722387e+03 1.359628352511272323e-19 6.862636746396978110e-20
5.920128925893778614e+03 8.389602342675399305e-20 6.730064763249487039e-20
5.925134853826833933e+03 5.964586490130023321e-20 6.660881188170931224e-20
5.930140781759890160e+03 1.231068197508584787e-19 6.742947216338566583e-20
5.935146709692945478e+03 1.977316739012335642e-19 6.475357893188665205e-20
5.940152637626000796e+03 1.373215374579328699e-19 6.039647146124648607e-20
5.945158565559057024e+03 3.542699241345487862e-20 6.028637934880472626e-20
5.950164493492112342e+03 4.070397399497139294e-20 6.212546997805738849e-20
5.955170421425167660e+03 7.097377974147640919e-20 6.026019501683064118e-20
5.960176349358223888e+03 1.472543060316317682e-19 5.683097351552874179e-20
5.965182277291280116e+03 6.557281156378721272e-20 5.670678707535740603e-20
5.970188205224335434e+03 1.187774028969918852e-19 5.892244755659403009e-20
5.975194133157390752e+03 1.094462843924829150e-19 5.950093735802950931e-20
5.980200061090446980e+03 1.367881539488841166e-19 5.837474183635468387e-20
5.985205989023502298e+03 1.314950897512705432e-19 5.630966448278693269e-20
5.990211916956557616e+03 -7.085945753817339894e-20 5.628208563407516378e-20
5.995217844889613843e+03 2.290920588985784328e-19 5.790150128021261287e-20
6.000223772822669162e+03 1.232890123765565871e-19 5.973439239656788544e-20
6.005229700755725389e+03 9.111310331823198696e-20 5.961750397381221182e-20
6.010235628688780707e+03 -3.242810618251562835e-20 5.888093755180495841e-20
6.015241556621836935e+03 7.968816367081420028e-20 5.912228043127942069e-20
6.020247484554892253e+03 1.799595140981764057e-19 5.903155294797650503e-20
6.025253412487947571e+03 1.424327098824767208e-19 5.858565894087854384e-20
6.030259340421003799e+03 1.106583395459622597e-19 5.809139687013115949e-20
6.035265268354059117e+03 1.811688919223849096e-19 5.693977015219941904e-20
6.040271196287115345e+03 1.354007085679742900e-19 5.508324329436710668e-20
6.045277124220170663e+03 1.242183177040255932e-19 5.360202591451598718e-20
6.050283052153226890e+03 1.984314318721075352e-19 5.275199246073640797e-20
6.055288980086282209e+03 2.047978943297079641e-19 5.179889278969691490e-20
6.060294908019337527e+03 1.560822512488150142e-19 5.111960731260064140e-20
6.065300835952393754e+03 1.460308674744934109e-19 5.077296016450165244e-20
6.070306763885449072e+03 3.824949602529026139e-20 4.979740743307919909e-20
6.075312691818505300e+03 1.434058250103157628e-19 4.872876918136418847e-20
6.080318619751560618e+03 1.831297235255165787e-19 4.817581919870284617e-20
6.085324547684616846e+03 2.553561696670959997e-19 4.804833438688303557e-20
6.090330475617672164e+03 1.229134568839074960e-19 4.847649323728519199e-20
6.095336403550727482e+03 1.281764387295596725e-19 4.893158574239064357e-20
6.100342331483783710e+03 9.402717772470197765e-20 4.937980508107660732e-20
6.105348259416839028e+03 1.138751137494254653e-19 4.940648278268955616e-20
6.110354187349894346e+03 9.490877241191209041e-20 4.931019812782318867e-20
6.115360115282950574e+03 9.647543717435565598e-20 4.971526464900601469e-20
6.120366043216006801e+03 1.107030246578989203e-19 5.003889833572802718e-20
6.125371971149062119e+03 2.334810301106736421e-19 5.080004093437975592e-20
6.130377899082117438e+03 9.738672395613451593e-20 5.234437962753165876e-20
6.135383827015173665e+03 9.643563264446548556e-20 5.458077715525654849e-20
6.140389754948228983e+03 1.357757595904610444e-19 5.698235328979840093e-20
6.145395682881284301e+03 5.229138603786249407e-20 5.617526220416198278e-20
6.150401610814340529e+03 1.449899665242650038e-19 5.376751344367527653e-20
6.155407538747396757e+03 1.275981268936530673e-19 5.179357227011155976e-20
6.160413466680452075e+03 2.304537483402025120e-19 5.043385087576781432e-20
6.165419394613507393e+03 2.239527935118395167e-19 5.219537788814189051e-20
6.170425322546563621e+03 3.806903550642477114e-19 5.281874428250393359e-20
6.175431250479618939e+03 4.503225825582946747e-19 5.104343313958266664e-20
6.180437178412674257e+03 2.609449086736960029e-19 4.856652159023844086e-20
6.185443106345730484e+03 9.043943664931227591e-20 4.745776318818305386e-20
6.190449034278785803e+03 1.647980666970862629e-19 4.697833233749360603e-20
6.195454962211842030e+03 7.354968967375838720e-20 4.721223365256398502e-20
6.200460890144897348e+03 1.524497436672225493e-19 4.770035369754520649e-20
6.205466818077953576e+03 9.549765248561318236e-20 4.725275948294005578e-20
6.210472746011008894e+03 6.059874121180064835e-20 4.593507702761522181e-20
6.215478673944064212e+03 1.450746036807531795e-19 4.736216647397297990e-20
6.220484601877120440e+03 1.490826026779517977e-19 4.775456949551269148e-20
6.225490529810175758e+03 1.788721588374658475e-19 4.831641729477624276e-20
6.230496457743231986e+03 1.119866896610475539e-19 5.546822079286071090e-20
6.235502385676287304e+03 1.265518867615478948e-19 6.048987301770938290e-20
6.240508313609343531e+03 1.444129845507039567e-19 5.758121498314022974e-20
6.245514241542398850e+03 9.366274303952960778e-20 5.119076088503661047e-20
6.250520169475454168e+03 1.638709325124511540e-19 5.372820845692247127e-20
6.255526097408510395e+03 1.925162843016302261e-19 6.011062164539300042e-20
6.260532025341565713e+03 1.106385481864018786e-19 6.370740662063521866e-20
6.265537953274621032e+03 2.600264277933839645e-19 5.821211729167766824e-20
6.270543881207677259e+03 1.277260638308793798e-19 5.700946439784886301e-20
6.275549809140733487e+03 1.464016708524294937e-19 5.504849086292420266e-20
6.280555737073788805e+03 1.322073346725819061e-19 5.779102205919680579e-20
6.285561665006844123e+03 6.979392231503876093e-20 5.921569448698521390e-20
6.290567592939900351e+03 3.052434845697279855e-19 6.674604144107441900e-20
6.295573520872955669e+03 1.426446978671861214e-19 1.093771927637827108e-19
6.300579448806010987e+03 2.146581667484329546e-19 1.138355748379727877e-19
6.305585376739067215e+03 2.471288647884885327e-20 8.528952379925606591e-20
6.310591304672123442e+03 2.303121142527857501e-19 5.295611968002821149e-20
6.315597232605178760e+03 8.607048015556813031e-20 4.760980356833427472e-20
6.320603160538234079e+03 1.474355093633760493e-19 4.913668933034743118e-20
6.325609088471290306e+03 9.993441997450537258e-20 5.316327151683509971e-20
6.330615016404345624e+03 1.690667345599215043e-19 5.125266189399679334e-20
6.335620944337400942e+03 7.846638564213760215e-20 4.599778536648001921e-20
6.340626872270457170e+03 4.744294331291318367e-20 4.467158479773176010e-20
6.345632800203512488e+03 1.385737583955979151e-19 4.644783909933227206e-20
6.350638728136568716e+03 9.107375785969004501e-20 4.966081155180756538e-20
6.355644656069624034e+03 7.540734014462309439e-20 5.756034077519415386e-20
6.360650584002680262e+03 9.993191465074889427e-20 7.141594677878714539e-20
6.365656511935735580e+03 1.715017944748656842e-19 6.924479026297675968e-20
6.370662439868790898e+03 1.294988437699458790e-20 5.163251021146463830e-20
6.375668367801847126e+03 1.808257861098811135e-19 4.757659592135212491e-20
6.380674295734902444e+03 1.602458730658473369e-19 5.022057459997325579e-20
6.385680223667958671e+03 1.242008403582067657e-19 5.054223029728295272e-20
6.390686151601013989e+03 9.784684407885142907e-20 4.958313730699538005e-20
6.395692079534070217e+03 1.204875886759463587e-19 4.809297910521103140e-20
6.400698007467125535e+03 8.799548641117219471e-20 4.795633747415136371e-20
6.405703935400180853e+03 4.943952292377690835e-20 4.751156385769691781e-20
6.410709863333237081e+03 8.013728416619593514e-20 4.689924716772416494e-20
6.415715791266292399e+03 -2.395505071939347336e-22 4.710098937045223894e-20
6.420721719199348627e+03 1.225847716774515413e-19 4.581178864240964465e-20
6.425727647132403945e+03 6.606746287106402970e-20 4.408493412680584676e-20
6.430733575065460172e+03 1.136339462580010195e-19 4.257708962876924551e-20
6.435739502998515491e+03 1.589644189664254192e-19 4.206709427376839891e-20
6.440745430931570809e+03 1.514186933883350058e-19 4.141684635821001941e-20
6.445751358864627036e+03 1.349568701418000833e-19 4.178205457729098924e-20
6.450757286797682355e+03 6.415019552764878781e-20 4.193078658384564948e-20
6.455763214730737673e+03 1.282521990742534468e-19 4.323748452380831183e-20
6.460769142663793900e+03 7.059762860907450021e-20 4.793096993164768012e-20
6.465775070596850128e+03 6.019173904039185137e-20 5.145466870082441034e-20
6.470780998529905446e+03 1.044435113374984539e-19 4.874746456046572605e-20
6.475786926462960764e+03 1.159227713444384210e-19 4.422545582144759578e-20
6.480792854396016992e+03 1.292939672649542059e-20 4.158607679005566252e-20
6.485798782329072310e+03 8.688206703521207023e-20 4.025990751678737518e-20
6.490804710262127628e+03 6.513776603360583713e-20 4.464607362034184373e-20
6.495810638195183856e+03 2.771601303253560608e-20 5.245155529649826679e-20
6.500816566128239174e+03 1.455833388952216933e-20 5.503417968549849480e-20
6.505822494061295401e+03 1.041610065772202794e-19 4.789915144968617647e-20
6.510828421994350720e+03 1.433791100325311255e-19 4.500764238322007587e-20
6.515834349927406947e+03 1.887143239456638827e-19 4.594701695522636437e-20
6.520840277860462265e+03 7.427964917602156606e-20 4.734919891443006074e-20
6.525846205793517584e+03 2.890898017823629918e-20 5.190703653597813301e-20
6.530852133726573811e+03 6.857184326924557723e-20 5.410974436681940239e-20
6.535858061659629129e+03 1.090694146290595792e-19 5.264462761609565119e-20
6.540863989592685357e+03 8.901839853020419572e-20 4.759221159391144910e-20
6.545869917525740675e+03 1.565049022255051753e-19 4.997275883928525623e-20
6.550875845458796903e+03 8.914929668309430240e-20 5.170781706144070313e-20
6.555881773391852221e+03 7.844681891502550746e-20 5.233055737786985962e-20
6.560887701324907539e+03 2.244427240884534811e-20 4.761957783958858427e-20
6.565893629257963767e+03 1.249892588298615805e-19 4.660019911322974810e-20
6.570899557191019085e+03 1.377252902937039342e-19 4.615298221781080655e-20
6.575905485124075312e+03 1.243684818711377355e-19 4.587331438849943526e-20
6.580911413057130630e+03 1.250840001009673821e-19 4.325859811071976084e-20
6.585917340990186858e+03 3.256136186040438475e-20 3.822731003534866235e-20
6.590923268923242176e+03 8.452802205748565338e-20 3.904695689482485188e-20
6.595929196856297494e+03 1.127100613363581917e-19 4.057714002979463182e-20
6.600935124789353722e+03 8.391799769887318359e-20 4.238227379822097154e-20
6.605941052722409040e+03 -1.183546405179331963e-20 4.127887103670562619e-20
6.610946980655464358e+03 4.272546073448000446e-20 3.825339981349584147e-20
6.615952908588520586e+03 4.146655318324498290e-20 3.781227422334485648e-20
6.620958836521576814e+03 7.708819243244594931e-20 3.888404701582905670e-20
6.625964764454632132e+03 1.300448334324890848e-19 4.031230650860766346e-20
6.630970692387687450e+03 9.299488891228881739e-20 4.197615640489932997e-20
6.635976620320743677e+03 1.114410993399840727e-20 4.171480016190824751e-20
6.640982548253798996e+03 1.765472437128150149e-19 4.101857486276682693e-20
6.645988476186854314e+03 1.281870241168418500e-19 4.138452476571564656e-20
6.650994404119910541e+03 9.807417154917319510e-20 4.211705567236384792e-20
6.656000332052965859e+03 9.128336397870717332e-20 4.262418996599999590e-20
6.661006259986022087e+03 8.649638746150283762e-20 4.275478863497160678e-20
6.666012187919077405e+03 1.047422302047013394e-19 4.220058733645251066e-20
6.671018115852133633e+03 1.135899759273189976e-19 4.085336608638657546e-20
6.676024043785188951e+03 1.219684202134929569e-19 3.941998738467360236e-20
6.681029971718244269e+03 8.299740136288377094e-20 3.903612180224540063e-20
6.686035899651300497e+03 1.004139873681648568e-19 3.843005308368712272e-20
6.691041827584355815e+03 1.568599325019024604e-19 3.791492157721852393e-20
6.696047755517412043e+03 8.726209754121390931e-20 3.798325884992570686e-20
6.701053683450467361e+03 2.567432345461703881e-20 3.784622940555579091e-20
6.706059611383523588e+03 1.072453005788247706e-19 3.746114529009501974e-20
6.711065539316578906e+03 1.230696314951126897e-19 3.698453108785846667e-20
6.716071467249634225e+03 1.312244498234391327e-19 3.655300415139746349e-20
6.721077395182690452e+03 1.241190339104199985e-19 3.630487821052456003e-20
6.726083323115745770e+03 4.578942403515360378e-20 3.619704558941613050e-20
6.731089251048801998e+03 1.392393818470235146e-19 3.641466074948087952e-20
6.736095178981857316e+03 1.296790240231966674e-19 3.668643967734953940e-20
6.741101106914913544e+03 1.094160598302127920e-19 3.707893935515452934e-20
6.746107034847968862e+03 1.297594750662660489e-19 3.726959478223503973e-20
6.751112962781024180e+03 1.719843229397493325e-19 3.727412223057324174e-20
6.756118890714080408e+03 4.464181164440015984e-20 3.737358462137266692e-20
6.761124818647135726e+03 1.582247906069038475e-19 3.804957773921008824e-20
6.766130746580191044e+03 1.356149817624279093e-19 3.831273326009780853e-20
6.771136674513247272e+03 8.938930239028283307e-20 3.915590408998305619e-20
6.776142602446303499e+03 5.116747615836295397e-20 3.975009156136034750e-20
6.781148530379358817e+03 6.900822888560437353e-20 4.078178609607008824e-20
6.786154458312414135e+03 9.897839947447483844e-20 4.067645864352950673e-20
6.791160386245470363e+03 1.039713631386679264e-19 3.987540652130097853e-20
6.796166314178525681e+03 9.817954948690700215e-20 3.881118178541446637e-20
6.801172242111580999e+03 1.657431374713664803e-19 3.814494815915064497e-20
6.806178170044637227e+03 9.967445633453405042e-20 3.733601360068614135e-20
6.811184097977693455e+03 9.772001929488103939e-20 3.688905795346664578e-20
6.816190025910748773e+03 8.081910935263891597e-20 3.680967030025283925e-20
6.821195953843804091e+03 2.056956600968453628e-19 4.450640588012828874e-20
6.826201881776860318e+03 1.692261123922627422e-19 5.660921208589348954e-20
6.831207809709915637e+03 1.406461850833821122e-19 6.102952100706814277e-20
6.836213737642970955e+03 2.281956346136211555e-19 5.207272923763850180e-20
6.841219665576027182e+03 1.503380697560458940e-19 4.125319283838338519e-20
6.846225593509082501e+03 9.184377441558080007e-20 3.782543221187323989e-20
6.851231521442138728e+03 1.250039178959952921e-19 3.591037711529251910e-20
6.856237449375194046e+03 1.054764503565235879e-19 4.596486104745616268e-20
6.861243377308250274e+03 8.765206888119885245e-20 5.878612591854765793e-20
6.866249305241305592e+03 6.605191924801000008e-20 6.585080709935800612e-20
6.871255233174360910e+03 3.305951446904289910e-20 5.058532461699568084e-20
6.876261161107417138e+03 9.835911857820501485e-20 4.525273770006164810e-20
6.881267089040473365e+03 7.534641515956131422e-20 4.342630661404700451e-20
6.886273016973527774e+03 3.228973217289733405e-20 4.618492998899078059e-20
6.891278944906584002e+03 9.982873611016836314e-20 4.623266785800383414e-20
6.896284872839640229e+03 2.029426720395147045e-19 4.862581544645060656e-20
6.901290800772695547e+03 1.153432595181272546e-19 4.695133614439946174e-20
6.906296728705750866e+03 1.499274414132480466e-19 4.919994544185835168e-20
6.911302656638807093e+03 1.385572357141190804e-19 4.975345550408984506e-20
6.916308584571862411e+03 1.752359764856958046e-19 5.474752804074533221e-20
6.921314512504917730e+03 1.127053035898857383e-19 5.547934354037428367e-20
6.926320440437973957e+03 1.618942754257373142e-19 5.088964245484565488e-20
6.931326368371030185e+03 1.592701950602870893e-19 4.229882516012912949e-20
6.936332296304085503e+03 7.992289582379340909e-20 4.595088027390205598e-20
6.941338224237140821e+03 5.240858537588303913e-20 4.970291544739820255e-20
6.946344152170197049e+03 7.071875787193577760e-20 5.288536401909333420e-20
6.951350080103252367e+03 5.527205300566402852e-20 5.007738637134054084e-20
6.956356008036307685e+03 6.851534711629634050e-20 3.766327529424963202e-20
6.961361935969363913e+03 8.280272444187722909e-20 3.698074512398944935e-20
6.966367863902420140e+03 1.060099607273956122e-19 3.987758149874863966e-20
6.971373791835475458e+03 1.691499818130153829e-19 4.443024577883818257e-20
6.976379719768530776e+03 1.331693368868576032e-19 4.544831058246986412e-20
6.981385647701587004e+03 1.162325206059107487e-19 4.353222476738025804e-20
6.986391575634642322e+03 1.550831404870897121e-19 3.596596193655386982e-20
6.991397503567697640e+03 7.994613245521676788e-20 3.546363633795129400e-20
6.996403431500753868e+03 4.359508039202783825e-20 3.681376204264932129e-20
7.001409359433810096e+03 1.229135057984927306e-19 3.869632736354820335e-20
7.006415287366865414e+03 1.027585930832101781e-19 4.230224849519963781e-20
7.011421215299920732e+03 9.468510668712995684e-20 4.110310384818426380e-20
7.016427143232976960e+03 -3.827609438523306904e-20 3.848685162932622350e-20
7.021433071166032278e+03 1.323791077411384682e-19 3.648673649459950576e-20
7.026438999099087596e+03 1.265846807339655127e-19 3.754603867273414617e-20
7.031444927032143823e+03 1.415994903002369766e-19 3.836343771027254719e-20
7.036450854965200051e+03 1.617867911064161567e-19 4.063508717983424888e-20
7.041456782898254460e+03 9.033831188220527440e-20 4.357772633805231201e-20
7.046462710831310687e+03 7.294354978127333976e-20 4.493354577998457119e-20
7.051468638764366915e+03 3.126205800666210799e-20 4.267210958223777694e-20
7.056474566697422233e+03 -3.022112626386420811e-20 3.861994018548619264e-20
7.061480494630477551e+03 1.109666579151752614e-19 3.829578764820547765e-20
7.066486422563533779e+03 1.092968574415477201e-19 3.847156768707851347e-20
7.071492350496589097e+03 1.178875020891623550e-19 3.770298440987532848e-20
7.076498278429644415e+03 1.218420374080395341e-19 3.736561697199985179e-20
7.081504206362700643e+03 1.153889231246985967e-19 3.729625605254855968e-20
7.086510134295756870e+03 1.518308075659088335e-19 3.732018866829810903e-20
7.091516062228812189e+03 2.291305437935127022e-19 3.599598674154914609e-20
7.096521990161867507e+03 1.270373491649938115e-19 3.406270130013523006e-20
7.101527918094923734e+03 6.354601276462582924e-20 3.379482961956535516e-20
7.106533846027979052e+03 1.459975338773019284e-19 3.372331187728681355e-20
7.111539773961034371e+03 1.522177146647416823e-19 3.372981631591077329e-20
7.116545701894090598e+03 1.605139709651944401e-19 3.372706939621035583e-20
7.121551629827146826e+03 1.106093589280784163e-19 3.450870990146006205e-20
7.126557557760202144e+03 1.082000137845607711e-19 3.568959563206873166e-20
7.131563485693257462e+03 1.725685947806177365e-19 3.605401881680468545e-20
7.136569413626313690e+03 9.876961176804262234e-20 3.671480088487395574e-20
7.141575341559369008e+03 7.914677171753435015e-20 3.842003782795526096e-20
7.146581269492424326e+03 9.003758788540069840e-20 3.926854131308270754e-20
7.151587197425480554e+03 1.353379235404059238e-19 3.808812323816472997e-20
7.156593125358536781e+03 6.377273146427539906e-20 3.843830963754616426e-20
7.161599053291592099e+03 1.541048414610937771e-19 3.986651656424302315e-20
7.166604981224647418e+03 1.362126798620903448e-19 4.004562465832395109e-20
7.171610909157703645e+03 1.373841832997473559e-19 3.971167664773908005e-20
7.176616837090758963e+03 1.246947801825017143e-20 3.894362766364534212e-20
7.181622765023814281e+03 6.682674387366988610e-20 3.705475090405722748e-20
7.186628692956870509e+03 7.525114692243141052e-20 3.507593120481096160e-20
7.191634620889926737e+03 1.060994941835928748e-19 3.420445554903095155e-20
7.196640548822981145e+03 8.062660788273586707e-20 3.383639757419848990e-20
7.201646476756037373e+03 3.809123607416311164e-20 3.343032631999151826e-20
7.206652404689093601e+03 8.948760172555525584e-20 3.291902797578445857e-20
7.211658332622148919e+03 5.672537196652671700e-20 3.254463325997449277e-20
7.216664260555204237e+03 1.161728193085823882e-19 3.304816084185290875e-20
7.221670188488260465e+03 5.588106120815237574e-20 3.377517249145402403e-20
7.226676116421315783e+03 8.474683731306370975e-20 3.444415985993247772e-20
7.231682044354371101e+03 1.208827864675799505e-19 4.490768229454649678e-20
7.236687972287427328e+03 1.633697127189085476e-19 6.802610080230309452e-20
7.241693900220483556e+03 1.629588951994509509e-19 7.972776237552823871e-20
7.246699828153538874e+03 1.123641940125510828e-19 6.881522030200625837e-20
7.251705756086594192e+03 9.007948816250274350e-20 5.063599311557151282e-20
7.256711684019650420e+03 -2.866432266268257325e-21 4.274222856620452261e-20
7.261717611952705738e+03 1.172240305065350040e-19 3.782196072041581000e-20
7.266723539885761056e+03 1.223794890424145878e-19 4.312435776415284353e-20
7.271729467818817284e+03 2.544832802538252062e-19 7.280108447243512144e-20
7.276735395751873511e+03 1.971400984573147510e-19 8.122589251402185498e-20
7.281741323684928830e+03 7.325873961395800158e-20 7.258196568362349534e-20
7.286747251617984148e+03 3.609514530817927553e-20 5.759622411479240736e-20
7.291753179551040375e+03 3.523437562564583460e-20 4.902125097259960884e-20
7.296759107484095694e+03 1.377392255089353092e-19 5.119259954139656534e-20
7.301765035417151012e+03 1.359777899034260728e-19 5.225746503783845917e-20
7.306770963350207239e+03 1.954255809889415995e-20 5.285771042148767269e-20
7.311776891283263467e+03 1.141836579312526279e-19 6.774409475795985227e-20
7.316782819216318785e+03 2.860255137772852837e-20 6.715571590009917346e-20
7.321788747149374103e+03 1.367612941894350528e-19 5.592939845153591081e-20
7.326794675082430331e+03 9.463082860393624539e-20 5.064549542143696030e-20
7.331800603015485649e+03 1.196437585612622993e-19 5.467963268994177359e-20
7.336806530948540967e+03 1.792639077805362663e-19 6.816315265144580072e-20
7.341812458881597195e+03 1.335198242348750371e-19 6.841440944613473333e-20
7.346818386814653422e+03 1.031955406420764875e-19 4.983456713740122005e-20
7.351824314747707831e+03 9.156741878625749494e-20 4.342986702093540545e-20
7.356830242680764059e+03 8.000026587037000938e-20 4.860623077910957626e-20
7.361836170613820286e+03 2.013164702099296871e-19 5.674563357178902893e-20
7.366842098546875604e+03 1.028858967893627447e-19 6.305221376211455176e-20
7.371848026479930923e+03 1.115294695158966744e-19 6.138795777020051819e-20
7.376853954412987150e+03 1.401708789763536843e-19 4.030827171438989571e-20
7.381859882346043378e+03 2.693668278629400227e-20 3.521767226135070533e-20
7.386865810279097786e+03 9.748636428098059527e-20 4.377904813092925734e-20
7.391871738212154014e+03 5.130392291217915897e-20 4.749150413073727399e-20
7.396877666145210242e+03 1.934843288428124500e-19 5.833685094526913851e-20
7.401883594078265560e+03 2.256312978330283669e-19 5.725418712395009386e-20
7.406889522011320878e+03 1.297706516800213102e-19 4.926986452281709375e-20
7.411895449944377106e+03 7.658153823956181051e-20 3.809263788502823090e-20
7.416901377877432424e+03 5.392408063118469393e-20 3.875597476912314673e-20
7.421907305810487742e+03 2.868933214854354900e-20 4.085325228598553691e-20
7.426913233743543969e+03 1.344367093457369899e-19 4.475824893335053477e-20
7.431919161676600197e+03 4.124330064863724652e-20 5.064874779103882620e-20
7.436925089609655515e+03 3.101868511631351076e-20 4.963096116782861378e-20
7.441931017542710833e+03 9.881270041887288944e-20 4.526107011111960491e-20
7.446936945475767061e+03 1.287279695859221663e-19 3.519075460812312648e-20
7.451942873408822379e+03 3.235087505903386022e-20 3.451970542948904960e-20
7.456948801341877697e+03 9.812524392007643393e-20 3.698211605160352502e-20
7.461954729274933925e+03 1.507107414011996782e-19 4.136079496749794494e-20
7.466960657207990153e+03 1.542789283237345271e-19 4.708193995829962790e-20
7.471966585141045471e+03 2.100630047398185811e-19 4.940981501179405112e-20
7.476972513074100789e+03 7.001140399417028658e-20 5.209533427024532780e-20
7.481978441007157016e+03 8.131025268803341750e-20 4.910218532194135691e-20
7.486984368940212335e+03 7.369299850579432594e-20 4.313933271924688661e-20
7.491990296873267653e+03 8.920525498239627087e-20 3.685229006269651775e-20
7.496996224806323880e+03 8.797223314667039482e-20 3.572982749913480965e-20
7.502002152739380108e+03 1.340804295242948977e-19 3.323179962182413785e-20
7.507008080672435426e+03 1.255350196936708021e-19 3.295178434458187696e-20
7.512014008605490744e+03 8.424370546845009113e-20 3.525059916827112958e-20
7.517019936538546972e+03 7.777377238106744777e-20 4.958823085749915950e-20
7.522025864471602290e+03 1.818420333670011740e-19 6.172824493647774003e-20
7.527031792404657608e+03 1.717023166088008719e-19 6.335832122736434541e-20
7.532037720337713836e+03 5.700214477480953730e-20 4.747640251959129259e-20
7.537043648270770063e+03 1.324000143854473958e-19 4.179492156980540171e-20
7.542049576203824472e+03 6.295434635861093061e-20 3.970982771904338496e-20
7.547055504136880700e+03 5.831366262489880872e-20 3.885489303539680694e-20
7.552061432069936927e+03 9.946477976242978810e-20 4.320210366982869262e-20
7.557067360002992245e+03 1.159115588082197092e-19 4.426440045113408666e-20
7.562073287936047564e+03 6.948983235220501625e-20 4.395994122909936482e-20
7.567079215869103791e+03 1.973927846112955258e-19 5.497340568682831969e-20
7.572085143802159109e+03 2.097047597574977387e-19 5.623482818111660878e-20
7.577091071735214427e+03 1.593808355033341924e-19 4.692614244663683143e-20
7.582096999668270655e+03 7.662100396976720445e-20 4.151947900030559159e-20
7.587102927601326883e+03 7.473987347149316019e-20 4.100590397559022152e-20
7.592108855534382201e+03 2.580825164966342860e-20 5.214866984056625838e-20
7.597114783467437519e+03 1.064544102171139509e-19 7.417387059031990341e-20
7.602120711400493747e+03 9.007975460523960059e-20 9.260020822537599558e-20
7.607126639333549065e+03 3.447800850097103158e-20 7.713392143839790308e-20
7.612132567266604383e+03 1.053743193823906486e-19 6.942349232834822360e-20
7.617138495199660611e+03 8.845951839377797629e-20 5.558453487228898778e-20
7.622144423132716838e+03 -3.362633260364370658e-20 6.600833045687464450e-20
7.627150351065772156e+03 -6.568994411156847188e-20 7.488755843825618998e-20
7.632156278998827474e+03 1.176173121604458419e-19 6.470796210508756057e-20
7.637162206931883702e+03 1.005696945580314673e-19 5.302408144471874806e-20
7.642168134864939020e+03 1.815845511408834957e-19 4.773491216108712618e-20
7.647174062797994338e+03 1.317700345714631750e-19 4.617110401532934881e-20
7.652179990731050566e+03 1.534003659141152665e-19 4.621176703136664417e-20
7.657185918664106794e+03 1.913018879812956028e-20 5.233818983279430858e-20
7.662191846597162112e+03 1.474600419195834711e-19 4.777310380380423189e-20
7.667197774530217430e+03 1.427463089166357532e-19 4.223667014593253070e-20
7.672203702463273657e+03 1.077098100141289399e-19 3.738036289320562484e-20
7.677209630396328976e+03 1.495169088000496506e-19 3.900269301545318053e-20
7.682215558329384294e+03 6.955679717816023415e-21 4.130010943450477700e-20
7.687221486262440521e+03 1.036740077742172935e-19 4.293673041526356866e-20
7.692227414195496749e+03 5.807551102325069039e-20 4.357067878730163716e-20
7.697233342128551158e+03 4.537752717202938135e-20 4.269355732737316985e-20
7.702239270061607385e+03 8.000259560161068443e-20 4.335955385586711024e-20
7.707245197994663613e+03 1.622965465279119106e-19 6.656431861980394849e-20
7.712251125927718931e+03 9.832142171861785039e-20 8.883213380056044949e-20
7.717257053860774249e+03 1.387927686345670450e-19 8.610631099898465029e-20
7.722262981793830477e+03 1.840812640823160920e-20 6.446643442823483442e-20
7.727268909726885795e+03 1.396973537965091095e-19 4.857692996540010776e-20
7.732274837659941113e+03 9.334039836276481654e-20 4.131473195123706006e-20
7.737280765592997341e+03 1.381085193684839770e-19 3.869266806435844791e-20
7.742286693526053568e+03 1.891802467261867363e-19 5.017779369376238669e-20
7.747292621459108886e+03 1.791745262800648239e-19 7.723367597657890572e-20
7.752298549392164205e+03 1.718913823696139514e-19 8.150205273996842139e-20
7.757304477325220432e+03 -7.207810417844835712e-21 6.554123857794723133e-20
7.762310405258275750e+03 9.648493464200467979e-20 5.432541836581864409e-20
7.767316333191331069e+03 -2.079250861780235523e-20 4.522193051863073718e-20
7.772322261124387296e+03 4.075870329140971698e-20 4.773405576875501629e-20
7.777328189057443524e+03 7.767495711066860372e-20 5.504130705555862177e-20
7.782334116990498842e+03 9.697803200130596359e-20 5.254317002744617625e-20
7.787340044923554160e+03 1.415396488004601701e-19 6.470638969806288473e-20
7.792345972856610388e+03 1.748042723747801595e-19 7.822779039627953489e-20
7.797351900789665706e+03 1.232052928500424504e-19 7.409187615106516799e-20
7.802357828722721024e+03 1.054203858306384420e-20 5.665211890074602637e-20
7.807363756655777252e+03 1.703111835402210594e-19 6.086228877802389008e-20
7.812369684588833479e+03 5.752023759896860470e-20 6.312277836735611133e-20
7.817375612521888797e+03 1.793829316023082779e-19 8.190035713689564121e-20
7.822381540454944115e+03 -6.532026076828443152e-20 8.172150186925257471e-20
7.827387468388000343e+03 9.730440621436879913e-20 5.769770264799943321e-20
7.832393396321055661e+03 1.486088185977691114e-19 4.140502429657882372e-20
7.837399324254110979e+03 1.609403364229534026e-19 5.187298439612731086e-20
7.842405252187167207e+03 1.914775145968431665e-19 5.524917798804003314e-20
7.847411180120223435e+03 1.679337212661673053e-19 7.462891616349394381e-20
7.852417108053277843e+03 2.133808256751645822e-19 8.476476174849861858e-20
7.857423035986334071e+03 3.622002367119344135e-19 8.264569527639985791e-20
7.862428963919390299e+03 2.669767167017220890e-19 6.617461187909676605e-20
7.867434891852445617e+03 1.471757440815132745e-19 6.519060499827737331e-20
7.872440819785500935e+03 9.974131499089854986e-20 6.544815581223860670e-20
7.877446747718557162e+03 6.019923767888107323e-20 5.984713947657395696e-20
7.882452675651613390e+03 -1.737658224881569153e-20 6.294370124900650606e-20
7.887458603584667799e+03 -8.661463374793143681e-20 6.608238820314229432e-20
7.892464531517724026e+03 3.086824775799778906e-20 6.196109180069820869e-20
7.897470459450780254e+03 1.522318961113488498e-19 4.404497508358744426e-20
7.902476387383835572e+03 8.891831878196287327e-20 3.991939627166550628e-20
7.907482315316890890e+03 1.674611793790671029e-19 7.522109084107207644e-20
7.912488243249947118e+03 1.640424566271873080e-19 9.623284528739517575e-20
7.917494171183002436e+03 3.427807005657833404e-19 1.024148736003687765e-19
7.922500099116057754e+03 1.041527927896673616e-19 7.564692160773702219e-20
7.927506027049113982e+03 2.693801284960248925e-19 7.119459472715460566e-20
7.932511954982170209e+03 9.339691323597156131e-20 6.494098886687317704e-20
7.937517882915225528e+03 7.904211365487397394e-20 5.121831932450072734e-20
7.942523810848280846e+03 9.052375851364733938e-20 5.154737155146425114e-20
7.947529738781337073e+03 1.017056413651681446e-19 5.712829023067781702e-20
7.952535666714392391e+03 4.535744493869820242e-20 5.232898463289111011e-20
7.957541594647447710e+03 6.722451263186116464e-20 6.082130394205392065e-20
7.962547522580503937e+03 1.970828816095806573e-19 7.979200653246076986e-20
7.967553450513560165e+03 2.900653284310454382e-19 7.610061830795967305e-20
7.972559378446615483e+03 4.230868835637526198e-20 5.691160506305209576e-20
7.977565306379670801e+03 1.021952836073040335e-19 5.957892115906657766e-20
7.982571234312727029e+03 2.177805460125775222e-19 5.670398078788428875e-20
7.987577162245782347e+03 1.436948572420207278e-19 7.071139444492807880e-20
7.992583090178837665e+03 1.833214666592784235e-19 7.888716393231310845e-20
7.997589018111893893e+03 2.137330104267669803e-19 6.969318513635801716e-20
8.002594946044950120e+03 3.578329708260271943e-20 3.916330785381958648e-20
8.007600873978005438e+03 1.662115565709373906e-19 4.483462484066181235e-20
8.012606801911060757e+03 2.833989997918768621e-19 5.235702387182577877e-20
8.017612729844116984e+03 8.958002134406551628e-20 5.896760535531981673e-20
8.022618657777172302e+03 1.483759515466075393e-19 7.222944506640802888e-20
8.027624585710227620e+03 1.814837325722675602e-19 7.327116044826635113e-20
8.032630513643283848e+03 1.845333979549907921e-19 5.303697951670527743e-20
8.037636441576340076e+03 1.057767394377683764e-19 3.827125806839533655e-20
8.042642369509394484e+03 3.419297796325645764e-20 3.879004844028218294e-20
8.047648297442450712e+03 4.172336178631003860e-21 4.915028711183011120e-20
8.052654225375506940e+03 8.856463186378288600e-20 5.306649707663713186e-20
8.057660153308562258e+03 1.848745401168845763e-19 6.486285788073392578e-20
8.062666081241617576e+03 1.370037215445338708e-19 6.376876271329494377e-20
8.067672009174673803e+03 9.305290775235382526e-20 5.216917275300210046e-20
8.072677937107729122e+03 9.009122464837006368e-20 3.976807711890565549e-20
8.077683865040784440e+03 5.374828827695056437e-20 3.992901395873011473e-20
8.082689792973840667e+03 1.138248342561656331e-19 3.949931308682280513e-20
8.087695720906896895e+03 1.035512913075467296e-19 4.145103911964885561e-20
8.092701648839952213e+03 1.358731417924541969e-19 4.202434595746397879e-20
8.097707576773007531e+03 1.479215742367609166e-19 4.795734315394397041e-20
8.102713504706063759e+03 1.362366003535318333e-19 4.566620126934573761e-20
8.107719432639119077e+03 5.919171032110634340e-20 4.048930527216185934e-20
8.112725360572174395e+03 8.281821271152842841e-20 3.417477951055585548e-20
8.117731288505230623e+03 7.232510951646475482e-20 3.316298708929017180e-20
8.122737216438286850e+03 6.629077629061614630e-20 3.347562288973963736e-20
8.127743144371342169e+03 1.014981062857968571e-19 3.429339983291717997e-20
8.132749072304397487e+03 6.470403119223236859e-20 3.629981111257722952e-20
8.137755000237453714e+03 8.414121397959541590e-20 3.809300761855879034e-20
8.142760928170509032e+03 1.529954676995344180e-19 4.062784981586808349e-20
8.147766856103564351e+03 5.813926011319318617e-20 3.896392409963403871e-20
8.152772784036620578e+03 7.738407845908004406e-20 3.619976319798188367e-20
8.157778711969676806e+03 4.281283472770664182e-20 3.416867575442485023e-20
8.162784639902732124e+03 3.950235147161748524e-20 3.458918842059368828e-20
8.167790567835787442e+03 7.642471567850473055e-20 3.513012874532363150e-20
8.172796495768843670e+03 2.362878603997294744e-20 3.590661517570046048e-20
8.177802423701898988e+03 9.382779130624077270e-20 3.680199054131684119e-20
8.182808351634954306e+03 3.748137721019576336e-20 3.906500656398208967e-20
8.187814279568010534e+03 1.091062121578142794e-19 4.105411868896026569e-20
8.192820207501066761e+03 7.238908020904269769e-20 4.148618354021350268e-20
8.197826135434121170e+03 5.456731944658275785e-20 3.963628797633268055e-20
8.202832063367177398e+03 3.708628500046487378e-20 3.787289073558769796e-20
8.207837991300233625e+03 1.413382721105840829e-19 3.752604404302616000e-20
8.212843919233288034e+03 4.914484821915185480e-20 3.647983887027989614e-20
8.217849847166344261e+03 2.808830332366923470e-20 3.564237342772930038e-20
8.222855775099400489e+03 7.212793611449036481e-20 3.446991469490046124e-20
8.227861703032456717e+03 7.060145723213153630e-20 3.368657754847655204e-20
8.232867630965511125e+03 8.649222030421400762e-20 3.331005121163990236e-20
8.237873558898567353e+03 3.370278266501568147e-20 3.440700716602625115e-20
8.242879486831623581e+03 5.667653059747595484e-20 3.550980811628519152e-20
8.247885414764677989e+03 6.112011255313503497e-20 3.545237898876160293e-20
8.252891342697734217e+03 9.258999122914757315e-20 3.470487879783777633e-20
8.257897270630790445e+03 9.923018628973559928e-20 3.371015200505123172e-20
8.262903198563846672e+03 4.911918593197107265e-20 3.357356629159819562e-20
8.267909126496901081e+03 2.912872269292788345e-20 3.470590195380759993e-20
8.272915054429957308e+03 9.690746581727745802e-20 5.064894095396732169e-20
8.277920982363013536e+03 2.271771063899210242e-19 7.478300423233783077e-20
8.282926910296067945e+03 2.043587878221412450e-20 9.466606595389016179e-20
8.287932838229124172e+03 1.513620723842458184e-19 9.068161316483708459e-20
8.292938766162180400e+03 6.479970182922842027e-20 9.893434245882266739e-20
8.297944694095236628e+03 -4.892120970265192615e-20 9.368217470728502830e-20
8.302950622028291036e+03 6.478303386226697733e-20 8.446070576577761245e-20
8.307956549961347264e+03 7.618753269233695027e-20 6.266723324822547535e-20
8.312962477894403492e+03 1.306401672912543397e-19 6.128861166380537139e-20
8.317968405827457900e+03 1.200018754845185811e-19 4.676892204312305560e-20
8.322974333760514128e+03 3.563202673911435986e-20 4.024532813469714136e-20
8.327980261693570355e+03 1.370209694077956116e-19 3.756337628780046098e-20
8.332986189626626583e+03 3.042623635614317627e-20 4.064328370505665245e-20
8.337992117559680992e+03 -3.924305647134715822e-20 9.598324585945775449e-20
8.342998045492737219e+03 1.333636976973619735e-19 1.213884409462528525e-19
8.348003973425793447e+03 6.037341772647648918e-20 1.228120733995320872e-19
8.353009901358847856e+03 2.381998550799854684e-19 7.909696069054131835e-20
8.358015829291904083e+03 9.290167245480891837e-20 6.565037049456640592e-20
8.363021757224960311e+03 2.566810362529359911e-20 5.407758471430354534e-20
8.368027685158016538e+03 -1.352774492930706645e-19 4.931171103510364999e-20
8.373033613091070947e+03 8.238282715508571523e-20 4.159808802089236198e-20
8.378039541024127175e+03 -1.862836845965611333e-20 6.029675274208287923e-20
8.383045468957181583e+03 5.641392108839111975e-20 6.267796714120816626e-20
8.388051396890237811e+03 3.175518750523876627e-20 5.194010393621844534e-20
8.393057324823294039e+03 9.894634678244699612e-20 8.015798952017812240e-20
8.398063252756350266e+03 1.541466956819929841e-19 9.982461514693961818e-20
8.403069180689406494e+03 1.181155320690785030e-19 9.260679060617329544e-20
8.408075108622460903e+03 1.265772114528436618e-20 5.751559781326546492e-20
8.413081036555517130e+03 1.683672302597063256e-19 7.090611539033813424e-20
8.418086964488571539e+03 1.476630097707515345e-19 7.146211196503115330e-20
8.423092892421627766e+03 5.444683434922040405e-20 8.448887282680090005e-20
8.428098820354683994e+03 -5.289502205237708494e-21 1.170786895201157347e-19
8.433104748287740222e+03 -1.071869500372582670e-20 1.138519839619672490e-19
8.438110676220796449e+03 7.719640039929272178e-20 5.617961639000399127e-20
8.443116604153850858e+03 6.008682364230261218e-20 4.544442886657166625e-20
8.448122532086907086e+03 6.028740553641235826e-20 7.063676304190183978e-20
8.453128460019961494e+03 -3.092944512197417839e-21 7.180641653958863835e-20
8.458134387953017722e+03 -1.053509213594837096e-19 7.997764796204010331e-20
8.463140315886073950e+03 -1.696869704256802111e-20 9.691884022001416238e-20
8.468146243819130177e+03 -7.395056724224232876e-20 9.116173582681305064e-20
8.473152171752186405e+03 8.315166482395100806e-20 4.853093588846044887e-20
8.478158099685240813e+03 6.794682140802201609e-20 3.664777195686098838e-20
8.483164027618297041e+03 9.006585514309479217e-20 3.579200954605268270e-20
8.488169955551351450e+03 8.192425690178968461e-20 5.190075666235017589e-20
8.493175883484407677e+03 8.085664983981658926e-20 5.730733791377667218e-20
8.498181811417463905e+03 1.537211121478447308e-19 6.829811208240876069e-20
8.503187739350520133e+03 2.260703319329148978e-19 7.323098701903828914e-20
8.508193667283574541e+03 1.210474519431093848e-19 6.876432262902388215e-20
8.513199595216630769e+03 1.104110519034983918e-19 3.994175093054201714e-20
8.518205523149686996e+03 3.016420389183929998e-20 3.521537468659889716e-20
8.523211451082741405e+03 2.203217148564148537e-20 3.517635182712581005e-20
8.528217379015797633e+03 1.061747839791421778e-19 3.460317819052948263e-20
8.533223306948853860e+03 7.552597196227137376e-20 4.302752218480981877e-20
8.538229234881910088e+03 9.622844692560506340e-20 4.707872784186325781e-20
8.543235162814964497e+03 9.734976711640031819e-20 5.789237315422861929e-20
8.548241090748020724e+03 1.515644539634684525e-19 5.811294361293877213e-20
8.553247018681076952e+03 5.944320455019125986e-20 5.273817537172973027e-20
8.558252946614131361e+03 7.688412575887169553e-20 3.740622953398956715e-20
8.563258874547187588e+03 2.401487192132449320e-20 3.665766587325089267e-20
8.568264802480243816e+03 4.338098486891925594e-20 3.881090521513198227e-20
8.573270730413300043e+03 4.131075833668048803e-21 4.004861768143786070e-20
8.578276658346354452e+03 1.071349759347257510e-19 3.943220915620349173e-20
8.583282586279410680e+03 8.849635151002045590e-20 4.273737137381968459e-20
8.588288514212466907e+03 2.236958130181259428e-20 4.513990757257299719e-20
8.593294442145521316e+03 -4.942692399799403172e-20 4.883652312817968133e-20
8.598300370078577544e+03 3.266696057278369925e-20 4.570037658607542118e-20
8.603306298011633771e+03 1.128178540368432638e-19 4.109071190160194602e-20
8.608312225944689999e+03 1.431330086174542040e-19 4.308771638471642593e-20
8.613318153877744408e+03 1.077844584946526677e-19 5.405745867926893507e-20
8.618324081810800635e+03 1.196283537356117257e-19 6.780681435036302190e-20
8.623330009743856863e+03 1.480564987892315043e-19 7.924045893841795741e-20
8.628335937676911271e+03 1.974879991117730189e-19 8.365536237496299965e-20
8.633341865609967499e+03 7.849076708169796186e-20 7.846508694285416686e-20
8.638347793543023727e+03 -4.570950297208164772e-20 6.607701113285664220e-20
8.643353721476079954e+03 -3.238151554901036406e-20 6.014168815428633396e-20
8.648359649409134363e+03 4.987378699676373950e-20 6.899079726538761933e-20
8.653365577342190591e+03 4.452123089405420715e-20 8.006135182930283540e-20
8.658371505275246818e+03 2.035927188131766992e-19 8.264279744786049627e-20
8.663377433208301227e+03 1.856657896881474503e-19 8.061497956651068498e-20
8.668383361141357454e+03 2.477664785034627429e-19 7.582877067933208123e-20
8.673389289074413682e+03 8.522034481776334139e-20 6.985296134711561042e-20
8.678395217007469910e+03 1.894507520538774220e-20 6.271627861064176686e-20
8.683401144940524318e+03 1.727707679483537223e-20 5.626648269844131339e-20
8.688407072873580546e+03 3.251959686722688702e-20 5.113298566230984920e-20
8.693413000806636774e+03 1.084765292404150143e-19 4.896642132854615860e-20
8.698418928739691182e+03 1.230195203788223989e-19 4.905842922977633209e-20
8.703424856672747410e+03 3.023259631578787751e-20 4.967073931896300175e-20
8.708430784605803638e+03 3.436304886571012184e-20 4.550678310399508221e-20
8.713436712538859865e+03 5.307128005890162875e-20 4.129556012300945511e-20
8.718442640471914274e+03 5.837768035448600378e-20 3.905602162717885030e-20
8.723448568404970501e+03 -1.055840256503139797e-20 3.890942290751517941e-20
8.728454496338024910e+03 8.969528958427766448e-20 3.834469951357692005e-20
8.733460424271081138e+03 1.369369791249636444e-19 3.797845263709387169e-20
8.738466352204137365e+03 1.122128414817414070e-19 3.862641336965781482e-20
8.743472280137193593e+03 3.682985812695362300e-20 3.849223630618621807e-20
8.748478208070249821e+03 7.111858897005583655e-20 3.961687432052753186e-20
8.753484136003304229e+03 1.353246428947494593e-19 6.866288138030610055e-20
8.758490063936360457e+03 2.125822466375695889e-19 1.032534689692721806e-19
8.763495991869414866e+03 6.449927306296309595e-20 1.291482784660381715e-19
8.768501919802471093e+03 1.108309933543297801e-19 1.170853925175173646e-19
8.773507847735527321e+03 8.879793652097338060e-20 1.231135420078964698e-19
8.778513775668583548e+03 3.072262099649750389e-19 1.128288678149203491e-19
8.783519703601639776e+03 -2.581877251465566344e-20 9.030876092053694979e-20
8.788525631534694185e+03 -5.172425217389007328e-20 7.091498113031275548e-20
8.793531559467750412e+03 -9.053395578002419447e-20 7.027702544155468771e-20
8.798537487400804821e+03 7.508321788290926155e-20 4.868756223942437173e-20
8.803543415333861049e+03 -3.110676394621721101e-20 4.316174617792432842e-20
8.808549343266917276e+03 1.037841982807759864e-19 4.575545793520684222e-20
8.813555271199973504e+03 4.632054245664001456e-21 4.647489249455244523e-20
8.818561199133029731e+03 2.311302090270311153e-20 8.827030421145804796e-20
8.823567127066084140e+03 -4.426555351624743987e-21 1.694520175950009462e-19
8.828573054999140368e+03 1.623669380071160697e-19 1.821768443852683009e-19
8.833578982932194776e+03 4.288397974657866486e-19 1.424148364070697912e-19
8.838584910865251004e+03 1.988190995587894317e-19 1.054337126501863402e-19
8.843590838798307232e+03 7.589598136608247973e-20 7.440157581452351383e-20
8.848596766731363459e+03 5.121061445049433815e-20 6.832845063951207146e-20
8.853602694664417868e+03 3.145445798576360006e-20 6.184744083955033612e-20
8.858608622597474096e+03 -7.646706728902170702e-20 5.431724893267544605e-20
8.863614550530530323e+03 -2.356968956603120636e-20 8.311216976295215233e-20
8.868620478463584732e+03 -1.683449944908641905e-19 8.366150164589501548e-20
8.873626406396640959e+03 5.359879989780436515e-21 6.169983461536581048e-20
8.878632334329697187e+03 3.132595916157133586e-19 8.761122937434551656e-20
8.883638262262753415e+03 2.479059206946197036e-19 1.306922538597026701e-19
8.888644190195807823e+03 4.140712697913979699e-19 1.266346726644357587e-19
8.893650118128864051e+03 5.830755539791525551e-20 7.018285866646183014e-20
8.898656046061920279e+03 5.111402695396127353e-20 8.879424570665777102e-20
8.903661973994974687e+03 2.033836853797124346e-19 9.798181595143376243e-20
8.908667901928030915e+03 -2.126951463452146112e-19 7.887900902105563446e-20
8.913673829861087142e+03 -3.883642899795828272e-19 1.247784725463709996e-19
8.918679757794143370e+03 -2.025024820502391386e-19 1.557480538741279222e-19
8.923685685727199598e+03 -1.653032339964551558e-19 1.394246345452455260e-19
8.928691613660254006e+03 8.762223494706543325e-20 6.473936145965099658e-20
8.933697541593308415e+03 -2.093677962887686649e-20 5.408995970252663544e-20
8.938703469526364643e+03 -9.869660903043004671e-21 9.278666001167485023e-20
8.943709397459420870e+03 3.622166318200473473e-20 9.853451201831899537e-20
8.948715325392477098e+03 3.060218349366898222e-20 9.553988167205238435e-20
8.953721253325533326e+03 3.078953446068752418e-19 1.588913940655276123e-19
8.958727181258589553e+03 1.832999223176730727e-21 1.551123974241909050e-19
8.963733109191643962e+03 1.913019208254991875e-19 1.126980971445242806e-19
8.968739037124698370e+03 1.328443388295795033e-19 5.540197379457598873e-20
8.973744965057754598e+03 6.432910228830722342e-20 5.466375301934543485e-20
8.978750892990810826e+03 1.359729715034447618e-19 5.998529610091203424e-20
8.983756820923867053e+03 8.583403657489990064e-20 9.365788441642457575e-20
8.988762748856923281e+03 7.998624757961960067e-20 9.158772882611503069e-20
8.993768676789977690e+03 1.201570761118982088e-19 9.384854263395739362e-20
8.998774604723033917e+03 1.073986473172979666e-19 1.173434683181782017e-19
9.003780532656088326e+03 1.441177259465826142e-19 1.069203706618275550e-19
9.008786460589144554e+03 1.889680575544988670e-20 6.323962473188153305e-20
9.013792388522200781e+03 -2.745529470054782543e-20 4.388347944829063913e-20
9.018798316455257009e+03 1.378703266157852417e-20 4.577951244243703582e-20
9.023804244388313236e+03 4.215343782728960471e-21 4.979467716371881523e-20
9.028810172321367645e+03 3.067577742430958610e-20 4.944097309605947883e-20
9.033816100254423873e+03 -9.216617755489733294e-21 6.763650843698747628e-20
9.038822028187478281e+03 1.241297947544390395e-19 7.085178914839927824e-20
9.043827956120534509e+03 -1.208937067962082958e-19 7.787801779358513412e-20
9.048833884053590737e+03 -1.709567135360676871e-21 8.592994797919452176e-20
9.053839811986646964e+03 8.362427650758575696e-20 8.146638910253783670e-20
9.058845739919703192e+03 4.440395594269943296e-20 5.426557988032134171e-20
9.063851667852757600e+03 6.443001467943533855e-20 5.253586378523843129e-20
9.068857595785813828e+03 9.229460693629619352e-20 5.441607931210492720e-20
9.073863523718868237e+03 1.941756473483793367e-20 5.190393904162014462e-20
9.078869451651924464e+03 1.031255615754042540e-19 5.173181083052051168e-20
9.083875379584980692e+03 7.831281539044612444e-20 5.586783994727501781e-20
9.088881307518036920e+03 5.280360511480804630e-20 6.670933759020468272e-20
9.093887235451093147e+03 1.354003140442620367e-19 6.922949768887535685e-20
9.098893163384147556e+03 1.409923221177483976e-19 7.556265338499726825e-20
9.103899091317203784e+03 1.270109702914157367e-19 7.106647923092078453e-20
9.108905019250258192e+03 6.749837110278104331e-20 5.392750885096601228e-20
9.113910947183314420e+03 9.287881264422404051e-20 4.481985472823943691e-20
9.118916875116370647e+03 1.577391820762451488e-19 4.380284157407444791e-20
9.123922803049426875e+03 5.327321087995643304e-20 4.317670018499885920e-20
9.128928730982483103e+03 3.830966094083401474e-20 4.184287396851275018e-20
9.133934658915537511e+03 6.919351170097763278e-20 4.343772469819894246e-20
9.138940586848593739e+03 3.758544184232024553e-20 4.475919888265903273e-20
9.143946514781648148e+03 1.484297979549398037e-19 4.771596778369817850e-20
9.148952442714704375e+03 -8.704582430222122341e-21 5.552653734647901052e-20
9.153958370647760603e+03 7.863733501574112389e-20 6.029559146945987787e-20
9.158964298580816831e+03 8.158634118485110133e-20 6.380918929613229707e-20
9.163970226513873058e+03 4.265808832172366440e-20 5.859980542790627169e-20
9.168976154446927467e+03 1.269537028515885324e-19 4.797784714371456360e-20
9.173982082379983694e+03 1.052923076741592915e-19 4.662605483866615484e-20
9.178988010313038103e+03 5.894634847983125982e-20 4.716480938174176242e-20
9.183993938246094331e+03 7.349761596184810613e-20 4.762943402195307301e-20
9.188999866179150558e+03 7.189960121157064086e-20 4.670750122075098554e-20
9.194005794112206786e+03 6.406469096850225696e-20 4.790280139530609482e-20
9.199011722045263014e+03 1.966713043815542957e-20 4.826086407353516636e-20
9.204017649978317422e+03 7.654278713199668912e-20 4.953704577353414113e-20
9.209023577911373650e+03 8.138427474875507038e-20 5.719986063672169458e-20
9.214029505844428058e+03 1.942404473650343707e-20 6.344147179174727342e-20
9.219035433777484286e+03 -5.021553610774677420e-21 6.638646867389814115e-20
9.224041361710540514e+03 2.113667938864311148e-20 6.477310636644289505e-20
9.229047289643596741e+03 1.013872121644243160e-19 5.781696640424506358e-20
9.234053217576652969e+03 1.302526842394347921e-19 4.850833635307415025e-20
9.239059145509707378e+03 6.114921409109230448e-20 4.822928479358985877e-20
9.244065073442761786e+03 1.436030520271438408e-19 5.023934263007098231e-20
9.249071001375818014e+03 6.412309126231514846e-20 5.138319851023369989e-20
9.254076929308874242e+03 2.051777845270077540e-19 5.040222579101147877e-20
9.259082857241930469e+03 8.233056763905647250e-20 4.892334302265957580e-20
9.264088785174986697e+03 3.283645812683236995e-20 4.576812802483863864e-20
9.269094713108042924e+03 -2.486545217611170377e-21 4.394378884668360797e-20
9.274100641041097333e+03 7.074819707279249798e-20 4.563655322361384436e-20
9.279106568974151742e+03 3.721571028254460310e-20 4.923486661265504545e-20
9.284112496907207969e+03 5.817438674142635436e-20 5.508194144630687367e-20
9.289118424840264197e+03 9.185223952054790664e-20 6.520005245293936795e-20
9.294124352773320425e+03 -8.015956511910019242e-21 6.512821551278127412e-20
9.299130280706376652e+03 1.207548986820019746e-19 9.519147660831788834e-20
9.304136208639432880e+03 2.537888210863270766e-19 1.633857454651012154e-19
9.309142136572487289e+03 6.897239779187554516e-20 2.203268100998213159e-19
9.314148064505541697e+03 -1.160357304830583630e-19 2.591591498816885975e-19
9.319153992438597925e+03 -2.005006744147292791e-20 2.971765144162545183e-19
9.324159920371654152e+03 4.743824628662199754e-19 2.669900377150439790e-19
9.329165848304710380e+03 -1.090751075803498231e-19 1.734214150695470378e-19
9.334171776237766608e+03 3.659499111988737989e-20 1.333460489607931328e-19
9.339177704170821016e+03 7.818434064840171683e-20 1.414993017758658867e-19
9.344183632103877244e+03 9.427428237661732016e-20 1.133498057581780154e-19
9.349189560036931653e+03 3.060934020647143759e-20 9.158963340272664280e-20
9.354195487969987880e+03 -6.816913490905662423e-20 8.323712475004192758e-20
9.359201415903044108e+03 -5.246439087314270028e-20 8.011658843003434791e-20
9.364207343836100335e+03 1.416029041885847678e-21 9.067653710382412667e-20
9.369213271769156563e+03 -3.470954223009567697e-20 2.401651202641597998e-19
9.374219199702210972e+03 -2.268369254525257397e-20 4.616754656031630743e-19
9.379225127635267199e+03 1.300792962260017460e-19 3.350101986515439599e-19
9.384231055568321608e+03 6.490308131109409961e-20 1.361820986600501302e-19
9.389236983501377836e+03 -1.715225711481938592e-20 1.041440194472619801e-19
9.394242911434434063e+03 -1.439638601853591092e-19 9.872768146567568773e-20
9.399248839367490291e+03 -9.144248790280138795e-20 1.258501462636410743e-19
9.404254767300546519e+03 -2.213891293434114215e-19 1.263293262826183514e-19
9.409260695233600927e+03 -8.136969691032765927e-20 8.713780145503425130e-20
9.414266623166657155e+03 4.234436810457606390e-19 1.279103296086184161e-19
9.419272551099711563e+03 5.211003040481886600e-19 1.580924434582678705e-19
9.424278479032767791e+03 1.745666436721064805e-19 1.314590928383963501e-19
9.429284406965824019e+03 -8.221399906369577114e-20 9.254234564459106505e-20
9.434290334898880246e+03 5.077618212774973332e-19 2.894450484018702925e-19
9.439296262831936474e+03 2.742336844397191049e-19 3.007770337910776638e-19
9.444302190764990883e+03 4.059413018657139588e-19 2.614426879723720387e-19
9.449308118698047110e+03 -1.026745678986986051e-19 1.089385270302243890e-19
9.454314046631101519e+03 -2.302636160840594038e-19 1.650092718164717283e-19
9.459319974564157746e+03 -1.563885440888276608e-19 1.834245770940102792e-19
9.464325902497213974e+03 -1.376614060396336697e-19 1.577002922693212231e-19
9.469331830430270202e+03 -9.584922122112899440e-20 1.658088865508005593e-19
9.474337758363326429e+03 -6.107939016192391972e-20 2.755262865003419705e-19
9.479343686296380838e+03 1.816594362277410333e-19 3.241700938739356026e-19
9.484349614229437066e+03 1.875941076099647264e-19 1.454854677941708466e-19
9.489355542162491474e+03 -8.808798961457782022e-20 8.704550818726153519e-20
9.494361470095547702e+03 2.741996303379407457e-19 1.084664926046405758e-19
9.499367398028603930e+03 4.030196312135159254e-19 1.759387450166057557e-19
9.504373325961660157e+03 4.484240304909158257e-19 1.782197611243428202e-19
9.509379253894716385e+03 -1.424303363675517714e-19 1.229416993083860687e-19
9.514385181827770793e+03 -2.559115962904889962e-20 1.890618663252061436e-19
9.519391109760827021e+03 1.080446909190012772e-19 2.378806022433396337e-19
9.524397037693881430e+03 3.539097384568944086e-20 1.971055939098277589e-19
9.529402965626937657e+03 1.454323336530732253e-19 9.009863792707299771e-20
9.534408893559993885e+03 7.768550948546265798e-20 8.711553955191893038e-20
9.539414821493050113e+03 1.001396940331194007e-19 8.401824506641903057e-20
9.544420749426106340e+03 -7.194812001668693306e-20 9.528089317534025196e-20
9.549426677359160749e+03 2.929383913311534541e-20 1.489801411231673995e-19
9.554432605292216977e+03 -2.330033878992936425e-19 1.618386710795786770e-19
9.559438533225271385e+03 3.252530884940676623e-20 1.394742673043202297e-19
9.564444461158327613e+03 -1.768262828660835870e-19 1.861593343368970796e-19
9.569450389091383840e+03 -2.065956897933646212e-19 1.911496182948953663e-19
9.574456317024440068e+03 -7.112349674527777191e-20 1.362936116535083154e-19
9.579462244957496296e+03 1.356648348270191870e-19 8.455535091558621208e-20
9.584468172890550704e+03 1.368103918860515482e-19 8.373215860157503502e-20
9.589474100823605113e+03 4.619645829748302481e-20 8.763471052642723545e-20
9.594480028756661341e+03 2.432063606199038466e-20 8.851923252858893431e-20
9.599485956689717568e+03 7.659652707473203202e-20 9.444356675920517711e-20
9.604491884622773796e+03 3.986440429374493599e-19 1.201392655714277395e-19
9.609497812555830023e+03 1.874893560493135208e-19 1.288575108334169793e-19
9.614503740488886251e+03 2.136633178922675687e-19 1.315873492305954457e-19
9.619509668421940660e+03 1.880428763058230124e-19 1.541351022432845583e-19
9.624515596354995068e+03 1.458304043988247726e-19 1.387727988424615654e-19
9.629521524288051296e+03 -2.414489016992252594e-20 9.539196752319290307e-20
9.634527452221107524e+03 9.380815443478119837e-20 8.446455795849741470e-20
9.639533380154163751e+03 3.104802745613048755e-20 7.323863400183803205e-20
9.644539308087219979e+03 -9.523617246090183991e-20 7.771448664559785613e-20
9.649545236020274388e+03 8.814334107732387061e-20 8.304806399437782557e-20
9.654551163953330615e+03 -5.882144202818432250e-20 9.293696028802999796e-20
9.659557091886385024e+03 5.177929663710191733e-20 9.578298848520949183e-20
9.664563019819441251e+03 -2.277183460642381487e-20 1.261703737120186721e-19
9.669568947752497479e+03 7.121898295259534451e-20 1.347012290661356551e-19
9.674574875685553707e+03 3.605097489626148656e-19 1.375837436317395766e-19
9.679580803618609934e+03 1.479878232891737858e-19 1.402039688469263931e-19
9.684586731551664343e+03 -9.020845746413618520e-20 1.665626853812773274e-19
9.689592659484720571e+03 7.044527357432807801e-20 1.338791899157834535e-19
9.694598587417774979e+03 4.783279106218595934e-20 1.686548042547585789e-19
9.699604515350831207e+03 -2.417333159838731227e-19 1.864646231132682077e-19
9.704610443283887435e+03 4.631146465548263712e-19 1.668081162216054213e-19
9.709616371216943662e+03 -2.331992187671294958e-20 1.410906044213324179e-19
9.714622299149999890e+03 -2.454412357080222812e-19 1.974307158366679520e-19
9.719628227083054298e+03 3.772013081008689062e-19 2.198179806129011915e-19
9.724634155016110526e+03 1.163086700712887639e-19 1.988320751700199183e-19
9.729640082949164935e+03 -9.803518530180057106e-20 1.297131781296217460e-19
9.734646010882221162e+03 -1.553868486417799198e-19 1.533127348726805960e-19
9.739651938815277390e+03 6.725065881316160094e-20 1.541082379342168684e-19
9.744657866748333618e+03 1.127431408216796150e-19 1.327776374342392426e-19
9.749663794681389845e+03 1.721217230040893922e-19 1.125337204436721908e-19
9.754669722614444254e+03 2.417455139719083489e-19 8.963438933445848246e-20
9.759675650547500481e+03 4.519255254020779044e-21 8.551800235537520900e-20
9.764681578480554890e+03 -1.609385437427216619e-19 8.558549205604447775e-20
9.769687506413611118e+03 -6.282630109910081982e-20 8.486748834772263227e-20
9.774693434346667345e+03 1.687581426414021314e-19 8.967469623323104591e-20
9.779699362279723573e+03 8.756368661476750231e-20 1.029247736351004490e-19
9.784705290212779801e+03 9.805259828460066343e-21 1.979923745483685532e-19
9.789711218145834209e+03 7.162142415268014826e-20 2.845027253594667896e-19
9.794717146078890437e+03 5.050633677224277133e-20 3.405844993616612088e-19
9.799723074011944846e+03 -1.382245092309481766e-19 2.140495506284194068e-19
9.804729001945001073e+03 -7.360947186824931500e-20 1.750144445205955209e-19
9.809734929878057301e+03 1.022075561300808285e-19 1.590389877481146958e-19
9.814740857811113528e+03 1.347116608476175369e-20 1.586021054144543216e-19
9.819746785744169756e+03 1.771316071041243681e-20 1.396844641739224089e-19
9.824752713677224165e+03 -1.249301971956037243e-19 1.217145112346362432e-19
9.829758641610280392e+03 -4.824861698848001970e-21 1.212905802447208271e-19
9.834764569543334801e+03 5.364501602003216869e-20 1.130001992271006766e-19
9.839770497476391029e+03 1.067361833792486168e-19 1.254165486052841674e-19
9.844776425409447256e+03 -1.236689600308692131e-19 1.862616835237845439e-19
9.849782353342503484e+03 -8.736054628508551729e-20 1.882877205219240327e-19
9.854788281275559712e+03 -3.035089071999673503e-19 1.591825738732744393e-19
9.859794209208614120e+03 -1.189337276814636975e-19 1.211475089234107240e-19
9.864800137141670348e+03 -2.820456649255532966e-19 1.832869766009706038e-19
9.869806065074724756e+03 -3.174820044958423008e-19 2.842609984650470969e-19
9.874811993007780984e+03 1.947629873772206850e-19 3.178164513053526823e-19
9.879817920940837212e+03 6.877600857950548596e-20 1.854313862977522088e-19
9.884823848873893439e+03 -1.426637939144837434e-19 1.310355427323964980e-19
9.889829776806949667e+03 -2.018796463942277270e-20 1.766969734851728073e-19
9.894835704740004076e+03 2.389760804175210719e-19 1.876078975712289413e-19
9.899841632673058484e+03 2.005058121483985608e-19 1.775883078883691961e-19
9.904847560606114712e+03 -2.102192436216336498e-19 1.460651327798364936e-19
9.909853488539170939e+03 -3.810684134384196517e-19 2.641509164736824918e-19
9.914859416472227167e+03 -3.483076427049557308e-20 2.971272743861853602e-19
9.919865344405283395e+03 -2.995606431895282617e-19 2.725796511278452160e-19
9.924871272338339622e+03 -1.930587503382638059e-19 1.412246214226005442e-19
9.929877200271394031e+03 -1.282725937611195415e-19 1.340511401721702651e-19
9.934883128204448440e+03 -1.253658669606728205e-19 1.765498956584371852e-19
9.939889056137504667e+03 -2.387631539630441462e-19 3.114153047401892196e-19
9.944894984070560895e+03 2.957525380394365486e-19 3.680329534081946665e-19
9.949900912003617123e+03 -2.035899850372324766e-19 4.169818725643789691e-19
9.954906839936673350e+03 -5.300147189488941167e-20 3.777805024544187569e-19
9.959912767869729578e+03 1.018037205453658082e-19 3.727173564602395293e-19
9.964918695802783986e+03 -2.209833802776878388e-19 3.456792983610882675e-19
9.969924623735838395e+03 1.269703525660545683e-19 2.643824301328187796e-19
9.974930551668894623e+03 7.889600308083104650e-20 2.453292831201338395e-19
9.979936479601950850e+03 -2.022499005769266805e-19 1.986792813382078358e-19
9.984942407535007078e+03 -1.295549703977692520e-19 1.647874915264293228e-19
9.989948335468063306e+03 -2.608687168216727571e-19 1.579746608441958832e-19
9.994954263401117714e+03 -5.255507248797212265e-19 1.879788223166209245e-19
9.999960191334173942e+03 -2.201480763255785570e-19 1.946177300181556638e-19
1.000496611926722835e+04 -5.366627045851981358e-21 2.652138629291421667e-19
1.000997204720028458e+04 -1.347986272583003564e-19 4.267044045245628067e-19
1.001497797513334081e+04 -3.716581880616718646e-19 4.051418233715323638e-19
1.001998390306639703e+04 -1.450179708047155995e-20 3.172839588816450954e-19
1.002498983099945326e+04 1.361601405492024056e-19 2.781947272619768370e-19
1.002999575893250767e+04 4.147157308114058372e-19 2.450440715491622148e-19
1.003500168686556390e+04 2.496279600004223834e-19 1.870984773133714652e-19
1.004000761479861831e+04 -4.668253345120990602e-19 2.018305788508558210e-19
1.004501354273167453e+04 -1.167997167713207788e-19 1.909250493294186828e-19
1.005001947066473076e+04 -3.148379602612228880e-19 1.744146996604690182e-19
1.005502539859778699e+04 -1.583994436664279873e-20 1.963721895517739343e-19
1.006003132653084322e+04 7.938714015272625310e-19 2.477347063673038038e-19
1.006503725446389763e+04 4.005435486034186595e-19 2.630254165732805045e-19
1.007004318239695385e+04 3.543475009694859624e-19 2.362221229347438309e-19
1.007504911033000826e+04 -3.448161233310537848e-19 2.618275439955930185e-19
1.008005503826306449e+04 -3.866547614279810022e-19 3.912176384283212045e-19
1.008506096619612072e+04 5.017013003563011821e-20 4.218794889896149296e-19
1.009006689412917694e+04 -1.412662667740712946e-20 3.044737961285059487e-19
1.009507282206223317e+04 1.768524072425584284e-20 2.073584325149106982e-19
1.010007874999528758e+04 1.311015860573148733e-19 2.842659664196131671e-19
1.010508467792834381e+04 -2.116809282431122972e-19 3.451868016257037381e-19
1.011009060586139822e+04 -1.648863026769152660e-19 2.672205429291770418e-19
1.011509653379445444e+04 3.231793455711803616e-20 2.266244765413386672e-19
1.012010246172751067e+04 -5.386148849397836429e-20 3.489133702825030655e-19
1.012510838966056690e+04 3.886049387721233777e-19 4.523936033951127187e-19
1.013011431759362313e+04 -6.525274130632699682e-19 3.309636664696679284e-19
1.013512024552667754e+04 -1.551790106557408847e-20 2.413566905747568629e-19
1.014012617345973376e+04 -3.074579523246253484e-19 2.434881387663454673e-19
1.014513210139278817e+04 -4.406697305030801174e-19 2.399543430538357111e-19
1.015013802932584440e+04 -4.462318615854355436e-19 2.621937432562140772e-19
1.015514395725890063e+04 -3.038819792232919884e-19 2.872311110250684585e-19
1.016014988519195686e+04 -3.222228320615302783e-19 2.857085675005486492e-19
1.016515581312501308e+04 1.272470726789607654e-19 3.284560348225075689e-19
1.017016174105806749e+04 -1.576242206321143690e-19 4.333844247596811877e-19
1.017516766899112372e+04 -1.634451505311751751e-19 4.114116544531891402e-19
1.018017359692417813e+04 2.729927646125192284e-20 3.198535838132640752e-19
1.018517952485723436e+04 9.835825788566070199e-20 3.405919739919020540e-19
1.019018545279029058e+04 9.264523884077048308e-20 3.407825499249357108e-19
1.019519138072334681e+04 1.465439834750377051e-20 3.584257600254160007e-19
1.020019730865640304e+04 3.978171460193380952e-20 3.198601268410030240e-19
1.020520323658945745e+04 -2.853719382771984997e-20 3.666374494393154865e-19
1.021020916452251367e+04 -1.415674265422499951e-19 3.464873273743364433e-19
1.021521509245556808e+04 -7.909450873853381987e-20 4.202435024292828413e-19
1.022022102038862431e+04 -7.725993436947748424e-19 4.003649072088232067e-19
1.022522694832168054e+04 -3.924546953765408892e-19 4.039947586473327545e-19
1.023023287625473677e+04 -3.106205379924060968e-19 4.291864606061913213e-19
1.023523880418779299e+04 -2.581174044798807959e-19 3.358527336041868080e-19
1.024024473212084740e+04 -1.078415169579476887e-19 4.106264716977812226e-19
1.024525066005390181e+04 9.021832511174078650e-20 2.884433410005033329e-19
1.025025658798695804e+04 -1.264086523412111812e-19 2.846995878442783644e-19
1.025526251592001427e+04 -1.980991756354712140e-19 2.490334663002045119e-19
1.026026844385307049e+04 -3.504857903795168111e-19 2.764147751909568286e-19
1.026527437178612672e+04 -2.577362670664107228e-19 2.841212703965850742e-19
1.027028029971918295e+04 -2.726781330281786348e-19 3.140147328196730764e-19
1.027528622765223736e+04 5.764665280805502384e-20 3.519212264096756609e-19
1.028029215558529177e+04 -1.849036421998456783e-19 4.027926851179415642e-19
1.028529808351834799e+04 -6.330439338562834949e-20 5.424231403000550702e-19
1.029030401145140422e+04 1.551953413759859859e-20 4.968208707396488716e-19
1.029530993938446045e+04 1.198510907550295106e-19 3.203768944748236861e-19
