#  wl flam flam_err
4.803806996822357178e+03 2.389125150421914178e-19 8.203465461413914794e-19
4.808812924755412496e+03 4.367889322570474285e-19 8.094901918143605842e-19
4.813818852688468723e+03 6.792631274915064246e-22 7.866806046213711069e-19
4.818824780621524042e+03 4.118866061770681146e-21 7.412120676374493624e-19
4.823830708554580269e+03 -3.024142103055136558e-19 7.049771672845296577e-19
4.828836636487635587e+03 1.075840423125854564e-19 6.958707364226453487e-19
4.833842564420691815e+03 6.130985878306986115e-19 6.971205761027575006e-19
4.838848492353747133e+03 8.311299896855561718e-19 6.963309962901169594e-19
4.843854420286802451e+03 5.889624727999607370e-19 6.856137097404366755e-19
4.848860348219858679e+03 4.005585158583363954e-19 6.623467816176263860e-19
4.853866276152913997e+03 1.411805769415310705e-18 6.479709456981968722e-19
4.858872204085970225e+03 2.958924534097558460e-20 5.893695855532014079e-19
4.863878132019025543e+03 -1.368683577432210292e-19 5.526212775054278055e-19
4.868884059952080861e+03 1.533746709459048448e-19 5.541186250591486404e-19
4.873889987885137089e+03 3.864105813288452093e-19 5.405077459834118606e-19
4.878895915818192407e+03 -8.828176458534684058e-19 5.193304635406118029e-19
4.883901843751248634e+03 3.095025942877318748e-19 4.960534722000465209e-19
4.888907771684303952e+03 3.844256056228553689e-19 4.804099270017538735e-19
4.893913699617360180e+03 4.927385376011020086e-19 4.751918225536154975e-19
4.898919627550415498e+03 6.495814136814154999e-19 4.732114945386802109e-19
4.903925555483470816e+03 7.868183182686895644e-19 4.627099021539618335e-19
4.908931483416527044e+03 5.269358599017834977e-19 4.407832563145323415e-19
4.913937411349582362e+03 4.984440805988126795e-19 4.192048878287049481e-19
4.918943339282638590e+03 5.016693985652281527e-19 3.992470808074088607e-19
4.923949267215693908e+03 8.939050223499539213e-20 3.923653212667133748e-19
4.928955195148750136e+03 2.046301405076254978e-19 3.922282777989017535e-19
4.933961123081805454e+03 3.569891002256605984e-19 3.937018696187998007e-19
4.938967051014860772e+03 5.128585922022460793e-20 3.904355018882807695e-19
4.943972978947916999e+03 4.909690564350679858e-19 3.809833078054337626e-19
4.948978906880972318e+03 5.141792370215408316e-19 3.714004814649037082e-19
4.953984834814028545e+03 4.964445009760139089e-20 3.662772098144494859e-19
4.958990762747083863e+03 9.298364896922868225e-20 3.639803467902093714e-19
4.963996690680139181e+03 -1.612361492229226328e-19 3.687529746924867024e-19
4.969002618613195409e+03 2.863116793934619066e-19 3.742609264862928155e-19
4.974008546546250727e+03 -6.671293555783691266e-19 3.720248974523926009e-19
4.979014474479306955e+03 1.100906064968846879e-19 3.567147215994834422e-19
4.984020402412362273e+03 -2.415704779850772323e-19 3.474594854290354054e-19
4.989026330345418501e+03 4.996374628399784920e-19 3.494898512197992613e-19
4.994032258278473819e+03 6.663156032525349172e-20 3.563804205362417387e-19
4.999038186211529137e+03 5.329486731482064512e-19 3.491321703575571005e-19
5.004044114144585365e+03 4.125402285803575559e-19 3.361123250179635804e-19
5.009050042077640683e+03 5.876835702974059596e-19 3.203359942702396735e-19
5.014055970010696910e+03 3.686915706623177268e-19 3.045727093879346816e-19
5.019061897943752228e+03 4.136527736551308461e-19 2.919214229696823813e-19
5.024067825876807547e+03 8.932897395377044074e-19 2.845587406096415113e-19
5.029073753809863774e+03 7.104861699989297620e-19 2.822203090071254900e-19
5.034079681742919092e+03 3.972125200368588536e-19 2.801886513007849614e-19
5.039085609675975320e+03 9.040137284081522909e-19 2.755822706546679958e-19
5.044091537609030638e+03 3.087778151411081345e-19 2.711523232998338990e-19
5.049097465542086866e+03 5.043720530036214064e-19 2.649162136455016108e-19
5.054103393475142184e+03 7.422970885243341394e-19 2.587290759943532377e-19
5.059109321408197502e+03 6.565424790339548115e-19 2.560448028790123955e-19
5.064115249341253730e+03 8.011090235886177371e-19 2.558790209310308717e-19
5.069121177274309048e+03 7.719513505735784897e-19 2.542866061995116666e-19
5.074127105207365275e+03 5.417202111038370958e-19 2.515847524302384125e-19
5.079133033140420594e+03 7.623315956323685992e-19 2.495931773598618507e-19
5.084138961073476821e+03 1.176180666106353252e-18 2.481807704047965119e-19
5.089144889006532139e+03 1.132223525270112470e-18 2.446265985555722123e-19
5.094150816939587457e+03 1.166167436740530145e-18 2.426612668131545995e-19
5.099156744872643685e+03 7.863844490318275577e-19 2.446612224093129690e-19
5.104162672805699003e+03 9.074063781221025477e-19 2.491595525119009071e-19
5.109168600738755231e+03 9.946498063462826383e-19 2.539624927731671197e-19
5.114174528671810549e+03 8.214704399830393736e-19 2.571939686606664853e-19
5.119180456604865867e+03 7.375058970081934537e-19 2.549730627750056046e-19
5.124186384537922095e+03 7.713889733230619467e-19 2.499732966028766252e-19
5.129192312470977413e+03 7.278901626151849214e-19 2.380260219861227563e-19
5.134198240404033641e+03 8.581728742910891049e-19 2.305183231458902136e-19
5.139204168337088959e+03 6.691843706538221606e-19 2.254961468774231399e-19
5.144210096270145186e+03 1.039481783013012085e-18 2.234443161225185492e-19
5.149216024203200504e+03 8.272781315587274727e-19 2.194865646197593179e-19
5.154221952136255823e+03 7.290369658284806389e-19 2.135835910245228210e-19
5.159227880069312050e+03 9.452220732624204708e-20 2.064746408411271605e-19
5.164233808002367368e+03 3.993722839248132350e-19 1.963506709297403940e-19
5.169239735935423596e+03 6.422148264976979610e-19 1.861386139718779060e-19
5.174245663868478914e+03 7.452363052111213735e-19 1.819791458164141479e-19
5.179251591801534232e+03 6.468665445641057759e-19 1.829384555819409795e-19
5.184257519734590460e+03 9.143342697225678869e-19 1.840730975192585227e-19
5.189263447667645778e+03 9.870212088608593549e-19 1.871447070154311014e-19
5.194269375600702006e+03 8.759513677946974594e-19 1.902859541344051441e-19
5.199275303533757324e+03 8.020164573437656557e-19 1.895754367765983130e-19
5.204281231466813551e+03 7.475898564617102811e-19 1.850511036466129586e-19
5.209287159399868870e+03 6.383230441188587565e-19 1.799650901881741846e-19
5.214293087332924188e+03 7.817757919646623000e-19 1.810659352144329592e-19
5.219299015265980415e+03 7.029495953131696183e-19 1.842138728342757837e-19
5.224304943199035733e+03 9.451295361547794253e-19 1.877844597569215933e-19
5.229310871132091961e+03 7.157147573334077413e-19 1.902717332853903430e-19
5.234316799065147279e+03 9.583274545825002982e-19 1.937910852233035351e-19
5.239322726998203507e+03 7.166798367031425849e-19 1.948343343792507096e-19
5.244328654931258825e+03 9.646028133533461705e-19 1.936642186386147734e-19
5.249334582864314143e+03 9.168419736447267633e-19 1.926404116326896193e-19
5.254340510797370371e+03 7.733959575520157931e-19 1.898794969709550068e-19
5.259346438730425689e+03 1.053106138679247245e-18 1.830216399869525662e-19
5.264352366663481916e+03 8.664030582641234661e-19 1.784959826168430751e-19
5.269358294596537235e+03 8.553941833158478971e-19 1.761509475520651378e-19
5.274364222529593462e+03 9.025113367823575626e-19 1.741369208210266372e-19
5.279370150462648780e+03 9.362059790106662227e-19 1.704893641227120017e-19
5.284376078395704099e+03 8.654958851452987144e-19 1.659050964350173323e-19
5.289382006328760326e+03 8.229321865445900186e-19 1.614767838492743551e-19
5.294387934261815644e+03 8.645962775743129561e-19 1.588201276919640508e-19
5.299393862194871872e+03 8.475497628212787695e-19 1.575454273429085981e-19
5.304399790127927190e+03 6.577710868689913510e-19 1.575563578328682747e-19
5.309405718060982508e+03 7.455336954601018079e-19 1.584447959810281461e-19
5.314411645994038736e+03 6.125342903628262154e-19 1.572558214661736925e-19
5.319417573927094054e+03 6.163712038854591913e-19 1.561998769100699818e-19
5.324423501860150282e+03 7.014369477339843462e-19 1.539896496878377164e-19
5.329429429793205600e+03 2.168576182927645706e-19 1.510294448268971942e-19
5.334435357726260918e+03 2.403810636211264687e-19 1.489136485173230087e-19
5.339441285659317145e+03 2.643914265765088619e-19 1.488204083977858164e-19
5.344447213592372464e+03 4.610004666883726958e-19 1.505380663926891385e-19
5.349453141525428691e+03 7.938160795852876925e-19 1.535195441117109432e-19
5.354459069458484009e+03 9.561346344150829330e-19 1.573307319623279189e-19
5.359464997391540237e+03 9.554154562965691699e-19 1.598046055918374519e-19
5.364470925324595555e+03 9.288591036805462421e-19 1.612420136102565731e-19
5.369476853257650873e+03 8.489155987873764754e-19 1.612216101682575164e-19
5.374482781190707101e+03 7.912439516087722837e-19 1.612151091936039504e-19
5.379488709123762419e+03 6.057254633846074459e-19 1.588332266547375202e-19
5.384494637056818647e+03 8.236087297201785484e-19 1.551010336165208443e-19
5.389500564989873965e+03 6.285476364265638562e-19 1.510487827889045000e-19
5.394506492922930192e+03 8.202082877685704053e-19 1.471528799990111378e-19
5.399512420855985511e+03 8.619887834455860927e-19 1.444038924434120700e-19
5.404518348789040829e+03 6.206353663297749681e-19 1.425024070660956180e-19
5.409524276722097056e+03 7.576870702668630086e-19 1.408645954987465872e-19
5.414530204655152374e+03 8.475818032474665635e-19 1.382367378449995392e-19
5.419536132588208602e+03 6.873944333081546559e-19 1.352027940032916662e-19
5.424542060521263920e+03 7.761787476617371520e-19 1.318060342857582078e-19
5.429547988454320148e+03 1.012893868930060388e-18 1.295476357513526522e-19
5.434553916387375466e+03 7.850142339895486382e-19 1.281547170512178450e-19
5.439559844320430784e+03 5.876172633719315269e-19 1.283858800036500984e-19
5.444565772253487012e+03 6.407808434330500487e-19 1.293916090483223566e-19
5.449571700186542330e+03 7.279323384540415801e-19 1.303083106543278443e-19
5.454577628119598558e+03 8.278025504107794649e-19 1.313075204062677622e-19
5.459583556052653876e+03 5.000228614193820732e-19 1.314350831125686643e-19
5.464589483985709194e+03 3.114270650101278746e-19 1.310213787637862744e-19
5.469595411918765421e+03 4.880719225012474530e-19 1.295310052734697887e-19
5.474601339851820740e+03 7.158222584940493938e-19 1.279159642624092590e-19
5.479607267784876967e+03 7.816546057460682694e-19 1.278476341694844507e-19
5.484613195717932285e+03 6.723280537549113648e-19 1.287777956930767472e-19
5.489619123650987603e+03 7.609405350602881454e-19 1.309658431211255244e-19
5.494625051584043831e+03 9.765662874986159677e-19 1.346231483811548176e-19
5.499630979517099149e+03 6.424007163493676440e-19 1.381345382921182850e-19
5.504636907450155377e+03 6.426121878989791857e-19 1.411218987637156511e-19
5.509642835383210695e+03 8.760319857046077797e-19 1.402561206841657052e-19
5.514648763316266923e+03 8.447123111877161893e-19 1.362316822489844161e-19
5.519654691249322241e+03 8.950734381731632871e-19 1.319446294948550478e-19
5.524660619182377559e+03 9.097749161540449888e-19 1.277035610656418351e-19
5.529666547115433787e+03 7.125516616635543269e-19 1.232564172476529052e-19
5.534672475048489105e+03 7.963655577341635880e-19 1.211101877599205539e-19
5.539678402981545332e+03 7.903790412735289049e-19 1.208579440274039860e-19
5.544684330914600650e+03 8.287593057988629212e-19 1.202795102469154114e-19
5.549690258847656878e+03 9.867808670015556589e-19 1.190436625338020658e-19
5.554696186780712196e+03 8.370291657070200735e-19 1.177818039751660636e-19
5.559702114713767514e+03 1.034501517781883920e-18 1.172094629568569808e-19
5.564708042646823742e+03 9.668160247275386191e-19 1.181554310924623391e-19
5.569713970579879060e+03 9.275391110039025540e-19 1.752139100745514684e-19
5.574719898512935288e+03 9.108709910144773598e-19 2.680286355509359112e-19
5.579725826445990606e+03 9.092749532555693550e-19 2.597027536871170054e-19
5.584731754379046833e+03 8.536979241805764380e-19 1.639940097758128023e-19
5.589737682312102152e+03 9.468144409578939906e-19 1.090849317744106658e-19
5.594743610245157470e+03 8.666364880621211897e-19 1.086116423527283218e-19
5.599749538178213697e+03 8.736761988648282387e-19 1.106254920276372477e-19
5.604755466111269016e+03 7.388312588087769981e-19 1.133014877301041074e-19
5.609761394044325243e+03 7.349208679251757479e-19 1.152182802560402702e-19
5.614767321977380561e+03 8.125659381911644325e-19 1.161362593320822788e-19
5.619773249910436789e+03 8.297432167961602905e-19 1.182897794633856493e-19
5.624779177843492107e+03 6.672821698865903055e-19 1.198589803897996534e-19
5.629785105776547425e+03 9.016699307183079418e-19 1.203215521309858839e-19
5.634791033709603653e+03 8.021315002236305904e-19 1.189334752113654509e-19
5.639796961642658971e+03 6.799518882050295985e-19 1.162982875748096022e-19
5.644802889575714289e+03 7.770912945571399196e-19 1.126448412085731283e-19
5.649808817508770517e+03 8.013718766585382472e-19 1.102467299080555340e-19
5.654814745441825835e+03 8.805001216129259318e-19 1.075209832550680830e-19
5.659820673374882062e+03 8.364420028298811892e-19 1.065304097083636750e-19
5.664826601307937381e+03 6.734059772195694205e-19 1.064447393391418140e-19
5.669832529240993608e+03 8.578712024365426371e-19 1.058833614496178986e-19
5.674838457174048926e+03 7.470936184514394134e-19 1.044905720879692994e-19
5.679844385107104245e+03 7.592749192814226215e-19 1.032888234366486955e-19
5.684850313040160472e+03 5.405568387821410976e-19 1.020410971872820863e-19
5.689856240973215790e+03 7.312409006841078352e-19 1.006010933200991791e-19
5.694862168906272018e+03 6.674789858197486167e-19 9.958330935257113044e-20
5.699868096839327336e+03 3.975295227939087873e-19 9.819315340027459118e-20
5.704874024772383564e+03 4.818097065480986906e-19 9.758108649254227625e-20
5.709879952705438882e+03 4.145217363883440007e-19 9.771086297809425891e-20
5.714885880638494200e+03 6.515644530220505795e-19 9.872822462663162416e-20
5.719891808571550428e+03 7.449508590162651865e-19 1.004998665635854198e-19
5.724897736504605746e+03 8.093457864612320308e-19 1.024898231837619151e-19
5.729903664437661973e+03 8.470033419678685119e-19 1.041121575102270721e-19
5.734909592370717291e+03 7.564076349731636046e-19 1.053070060958037130e-19
5.739915520303773519e+03 7.908868487693923109e-19 1.059828071056062978e-19
5.744921448236828837e+03 5.865044242976516906e-19 1.067990303094365522e-19
5.749927376169884155e+03 7.332982962998543584e-19 1.073005640816215311e-19
5.754933304102940383e+03 7.292908539878512089e-19 1.081274445638035215e-19
5.759939232035995701e+03 8.363993862563147578e-19 1.086319894704543799e-19
5.764945159969051929e+03 6.481486442685353291e-19 1.075018463668543713e-19
5.769951087902107247e+03 9.489028957722148240e-19 1.048019835548161138e-19
5.774957015835163475e+03 6.913261652944765367e-19 1.020860685116999815e-19
5.779962943768218793e+03 7.293324122395093951e-19 9.959788335544373217e-20
5.784968871701274111e+03 8.624275598249707997e-19 9.855194368434118866e-20
5.789974799634330338e+03 8.859413771730871005e-19 9.788431380243458714e-20
5.794980727567385657e+03 5.990127049399145613e-19 9.729710011585315259e-20
5.799986655500441884e+03 7.234626421275239789e-19 9.634002615219980548e-20
5.804992583433497202e+03 6.480890456910033384e-19 9.521144394345022380e-20
5.809998511366552520e+03 5.659934207589311299e-19 9.410095292258561587e-20
5.815004439299608748e+03 7.865177346206886666e-19 9.285949853495739055e-20
5.820010367232664066e+03 7.134818782622183192e-19 9.144647256426245534e-20
5.825016295165720294e+03 7.939028614809860926e-19 9.033341046024128034e-20
5.830022223098775612e+03 7.215524465719955406e-19 8.951729430323739066e-20
5.835028151031830930e+03 7.665183514204211950e-19 8.911636795772323487e-20
5.840034078964887158e+03 5.952753226167052121e-19 8.885175799436136072e-20
5.845040006897942476e+03 7.266309491267886773e-19 8.906273327835014110e-20
5.850045934830998704e+03 6.522993453021613211e-19 9.002967770897464805e-20
5.855051862764054022e+03 6.216258313421109928e-19 9.150256729564602235e-20
5.860057790697110249e+03 9.434421166939586970e-19 9.490474121388157056e-20
5.865063718630165567e+03 9.098906159450616604e-19 9.978725788308510413e-20
5.870069646563220886e+03 7.671680292956991871e-19 1.015982153241481166e-19
5.875075574496277113e+03 8.249659011234437096e-19 1.000517588763909312e-19
5.880081502429332431e+03 9.312880544790213569e-19 1.033311122035089021e-19
5.885087430362388659e+03 8.202653157696315880e-19 1.258034276894275468e-19
5.890093358295443977e+03 7.276104976196348100e-19 1.387485985826464742e-19
5.895099286228500205e+03 8.059216303488748535e-19 1.283102804856957231e-19
5.900105214161555523e+03 8.142398000462789716e-19 1.067730456183420947e-19
5.905111142094610841e+03 6.868701151792133117e-19 9.453299338963283344e-20
5.910117070027667069e+03 6.964605054794796903e-19 9.328204242677320097e-20
5.915122997960722387e+03 8.749838281438405913e-19 9.197107035811244935e-20
5.920128925893778614e+03 8.258372289479923710e-19 9.037164971595900948e-20
5.925134853826833933e+03 7.259157619197841316e-19 8.952276182458020173e-20
5.930140781759890160e+03 7.236953580779553009e-19 9.062603357763806633e-20
5.935146709692945478e+03 6.611268484715153194e-19 8.953889918571012401e-20
5.940152637626000796e+03 7.827713839455275300e-19 8.722239686961314430e-20
5.945158565559057024e+03 8.823975942345129272e-19 8.735463985720007395e-20
5.950164493492112342e+03 5.210259282070269177e-19 8.870489948529394040e-20
5.955170421425167660e+03 6.833455002583728325e-19 8.765104817847141190e-20
5.960176349358223888e+03 7.279660791452025697e-19 8.530025288138320135e-20
5.965182277291280116e+03 6.799722712206436874e-19 8.447663488037988576e-20
5.970188205224335434e+03 9.501586537793330653e-19 8.505076726305472582e-20
5.975194133157390752e+03 8.162604693785741649e-19 8.520016262469687150e-20
5.980200061090446980e+03 7.193182404557944925e-19 8.428248738051105661e-20
5.985205989023502298e+03 8.060528739720233178e-19 8.282233561777873490e-20
5.990211916956557616e+03 7.210831996189594178e-19 8.332056663192182972e-20
5.995217844889613843e+03 7.542621197505017112e-19 8.462465456309023148e-20
6.000223772822669162e+03 8.260347327894007910e-19 8.622184800755142003e-20
6.005229700755725389e+03 5.431801788824592727e-19 8.748795510589685056e-20
6.010235628688780707e+03 7.512695221157508793e-19 8.828640369879394270e-20
6.015241556621836935e+03 8.011252253267867944e-19 8.952161077317444457e-20
6.020247484554892253e+03 9.552680700265811427e-19 8.935502825484748837e-20
6.025253412487947571e+03 6.834207886469650461e-19 8.832320504987951176e-20
6.030259340421003799e+03 5.999701333865836907e-19 8.722104228971568979e-20
6.035265268354059117e+03 6.627841361520757703e-19 8.562626079684046736e-20
6.040271196287115345e+03 6.333979304483372023e-19 8.347235271884689534e-20
6.045277124220170663e+03 6.559407994768390105e-19 8.163310798946086731e-20
6.050283052153226890e+03 7.186356316389329235e-19 7.976104207495343644e-20
6.055288980086282209e+03 6.650478514285302704e-19 7.830165074347467641e-20
6.060294908019337527e+03 6.701150386196057250e-19 7.683300283877271522e-20
6.065300835952393754e+03 7.629316832874975341e-19 7.550336444929272708e-20
6.070306763885449072e+03 7.073648532939931789e-19 7.471759290520130773e-20
6.075312691818505300e+03 7.642125405616735289e-19 7.341009632597406900e-20
6.080318619751560618e+03 6.374647725031122879e-19 7.320164343472297403e-20
6.085324547684616846e+03 6.103632094937152363e-19 7.265430639914215294e-20
6.090330475617672164e+03 5.197571545289199475e-19 7.302465391696628992e-20
6.095336403550727482e+03 6.919021081608839970e-19 7.366030228617768732e-20
6.100342331483783710e+03 8.107185433942166610e-19 7.474857695388611453e-20
6.105348259416839028e+03 6.992992604177325400e-19 7.530186918292676466e-20
6.110354187349894346e+03 7.286712866849756809e-19 7.607566039176292749e-20
6.115360115282950574e+03 5.625430606089238608e-19 7.691403186476184587e-20
6.120366043216006801e+03 6.450804424173025888e-19 7.750705523975901070e-20
6.125371971149062119e+03 6.745617140985997450e-19 7.845196234506928023e-20
6.130377899082117438e+03 6.903851689538614468e-19 7.993502750435639456e-20
6.135383827015173665e+03 7.677803269378850620e-19 8.156158214919785793e-20
6.140389754948228983e+03 5.837633191390851806e-19 8.343180794746524853e-20
6.145395682881284301e+03 7.786203488888641901e-19 8.277864441521666873e-20
6.150401610814340529e+03 6.666740364336240742e-19 8.010124000511593896e-20
6.155407538747396757e+03 5.394111272350028501e-19 7.789213195987144497e-20
6.160413466680452075e+03 6.000654735043488736e-19 7.566598273247741605e-20
6.165419394613507393e+03 6.675102018974343669e-19 7.459603785404243599e-20
6.170425322546563621e+03 7.494823786725473116e-19 7.417558156721539757e-20
6.175431250479618939e+03 7.427917691577768298e-19 7.231412459045349536e-20
6.180437178412674257e+03 8.392649054360060707e-19 7.063154910792514265e-20
6.185443106345730484e+03 5.579238752649572404e-19 6.992197225640389413e-20
6.190449034278785803e+03 6.264117714249270063e-19 6.963354112097820531e-20
6.195454962211842030e+03 5.648082207318171134e-19 6.988176452663340558e-20
6.200460890144897348e+03 7.476517329971827078e-19 7.034313929460841473e-20
6.205466818077953576e+03 6.667079570631615579e-19 7.017228508315436405e-20
6.210472746011008894e+03 6.089875088191656616e-19 6.975263615530681981e-20
6.215478673944064212e+03 6.366511072536634804e-19 7.126684517895747299e-20
6.220484601877120440e+03 6.085206163427874759e-19 7.220390943473767373e-20
6.225490529810175758e+03 5.499793373170300648e-19 7.219624247455111365e-20
6.230496457743231986e+03 6.326017729963410913e-19 7.711108853873393979e-20
6.235502385676287304e+03 6.389209318935464905e-19 8.097690263078910235e-20
6.240508313609343531e+03 5.230767299249432886e-19 7.970754905550764266e-20
6.245514241542398850e+03 3.982228453147555320e-19 7.529068632361818502e-20
6.250520169475454168e+03 3.712809527254002854e-19 7.619301910454092257e-20
6.255526097408510395e+03 5.238105887875038221e-19 8.078783578261211791e-20
6.260532025341565713e+03 6.000222165606404627e-19 8.298367683599065551e-20
6.265537953274621032e+03 6.509305872841868892e-19 7.947252082366304732e-20
6.270543881207677259e+03 5.971688137692219214e-19 7.838486699396541803e-20
6.275549809140733487e+03 7.598753239298895423e-19 7.697557909342879748e-20
6.280555737073788805e+03 6.868009372436988816e-19 7.715753963112476158e-20
6.285561665006844123e+03 5.678339155736391322e-19 7.756130453383083686e-20
6.290567592939900351e+03 7.028424522483248083e-19 8.674052998503449455e-20
6.295573520872955669e+03 4.969268887814034863e-19 1.329314235156353472e-19
6.300579448806010987e+03 3.596745009505777067e-19 1.427789788617614190e-19
6.305585376739067215e+03 3.664927197201373050e-19 1.130184461340701117e-19
6.310591304672123442e+03 4.762858959753111912e-19 7.363095497264524489e-20
6.315597232605178760e+03 5.237952141311543339e-19 6.903416189739344645e-20
6.320603160538234079e+03 3.967279562892953679e-19 6.993820399824638478e-20
6.325609088471290306e+03 4.143915948037074705e-19 7.278274678440853239e-20
6.330615016404345624e+03 3.961154516045561608e-19 7.147545302110591073e-20
6.335620944337400942e+03 2.692521895055450218e-19 6.830385533396639887e-20
6.340626872270457170e+03 3.583899856758522480e-19 6.712442195144478864e-20
6.345632800203512488e+03 4.896383886871388627e-19 6.831566292013826552e-20
6.350638728136568716e+03 4.940123304656262889e-19 7.058794441618829281e-20
6.355644656069624034e+03 7.808751400210571128e-19 7.944639742732183249e-20
6.360650584002680262e+03 7.352304311297435745e-19 9.936499104447284329e-20
6.365656511935735580e+03 8.896147815724378670e-19 9.882861896439745108e-20
6.370662439868790898e+03 7.612181784005585235e-19 7.888165496938339230e-20
6.375668367801847126e+03 6.334189694342181686e-19 6.996158378734428806e-20
6.380674295734902444e+03 7.194506613754222504e-19 7.169090281729441941e-20
6.385680223667958671e+03 5.860937397847791497e-19 7.241372379598429296e-20
6.390686151601013989e+03 7.078356217482682985e-19 7.202993512740707556e-20
6.395692079534070217e+03 5.789821918349690066e-19 7.129620474150110359e-20
6.400698007467125535e+03 6.193865617304108798e-19 7.129052504931345454e-20
6.405703935400180853e+03 6.735840551691108908e-19 7.014460873473170508e-20
6.410709863333237081e+03 6.669137386432565383e-19 6.924832988507938753e-20
6.415715791266292399e+03 6.002758097598938193e-19 6.831872477317081221e-20
6.420721719199348627e+03 6.624744577685254445e-19 6.658906932894633063e-20
6.425727647132403945e+03 7.062814813047975675e-19 6.502518550804494887e-20
6.430733575065460172e+03 6.859224523543354619e-19 6.387555950508887939e-20
6.435739502998515491e+03 5.901924708938528800e-19 6.317168550385125866e-20
6.440745430931570809e+03 6.946634634165006533e-19 6.271569558111027225e-20
6.445751358864627036e+03 6.631977461370294253e-19 6.281333813676973442e-20
6.450757286797682355e+03 6.169699005430587519e-19 6.330491589196709830e-20
6.455763214730737673e+03 5.655891747515753813e-19 6.426116651698945777e-20
6.460769142663793900e+03 6.420383046860213199e-19 6.679325062753907871e-20
6.465775070596850128e+03 4.902861451315378401e-19 6.940204507924225686e-20
6.470780998529905446e+03 5.941702093965804711e-19 6.825546423924500831e-20
6.475786926462960764e+03 5.525852743978710372e-19 6.583925205562717779e-20
6.480792854396016992e+03 4.787957304719423873e-19 6.430491635610045547e-20
6.485798782329072310e+03 6.609623037611909012e-19 6.408695514844037848e-20
6.490804710262127628e+03 5.989606273356279292e-19 6.671233943240365913e-20
6.495810638195183856e+03 7.882632804378299895e-19 7.243930988625211723e-20
6.500816566128239174e+03 6.618498387434381203e-19 7.471385854697114358e-20
6.505822494061295401e+03 7.595763888982067637e-19 7.099757813702899778e-20
6.510828421994350720e+03 5.855068136977036029e-19 6.911358131977219227e-20
6.515834349927406947e+03 5.319695095756894046e-19 6.988157199088793260e-20
6.520840277860462265e+03 6.317056908390574427e-19 7.148201785142333958e-20
6.525846205793517584e+03 6.172776875889988527e-19 7.460235734478690811e-20
6.530852133726573811e+03 8.370201505285782714e-19 7.623084938235193603e-20
6.535858061659629129e+03 6.478308767962543656e-19 7.419418722810566502e-20
6.540863989592685357e+03 6.635854358838071225e-19 6.994081713165506303e-20
6.545869917525740675e+03 7.053143220928540203e-19 6.989449951936484899e-20
6.550875845458796903e+03 7.697170033161528609e-19 7.030709269081693015e-20
6.555881773391852221e+03 7.080992117146764797e-19 6.895423634482579295e-20
6.560887701324907539e+03 6.311279825058579726e-19 6.548056657250460628e-20
6.565893629257963767e+03 6.114299868103910422e-19 6.429349592159593248e-20
6.570899557191019085e+03 6.067871507420456443e-19 6.376860537298699419e-20
6.575905485124075312e+03 5.935520378720969446e-19 6.362861367264201440e-20
6.580911413057130630e+03 4.821750484113820601e-19 6.173626343404860571e-20
6.585917340990186858e+03 4.192838624022199842e-19 5.849163460277058908e-20
6.590923268923242176e+03 4.869491275069756716e-19 5.842555127733611826e-20
6.595929196856297494e+03 4.927907305644011971e-19 5.944231269072700598e-20
6.600935124789353722e+03 6.466943713673723243e-19 6.053759478376968200e-20
6.605941052722409040e+03 5.408784426125023503e-19 6.017487489206638440e-20
6.610946980655464358e+03 5.784159857602259902e-19 5.885633257310539442e-20
6.615952908588520586e+03 6.288583857712350508e-19 5.886027884642040273e-20
6.620958836521576814e+03 7.387018416297340767e-19 5.964963933166808398e-20
6.625964764454632132e+03 6.120946719586053680e-19 6.112945715019212696e-20
6.630970692387687450e+03 6.386773185452808184e-19 6.233694635763766722e-20
6.635976620320743677e+03 6.196492440436597942e-19 6.295339279715020653e-20
6.640982548253798996e+03 5.620401477551354212e-19 6.308615637489315631e-20
6.645988476186854314e+03 5.151507178080004075e-19 6.396719773899596446e-20
6.650994404119910541e+03 7.322862870604167721e-19 6.544412756491136758e-20
6.656000332052965859e+03 5.484491917195362560e-19 6.638159323260534383e-20
6.661006259986022087e+03 5.281414592299167529e-19 6.576285196193173290e-20
6.666012187919077405e+03 5.661740713999592286e-19 6.479311750030037971e-20
6.671018115852133633e+03 6.552817117879550823e-19 6.320919541580219216e-20
6.676024043785188951e+03 5.177179103522084595e-19 6.191618079054587991e-20
6.681029971718244269e+03 5.848375450257056013e-19 6.087910399615240194e-20
6.686035899651300497e+03 7.363240643981904716e-19 6.018275067333646078e-20
6.691041827584355815e+03 6.212476073983801131e-19 5.953589489046601301e-20
6.696047755517412043e+03 6.648737328413089085e-19 5.895681521015804059e-20
6.701053683450467361e+03 5.891333586644383272e-19 5.870259478243188940e-20
6.706059611383523588e+03 6.966382120945822734e-19 5.810837724928270740e-20
6.711065539316578906e+03 6.758224606618488677e-19 5.736421613642332309e-20
6.716071467249634225e+03 6.731230524319091607e-19 5.711394042329341220e-20
6.721077395182690452e+03 7.152474325845781431e-19 5.671888105237724697e-20
6.726083323115745770e+03 6.636928976419741911e-19 5.672807430365292753e-20
6.731089251048801998e+03 5.752043399268797791e-19 5.665707249961229148e-20
6.736095178981857316e+03 7.020486225257356039e-19 5.715918764051853297e-20
6.741101106914913544e+03 6.610465830630942950e-19 5.759183512231620615e-20
6.746107034847968862e+03 6.610050223074187434e-19 5.785593998027729048e-20
6.751112962781024180e+03 6.825131956376602430e-19 5.788817044649392610e-20
6.756118890714080408e+03 5.772156439772285890e-19 5.849962650066363867e-20
6.761124818647135726e+03 6.541023043803923847e-19 5.905488435429440372e-20
6.766130746580191044e+03 5.405554591800819000e-19 5.984697348695324203e-20
6.771136674513247272e+03 5.402909124597408549e-19 6.038407397974659559e-20
6.776142602446303499e+03 7.616109558543578401e-19 6.144916246480344781e-20
6.781148530379358817e+03 6.007401190533747381e-19 6.265045894841472123e-20
6.786154458312414135e+03 5.000550133681025298e-19 6.239974681157042608e-20
6.791160386245470363e+03 5.060795335680221008e-19 6.091175880781521583e-20
6.796166314178525681e+03 6.331851737869008173e-19 5.969838997780478293e-20
6.801172242111580999e+03 6.870402495558585785e-19 5.840767927018718368e-20
6.806178170044637227e+03 5.567617094765789979e-19 5.740914871770987032e-20
6.811184097977693455e+03 4.525530740713511054e-19 5.639841094122947662e-20
6.816190025910748773e+03 7.823742881220742050e-19 5.583529064961324269e-20
6.821195953843804091e+03 6.737963404753316208e-19 5.937912640048016832e-20
6.826201881776860318e+03 6.252736712189565963e-19 6.714284761770324372e-20
6.831207809709915637e+03 5.274353537236337269e-19 7.018686751037528488e-20
6.836213737642970955e+03 2.937041417164004263e-19 6.457647168421069431e-20
6.841219665576027182e+03 2.708465049687309415e-19 5.734978262777389466e-20
6.846225593509082501e+03 3.460434235295068459e-19 5.482925295886202356e-20
6.851231521442138728e+03 5.638165638995906625e-19 5.376154456218486003e-20
6.856237449375194046e+03 4.705687048504798443e-19 5.972425535809147021e-20
6.861243377308250274e+03 5.702863708065518493e-19 6.762311764593608456e-20
6.866249305241305592e+03 6.859685927197086782e-19 6.704854041635689171e-20
6.871255233174360910e+03 5.196135543964068387e-19 5.707666005491857516e-20
6.876261161107417138e+03 7.270531304244251472e-19 5.565674256249579767e-20
6.881267089040473365e+03 6.574417731826074794e-19 5.766465760498924712e-20
6.886273016973527774e+03 7.122485614759235692e-19 5.976729609042443664e-20
6.891278944906584002e+03 7.412816654141939634e-19 5.984134843175829423e-20
6.896284872839640229e+03 5.687722651353270099e-19 6.100672248640009660e-20
6.901290800772695547e+03 5.837360965027833560e-19 6.191584896152957369e-20
6.906296728705750866e+03 6.338084828941787774e-19 6.409615056017919186e-20
6.911302656638807093e+03 6.623783781371748262e-19 6.520782046773620855e-20
6.916308584571862411e+03 7.174000781959778536e-19 6.824522054821659631e-20
6.921314512504917730e+03 4.627529137073799328e-19 6.798868699624689472e-20
6.926320440437973957e+03 5.851184277417143584e-19 6.489921682468600022e-20
6.931326368371030185e+03 5.188685515079839572e-19 5.874249658485978699e-20
6.936332296304085503e+03 4.981760263402023108e-19 5.996644090938990244e-20
6.941338224237140821e+03 6.268544558760484333e-19 6.315472640385691907e-20
6.946344152170197049e+03 4.783966392867352423e-19 6.506649368449714927e-20
6.951350080103252367e+03 5.716808347327456089e-19 6.296731175472265428e-20
6.956356008036307685e+03 5.911102447697878544e-19 5.543452086944344914e-20
6.961361935969363913e+03 5.381161834902149575e-19 5.446672850717549945e-20
6.966367863902420140e+03 5.448025886039070194e-19 5.596406491503009695e-20
6.971373791835475458e+03 5.520006929224378292e-19 5.862269074521914167e-20
6.976379719768530776e+03 5.429876165404024981e-19 5.945097126413380196e-20
6.981385647701587004e+03 6.232808377506070335e-19 5.820144938360155329e-20
6.986391575634642322e+03 5.348234459149889663e-19 5.407023023423859354e-20
6.991397503567697640e+03 5.629174216339265805e-19 5.373343357910919043e-20
6.996403431500753868e+03 4.989001346186755188e-19 5.477445330257218828e-20
7.001409359433810096e+03 4.540937987796087198e-19 5.626227744431977103e-20
7.006415287366865414e+03 6.190788629462514487e-19 5.857820829495916425e-20
7.011421215299920732e+03 5.432106880107409329e-19 5.834466181545996467e-20
7.016427143232976960e+03 5.460294880900938742e-19 5.738965675904600811e-20
7.021433071166032278e+03 5.250352857041610280e-19 5.677821087886888287e-20
7.026438999099087596e+03 6.288730388020037825e-19 5.789513955208334745e-20
7.031444927032143823e+03 5.145696700784408278e-19 5.906394274897982857e-20
7.036450854965200051e+03 5.028878766653246446e-19 6.091897358492262170e-20
7.041456782898254460e+03 6.515420710925144294e-19 6.311082708167322798e-20
7.046462710831310687e+03 6.058096199699594059e-19 6.369466390710450187e-20
7.051468638764366915e+03 4.191998913371488353e-19 6.149907752405643690e-20
7.056474566697422233e+03 5.521296207358217315e-19 5.856191908661301116e-20
7.061480494630477551e+03 5.561108246015050102e-19 5.781621701228647803e-20
7.066486422563533779e+03 5.233122654835118909e-19 5.738495956544598835e-20
7.071492350496589097e+03 4.992536769256706547e-19 5.647922625371925516e-20
7.076498278429644415e+03 5.165164388142777752e-19 5.590499895700892377e-20
7.081504206362700643e+03 6.663295716297636108e-19 5.547812139278737198e-20
7.086510134295756870e+03 6.253276110025469034e-19 5.521703883482464102e-20
7.091516062228812189e+03 5.569410782581679431e-19 5.412074033495646611e-20
7.096521990161867507e+03 6.002948094959172596e-19 5.294785303425428812e-20
7.101527918094923734e+03 5.905857269476270642e-19 5.250156385768185177e-20
7.106533846027979052e+03 6.342971437761965040e-19 5.249796730390329175e-20
7.111539773961034371e+03 5.530767090273881631e-19 5.266062911111096508e-20
7.116545701894090598e+03 5.429096528814137803e-19 5.264636854612385566e-20
7.121551629827146826e+03 5.628852803911119136e-19 5.346004646241855970e-20
7.126557557760202144e+03 6.224824466718594134e-19 5.447746937511929364e-20
7.131563485693257462e+03 5.117531107215227711e-19 5.515979067440167535e-20
7.136569413626313690e+03 5.289741442286825067e-19 5.600738670766777010e-20
7.141575341559369008e+03 6.085333602804092689e-19 5.794307320029668960e-20
7.146581269492424326e+03 5.576051901643542043e-19 5.886611676895962048e-20
7.151587197425480554e+03 7.067202490570417777e-19 5.882052490419399296e-20
7.156593125358536781e+03 5.332983043725509256e-19 5.928483964449920899e-20
7.161599053291592099e+03 5.764291246342426052e-19 6.086144725152378393e-20
7.166604981224647418e+03 5.532260728476333799e-19 6.120216207182202443e-20
7.171610909157703645e+03 5.798148748634516123e-19 6.052051992162621528e-20
7.176616837090758963e+03 5.627455260510529047e-19 5.928038556892931255e-20
7.181622765023814281e+03 5.393826639982459664e-19 5.738292293153447235e-20
7.186628692956870509e+03 5.474583185071881277e-19 5.547565662479824957e-20
7.191634620889926737e+03 5.153075841894689810e-19 5.429793074595288846e-20
7.196640548822981145e+03 5.297921075890139414e-19 5.365543848637339801e-20
7.201646476756037373e+03 5.997629563529951200e-19 5.297724509328084639e-20
7.206652404689093601e+03 5.683676564924469837e-19 5.238005207422855829e-20
7.211658332622148919e+03 5.670497847096690611e-19 5.203608446871748841e-20
7.216664260555204237e+03 5.055528460832636334e-19 5.221825809561656453e-20
7.221670188488260465e+03 5.750262646138142024e-19 5.248283383231148293e-20
7.226676116421315783e+03 5.722869797769676388e-19 5.280776144003324413e-20
7.231682044354371101e+03 5.370684994281962004e-19 6.007129053099258759e-20
7.236687972287427328e+03 5.171413068294862777e-19 7.765496848676472137e-20
7.241693900220483556e+03 6.905183721987803373e-19 8.744117125430638913e-20
7.246699828153538874e+03 4.483475184451381497e-19 7.872444774859887553e-20
7.251705756086594192e+03 6.500303179409322067e-19 6.442510605993551290e-20
7.256711684019650420e+03 6.340585902077708108e-19 5.865156822721278687e-20
7.261717611952705738e+03 5.677043894834919525e-19 5.601342104530722641e-20
7.266723539885761056e+03 5.145017124201840598e-19 6.073936505388490577e-20
7.271729467818817284e+03 6.951894767867835111e-19 8.272811362425853699e-20
7.276735395751873511e+03 6.577721745413624361e-19 9.001423042885232172e-20
7.281741323684928830e+03 3.913675370712704497e-19 8.319601370467799114e-20
7.286747251617984148e+03 5.917819742970137302e-19 7.175821940017313176e-20
7.291753179551040375e+03 5.655085412969662121e-19 6.590697916964262998e-20
7.296759107484095694e+03 6.400230128938618767e-19 6.729266082051155294e-20
7.301765035417151012e+03 5.380742928214425297e-19 6.738064386325635814e-20
7.306770963350207239e+03 5.286139182662452794e-19 6.768376092784261116e-20
7.311776891283263467e+03 7.612673890503581388e-19 7.821334412464784773e-20
7.316782819216318785e+03 6.540696970434324992e-19 7.741877278548448295e-20
7.321788747149374103e+03 4.389285234731433375e-19 6.835107243856350942e-20
7.326794675082430331e+03 5.936631503274905869e-19 6.373727363701832523e-20
7.331800603015485649e+03 6.667130884387954846e-19 6.687314174367322859e-20
7.336806530948540967e+03 6.498512174078135335e-19 7.668968051568179955e-20
7.341812458881597195e+03 5.364833620027992968e-19 7.660266104227423787e-20
7.346818386814653422e+03 5.687956914311190274e-19 6.222566386792109109e-20
7.351824314747707831e+03 5.363853792928359335e-19 5.759505696366744788e-20
7.356830242680764059e+03 6.406555090574444258e-19 6.079642870525131100e-20
7.361836170613820286e+03 8.199661166292766049e-19 6.710219993155988425e-20
7.366842098546875604e+03 6.374092900628097911e-19 7.164130399434447913e-20
7.371848026479930923e+03 5.224265015355180166e-19 6.954993007858020920e-20
7.376853954412987150e+03 5.409566634240874774e-19 5.568359972738820530e-20
7.381859882346043378e+03 5.699801971452913494e-19 5.247422227090278972e-20
7.386865810279097786e+03 5.141073607333476694e-19 5.779423705005104559e-20
7.391871738212154014e+03 6.638747450138884075e-19 6.108376272306417761e-20
7.396877666145210242e+03 6.341493753872895172e-19 6.859373184119761418e-20
7.401883594078265560e+03 3.928707365634575059e-19 6.815971477912511313e-20
7.406889522011320878e+03 4.881706819852608920e-19 6.322328982677033994e-20
7.411895449944377106e+03 5.271442150811403414e-19 5.671797651310529309e-20
7.416901377877432424e+03 5.029113317298861623e-19 5.742714066879679716e-20
7.421907305810487742e+03 4.611027810107737282e-19 5.903516754141038681e-20
7.426913233743543969e+03 5.618763794114224138e-19 6.103694116329898698e-20
7.431919161676600197e+03 5.914570478273210722e-19 6.418904606509181360e-20
7.436925089609655515e+03 5.991913177233167797e-19 6.337396073380968800e-20
7.441931017542710833e+03 5.775551315397215793e-19 5.974264808181499610e-20
7.446936945475767061e+03 5.537314732768465122e-19 5.329789735660143268e-20
7.451942873408822379e+03 5.077789079271100510e-19 5.235465259404052964e-20
7.456948801341877697e+03 4.676597470484310176e-19 5.328864058368805282e-20
7.461954729274933925e+03 5.369667606694193063e-19 5.566870110704085259e-20
7.466960657207990153e+03 5.754052630979778752e-19 5.940165975344415943e-20
7.471966585141045471e+03 6.242064262952251559e-19 6.113555011375211392e-20
7.476972513074100789e+03 5.381489713707816592e-19 6.323541931277670664e-20
7.481978441007157016e+03 6.089699082122062806e-19 6.124457373847955553e-20
7.486984368940212335e+03 5.642179886444208640e-19 5.727291671523923522e-20
7.491990296873267653e+03 5.755961702482055515e-19 5.336729134280396640e-20
7.496996224806323880e+03 5.481353189468306373e-19 5.283755892624079838e-20
7.502002152739380108e+03 5.008257108093399718e-19 5.154953907551256813e-20
7.507008080672435426e+03 4.888400322679594266e-19 5.177446621942724856e-20
7.512014008605490744e+03 4.936617859741739824e-19 5.363737052236227126e-20
7.517019936538546972e+03 5.793459613567829972e-19 6.342365479324995908e-20
7.522025864471602290e+03 4.259932279689500473e-19 7.329300507620616352e-20
7.527031792404657608e+03 7.249483888269702765e-19 7.446583451596848477e-20
7.532037720337713836e+03 3.217922136604547030e-19 6.403417015135149590e-20
7.537043648270770063e+03 2.700013049254654331e-19 6.124871944935261156e-20
7.542049576203824472e+03 5.122828516115122856e-19 5.982254893707185559e-20
7.547055504136880700e+03 4.830879166653540623e-19 6.004117870626894659e-20
7.552061432069936927e+03 4.625947767221392242e-19 6.288157464657212095e-20
7.557067360002992245e+03 5.774751609469539558e-19 6.281655935370953535e-20
7.562073287936047564e+03 4.046574610484120474e-19 6.241367417485830221e-20
7.567079215869103791e+03 5.946372411133087750e-19 6.934978546738076232e-20
7.572085143802159109e+03 6.251863002037530254e-19 6.970069127892077315e-20
7.577091071735214427e+03 5.321379553838534436e-19 6.280338601889394110e-20
7.582096999668270655e+03 5.217196983582945193e-19 5.856813854215144364e-20
7.587102927601326883e+03 3.724252381914277566e-19 5.762419339276167438e-20
7.592108855534382201e+03 3.355549642394357172e-19 5.595405429258027524e-20
7.597114783467437519e+03 2.346117369915527394e-19 5.393547940094034666e-20
7.602120711400493747e+03 2.964244251521256679e-19 5.117213417095283766e-20
7.607126639333549065e+03 5.405303986524465025e-19 4.743192615807193880e-20
7.612132567266604383e+03 4.482082687063097490e-19 5.099629143389633273e-20
7.617138495199660611e+03 5.240539597584934470e-19 5.386334607229631565e-20
7.622144423132716838e+03 4.634802605527122100e-19 5.640489098558960290e-20
7.627150351065772156e+03 2.873166536121425505e-19 5.527782890948461153e-20
7.632156278998827474e+03 7.416633211147834115e-19 5.383104077198323651e-20
7.637162206931883702e+03 4.779123299231443485e-19 5.042352489789484981e-20
7.642168134864939020e+03 5.221009460057152590e-19 5.091414956042076127e-20
7.647174062797994338e+03 5.005026034441350463e-19 5.306849100859177966e-20
7.652179990731050566e+03 5.967783267120085496e-19 5.488598874583995218e-20
7.657185918664106794e+03 5.636513724173425666e-19 5.860931712713900273e-20
7.662191846597162112e+03 4.975305912189710733e-19 5.917730211785256016e-20
7.667197774530217430e+03 5.195542076856459764e-19 5.845953487602322065e-20
7.672203702463273657e+03 4.949105342788458634e-19 5.700900291466319946e-20
7.677209630396328976e+03 4.511958237474181426e-19 5.864869375526231626e-20
7.682215558329384294e+03 4.369867025811137546e-19 6.020114869996447436e-20
7.687221486262440521e+03 3.934599218314059583e-19 6.063142275477261964e-20
7.692227414195496749e+03 5.398462421212345318e-19 5.984028803016283755e-20
7.697233342128551158e+03 5.716256706378641339e-19 5.875524451252922939e-20
7.702239270061607385e+03 4.876512793803406844e-19 5.841607237772812749e-20
7.707245197994663613e+03 7.637782939151126182e-19 7.659626521257763882e-20
7.712251125927718931e+03 6.022254251832770891e-19 9.514025189720127895e-20
7.717257053860774249e+03 4.571769484891698842e-19 9.164692299961393714e-20
7.722262981793830477e+03 4.272351594547865762e-19 7.339989274727945157e-20
7.727268909726885795e+03 4.995183091652964399e-19 6.106500498982872258e-20
7.732274837659941113e+03 5.082797168891181037e-19 5.582547209534796838e-20
7.737280765592997341e+03 5.158287544506183222e-19 5.375800799241997174e-20
7.742286693526053568e+03 4.634509825126626283e-19 6.307152332596198157e-20
7.747292621459108886e+03 6.294503893717781999e-19 8.343621905615056752e-20
7.752298549392164205e+03 4.334937521399979370e-19 8.735497949196611227e-20
7.757304477325220432e+03 5.327683753330155325e-19 7.475461992492388354e-20
7.762310405258275750e+03 4.868023612245619697e-19 6.503021037832064894e-20
7.767316333191331069e+03 4.623508559506183936e-19 6.337763600841112853e-20
7.772322261124387296e+03 5.994718373718992395e-19 6.681112107150233966e-20
7.777328189057443524e+03 4.988129601264496976e-19 7.111198985041115269e-20
7.782334116990498842e+03 5.113481524333636974e-19 6.666410443356311517e-20
7.787340044923554160e+03 6.270823351838354273e-19 7.645331472086455096e-20
7.792345972856610388e+03 4.349190593686355386e-19 8.780587002877592785e-20
7.797351900789665706e+03 3.845777955602803806e-19 8.482367015028806018e-20
7.802357828722721024e+03 5.442775978643453369e-19 7.232781644410029810e-20
7.807363756655777252e+03 6.995582858873574637e-19 7.539165568691909229e-20
7.812369684588833479e+03 5.828852506823212271e-19 7.738878708691142232e-20
7.817375612521888797e+03 5.833709133191123908e-19 9.240168240264823854e-20
7.822381540454944115e+03 4.537491979438465289e-19 9.143698865631294519e-20
7.827387468388000343e+03 4.917215113174667892e-19 7.248501800248212710e-20
7.832393396321055661e+03 5.405912328857881093e-19 5.948380113964832068e-20
7.837399324254110979e+03 4.074729906804828602e-19 6.636977075196997296e-20
7.842405252187167207e+03 4.002334201873768538e-19 6.896637357806314836e-20
7.847411180120223435e+03 6.942199335647769312e-19 8.453469379521223297e-20
7.852417108053277843e+03 7.483151484697237979e-19 9.309369412319942134e-20
7.857423035986334071e+03 4.092106148319738669e-19 8.972990463491651451e-20
7.862428963919390299e+03 4.770882353385290650e-19 7.624865648440335417e-20
7.867434891852445617e+03 5.414262169634444272e-19 7.515253796558143967e-20
7.872440819785500935e+03 5.880383057981419959e-19 7.525303221948244667e-20
7.877446747718557162e+03 3.932981178359419315e-19 7.098168493095776907e-20
7.882452675651613390e+03 3.779165551291561545e-19 7.427709651612548828e-20
7.887458603584667799e+03 4.327935209085548817e-19 7.624242744208216327e-20
7.892464531517724026e+03 3.624192134479833783e-19 7.275879221366728821e-20
7.897470459450780254e+03 5.415735879592612812e-19 5.934025564628589352e-20
7.902476387383835572e+03 4.932931764732386725e-19 5.749045321589367122e-20
7.907482315316890890e+03 7.140825933782020096e-19 8.388396993692494455e-20
7.912488243249947118e+03 4.609501151347699279e-19 1.001891834082706509e-19
7.917494171183002436e+03 5.333614478213398911e-19 1.033729593596408322e-19
7.922500099116057754e+03 5.018239455775663375e-19 8.366120819252940707e-20
7.927506027049113982e+03 4.512957712026895926e-19 7.946576338495806430e-20
7.932511954982170209e+03 4.739827282847072997e-19 7.474639418980725933e-20
7.937517882915225528e+03 4.235717324614540818e-19 6.554726874103537094e-20
7.942523810848280846e+03 4.712099466857189277e-19 6.545009027684303118e-20
7.947529738781337073e+03 3.642838429079663353e-19 6.833657292528306945e-20
7.952535666714392391e+03 3.689122536531746553e-19 6.453418959087855372e-20
7.957541594647447710e+03 6.823988790649151143e-19 7.168037137027384586e-20
7.962547522580503937e+03 5.259301547571740403e-19 8.554364161099059449e-20
7.967553450513560165e+03 3.378708418303934904e-19 8.266445862575688101e-20
7.972559378446615483e+03 5.932148284111446157e-19 6.873704296050648551e-20
7.977565306379670801e+03 4.038697011634510970e-19 7.012777479553634923e-20
7.982571234312727029e+03 6.421189561393513917e-19 6.844696985527157131e-20
7.987577162245782347e+03 6.768995337208327482e-19 7.942151425236352836e-20
7.992583090178837665e+03 6.270947924471767325e-19 8.674264773867577092e-20
7.997589018111893893e+03 2.160504001100073758e-19 7.920205746013606036e-20
8.002594946044950120e+03 3.540313493689122778e-19 5.746896979589497542e-20
8.007600873978005438e+03 3.834959716285461868e-19 6.100857991614725602e-20
8.012606801911060757e+03 4.441720075114380216e-19 6.630999263002147216e-20
8.017612729844116984e+03 5.695642178261815053e-19 7.237275213915021259e-20
8.022618657777172302e+03 5.689011286163182156e-19 8.267527782536484882e-20
8.027624585710227620e+03 6.709590199464307244e-19 8.319900698564334616e-20
8.032630513643283848e+03 4.726638223734306042e-19 6.741891590338600322e-20
8.037636441576340076e+03 3.476914422401802725e-19 5.855590391579032427e-20
8.042642369509394484e+03 3.867336578990694921e-19 5.947850867338024614e-20
8.047648297442450712e+03 4.156421674358400745e-19 6.579541739018243031e-20
8.052654225375506940e+03 5.420930788131738873e-19 6.909229574297155273e-20
8.057660153308562258e+03 6.245368224506512706e-19 7.712304700239724355e-20
8.062666081241617576e+03 5.042299565655060218e-19 7.574226721035526506e-20
8.067672009174673803e+03 4.183113643352053553e-19 6.686446468266415073e-20
8.072677937107729122e+03 5.150905420575322096e-19 5.885380251388144156e-20
8.077683865040784440e+03 4.180190004229345797e-19 5.838995924651762256e-20
8.082689792973840667e+03 5.516476632736202828e-19 5.732686595300723332e-20
8.087695720906896895e+03 4.712906852855067865e-19 5.793631146435883297e-20
8.092701648839952213e+03 4.366136005528385148e-19 5.789749984938727187e-20
8.097707576773007531e+03 3.691099735907231016e-19 6.089608901130776826e-20
8.102713504706063759e+03 4.934119782735755595e-19 5.981035032387432877e-20
8.107719432639119077e+03 5.014341389745238770e-19 5.646562410219075424e-20
8.112725360572174395e+03 4.555244700050805392e-19 5.234362416179065996e-20
8.117731288505230623e+03 4.494748169421649908e-19 5.217247988420719984e-20
8.122737216438286850e+03 4.480653124424110675e-19 5.248106662367694850e-20
8.127743144371342169e+03 4.315992673385581563e-19 5.347614464674650886e-20
8.132749072304397487e+03 4.101063609414085984e-19 5.512121117791366289e-20
8.137755000237453714e+03 3.096155328512041922e-19 5.660051802676005706e-20
8.142760928170509032e+03 3.186939994377673435e-19 5.852023516810010199e-20
8.147766856103564351e+03 4.227758798888223214e-19 5.803981117351824579e-20
8.152772784036620578e+03 4.714725634389476286e-19 5.695396201488022616e-20
8.157778711969676806e+03 3.254661163122731125e-19 5.661850476112438251e-20
8.162784639902732124e+03 4.650574203061020250e-19 5.743250886328277804e-20
8.167790567835787442e+03 3.762388343768200871e-19 5.851598119810540820e-20
8.172796495768843670e+03 3.772988078989724384e-19 5.975181916893215050e-20
8.177802423701898988e+03 4.956654310814597367e-19 6.100670932712168878e-20
8.182808351634954306e+03 4.370748775740849176e-19 6.280698168586284939e-20
8.187814279568010534e+03 5.056885974627789216e-19 6.430529206028349076e-20
8.192820207501066761e+03 3.469092771086611443e-19 6.423964051804785415e-20
8.197826135434121170e+03 4.930503878157071139e-19 6.223872166388798895e-20
8.202832063367177398e+03 5.324716245365428149e-19 6.052657117252803990e-20
8.207837991300233625e+03 4.409490014560713684e-19 5.932514092770601572e-20
8.212843919233288034e+03 3.679258897147739543e-19 5.808666672435122560e-20
8.217849847166344261e+03 4.365737232806204107e-19 5.680749906915641532e-20
8.222855775099400489e+03 3.723083109992216144e-19 5.550211780163072081e-20
8.227861703032456717e+03 4.218457860791007028e-19 5.425738170400681629e-20
8.232867630965511125e+03 3.364121362220794744e-19 5.378275489981299558e-20
8.237873558898567353e+03 4.163376986050307403e-19 5.387735065054178029e-20
8.242879486831623581e+03 3.806325924364925676e-19 5.446779194859617559e-20
8.247885414764677989e+03 4.904520537529560278e-19 5.408358935315937899e-20
8.252891342697734217e+03 4.483674185506256963e-19 5.348063033498123424e-20
8.257897270630790445e+03 4.692320395767529979e-19 5.306676470789313315e-20
8.262903198563846672e+03 3.574387498516240712e-19 5.302541600023630357e-20
8.267909126496901081e+03 4.943928835961494493e-19 5.415175993395164092e-20
8.272915054429957308e+03 5.252246251739264210e-19 6.522010114354963716e-20
8.277920982363013536e+03 3.201524245143187435e-19 8.293580804018662264e-20
8.282926910296067945e+03 4.596247737523927936e-19 9.978921247698221642e-20
8.287932838229124172e+03 2.790584532381674120e-19 9.751084097517862550e-20
8.292938766162180400e+03 4.448523092467426473e-19 1.046928439645138568e-19
8.297944694095236628e+03 3.469027994035738063e-19 1.010207430855603664e-19
8.302950622028291036e+03 4.910012654557333974e-19 9.355100100380698225e-20
8.307956549961347264e+03 6.230543668198249058e-19 7.805309362528781218e-20
8.312962477894403492e+03 6.037468361537797713e-19 7.725467547323095536e-20
8.317968405827457900e+03 4.818599294246018621e-19 6.773255022521181719e-20
8.322974333760514128e+03 4.460663360219571636e-19 6.305928143341498090e-20
8.327980261693570355e+03 3.845869647309724882e-19 6.099903661556797104e-20
8.332986189626626583e+03 5.174771753786046548e-19 6.305791835368485071e-20
8.337992117559680992e+03 5.806512008814611761e-19 1.060457935886023627e-19
8.342998045492737219e+03 3.625821530577850768e-19 1.271621389961943697e-19
8.348003973425793447e+03 5.306048258748337496e-19 1.260489812275895873e-19
8.353009901358847856e+03 5.206091081382966385e-19 8.896008520502218964e-20
8.358015829291904083e+03 4.745801598534756617e-19 7.702421564612399737e-20
8.363021757224960311e+03 3.559295323021601787e-19 6.761258284617445069e-20
8.368027685158016538e+03 3.597038663865982071e-19 6.355292005112114441e-20
8.373033613091070947e+03 4.238857913942661206e-19 5.855299472422964808e-20
8.378039541024127175e+03 3.458593572462450317e-19 7.073051599565044618e-20
8.383045468957181583e+03 4.647181257624652953e-19 7.200136575570150939e-20
8.388051396890237811e+03 4.263045378931900825e-19 6.455463871748616865e-20
8.393057324823294039e+03 4.652382708056794851e-19 8.734486903385734505e-20
8.398063252756350266e+03 5.072366843625962626e-19 1.028520262082433707e-19
8.403069180689406494e+03 5.492707464381159867e-19 9.585094955043181758e-20
8.408075108622460903e+03 4.610379120225115578e-19 7.059065202267012195e-20
8.413081036555517130e+03 3.269929103606472585e-19 7.950542529150293566e-20
8.418086964488571539e+03 2.010449877878725402e-19 8.042304089698821507e-20
8.423092892421627766e+03 5.270090578576872069e-19 9.290734787663086192e-20
8.428098820354683994e+03 2.394181581813471024e-19 1.197817227178592252e-19
8.433104748287740222e+03 4.171323997179185008e-19 1.174937648322601624e-19
8.438110676220796449e+03 3.693244457482271100e-19 7.486659748214098311e-20
8.443116604153850858e+03 2.629308386051029833e-19 6.995481768840608357e-20
8.448122532086907086e+03 5.246405733750910523e-19 8.594879560041038865e-20
8.453128460019961494e+03 5.052381871623736538e-19 8.478598444479110674e-20
8.458134387953017722e+03 5.420273760201788686e-19 9.181700985966487981e-20
8.463140315886073950e+03 2.977248231755042960e-19 1.037732149848576281e-19
8.468146243819130177e+03 3.163067683792143941e-19 9.754264774544413617e-20
8.473152171752186405e+03 3.855354676499922166e-19 6.491158793157319885e-20
8.478158099685240813e+03 3.217732720536609608e-19 5.683199793461231061e-20
8.483164027618297041e+03 4.011207347545118536e-19 5.570023582637312779e-20
8.488169955551351450e+03 2.891597237703339998e-19 6.501572816852256183e-20
8.493175883484407677e+03 3.445901389046108394e-19 6.762765906385364157e-20
8.498181811417463905e+03 3.366970183211654656e-19 7.553935708144130052e-20
8.503187739350520133e+03 3.500562489212358891e-19 7.832103999505087502e-20
8.508193667283574541e+03 3.076509760354962082e-19 7.339585460488599228e-20
8.513199595216630769e+03 4.132660726513840508e-19 5.521487032675665235e-20
8.518205523149686996e+03 3.787941158005592968e-19 5.248518885414352274e-20
8.523211451082741405e+03 4.992826335350180884e-19 5.308887025364919061e-20
8.528217379015797633e+03 4.412708942490413429e-19 5.312162826148283070e-20
8.533223306948853860e+03 3.733207937663632184e-19 5.833918082901345676e-20
8.538229234881910088e+03 4.009297471019944126e-19 6.185700886844088165e-20
8.543235162814964497e+03 4.622158357358049578e-19 6.995772123613081905e-20
8.548241090748020724e+03 4.815332840910916761e-19 7.138154810942265917e-20
8.553247018681076952e+03 3.595324029513920056e-19 6.854426550501718406e-20
8.558252946614131361e+03 3.685046231905112591e-19 6.010230598570111671e-20
8.563258874547187588e+03 4.863813487736996444e-19 6.086671036708093475e-20
8.568264802480243816e+03 3.948375908208242121e-19 6.296929844036302151e-20
8.573270730413300043e+03 3.155184334522005530e-19 6.392440738978430406e-20
8.578276658346354452e+03 4.796853631387351456e-19 6.252562796458917655e-20
8.583282586279410680e+03 4.690831019661534916e-19 6.372588633051702489e-20
8.588288514212466907e+03 4.267444213615294207e-19 6.418674106729086165e-20
8.593294442145521316e+03 4.015486477421644348e-19 6.528206181733498734e-20
8.598300370078577544e+03 3.416067104092411165e-19 6.233810201574762518e-20
8.603306298011633771e+03 3.806262237936698552e-19 5.893938932641289260e-20
8.608312225944689999e+03 3.177065766803299934e-19 6.094104990604074256e-20
8.613318153877744408e+03 4.421712672634468986e-19 6.979405410097827732e-20
8.618324081810800635e+03 3.259676874104667620e-19 8.139273871869772908e-20
8.623330009743856863e+03 4.510665178977315253e-19 9.083457232357224193e-20
8.628335937676911271e+03 5.217509480831339782e-19 9.500763321816919801e-20
8.633341865609967499e+03 7.681182096669564419e-19 9.041286746730403102e-20
8.638347793543023727e+03 4.724800320566316174e-19 7.920995427014892626e-20
8.643353721476079954e+03 3.826420729681376680e-19 7.427436998663225119e-20
8.648359649409134363e+03 6.512372395491513385e-19 8.260732416016207065e-20
8.653365577342190591e+03 2.656736423444828192e-19 9.471905268158175986e-20
8.658371505275246818e+03 3.734780995808371486e-19 9.863133885195104439e-20
8.663377433208301227e+03 3.022600634835888108e-19 9.735660264189487316e-20
8.668383361141357454e+03 4.275679039197975826e-19 9.329973926334282007e-20
8.673389289074413682e+03 3.409512450848055603e-19 8.743031798606607863e-20
8.678395217007469910e+03 1.841309300460123685e-19 8.112525468892653882e-20
8.683401144940524318e+03 3.971001117580850553e-19 7.546365284403958785e-20
8.688407072873580546e+03 3.572351146635830102e-19 7.109579011038359138e-20
8.693413000806636774e+03 3.748441467763873746e-19 6.922836834670996741e-20
8.698418928739691182e+03 4.117840587437333323e-19 6.876306147375143538e-20
8.703424856672747410e+03 4.014666868662865508e-19 6.764682267371690071e-20
8.708430784605803638e+03 2.473961410041132530e-19 6.404681438669225047e-20
8.713436712538859865e+03 3.076288972484134143e-19 6.017806550325279388e-20
8.718442640471914274e+03 3.755198610129816085e-19 5.777379047550263702e-20
8.723448568404970501e+03 3.301995663088976449e-19 5.693991154449544950e-20
8.728454496338024910e+03 2.412540827011165087e-19 5.560998817399224998e-20
8.733460424271081138e+03 3.128311416824188083e-19 5.495542941111357736e-20
8.738466352204137365e+03 3.632755465135032349e-19 5.494115492758188517e-20
8.743472280137193593e+03 4.257667672423937071e-19 5.470266077517346094e-20
8.748478208070249821e+03 3.562136217822707670e-19 5.524974681214507881e-20
8.753484136003304229e+03 5.984603578623098183e-20 7.469316593928157559e-20
8.758490063936360457e+03 3.366550967892221009e-19 1.010610608132269929e-19
8.763495991869414866e+03 7.473374701046440579e-19 1.233633843061269993e-19
8.768501919802471093e+03 5.116148603232416026e-19 1.151814637540457526e-19
8.773507847735527321e+03 4.042064456433913077e-19 1.193794611443427732e-19
8.778513775668583548e+03 3.179245364564319705e-19 1.110969009338905046e-19
8.783519703601639776e+03 3.796827753622637078e-19 9.284488285263026057e-20
8.788525631534694185e+03 5.015522303921179250e-19 7.930238881830846803e-20
8.793531559467750412e+03 5.013292348419279794e-19 7.853278510343545573e-20
8.798537487400804821e+03 3.915361928892132936e-19 6.458092094496280758e-20
8.803543415333861049e+03 3.377342857063106065e-19 6.210049334925130361e-20
8.808549343266917276e+03 3.680728382632100032e-19 6.423747202363348101e-20
8.813555271199973504e+03 3.426278777897449416e-19 6.493368596403272051e-20
8.818561199133029731e+03 4.834179287605772781e-19 9.809187320567155804e-20
8.823567127066084140e+03 3.879135242997754809e-19 1.598463502103221822e-19
8.828573054999140368e+03 5.155316112373349881e-19 1.708862691101861836e-19
8.833578982932194776e+03 2.014724065735599724e-19 1.348896896015336162e-19
8.838584910865251004e+03 2.316874443923023389e-19 1.052391382947521158e-19
8.843590838798307232e+03 3.150251102380251498e-19 8.263414073330899361e-20
8.848596766731363459e+03 4.978350824553337862e-19 7.759631294626557597e-20
8.853602694664417868e+03 4.350315289729560411e-19 7.285557480334742943e-20
8.858608622597474096e+03 4.629893510462055333e-19 6.912144555498532682e-20
8.863614550530530323e+03 2.900574207418029097e-19 8.845210450333422235e-20
8.868620478463584732e+03 2.647560773866059422e-19 8.897833631694169929e-20
8.873626406396640959e+03 3.399513261517390477e-19 7.301649343024724011e-20
8.878632334329697187e+03 4.350582961930107932e-19 9.497040626928760153e-20
8.883638262262753415e+03 -1.010579533719790850e-20 1.277818851022054694e-19
8.888644190195807823e+03 -6.816383508711168537e-20 1.247340422331095775e-19
8.893650118128864051e+03 3.292058151238935547e-19 8.154247959895803236e-20
8.898656046061920279e+03 4.340298693650084508e-19 9.434244753179313790e-20
8.903661973994974687e+03 3.755034874967589652e-19 9.873572057425040743e-20
8.908667901928030915e+03 3.599306403776503121e-19 8.594913384998554787e-20
8.913673829861087142e+03 6.513866711347671777e-19 1.216981952405904683e-19
8.918679757794143370e+03 7.313086437991496541e-19 1.414735459799500959e-19
8.923685685727199598e+03 2.522650592826902707e-19 1.276482420185188867e-19
8.928691613660254006e+03 3.637860246596123902e-19 7.448483990741841310e-20
8.933697541593308415e+03 1.838413336284935551e-19 6.995855009925058912e-20
8.938703469526364643e+03 3.481004103449468129e-19 9.250264924195691374e-20
8.943709397459420870e+03 2.410518500142098502e-19 9.933847459585667130e-20
8.948715325392477098e+03 -4.957031048952319762e-20 9.747602836738421696e-20
8.953721253325533326e+03 5.217216576863691993e-19 1.350876253862701971e-19
8.958727181258589553e+03 4.263820754774480935e-19 1.448223157001143191e-19
8.963733109191643962e+03 2.579841210098108598e-19 1.133160996200067986e-19
8.968739037124698370e+03 3.971722779024925779e-19 7.492688229921240921e-20
8.973744965057754598e+03 3.521291339095995714e-19 7.419016889639004543e-20
8.978750892990810826e+03 4.889569570993837060e-19 7.666698953551312692e-20
8.983756820923867053e+03 2.653839725115050557e-19 9.266524013480699987e-20
8.988762748856923281e+03 9.566856736044870838e-20 9.441910233043232578e-20
8.993768676789977690e+03 4.426371813131714446e-19 9.977907955283281908e-20
8.998774604723033917e+03 6.183222946152596797e-19 1.116509575717908343e-19
9.003780532656088326e+03 6.981897342171726885e-19 1.064868577780081250e-19
9.008786460589144554e+03 3.934085944413904145e-19 7.422129883895482989e-20
9.013792388522200781e+03 4.111835497583174639e-19 6.476088053606503595e-20
9.018798316455257009e+03 4.070258664410805287e-19 6.491013377287636625e-20
9.023804244388313236e+03 3.610262101108310145e-19 6.601364352116055709e-20
9.028810172321367645e+03 3.401938372516162070e-19 6.747406127686737616e-20
9.033816100254423873e+03 2.356756575691734355e-19 7.608752049169906434e-20
9.038822028187478281e+03 2.568951606045844308e-19 7.904240394072925203e-20
9.043827956120534509e+03 3.418574040823878805e-19 8.837804972806927524e-20
9.048833884053590737e+03 5.372264208629593473e-19 9.182836906015101461e-20
9.053839811986646964e+03 5.314138149109452766e-19 8.798553882290792558e-20
9.058845739919703192e+03 2.443409087814675332e-19 7.345950797128228267e-20
9.063851667852757600e+03 2.065735546522484685e-19 7.448507969281296897e-20
9.068857595785813828e+03 2.504525090480217355e-19 7.631921275908083662e-20
9.073863523718868237e+03 3.565114903381743539e-19 7.658878926120176669e-20
9.078869451651924464e+03 4.003221501808294055e-19 7.709846858977223108e-20
9.083875379584980692e+03 2.502887359514132520e-19 7.897423113444849800e-20
9.088881307518036920e+03 2.416613942837720084e-19 8.416233668288835433e-20
9.093887235451093147e+03 3.014941640417431120e-19 8.554978902304775237e-20
9.098893163384147556e+03 4.691345672765792144e-19 8.762830860853685651e-20
9.103899091317203784e+03 4.273538063343446314e-19 8.332787790545745914e-20
9.108905019250258192e+03 3.025180177038354643e-19 7.393715622607851596e-20
9.113910947183314420e+03 3.023806750320157563e-19 6.753368502175710095e-20
9.118916875116370647e+03 3.278776409632740087e-19 6.600156805355980002e-20
9.123922803049426875e+03 2.990609523188336818e-19 6.472217814520507977e-20
9.128928730982483103e+03 3.698410802958743354e-19 6.434168916273654234e-20
9.133934658915537511e+03 3.989190991649123453e-19 6.438551219715801238e-20
9.138940586848593739e+03 3.219777012311904547e-19 6.497412422429801937e-20
9.143946514781648148e+03 3.165350594126399147e-19 6.690263689500240654e-20
9.148952442714704375e+03 2.539690892624750163e-19 7.131867069176727905e-20
9.153958370647760603e+03 2.500345260205030784e-19 7.572962118523749741e-20
9.158964298580816831e+03 2.478720521710909616e-19 7.677732911174876640e-20
9.163970226513873058e+03 4.091292135269620004e-19 7.520105523772917684e-20
9.168976154446927467e+03 3.366797776503976042e-19 7.042037811354130519e-20
9.173982082379983694e+03 3.375733781239868645e-19 7.045379989224835289e-20
9.178988010313038103e+03 3.205830778122074126e-19 7.078549625094916875e-20
9.183993938246094331e+03 2.460374226481338423e-19 7.132799523966598097e-20
9.188999866179150558e+03 3.359317761459718825e-19 7.200436225750837361e-20
9.194005794112206786e+03 4.133393607531873980e-19 7.249607808663014323e-20
9.199011722045263014e+03 4.161639174478687499e-19 7.356420785804734543e-20
9.204017649978317422e+03 4.762386654696457850e-19 7.450571870798431594e-20
9.209023577911373650e+03 3.478905078072534956e-19 7.675612066031877891e-20
9.214029505844428058e+03 2.397792001212351925e-19 7.861409526493552131e-20
9.219035433777484286e+03 4.503243561277196129e-19 8.040588689564064072e-20
9.224041361710540514e+03 4.035690181106891056e-19 7.832606948059554283e-20
9.229047289643596741e+03 3.357969820991903881e-19 7.482041217322358823e-20
9.234053217576652969e+03 3.276311155789977903e-19 7.021969036179952744e-20
9.239059145509707378e+03 2.625338136259324530e-19 6.935449355305742049e-20
9.244065073442761786e+03 2.279222759544041501e-19 7.073048931795600065e-20
9.249071001375818014e+03 3.361913236730157295e-19 7.200292585283936079e-20
9.254076929308874242e+03 3.993438918547520003e-19 7.193666023083590979e-20
9.259082857241930469e+03 3.970871122150157293e-19 7.231446038943859605e-20
9.264088785174986697e+03 4.540278541818751226e-19 7.212584125198036200e-20
9.269094713108042924e+03 2.696600457229582784e-19 6.994415357996010582e-20
9.274100641041097333e+03 3.375848359812561785e-19 6.797096367167689070e-20
9.279106568974151742e+03 3.988863956315708567e-19 6.872528313098808185e-20
9.284112496907207969e+03 3.993725427031500883e-19 7.126439389000871447e-20
9.289118424840264197e+03 2.606020604965584901e-19 7.389654195578915660e-20
9.294124352773320425e+03 3.591889471765164967e-19 7.312749522253310370e-20
9.299130280706376652e+03 3.643178303632889587e-19 9.293406116927823225e-20
9.304136208639432880e+03 4.159126883887413710e-19 1.360406394308811460e-19
9.309142136572487289e+03 4.029831445388146142e-19 1.740076134821357793e-19
9.314148064505541697e+03 3.900955570237131015e-19 1.686151001550649131e-19
9.319153992438597925e+03 3.839769248610893911e-19 1.650380877938002993e-19
9.324159920371654152e+03 3.839769248610893911e-19 1.513682668072675649e-19
9.329165848304710380e+03 3.843265609846688656e-19 1.291287844044348761e-19
9.334171776237766608e+03 4.005119403219137261e-19 1.112340787192084004e-19
9.339177704170821016e+03 5.200222998729874829e-19 1.084488915460981211e-19
9.344183632103877244e+03 4.856513097854359547e-19 9.592607364425694794e-20
9.349189560036931653e+03 3.163633043157798229e-19 8.686668757558434518e-20
9.354195487969987880e+03 3.198593361431689332e-19 8.345278581053994110e-20
9.359201415903044108e+03 3.203121321092959882e-19 8.054753603624177690e-20
9.364207343836100335e+03 2.624061345241245448e-19 8.706325602068521315e-20
9.369213271769156563e+03 3.656108829772583947e-19 1.578392478216891580e-19
9.374219199702210972e+03 3.532928586558504160e-19 1.926836660264230653e-19
9.379225127635267199e+03 3.940044888853184699e-19 1.763534119110301884e-19
9.384231055568321608e+03 3.845782989936466669e-19 1.059256427447269237e-19
9.389236983501377836e+03 2.065542970187487555e-19 8.645260691993523096e-20
9.394242911434434063e+03 5.287880469767809341e-19 8.584766960529265822e-20
9.399248839367490291e+03 3.736340520913245781e-19 9.704707978645428895e-20
9.404254767300546519e+03 1.796213029586857386e-19 9.657749083971900131e-20
9.409260695233600927e+03 4.217899210400071750e-19 8.445725085319173046e-20
9.414266623166657155e+03 6.576497249002029724e-19 1.042390544335878689e-19
9.419272551099711563e+03 8.696877673339348491e-19 1.181092385725129780e-19
9.424278479032767791e+03 5.461636490750491082e-19 1.100473147177662113e-19
9.429284406965824019e+03 3.582236541818419644e-19 9.211992740075476877e-20
9.434290334898880246e+03 4.907589914643760402e-19 1.539688432131187931e-19
9.439296262831936474e+03 5.572796698746356493e-19 1.774776159127944534e-19
9.444302190764990883e+03 3.048509001144932353e-19 1.560532884266266638e-19
9.449308118698047110e+03 6.089451418435748101e-19 1.081290445718860778e-19
9.454314046631101519e+03 3.208527182626135109e-19 1.362478862463309039e-19
9.459319974564157746e+03 7.197587671237500584e-19 1.409244178229208929e-19
9.464325902497213974e+03 1.673995816915275270e-19 1.176402634763999248e-19
9.469331830430270202e+03 8.255916098780991149e-19 1.339187132343626966e-19
9.474337758363326429e+03 3.754151168030017272e-19 1.786117808652893879e-19
9.479343686296380838e+03 4.430790457718092945e-19 1.740426463797814282e-19
9.484349614229437066e+03 3.960904759752180891e-19 1.161209236991800762e-19
9.489355542162491474e+03 3.298221636456234557e-19 9.127607576634792688e-20
9.494361470095547702e+03 3.536678592039392517e-19 1.006205019525322613e-19
9.499367398028603930e+03 4.914859346372146011e-19 1.277146631492138184e-19
9.504373325961660157e+03 5.395065604101213902e-19 1.295068693834656609e-19
9.509379253894716385e+03 4.233070679408306347e-19 1.103014644431402287e-19
9.514385181827770793e+03 4.361652454271278447e-19 1.376087394874064988e-19
9.519391109760827021e+03 3.742571440625622236e-19 1.463458986763803972e-19
9.524397037693881430e+03 2.039239711500647939e-19 1.247601158316045223e-19
9.529402965626937657e+03 3.851795113776331017e-19 9.300308579112320135e-20
9.534408893559993885e+03 3.916162596512903490e-19 9.139835255416204977e-20
9.539414821493050113e+03 2.938462084056142730e-19 8.883487327990749540e-20
9.544420749426106340e+03 3.943881422520556942e-19 9.385664524938027157e-20
9.549426677359160749e+03 5.814543325068570566e-19 1.126859820476648387e-19
9.554432605292216977e+03 6.255649150528973087e-19 1.172622040953852967e-19
9.559438533225271385e+03 3.260881331971941264e-19 1.198079161431484483e-19
9.564444461158327613e+03 3.543213115770812354e-20 1.500290816840635804e-19
9.569450389091383840e+03 6.738662304624519645e-19 1.547570281045108083e-19
9.574456317024440068e+03 4.240320112864247880e-19 1.214944270724612234e-19
9.579462244957496296e+03 2.780806312015892824e-19 1.012828317595058730e-19
9.584468172890550704e+03 3.247612722938570087e-19 1.023038594772618318e-19
9.589474100823605113e+03 2.414135462932333588e-19 1.053819499419115400e-19
9.594480028756661341e+03 1.836359497275710118e-19 1.059465423651235311e-19
9.599485956689717568e+03 2.086950957257701293e-19 1.091952576674574515e-19
9.604491884622773796e+03 4.758752953399516019e-19 1.196144403404578303e-19
9.609497812555830023e+03 1.316809340319020716e-19 1.184934495538755085e-19
9.614503740488886251e+03 3.839869976988391299e-19 1.201147014277345492e-19
9.619509668421940660e+03 4.601470788230677717e-19 1.239888976651216033e-19
9.624515596354995068e+03 3.759626280915378084e-19 1.190654593408954850e-19
9.629521524288051296e+03 3.347116095453709676e-19 1.021577339426588206e-19
9.634527452221107524e+03 2.528205185551467850e-19 9.765306715628422312e-20
9.639533380154163751e+03 1.743807256550440803e-19 9.582148467181317507e-20
9.644539308087219979e+03 1.641944182095299151e-19 9.703629588297383333e-20
9.649545236020274388e+03 3.958537777314820205e-19 1.009022956729512776e-19
9.654551163953330615e+03 4.167732397325385949e-19 1.050343080731926417e-19
9.659557091886385024e+03 2.738586815286574685e-19 1.087283950924392236e-19
9.664563019819441251e+03 1.786359380879481467e-19 1.211623073147129660e-19
9.669568947752497479e+03 4.595092968262195675e-19 1.260234726877535678e-19
9.674574875685553707e+03 3.422472679827394328e-19 1.323669220600709465e-19
9.679580803618609934e+03 1.305417426551634809e-19 1.398974367285878006e-19
9.684586731551664343e+03 5.936310470649319363e-19 1.388522805158727288e-19
9.689592659484720571e+03 2.174722719585406398e-19 1.261123923037365381e-19
9.694598587417774979e+03 8.402314740519633813e-19 1.433381742184218561e-19
9.699604515350831207e+03 6.998436977582834411e-19 1.477918287356788387e-19
9.704610443283887435e+03 5.129840777217816082e-19 1.418945442043565265e-19
9.709616371216943662e+03 3.995698576714623682e-19 1.368530207052775079e-19
9.714622299149999890e+03 4.620824412801683350e-19 1.667447478157828783e-19
9.719628227083054298e+03 -2.157719561966851282e-19 1.747490255011875070e-19
9.724634155016110526e+03 1.093692404977530097e-19 1.617070286635225332e-19
9.729640082949164935e+03 2.269085805075294201e-20 1.374705643183575260e-19
9.734646010882221162e+03 4.891720810245149231e-19 1.466256510078526891e-19
9.739651938815277390e+03 1.208232187149798465e-19 1.463463323789371565e-19
9.744657866748333618e+03 2.127285821054370611e-19 1.326225511924688273e-19
9.749663794681389845e+03 1.381326695306400097e-19 1.217652029941010800e-19
9.754669722614444254e+03 -5.921856437933143956e-21 1.124074681932731292e-19
9.759675650547500481e+03 -1.615032871755169634e-20 1.095391937148036399e-19
9.764681578480554890e+03 1.098230719611297380e-19 1.079958211583213712e-19
9.769687506413611118e+03 3.519062155109302176e-19 1.075163714235746994e-19
9.774693434346667345e+03 3.003129313352510164e-19 1.088651557815930797e-19
9.779699362279723573e+03 5.945673161187201659e-19 1.149276861298681592e-19
9.784705290212779801e+03 2.598501323876648464e-19 1.638708783122762281e-19
9.789711218145834209e+03 1.113882017989187238e-19 2.021813789675054222e-19
9.794717146078890437e+03 4.021565267202255327e-19 2.074569125064796009e-19
9.799723074011944846e+03 5.979239033617550294e-19 1.663824409360002301e-19
9.804729001945001073e+03 4.849532109663328352e-19 1.520767756438716391e-19
9.809734929878057301e+03 2.179885748935563725e-19 1.425535837963642448e-19
9.814740857811113528e+03 -9.099585207672891913e-20 1.421606239045360204e-19
9.819746785744169756e+03 -5.044089141555848264e-21 1.348835454954107524e-19
9.824752713677224165e+03 3.044408418066828444e-19 1.314273929504971351e-19
9.829758641610280392e+03 1.976990379639093706e-19 1.316152871254454733e-19
9.834764569543334801e+03 3.601411221686577589e-19 1.302615724200666961e-19
9.839770497476391029e+03 1.875696842477570791e-19 1.366194145578416748e-19
9.844776425409447256e+03 2.576989418520802025e-19 1.600085265786800704e-19
9.849782353342503484e+03 3.356304997805416860e-19 1.654083529056395523e-19
9.854788281275559712e+03 3.224804248500157084e-20 1.503297466042540066e-19
9.859794209208614120e+03 2.346674061415985179e-19 1.380203649840127304e-19
9.864800137141670348e+03 3.824113978554092850e-19 1.676689905055178408e-19
9.869806065074724756e+03 3.553671424150775287e-19 2.120595915179717747e-19
9.874811993007780984e+03 7.663123128758979757e-19 2.077151819039771102e-19
9.879817920940837212e+03 3.262093055399462680e-19 1.584951443740683880e-19
9.884823848873893439e+03 3.526662557513428372e-19 1.416927160345468003e-19
9.889829776806949667e+03 2.829022180327116377e-19 1.605301353761940085e-19
9.894835704740004076e+03 1.336084173919715439e-19 1.651177105518180364e-19
9.899841632673058484e+03 6.114809675553755837e-19 1.531648812875831415e-19
9.904847560606114712e+03 8.259214511524408085e-19 1.435217080959800739e-19
9.909853488539170939e+03 1.562333157800654599e-18 1.886169761244590139e-19
9.914859416472227167e+03 9.243967885673932046e-19 2.081793923857177523e-19
9.919865344405283395e+03 5.965883116769305273e-19 1.882445633164950594e-19
9.924871272338339622e+03 3.361651305458508321e-19 1.466052448598733585e-19
9.929877200271394031e+03 6.246884891119704421e-19 1.450779349633194041e-19
9.934883128204448440e+03 6.335788260920034705e-19 1.697562628175936595e-19
9.939889056137504667e+03 5.419009263540505204e-19 2.337218392114743766e-19
9.944894984070560895e+03 1.270925325341311027e-18 2.779519142689548023e-19
9.949900912003617123e+03 1.721263290916933516e-18 2.765640740052509806e-19
9.954906839936673350e+03 3.048304747733627637e-19 2.680678356147240465e-19
9.959912767869729578e+03 1.969355316879118117e-19 2.738577065080963505e-19
9.964918695802783986e+03 1.101271875006975646e-18 2.406229404519716414e-19
9.969924623735838395e+03 1.917761290490031007e-19 2.116896213070988654e-19
9.974930551668894623e+03 1.039851451201745352e-18 2.049198492598147165e-19
9.979936479601950850e+03 9.862101226630508611e-19 1.892836357177341558e-19
9.984942407535007078e+03 8.948178079001121152e-19 1.757143632794365990e-19
9.989948335468063306e+03 7.093779400496407593e-19 1.715014994906827002e-19
9.994954263401117714e+03 5.676771728806878946e-19 1.791153550802247937e-19
9.999960191334173942e+03 6.467459291119862447e-19 1.860811451284350444e-19
1.000496611926722835e+04 1.345131643194828564e-18 2.166706912047880840e-19
1.000997204720028458e+04 2.400697773292168824e-18 2.852716764197479222e-19
1.001497797513334081e+04 3.107178334333750680e-18 2.933869905416045035e-19
1.001998390306639703e+04 6.491085639650922105e-19 2.467147113096077058e-19
1.002498983099945326e+04 1.015249265964733221e-18 2.169000252569087844e-19
1.002999575893250767e+04 1.247087441683434114e-18 2.025716279487168714e-19
1.003500168686556390e+04 7.471452581286137383e-19 1.784357935145362759e-19
1.004000761479861831e+04 4.222142486557160470e-19 1.817928930563087882e-19
1.004501354273167453e+04 6.158526941253949899e-19 1.824701522757766301e-19
1.005001947066473076e+04 2.172022459980511842e-19 1.776747992829974348e-19
1.005502539859778699e+04 3.532095665656289437e-19 1.873407739171276700e-19
1.006003132653084322e+04 2.270303404927464187e-19 2.041045991127823188e-19
1.006503725446389763e+04 1.032464917752415873e-19 2.120614791502705260e-19
1.007004318239695385e+04 7.740683789848628960e-19 2.087413065380163944e-19
1.007504911033000826e+04 1.014930914137215324e-18 2.254388031425649180e-19
1.008005503826306449e+04 1.351414596862980082e-18 2.672051455815121859e-19
1.008506096619612072e+04 1.460907624865674281e-18 2.743433088931563875e-19
1.009006689412917694e+04 8.815588702624800810e-19 2.362296726120732992e-19
1.009507282206223317e+04 7.790359470870396162e-19 2.203477630828609257e-19
1.010007874999528758e+04 1.190463226317976517e-18 2.442387936483629583e-19
1.010508467792834381e+04 1.498864954719174420e-18 2.484305701737453447e-19
1.011009060586139822e+04 1.006945132530470761e-18 2.295241793774677371e-19
1.011509653379445444e+04 7.465475128077802720e-19 2.219615892294982317e-19
1.012010246172751067e+04 9.989240917675142288e-19 2.680898248550068561e-19
1.012510838966056690e+04 9.149141816972631610e-19 2.837674940830601011e-19
1.013011431759362313e+04 6.442783165827592510e-19 2.583556159037898327e-19
1.013512024552667754e+04 3.800155248163498201e-19 2.197948204940357644e-19
1.014012617345973376e+04 1.534145393800965464e-18 2.180959004383479314e-19
1.014513210139278817e+04 1.157908417319600525e-18 2.257881303802349487e-19
1.015013802932584440e+04 1.489325259247621143e-18 2.415345063514964715e-19
1.015514395725890063e+04 4.835771545076149375e-19 2.437355969552999831e-19
1.016014988519195686e+04 1.297361245702619525e-18 2.349275045160931513e-19
1.016515581312501308e+04 1.417753563855511403e-18 2.488532569064000256e-19
1.017016174105806749e+04 2.742060590893839883e-18 2.829969125789593736e-19
1.017516766899112372e+04 2.225478652039949394e-18 2.854317312151285947e-19
1.018017359692417813e+04 1.719090790807797983e-18 2.537556598499905073e-19
1.018517952485723436e+04 5.727830313416422944e-19 2.566215025042048030e-19
1.019018545279029058e+04 1.076132880574408676e-18 2.679698042851699938e-19
1.019519138072334681e+04 1.393338479972825176e-18 2.649071810463579085e-19
1.020019730865640304e+04 8.479616476526195727e-19 2.581040465964200317e-19
1.020520323658945745e+04 1.280471773530425967e-18 2.894999675296140722e-19
1.021020916452251367e+04 7.884639874348443263e-19 3.129874386933480432e-19
1.021521509245556808e+04 1.126529262327439142e-18 3.029181427398967696e-19
1.022022102038862431e+04 6.131920372350186717e-19 2.836572937625428989e-19
1.022522694832168054e+04 2.077646508966483142e-18 3.016054727002279884e-19
1.023023287625473677e+04 9.168785251049987313e-19 3.100920977299888771e-19
1.023523880418779299e+04 1.192427115609586942e-18 2.866638807327905261e-19
1.024024473212084740e+04 4.982448625759975532e-19 2.643215839113549705e-19
1.024525066005390181e+04 2.282259147857969940e-19 2.557072368051309625e-19
1.025025658798695804e+04 9.409793749651465387e-19 2.515742234243659176e-19
1.025526251592001427e+04 9.862012635879675212e-20 2.506127841677412638e-19
1.026026844385307049e+04 9.319970700784475866e-19 2.550825394436884892e-19
1.026527437178612672e+04 7.974188216262176554e-19 2.609483557574615102e-19
1.027028029971918295e+04 1.925072930415167926e-19 2.645823308829791602e-19
1.027528622765223736e+04 1.366327863572561043e-19 2.662454953750988043e-19
1.028029215558529177e+04 8.193628105622167282e-19 3.009758505931318227e-19
1.028529808351834799e+04 5.962196534715157953e-19 3.530485551188097879e-19
1.029030401145140422e+04 9.996546592250097942e-19 3.645628691854689995e-19
1.029530993938446045e+04 1.016234503773233358e-18 3.243256892598679420e-19
