#  wl flam flam_err
4.803806996822357178e+03 1.256687230307916641e-18 1.521588894208466541e-18
4.808812924755412496e+03 6.839960761764779283e-21 1.409491149951074926e-18
4.813818852688468723e+03 7.339945879098870689e-19 1.341205879131039861e-18
4.818824780621524042e+03 -1.394824118593123740e-19 1.271906952551416123e-18
4.823830708554580269e+03 -2.277719147510925476e-18 1.159746608271637552e-18
4.828836636487635587e+03 1.056553205652361057e-18 1.065252661192057645e-18
4.833842564420691815e+03 -1.851838661976750467e-18 9.851448647938038038e-19
4.838848492353747133e+03 -1.088065193646281630e-18 9.286432755688592255e-19
4.843854420286802451e+03 -3.816903213454427976e-19 8.714434084949462626e-19
4.848860348219858679e+03 -1.356499997019371850e-19 7.810485172240975660e-19
4.853866276152913997e+03 7.291187013245977189e-19 7.179860597842720106e-19
4.858872204085970225e+03 8.275021211746118740e-19 6.762609660320232313e-19
4.863878132019025543e+03 -2.453595133317756759e-19 6.564347271016058635e-19
4.868884059952080861e+03 3.871239284241439798e-19 6.207370679432297139e-19
4.873889987885137089e+03 4.814362160363498635e-19 5.668242161104524522e-19
4.878895915818192407e+03 8.139770896930770331e-19 5.215470066966039697e-19
4.883901843751248634e+03 1.030016066176018118e-18 4.887681239692529928e-19
4.888907771684303952e+03 5.398698414067013448e-19 4.707216067443680970e-19
4.893913699617360180e+03 -4.844766991572944992e-19 4.530065180241361690e-19
4.898919627550415498e+03 -3.855065166550224455e-19 4.256225167827255840e-19
4.903925555483470816e+03 -2.437397408606249709e-19 3.960498515955832792e-19
4.908931483416527044e+03 6.310963769472589391e-19 3.821178043950486779e-19
4.913937411349582362e+03 2.104124272016544476e-19 3.747076029498196348e-19
4.918943339282638590e+03 1.398655462090344800e-19 3.718435228076399615e-19
4.923949267215693908e+03 5.617711064889202048e-19 3.621767578545726927e-19
4.928955195148750136e+03 2.398584613431624922e-19 3.443051472633177101e-19
4.933961123081805454e+03 2.178231589744680400e-19 3.345643873520360018e-19
4.938967051014860772e+03 8.372637852000305826e-19 3.339682937812927008e-19
4.943972978947916999e+03 6.633355671524359252e-20 3.367263981819433597e-19
4.948978906880972318e+03 5.376933704123831569e-19 3.384948287776313258e-19
4.953984834814028545e+03 -1.623508972676949704e-19 3.236169175489929647e-19
4.958990762747083863e+03 -1.125447460928802379e-19 3.168985093269746504e-19
4.963996690680139181e+03 4.016307221926627742e-19 3.210908013121769719e-19
4.969002618613195409e+03 4.485498962601457297e-19 3.311775251221346115e-19
4.974008546546250727e+03 -1.206778965038747409e-19 3.265534644066926219e-19
4.979014474479306955e+03 -4.095498331042430228e-19 3.101092383458083400e-19
4.984020402412362273e+03 5.901511773147172194e-20 2.954820004698816110e-19
4.989026330345418501e+03 1.007179894195071173e-19 2.899772608237931471e-19
4.994032258278473819e+03 -1.620499035300410224e-19 2.884743641745626074e-19
4.999038186211529137e+03 7.918460631946341516e-19 2.863222320437227319e-19
5.004044114144585365e+03 1.834678373516375961e-18 2.709657227308891754e-19
5.009050042077640683e+03 9.205171535068066776e-19 2.463828869115665603e-19
5.014055970010696910e+03 -4.067644814094658471e-20 2.308451299002578420e-19
5.019061897943752228e+03 3.996738569266883833e-19 2.265451217311034876e-19
5.024067825876807547e+03 6.217520167542526405e-19 2.290181969569023996e-19
5.029073753809863774e+03 5.946590476532789204e-19 2.290452591515400249e-19
5.034079681742919092e+03 -9.406154061705095200e-20 2.213277429915781133e-19
5.039085609675975320e+03 1.829249829244202259e-19 2.157061290469101348e-19
5.044091537609030638e+03 6.672312081356585736e-21 2.140239670877681921e-19
5.049097465542086866e+03 3.030479618576238341e-20 2.178923320945538782e-19
5.054103393475142184e+03 9.511851299695752898e-20 2.241756392708740372e-19
5.059109321408197502e+03 1.797564447813172467e-19 2.221556818728360645e-19
5.064115249341253730e+03 3.709071011849028961e-19 2.135993103680294116e-19
5.069121177274309048e+03 2.923119887774187664e-19 2.050386310251062354e-19
5.074127105207365275e+03 3.561554638569659219e-19 2.002728783975745732e-19
5.079133033140420594e+03 6.056353695962941747e-19 1.997012758369864116e-19
5.084138961073476821e+03 2.132462638628052719e-19 2.020244389237394260e-19
5.089144889006532139e+03 2.631856258203432262e-19 2.002080947587522459e-19
5.094150816939587457e+03 1.281940186620640291e-19 1.920199566934255248e-19
5.099156744872643685e+03 1.576730163936010772e-19 1.870335036877905797e-19
5.104162672805699003e+03 4.145279441774794616e-19 1.881360574110071691e-19
5.109168600738755231e+03 1.994720044712327696e-19 1.921408085774562260e-19
5.114174528671810549e+03 1.404757420499694910e-19 1.981131464257217053e-19
5.119180456604865867e+03 1.828263290592998926e-19 1.993176305369593574e-19
5.124186384537922095e+03 4.820960632183992090e-20 1.919771746790549264e-19
5.129192312470977413e+03 -1.015133292874900070e-19 1.881663461419315173e-19
5.134198240404033641e+03 3.106982588963330199e-19 1.879032752908098965e-19
5.139204168337088959e+03 1.002070666351666802e-20 1.884026300938132327e-19
5.144210096270145186e+03 2.637329840871898899e-19 1.863250334751471704e-19
5.149216024203200504e+03 -1.479915532749573490e-19 1.817042439747083891e-19
5.154221952136255823e+03 5.456635529007383087e-20 1.732990518740033304e-19
5.159227880069312050e+03 2.339734899456614935e-19 1.655871621393776800e-19
5.164233808002367368e+03 1.453830057232152436e-19 1.573882619972527549e-19
5.169239735935423596e+03 2.396853480062762339e-19 1.518524115411916342e-19
5.174245663868478914e+03 9.073125974184193891e-20 1.512203033611152552e-19
5.179251591801534232e+03 2.271355143258067548e-20 1.461642746960331457e-19
5.184257519734590460e+03 1.862862726504625113e-19 1.433600668171657579e-19
5.189263447667645778e+03 1.881919839152537535e-19 1.427469469234029904e-19
5.194269375600702006e+03 2.221225427431887172e-19 1.516309052887977187e-19
5.199275303533757324e+03 2.352048615249121975e-19 1.597631730905141924e-19
5.204281231466813551e+03 -3.379846985666307497e-20 1.585389143631624352e-19
5.209287159399868870e+03 3.214274096514500540e-19 1.506145635552440124e-19
5.214293087332924188e+03 3.243132888835872764e-19 1.496519068501323785e-19
5.219299015265980415e+03 1.129145875352244082e-19 1.506970576253987123e-19
5.224304943199035733e+03 -5.517731665052315448e-20 1.541693425538415115e-19
5.229310871132091961e+03 3.651881471567677437e-19 1.585383125526052030e-19
5.234316799065147279e+03 3.000913697946259825e-19 1.651047702554689011e-19
5.239322726998203507e+03 3.998609918473881861e-19 1.687276766768094140e-19
5.244328654931258825e+03 6.968265454170565282e-19 1.660926631308199135e-19
5.249334582864314143e+03 2.951390822868180305e-19 1.621467045232681229e-19
5.254340510797370371e+03 1.671805244557151971e-21 1.586410757559171311e-19
5.259346438730425689e+03 3.932689618243576923e-19 1.514601178850438320e-19
5.264352366663481916e+03 1.335022379076502601e-19 1.427342463240909340e-19
5.269358294596537235e+03 5.041026358543846344e-20 1.420570934154897306e-19
5.274364222529593462e+03 3.036256590885427874e-19 1.439632745370018698e-19
5.279370150462648780e+03 2.465085515881212094e-19 1.417479301096712575e-19
5.284376078395704099e+03 2.794064994022041882e-19 1.370006728148660978e-19
5.289382006328760326e+03 4.117801212531211297e-19 1.389276060220650866e-19
5.294387934261815644e+03 1.680682187642879515e-19 1.410441620511315265e-19
5.299393862194871872e+03 2.330647004104355485e-19 1.436383199479503129e-19
5.304399790127927190e+03 2.607966319762977246e-19 1.454990581889982356e-19
5.309405718060982508e+03 2.211854257176882650e-19 1.447236592847408203e-19
5.314411645994038736e+03 3.178609707785427184e-19 1.403797255968580147e-19
5.319417573927094054e+03 3.002950568544826076e-19 1.390498289007264297e-19
5.324423501860150282e+03 4.194643320283873465e-19 1.383990569347209569e-19
5.329429429793205600e+03 4.194261355138432581e-19 1.396844643419623484e-19
5.334435357726260918e+03 1.188737651061258237e-19 1.411705340493120016e-19
5.339441285659317145e+03 3.794444927328959745e-19 1.404652929934216514e-19
5.344447213592372464e+03 3.424384975797800254e-19 1.387703399307595575e-19
5.349453141525428691e+03 6.713788203064243371e-20 1.371168637909348254e-19
5.354459069458484009e+03 3.737650248663299175e-20 1.375654929293992706e-19
5.359464997391540237e+03 6.720044799064174217e-20 1.378753280083789347e-19
5.364470925324595555e+03 3.225381343056990030e-19 1.402427855177647200e-19
5.369476853257650873e+03 1.981625530474941003e-19 1.430750356916866391e-19
5.374482781190707101e+03 3.178893434495122806e-19 1.463461534656751532e-19
5.379488709123762419e+03 3.921558852508340535e-19 1.467946076468620196e-19
5.384494637056818647e+03 7.164888854763906632e-20 1.404825485592568322e-19
5.389500564989873965e+03 1.508960914165168773e-19 1.376602586033301036e-19
5.394506492922930192e+03 1.663704199482974993e-19 1.357340006658593347e-19
5.399512420855985511e+03 5.189457951535944954e-20 1.345362622900241281e-19
5.404518348789040829e+03 2.666213322263681125e-19 1.349586867336863399e-19
5.409524276722097056e+03 3.312818574698682626e-19 1.340829172930121788e-19
5.414530204655152374e+03 3.777918192431720643e-19 1.334306729625351796e-19
5.419536132588208602e+03 2.542731400245570485e-20 1.299462768528431307e-19
5.424542060521263920e+03 2.258256496616233057e-19 1.279972856824664656e-19
5.429547988454320148e+03 3.737337307505949470e-19 1.274444219487969137e-19
5.434553916387375466e+03 5.033376346120273439e-19 1.272225660478887977e-19
5.439559844320430784e+03 3.480594504043160276e-19 1.278624451445384561e-19
5.444565772253487012e+03 4.204425301143476567e-19 1.255919764424371277e-19
5.449571700186542330e+03 2.296491077645566817e-19 1.229251032595983620e-19
5.454577628119598558e+03 2.921204272302689140e-19 1.204558770648424796e-19
5.459583556052653876e+03 4.429510239460659496e-20 1.193136717276482137e-19
5.464589483985709194e+03 2.565903187719903010e-19 1.204549448630492512e-19
5.469595411918765421e+03 2.198288464645121720e-19 1.204586827202882346e-19
5.474601339851820740e+03 1.052629564523070962e-19 1.232372372700902920e-19
5.479607267784876967e+03 1.861378079164900827e-19 1.244083874834919362e-19
5.484613195717932285e+03 2.138425266815729731e-20 1.267155082486331852e-19
5.489619123650987603e+03 3.359702305952954122e-19 1.282508838984542193e-19
5.494625051584043831e+03 1.077357413856406857e-19 1.284839034680466422e-19
5.499630979517099149e+03 3.615490733723327528e-19 1.325195261455140632e-19
5.504636907450155377e+03 2.069493448544231228e-19 1.356208559912408988e-19
5.509642835383210695e+03 1.575499422960363677e-19 1.373321149910413819e-19
5.514648763316266923e+03 3.238281336506278908e-19 1.365560642774685599e-19
5.519654691249322241e+03 4.744410870656867109e-20 1.331753399285732632e-19
5.524660619182377559e+03 3.145311050627117428e-19 1.294074633775611715e-19
5.529666547115433787e+03 2.301215366925546352e-19 1.242933300395091727e-19
5.534672475048489105e+03 2.404843988886448890e-19 1.205400025391061243e-19
5.539678402981545332e+03 1.781404761481016089e-19 1.234064908006000750e-19
5.544684330914600650e+03 9.798412953686038898e-20 1.244435455495247810e-19
5.549690258847656878e+03 1.547313680719771578e-19 1.212909523583403901e-19
5.554696186780712196e+03 4.324357547996788497e-19 1.189770040930298560e-19
5.559702114713767514e+03 3.075721870026331701e-19 1.187632304448456033e-19
5.564708042646823742e+03 2.212974860442023075e-19 1.187231315750623275e-19
5.569713970579879060e+03 1.449983811188792944e-19 2.072168182539765951e-19
5.574719898512935288e+03 3.293379847134113815e-19 3.644761214965490905e-19
5.579725826445990606e+03 -9.017163300134598051e-20 3.643113626758259337e-19
5.584731754379046833e+03 2.742868896922133171e-19 1.974868214385411911e-19
5.589737682312102152e+03 1.789386303966755596e-19 1.110627576871021217e-19
5.594743610245157470e+03 2.003242520195221579e-19 1.123880122896746192e-19
5.599749538178213697e+03 -3.029892426943020968e-20 1.139220508987814434e-19
5.604755466111269016e+03 2.959461990507086866e-19 1.169514111848045850e-19
5.609761394044325243e+03 1.920207568471399250e-19 1.156581533791605582e-19
5.614767321977380561e+03 1.087367909214544393e-19 1.141327500342412581e-19
5.619773249910436789e+03 2.144005744637302572e-19 1.189141960427714344e-19
5.624779177843492107e+03 1.359689000765362394e-19 1.224810985263065345e-19
5.629785105776547425e+03 2.898876007134432802e-19 1.230812151089264416e-19
5.634791033709603653e+03 1.243889441532393420e-19 1.237738764950392906e-19
5.639796961642658971e+03 -9.335748241232281765e-20 1.222918596748086412e-19
5.644802889575714289e+03 1.284298978329109948e-19 1.195951056242092819e-19
5.649808817508770517e+03 2.592104699023186762e-19 1.147893119284896306e-19
5.654814745441825835e+03 3.361310172265268707e-19 1.090491792596973827e-19
5.659820673374882062e+03 3.486149787310276276e-19 1.083518624817811539e-19
5.664826601307937381e+03 2.428448010849172621e-19 1.094165555139407253e-19
5.669832529240993608e+03 3.993395966863089818e-20 1.109074020003150564e-19
5.674838457174048926e+03 3.134922264185308732e-19 1.116522891546814841e-19
5.679844385107104245e+03 2.650955345995100043e-19 1.114535583723728817e-19
5.684850313040160472e+03 3.811594208916309925e-19 1.107180405209722570e-19
5.689856240973215790e+03 7.299768953444360371e-20 1.098381312848843778e-19
5.694862168906272018e+03 1.858952346762574284e-19 1.092260312981603990e-19
5.699868096839327336e+03 1.309271473039334444e-19 1.098509395907669052e-19
5.704874024772383564e+03 2.534982655604035391e-20 1.101232914067954946e-19
5.709879952705438882e+03 1.559434977357520982e-19 1.122174365206158277e-19
5.714885880638494200e+03 5.616670148211977169e-20 1.164194144345329062e-19
5.719891808571550428e+03 1.794613890717902335e-19 1.195097337691806897e-19
5.724897736504605746e+03 1.692018050746936318e-19 1.207756924429496039e-19
5.729903664437661973e+03 6.938536814889778122e-20 1.202623200551277376e-19
5.734909592370717291e+03 3.211460798130762333e-19 1.190123675146092538e-19
5.739915520303773519e+03 7.398769414372795276e-20 1.178971358241574040e-19
5.744921448236828837e+03 -1.759584913095452607e-19 1.176475779739069524e-19
5.749927376169884155e+03 1.635196481723498222e-19 1.193715310033919640e-19
5.754933304102940383e+03 1.629910057632412447e-19 1.213098586141978558e-19
5.759939232035995701e+03 7.595011980286574796e-20 1.246779055125945500e-19
5.764945159969051929e+03 1.681358665472048725e-19 1.248215847627987679e-19
5.769951087902107247e+03 -4.899468403568641158e-22 1.208213739278539660e-19
5.774957015835163475e+03 2.488136506195825707e-19 1.157946477990167571e-19
5.779962943768218793e+03 3.146768450084073331e-19 1.109464526370065448e-19
5.784968871701274111e+03 3.039302702890167060e-19 1.083555306611701329e-19
5.789974799634330338e+03 -3.939244958977277111e-20 1.060651074944564928e-19
5.794980727567385657e+03 2.732238497244034282e-19 1.064600906146125707e-19
5.799986655500441884e+03 2.091451673671467372e-19 1.072370260916940408e-19
5.804992583433497202e+03 1.850846179411787558e-19 1.079691428383159399e-19
5.809998511366552520e+03 1.526654802379016892e-19 1.087240530438536942e-19
5.815004439299608748e+03 1.771093981896364304e-19 1.085435899254643048e-19
5.820010367232664066e+03 1.427158349837016394e-19 1.079399958540242872e-19
5.825016295165720294e+03 -1.144831016994510504e-19 1.073995324007540860e-19
5.830022223098775612e+03 -8.629016637750749053e-20 1.063495505196318933e-19
5.835028151031830930e+03 1.563934481966025310e-19 1.051551084011917867e-19
5.840034078964887158e+03 -3.589737784252064172e-21 1.053819175170535798e-19
5.845040006897942476e+03 1.512033269116336334e-19 1.070732603418673577e-19
5.850045934830998704e+03 2.897110982858430396e-19 1.085272468648782147e-19
5.855051862764054022e+03 2.213429889674398128e-19 1.105510848696008293e-19
5.860057790697110249e+03 1.322647063908365100e-19 1.187954340415594829e-19
5.865063718630165567e+03 4.355844259167841121e-19 1.308129210275687083e-19
5.870069646563220886e+03 2.131142168962070502e-19 1.316221298258505405e-19
5.875075574496277113e+03 1.263528195795712430e-19 1.197256706812189798e-19
5.880081502429332431e+03 1.349689911183702691e-19 1.204120253302563719e-19
5.885087430362388659e+03 3.234197096269313891e-19 1.765606552533618848e-19
5.890093358295443977e+03 1.262609426632577581e-19 2.109348439157750276e-19
5.895099286228500205e+03 -3.361039382453863860e-20 1.937246813078271397e-19
5.900105214161555523e+03 1.670354091634266009e-19 1.502064540341084661e-19
5.905111142094610841e+03 2.272941941741422646e-19 1.199491094391022302e-19
5.910117070027667069e+03 1.924454955523586094e-19 1.244368999068042034e-19
5.915122997960722387e+03 1.768004569827548381e-19 1.248696999980842552e-19
5.920128925893778614e+03 1.959556266669706834e-19 1.211248694427176034e-19
5.925134853826833933e+03 3.162369953316588120e-19 1.156425039469357212e-19
5.930140781759890160e+03 1.197663925239213469e-19 1.194161810226267406e-19
5.935146709692945478e+03 -9.369169294115726403e-21 1.140074046142608022e-19
5.940152637626000796e+03 2.688614754077931140e-19 1.070951263446587938e-19
5.945158565559057024e+03 2.559895398459068076e-19 1.082562802546148235e-19
5.950164493492112342e+03 1.279436753564431769e-19 1.154227348960772251e-19
5.955170421425167660e+03 2.424235927790624437e-19 1.136114248349309896e-19
5.960176349358223888e+03 2.711673480168903818e-19 1.077386308602883003e-19
5.965182277291280116e+03 3.664914326927161906e-19 1.073411222008076059e-19
5.970188205224335434e+03 3.433826397817700097e-19 1.094823194266914892e-19
5.975194133157390752e+03 3.470670516089988747e-19 1.113319765879778032e-19
5.980200061090446980e+03 9.348222845410744983e-20 1.076409001663382427e-19
5.985205989023502298e+03 1.857486534155286472e-19 1.010909577903287469e-19
5.990211916956557616e+03 2.588283069059315754e-19 1.007995781903302052e-19
5.995217844889613843e+03 3.306523454538999877e-19 1.027267046244680778e-19
6.000223772822669162e+03 1.676841033356365126e-19 1.061946863802902263e-19
6.005229700755725389e+03 1.660248357211438653e-19 1.068010728141497973e-19
6.010235628688780707e+03 3.664058995826190205e-19 1.058652266061822624e-19
6.015241556621836935e+03 5.195218762442273066e-20 1.054541706387245595e-19
6.020247484554892253e+03 4.417243706996409521e-20 1.044574085924244606e-19
6.025253412487947571e+03 1.371129197644723913e-19 1.036770031187965302e-19
6.030259340421003799e+03 2.209009238607330284e-19 1.018528415298706254e-19
6.035265268354059117e+03 1.935391062425586210e-19 9.870643112994852884e-20
6.040271196287115345e+03 2.373494453698916301e-19 9.478780055757054288e-20
6.045277124220170663e+03 2.135737005355379296e-19 9.298877636345103417e-20
6.050283052153226890e+03 -1.384680292164415676e-21 9.160474603673128687e-20
6.055288980086282209e+03 3.116392588907139223e-19 9.266495220571049751e-20
6.060294908019337527e+03 1.804144992664700444e-19 9.369559054299166469e-20
6.065300835952393754e+03 1.524734702812809784e-19 9.439229235339984805e-20
6.070306763885449072e+03 2.142846312031991409e-19 9.347323688641734684e-20
6.075312691818505300e+03 2.242664483261324457e-19 9.199195668144841700e-20
6.080318619751560618e+03 1.596977109785557020e-19 8.938768305251251102e-20
6.085324547684616846e+03 -3.157548790759999781e-20 8.763311805618967169e-20
6.090330475617672164e+03 1.542480723001470757e-19 8.688559836826246404e-20
6.095336403550727482e+03 4.986807389577941988e-20 8.657960546574004214e-20
6.100342331483783710e+03 2.319100248297315499e-19 8.679882052801203304e-20
6.105348259416839028e+03 1.749873221099013712e-19 8.600961239041654251e-20
6.110354187349894346e+03 2.372969349556141640e-19 8.600924542871255585e-20
6.115360115282950574e+03 3.508966757082508885e-19 8.716880225664300389e-20
6.120366043216006801e+03 3.961887251471533903e-20 8.734828870720110113e-20
6.125371971149062119e+03 1.107172586643784931e-19 8.796537673147555062e-20
6.130377899082117438e+03 1.302786460582356173e-19 9.001200040283106446e-20
6.135383827015173665e+03 1.938428713992547692e-19 9.407940491184201230e-20
6.140389754948228983e+03 1.171177366543204392e-19 9.743977810022318971e-20
6.145395682881284301e+03 2.099134119736126194e-19 9.422238424721906871e-20
6.150401610814340529e+03 2.350567800715969560e-19 8.839930571223722518e-20
6.155407538747396757e+03 3.154047871399875295e-19 8.259504278772176168e-20
6.160413466680452075e+03 3.347948838496833777e-19 7.905198005996448643e-20
6.165419394613507393e+03 1.292543050297928944e-20 8.194187765230811557e-20
6.170425322546563621e+03 1.423862882837701581e-19 8.439812078975457882e-20
6.175431250479618939e+03 1.673784812498539329e-19 8.267735200097219295e-20
6.180437178412674257e+03 1.404285451275597231e-19 7.977588343425463501e-20
6.185443106345730484e+03 1.679535834772687333e-19 8.000598962650366750e-20
6.190449034278785803e+03 3.307785292698481828e-19 8.022045370554638413e-20
6.195454962211842030e+03 1.607391690431072954e-19 8.124943105744358318e-20
6.200460890144897348e+03 1.177758588423921142e-19 8.294344472047611191e-20
6.205466818077953576e+03 2.699717069472866361e-19 8.207702321580962616e-20
6.210472746011008894e+03 1.135447226718102585e-19 7.872898346980272501e-20
6.215478673944064212e+03 1.687055342378121823e-19 7.944062384589499515e-20
6.220484601877120440e+03 3.319386364791790948e-19 7.987671486872068371e-20
6.225490529810175758e+03 1.240616099915113036e-19 7.925809278208559617e-20
6.230496457743231986e+03 1.704871733870869184e-19 9.084492894935736686e-20
6.235502385676287304e+03 2.236656271284386386e-20 1.012371347297783914e-19
6.240508313609343531e+03 1.733308577973261979e-19 9.814086507900238230e-20
6.245514241542398850e+03 2.641351292219279511e-19 8.710513099763153880e-20
6.250520169475454168e+03 -2.938896405095337736e-21 8.927484485450346028e-20
6.255526097408510395e+03 1.464213731210787899e-19 1.030509385764136472e-19
6.260532025341565713e+03 2.079821522870675827e-19 1.100724561169862255e-19
6.265537953274621032e+03 1.948453628382025508e-19 9.975364333341792878e-20
6.270543881207677259e+03 1.615449078613660026e-19 9.638697221779625215e-20
6.275549809140733487e+03 4.763516063173474037e-20 9.207342508636348964e-20
6.280555737073788805e+03 1.897791599369513768e-19 9.480115859048180960e-20
6.285561665006844123e+03 1.575594019341114739e-19 9.922293506876220682e-20
6.290567592939900351e+03 7.645468736312008711e-20 1.111995199930301105e-19
6.295573520872955669e+03 7.123110578842000873e-20 1.914049754000984704e-19
6.300579448806010987e+03 2.209915151203331645e-19 2.096916092748897600e-19
6.305585376739067215e+03 2.123485599095395314e-19 1.610497656143642887e-19
6.310591304672123442e+03 1.203378541022650040e-19 9.283239911315884708e-20
6.315597232605178760e+03 2.281994589141182680e-19 8.226761436163103656e-20
6.320603160538234079e+03 1.626872054527918592e-19 8.534351406158503693e-20
6.325609088471290306e+03 7.251179198954668382e-20 9.428060941087971982e-20
6.330615016404345624e+03 -2.245802587359576264e-21 9.182636737454655452e-20
6.335620944337400942e+03 3.493742611442841278e-21 8.233869771783375749e-20
6.340626872270457170e+03 1.925693907881287774e-19 7.705934678642948650e-20
6.345632800203512488e+03 5.754967683974371392e-20 8.003130374287506890e-20
6.350638728136568716e+03 2.290928154078828928e-19 8.478264732495267854e-20
6.355644656069624034e+03 6.471084069434693029e-20 9.727714595312372733e-20
6.360650584002680262e+03 1.239097019404927566e-19 1.288815962513278524e-19
6.365656511935735580e+03 2.201848944439998899e-19 1.272201441698990108e-19
6.370662439868790898e+03 7.436110364922532753e-20 9.206834581672768785e-20
6.375668367801847126e+03 1.313347028581172029e-19 7.923810716163902036e-20
6.380674295734902444e+03 3.994880157030596963e-20 8.410417078257019811e-20
6.385680223667958671e+03 4.829464339426720051e-19 8.708470405791406876e-20
6.390686151601013989e+03 1.587887905033704484e-19 8.557913596749904879e-20
6.395692079534070217e+03 1.586763360566379353e-19 8.241399938764859352e-20
6.400698007467125535e+03 1.822706790716142409e-19 8.292767920895890271e-20
6.405703935400180853e+03 1.644129660715619138e-19 8.153486886318428106e-20
6.410709863333237081e+03 2.317991736731536272e-19 8.070319598574415255e-20
6.415715791266292399e+03 2.335594069014025500e-19 8.007058700947772117e-20
6.420721719199348627e+03 9.018839142631560060e-20 7.681673049492514257e-20
6.425727647132403945e+03 2.881542093184795941e-20 7.346331355102882491e-20
6.430733575065460172e+03 2.072621547506323209e-19 7.028039579286322945e-20
6.435739502998515491e+03 1.114657324703294481e-19 6.790624619395437085e-20
6.440745430931570809e+03 1.362633664939004604e-19 6.688721028676936868e-20
6.445751358864627036e+03 1.406727739575334801e-19 6.695356964198012128e-20
6.450757286797682355e+03 5.043526613926504238e-20 6.798331073732524292e-20
6.455763214730737673e+03 1.225440148240758002e-19 7.036074289324146839e-20
6.460769142663793900e+03 1.622920941710254539e-19 7.985630511119119679e-20
6.465775070596850128e+03 1.215601174236349230e-19 8.772788518296593236e-20
6.470780998529905446e+03 8.132173906705721180e-20 8.490199954933743696e-20
6.475786926462960764e+03 2.015937333169116882e-19 7.709285724663384077e-20
6.480792854396016992e+03 1.122473223307183558e-19 7.136011622036847643e-20
6.485798782329072310e+03 1.433283549657162217e-19 6.879815512471791118e-20
6.490804710262127628e+03 2.601713732492807447e-20 7.523881559576945517e-20
6.495810638195183856e+03 9.616447042106321328e-20 9.142227909831405710e-20
6.500816566128239174e+03 1.974397517227911145e-19 9.620215411013633536e-20
6.505822494061295401e+03 2.311414703909183548e-19 8.374021338076738394e-20
6.510828421994350720e+03 1.263910289361054837e-19 7.655515080603950038e-20
6.515834349927406947e+03 4.616626318447824689e-20 7.691540266206246399e-20
6.520840277860462265e+03 2.429423771941441362e-19 7.973556823950983883e-20
6.525846205793517584e+03 8.620582336494453452e-20 8.656669477426218307e-20
6.530852133726573811e+03 2.806980049451428537e-19 9.302795580666575478e-20
6.535858061659629129e+03 3.343152874671198543e-19 9.120544667477490888e-20
6.540863989592685357e+03 9.561329184345308765e-20 8.287150021219154060e-20
6.545869917525740675e+03 2.812238682641361326e-19 8.724293526277800319e-20
6.550875845458796903e+03 4.014600503679677271e-20 9.194208157929031338e-20
6.555881773391852221e+03 7.399179049666011674e-20 9.352136184978424761e-20
6.560887701324907539e+03 2.599968055731641887e-20 8.543899557280275925e-20
6.565893629257963767e+03 2.894978094247952807e-19 8.399843462180329972e-20
6.570899557191019085e+03 1.953516880930545728e-19 8.260561811366669805e-20
6.575905485124075312e+03 1.846899449570660921e-19 8.317739442659156968e-20
6.580911413057130630e+03 1.000199849437488670e-19 7.841460879426904403e-20
6.585917340990186858e+03 1.707846472781855151e-19 6.707736305037455747e-20
6.590923268923242176e+03 1.430119017609527554e-19 6.729283883644302471e-20
6.595929196856297494e+03 1.340266684875075299e-19 6.916899677023914962e-20
6.600935124789353722e+03 4.095448753954799204e-20 7.280024759801263297e-20
6.605941052722409040e+03 6.785608334925276917e-21 7.008835541563592281e-20
6.610946980655464358e+03 3.235138419907125491e-20 6.457394409610071318e-20
6.615952908588520586e+03 5.495275196273406860e-20 6.280956675265975728e-20
6.620958836521576814e+03 4.187231493158974836e-20 6.456757262941321618e-20
6.625964764454632132e+03 -6.184811583853254774e-21 6.769145321454078456e-20
6.630970692387687450e+03 2.519622774477725991e-20 7.159245960290378482e-20
6.635976620320743677e+03 1.181384729972748470e-19 7.147058444442729016e-20
6.640982548253798996e+03 1.560598013380013839e-19 7.018959850856807001e-20
6.645988476186854314e+03 1.280031778618015293e-19 7.119771222127526254e-20
6.650994404119910541e+03 2.542394874943666400e-19 7.329966496150396945e-20
6.656000332052965859e+03 2.020603195233415829e-19 7.495832052287124484e-20
6.661006259986022087e+03 1.126289703864733825e-19 7.529629148998563007e-20
6.666012187919077405e+03 1.351535411863116893e-19 7.426925710863733744e-20
6.671018115852133633e+03 2.195399846995617311e-19 7.180906724046924945e-20
6.676024043785188951e+03 2.214599086727461187e-19 6.844171214306477330e-20
6.681029971718244269e+03 9.525745752896621890e-20 6.739328216657519849e-20
6.686035899651300497e+03 2.018279071675468828e-19 6.614333176107156020e-20
6.691041827584355815e+03 7.610894642754381642e-20 6.450822479670903894e-20
6.696047755517412043e+03 2.149879678960006643e-19 6.417482144407988940e-20
6.701053683450467361e+03 1.548795785354596481e-19 6.374461692859496415e-20
6.706059611383523588e+03 1.302075322632179449e-19 6.239346428863322542e-20
6.711065539316578906e+03 2.410413632003637299e-19 6.131255992967154931e-20
6.716071467249634225e+03 2.959206472670859590e-19 6.091646744137461067e-20
6.721077395182690452e+03 2.075224650401392029e-19 6.031695141291318005e-20
6.726083323115745770e+03 2.244195419166401076e-19 6.063255887025300737e-20
6.731089251048801998e+03 1.638056451597955496e-19 6.097385317453944747e-20
6.736095178981857316e+03 1.619104158050097107e-19 6.146319903236925692e-20
6.741101106914913544e+03 1.328259500224099595e-19 6.279810907310936029e-20
6.746107034847968862e+03 8.213879703349161137e-20 6.364742519513103521e-20
6.751112962781024180e+03 2.476775643746493290e-19 6.374769840655395740e-20
6.756118890714080408e+03 2.893997976355046729e-19 6.490214003395274571e-20
6.761124818647135726e+03 1.467275177969017319e-19 6.587315800724301829e-20
6.766130746580191044e+03 2.430405173835979404e-19 6.695089244138134618e-20
6.771136674513247272e+03 2.048554304357763342e-19 6.805231276593487299e-20
6.776142602446303499e+03 1.508077712566949379e-19 6.895889489281491459e-20
6.781148530379358817e+03 1.153176119736264808e-19 7.040704184476920778e-20
6.786154458312414135e+03 1.042489383328080940e-19 7.026773333697595855e-20
6.791160386245470363e+03 2.035508432563073487e-19 6.791529431604165355e-20
6.796166314178525681e+03 1.786752630250383659e-19 6.597005749971161473e-20
6.801172242111580999e+03 1.602712757971353828e-19 6.414690973310125653e-20
6.806178170044637227e+03 2.514703095524830219e-19 6.312982418980046756e-20
6.811184097977693455e+03 2.138497772194581167e-19 6.156063481135117124e-20
6.816190025910748773e+03 1.368744378457823326e-19 6.110450369215661392e-20
6.821195953843804091e+03 1.589611076057240635e-19 7.275499289489763360e-20
6.826201881776860318e+03 1.225252117566221079e-19 9.499552354924046398e-20
6.831207809709915637e+03 1.481961145651849060e-19 1.036223968351262779e-19
6.836213737642970955e+03 1.204626771064016814e-19 8.965558689773334991e-20
6.841219665576027182e+03 9.864729906416056874e-20 7.081325430238622734e-20
6.846225593509082501e+03 1.874565388625906718e-19 6.375326083180043588e-20
6.851231521442138728e+03 2.380035711440506421e-19 6.041511172329236103e-20
6.856237449375194046e+03 1.805296789182299561e-19 7.821920676538317344e-20
6.861243377308250274e+03 3.140761258929290904e-19 1.258270482392681781e-19
6.866249305241305592e+03 2.497432457078597974e-19 1.438523882493237386e-19
6.871255233174360910e+03 1.238627802800619240e-19 9.877300967400265512e-20
6.876261161107417138e+03 1.743565036998711457e-19 8.498147546217573834e-20
6.881267089040473365e+03 2.772839125286766111e-19 8.933662716306476174e-20
6.886273016973527774e+03 6.404933071268966741e-20 9.591696892289609098e-20
6.891278944906584002e+03 9.429306706976742162e-20 9.335444127181682571e-20
6.896284872839640229e+03 -3.491734755648360510e-20 9.432151690842266396e-20
6.901290800772695547e+03 2.437065412211251806e-19 9.239916395622138064e-20
6.906296728705750866e+03 1.814128428694048293e-19 9.254386959884099026e-20
6.911302656638807093e+03 2.847289195840668640e-20 9.433588725263459766e-20
6.916308584571862411e+03 3.333635225094702882e-20 1.024460767284151462e-19
6.921314512504917730e+03 3.292496686426904370e-19 1.004729336667357082e-19
6.926320440437973957e+03 3.523775771723738924e-19 8.962255780399873372e-20
6.931326368371030185e+03 9.639002847137133962e-20 6.966224803111671732e-20
6.936332296304085503e+03 1.328084341602917082e-19 7.443427688042503091e-20
6.941338224237140821e+03 2.142770570742184171e-19 8.286426273062264603e-20
6.946344152170197049e+03 5.616234684302809805e-20 8.961297706480205142e-20
6.951350080103252367e+03 -3.367300092053189648e-20 8.485614923724954315e-20
6.956356008036307685e+03 1.952482299486634008e-19 6.440515597764019315e-20
6.961361935969363913e+03 1.831239445344373606e-19 6.161590458139349260e-20
6.966367863902420140e+03 1.042617581813014486e-19 6.700074601603547701e-20
6.971373791835475458e+03 6.420027150959169187e-20 7.443039765178357642e-20
6.976379719768530776e+03 9.076596141503206616e-20 7.753930139133973594e-20
6.981385647701587004e+03 2.593215382297788157e-19 7.445878172616323834e-20
6.986391575634642322e+03 1.330886357025227304e-19 6.153595003274083771e-20
6.991397503567697640e+03 1.705532538389572723e-19 6.051950860336052212e-20
6.996403431500753868e+03 1.286068810848068255e-19 6.335584358940098363e-20
7.001409359433810096e+03 1.545270417624768911e-19 6.745015452640896198e-20
7.006415287366865414e+03 8.256021511254369924e-20 7.385695771139096839e-20
7.011421215299920732e+03 3.800910236851129534e-20 7.290422646157343041e-20
7.016427143232976960e+03 3.196349409519426600e-19 6.836008788300206839e-20
7.021433071166032278e+03 2.871347961888943731e-19 6.424211561814819567e-20
7.026438999099087596e+03 4.835946760547076070e-20 6.592429362398301243e-20
7.031444927032143823e+03 2.656351279798255917e-20 6.760603661300838970e-20
7.036450854965200051e+03 9.692808880347425768e-20 7.137763273509744210e-20
7.041456782898254460e+03 -5.124697768642099791e-20 7.611744052895305197e-20
7.046462710831310687e+03 1.312864721346494212e-19 7.858295398891729787e-20
7.051468638764366915e+03 3.025837030260989414e-19 7.477953387812748624e-20
7.056474566697422233e+03 2.757268408928467159e-19 6.782509754601234106e-20
7.061480494630477551e+03 2.171933912064373003e-19 6.567728975535476950e-20
7.066486422563533779e+03 3.175862126669528809e-20 6.537908346837292095e-20
7.071492350496589097e+03 2.116978207827940279e-19 6.427083516386294686e-20
7.076498278429644415e+03 7.090483660346593609e-20 6.350275928927001892e-20
7.081504206362700643e+03 2.647319894076192606e-19 6.349572729188372818e-20
7.086510134295756870e+03 9.363067470372229501e-20 6.284858138422439025e-20
7.091516062228812189e+03 1.496659556699986715e-19 6.045622802864888728e-20
7.096521990161867507e+03 2.234320116925850057e-19 5.745794549238132963e-20
7.101527918094923734e+03 1.865618664303491725e-19 5.654855325965006850e-20
7.106533846027979052e+03 4.468261614777132748e-20 5.627462840940614926e-20
7.111539773961034371e+03 1.219123575559436991e-19 5.651587073875779752e-20
7.116545701894090598e+03 2.009255549279382539e-19 5.656163274152724466e-20
7.121551629827146826e+03 1.416127666576731734e-19 5.827164813731326388e-20
7.126557557760202144e+03 2.548471881199399602e-19 6.023826832643857086e-20
7.131563485693257462e+03 7.847236824274143021e-20 6.149508733477812273e-20
7.136569413626313690e+03 1.365653619712327408e-19 6.240195918276297795e-20
7.141575341559369008e+03 1.505725700790279486e-19 6.608745064384104172e-20
7.146581269492424326e+03 8.154701338463057484e-20 6.764541857792770700e-20
7.151587197425480554e+03 3.273493423726481063e-19 6.678922271845591015e-20
7.156593125358536781e+03 3.770371908169270271e-20 6.698832826686652943e-20
7.161599053291592099e+03 2.059092690907699896e-19 6.992195883016066077e-20
7.166604981224647418e+03 1.649327442278285202e-19 7.059997847192758551e-20
7.171610909157703645e+03 1.184615253604154105e-19 7.047683004572917788e-20
7.176616837090758963e+03 4.054542441415808791e-20 6.916470507365914840e-20
7.181622765023814281e+03 1.641583969902876177e-19 6.646235824502428123e-20
7.186628692956870509e+03 1.382400265660444331e-19 6.276179645276618008e-20
7.191634620889926737e+03 1.804960892696946324e-19 6.113004297645958845e-20
7.196640548822981145e+03 1.482934002506328467e-19 6.038444283960705202e-20
7.201646476756037373e+03 8.269356864050469941e-20 5.944709216824256982e-20
7.206652404689093601e+03 1.788984163277521351e-19 5.892991964868855074e-20
7.211658332622148919e+03 1.678058959043464991e-19 5.864693968784589595e-20
7.216664260555204237e+03 -1.298303553932971245e-20 5.864582209514733201e-20
7.221670188488260465e+03 3.092881969440124415e-20 5.993192561975752270e-20
7.226676116421315783e+03 1.208178337396371828e-19 6.143075899172579057e-20
7.231682044354371101e+03 -1.030510590839812609e-19 7.786205056879129649e-20
7.236687972287427328e+03 1.999134087129542470e-19 1.215730487364077585e-19
7.241693900220483556e+03 1.971670140736093788e-19 1.453188733522999489e-19
7.246699828153538874e+03 2.820837607558091994e-19 1.265779532332191028e-19
7.251705756086594192e+03 1.346602481708277366e-19 9.312525792507260794e-20
7.256711684019650420e+03 1.689566005933147942e-19 7.573495240620930326e-20
7.261717611952705738e+03 2.074182491557672105e-19 6.636566767798432806e-20
7.266723539885761056e+03 2.066523217388349637e-19 7.402889123553238752e-20
7.271729467818817284e+03 1.435560497882907513e-19 1.265861537961782746e-19
7.276735395751873511e+03 4.629821496934248197e-19 1.435556776052402583e-19
7.281741323684928830e+03 2.241948152971288412e-19 1.303348158032818006e-19
7.286747251617984148e+03 -2.300962994190556168e-21 1.004838835435974495e-19
7.291753179551040375e+03 1.688991335198161886e-19 8.508445529693397445e-20
7.296759107484095694e+03 1.198028357286946282e-19 8.801823324119867610e-20
7.301765035417151012e+03 5.725207956310984407e-20 9.046456354505719249e-20
7.306770963350207239e+03 1.407765321136985965e-19 9.131453666762988899e-20
7.311776891283263467e+03 1.952491382993819989e-19 1.161582505194527214e-19
7.316782819216318785e+03 2.063551661406499422e-19 1.170318346810307492e-19
7.321788747149374103e+03 2.397441148061674392e-19 9.734705113595099265e-20
7.326794675082430331e+03 2.530951447796843637e-19 8.780162895609542121e-20
7.331800603015485649e+03 1.381021140461800901e-19 9.519318186329938722e-20
7.336806530948540967e+03 2.145724707353544700e-19 1.197002617810625607e-19
7.341812458881597195e+03 2.660171790945131017e-19 1.207426081893373983e-19
7.346818386814653422e+03 3.188139837640284575e-19 8.749746116978365769e-20
7.351824314747707831e+03 2.140422006647069807e-19 7.563894875459120955e-20
7.356830242680764059e+03 2.640357352369126896e-19 8.472891755336312167e-20
7.361836170613820286e+03 2.069452528031659898e-19 1.001346725504021077e-19
7.366842098546875604e+03 9.367353278452379063e-20 1.119823010277928328e-19
7.371848026479930923e+03 3.149624636087820968e-19 1.081628959166915967e-19
7.376853954412987150e+03 2.714814669133221313e-19 7.153154386694885388e-20
7.381859882346043378e+03 2.296310700225487684e-19 6.074756303316667472e-20
7.386865810279097786e+03 9.735118075739789469e-20 7.640668912468248828e-20
7.391871738212154014e+03 2.095233553325799406e-19 8.413707048821619641e-20
7.396877666145210242e+03 1.321624819140219223e-19 1.030481114942245778e-19
7.401883594078265560e+03 2.458112597226584357e-19 1.028323692772745078e-19
7.406889522011320878e+03 1.027622670593528129e-20 8.714405848818468593e-20
7.411895449944377106e+03 1.394251944117665140e-19 6.763512986253612647e-20
7.416901377877432424e+03 3.006678431056650845e-19 6.794936509069778416e-20
7.421907305810487742e+03 5.354771475343948405e-20 7.133690780142027384e-20
7.426913233743543969e+03 2.570701235714770539e-19 7.901712917998234688e-20
7.431919161676600197e+03 2.540734171548692232e-19 8.941494348373487543e-20
7.436925089609655515e+03 2.471694525064787711e-19 8.962130044846715309e-20
7.441931017542710833e+03 1.550478454243830435e-19 8.125957172677977515e-20
7.446936945475767061e+03 1.494393885837166316e-19 6.268558154715021334e-20
7.451942873408822379e+03 1.609548034207673906e-19 6.068359411409387579e-20
7.456948801341877697e+03 1.184686160159206148e-19 6.546552427764262885e-20
7.461954729274933925e+03 7.183736534513309259e-20 7.422390215469308187e-20
7.466960657207990153e+03 2.052334980734931826e-19 8.577216568914620377e-20
7.471966585141045471e+03 -2.678490483854948228e-20 8.997332103641779240e-20
7.476972513074100789e+03 1.374730108740497567e-19 9.513715348607451660e-20
7.481978441007157016e+03 1.927270830241067481e-19 9.043951774254610323e-20
7.486984368940212335e+03 2.371237969994957561e-19 7.921467624685186626e-20
7.491990296873267653e+03 1.374230458173192403e-19 6.662477016287580098e-20
7.496996224806323880e+03 9.162560484228410521e-20 6.417946495457465838e-20
7.502002152739380108e+03 2.703270001929569763e-19 5.952626862905669008e-20
7.507008080672435426e+03 1.719446178249186244e-19 5.829499205467597711e-20
7.512014008605490744e+03 1.357142500937119993e-19 6.205573607357573879e-20
7.517019936538546972e+03 2.930705811747273476e-19 8.835614503080856591e-20
7.522025864471602290e+03 2.086839924203157261e-19 1.137075902175180802e-19
7.527031792404657608e+03 1.922097688329430268e-19 1.173440732787956473e-19
7.532037720337713836e+03 2.475941455867464310e-19 8.725683473364274832e-20
7.537043648270770063e+03 1.722549663919859337e-19 7.461929933666758766e-20
7.542049576203824472e+03 9.780159734637057343e-20 6.995483598004465656e-20
7.547055504136880700e+03 9.426699476442895375e-20 6.845368032216749374e-20
7.552061432069936927e+03 1.144618280113664010e-19 7.591215260569063961e-20
7.557067360002992245e+03 1.480464804676401655e-19 7.835157968666327513e-20
7.562073287936047564e+03 1.216096201647463307e-19 7.704197735869087311e-20
7.567079215869103791e+03 3.078436353464306236e-19 9.686956800112788662e-20
7.572085143802159109e+03 1.802806689729092031e-19 9.975967311791319975e-20
7.577091071735214427e+03 1.074938167140203190e-19 8.320702128458579768e-20
7.582096999668270655e+03 1.082696253826595734e-19 7.220564848334180352e-20
7.587102927601326883e+03 9.198010541808245565e-20 7.171201546999496409e-20
7.592108855534382201e+03 -5.968255965735568757e-20 1.119484293000746534e-19
7.597114783467437519e+03 4.940998379915220446e-20 1.602936575956938282e-19
7.602120711400493747e+03 -9.086158244746732234e-20 1.691340202771137624e-19
7.607126639333549065e+03 8.906305781403337975e-20 1.097913022589765905e-19
7.612132567266604383e+03 6.536854308356449034e-20 9.464175961950007879e-20
7.617138495199660611e+03 2.996221174977915840e-20 9.740576435346556288e-20
7.622144423132716838e+03 1.149111222191432225e-20 1.182897598595013475e-19
7.627150351065772156e+03 1.183055489382959022e-19 1.240437799839596217e-19
7.632156278998827474e+03 1.620547298077004813e-19 1.122534923152490631e-19
7.637162206931883702e+03 5.440555776162502065e-21 8.512513534933164124e-20
7.642168134864939020e+03 1.171924260951753883e-19 7.735861245818576457e-20
7.647174062797994338e+03 -2.023608783810273681e-20 7.862904574423228720e-20
7.652179990731050566e+03 1.255774374930503236e-19 8.048837080153978564e-20
7.657185918664106794e+03 2.427520089665048132e-19 9.064887933244055377e-20
7.662191846597162112e+03 9.889664570668407342e-20 9.334404034058574059e-20
7.667197774530217430e+03 6.958591268051871012e-20 8.369594226793934356e-20
7.672203702463273657e+03 1.532887037056336564e-19 7.034811728546304512e-20
7.677209630396328976e+03 6.127855388260503977e-20 7.211934934878772092e-20
7.682215558329384294e+03 1.383846030842233416e-19 7.617253139871136932e-20
7.687221486262440521e+03 1.259914261810522534e-19 7.917855581262153507e-20
7.692227414195496749e+03 1.040456884248759353e-20 8.093072484584372109e-20
7.697233342128551158e+03 1.199054890512355229e-19 8.177120364220230579e-20
7.702239270061607385e+03 1.443296155777640553e-19 7.947735176367985920e-20
7.707245197994663613e+03 1.748077111892207573e-19 1.220129270897821595e-19
7.712251125927718931e+03 3.984628698255145196e-19 1.560731506875668976e-19
7.717257053860774249e+03 4.428230314110381145e-19 1.501924969933405872e-19
7.722262981793830477e+03 3.048939390912228054e-19 1.128648794472573508e-19
7.727268909726885795e+03 6.622683028855384715e-20 8.427454538231648036e-20
7.732274837659941113e+03 9.516714856479191932e-20 7.117731618672436607e-20
7.737280765592997341e+03 1.066034466342110998e-19 6.621142062939440045e-20
7.742286693526053568e+03 1.500743011601277108e-19 8.879668135471491882e-20
7.747292621459108886e+03 4.063936977567330998e-19 1.347465721836427713e-19
7.752298549392164205e+03 1.446969641971311506e-19 1.418872510027079625e-19
7.757304477325220432e+03 1.684390525707007864e-19 1.144692900440691706e-19
7.762310405258275750e+03 6.594783304293429891e-20 9.293672065143128496e-20
7.767316333191331069e+03 2.010097760595178287e-19 7.743049088078037558e-20
7.772322261124387296e+03 1.995833283543136011e-19 8.269101463659668864e-20
7.777328189057443524e+03 7.973618506680932393e-20 9.387387350993592234e-20
7.782334116990498842e+03 8.972437219008871994e-20 8.980661929072778446e-20
7.787340044923554160e+03 7.026377483127710972e-20 1.104133795484294850e-19
7.792345972856610388e+03 2.546422036264388823e-19 1.348347648120056010e-19
7.797351900789665706e+03 2.375468346629327852e-19 1.263064607507686852e-19
7.802357828722721024e+03 2.917825742992804857e-19 9.851057601233235329e-20
7.807363756655777252e+03 2.419802887010195587e-19 1.050399037569129382e-19
7.812369684588833479e+03 2.252467184993503085e-19 1.094381500859111855e-19
7.817375612521888797e+03 2.563770284606213826e-19 1.404522633408926278e-19
7.822381540454944115e+03 -7.468188173155675796e-20 1.410169055932866720e-19
7.827387468388000343e+03 1.423820970209226808e-19 9.942244577684289909e-20
7.832393396321055661e+03 1.171049780978201530e-19 7.139530489295171062e-20
7.837399324254110979e+03 2.542653153290547827e-19 8.939905005493544589e-20
7.842405252187167207e+03 2.516853024086030592e-19 9.629954643824145868e-20
7.847411180120223435e+03 2.066340067520395131e-19 1.300072784433795735e-19
7.852417108053277843e+03 5.454970694200706265e-20 1.507296356577471907e-19
7.857423035986334071e+03 2.666780020223873507e-19 1.441547321217993265e-19
7.862428963919390299e+03 -1.894724471222107512e-19 1.175437430124564073e-19
7.867434891852445617e+03 3.920064375369457404e-20 1.154172928355159770e-19
7.872440819785500935e+03 2.697966497995629043e-19 1.153421807783202907e-19
7.877446747718557162e+03 7.592335276275552961e-20 1.053952986472652234e-19
7.882452675651613390e+03 2.046215566571236263e-19 1.099925939008900359e-19
7.887458603584667799e+03 1.894281499813731310e-19 1.135855041108726625e-19
7.892464531517724026e+03 1.657422921556506550e-19 1.058979836302759902e-19
7.897470459450780254e+03 2.340779046660953971e-19 7.458095819887293759e-20
7.902476387383835572e+03 1.784062232699346507e-19 6.841227654629724695e-20
7.907482315316890890e+03 2.497840935736371789e-19 1.311374763482251104e-19
7.912488243249947118e+03 2.748912327127087721e-19 1.701485365214824812e-19
7.917494171183002436e+03 5.083315298871969376e-19 1.739410001248624289e-19
7.922500099116057754e+03 3.920993134546768443e-20 1.323605267395418117e-19
7.927506027049113982e+03 3.438446727901317866e-19 1.198029627179947327e-19
7.932511954982170209e+03 1.923823808892673943e-19 1.089446621404763698e-19
7.937517882915225528e+03 8.381853200105595413e-20 8.560840874550237344e-20
7.942523810848280846e+03 1.024258858001978031e-19 8.693610259074297720e-20
7.947529738781337073e+03 2.003861050703704728e-19 9.716709700621760019e-20
7.952535666714392391e+03 -5.621282210360382281e-20 8.802339385068194940e-20
7.957541594647447710e+03 5.204209050115533348e-20 1.060150552449533538e-19
7.962547522580503937e+03 2.162659437828635651e-19 1.381703010920387375e-19
7.967553450513560165e+03 2.779797222530151057e-19 1.304492906589068891e-19
7.972559378446615483e+03 2.432495775643154021e-19 9.873915140092117665e-20
7.977565306379670801e+03 1.707154371496920810e-19 1.031774583344647110e-19
7.982571234312727029e+03 4.456053057653397094e-20 9.867347875841091978e-20
7.987577162245782347e+03 2.440561636467491187e-19 1.233761712531707947e-19
7.992583090178837665e+03 2.573981935052998822e-19 1.394858045602909002e-19
7.997589018111893893e+03 1.876341976978022675e-19 1.195626881528346296e-19
8.002594946044950120e+03 1.385651866562839414e-19 6.844425876155211047e-20
8.007600873978005438e+03 3.128676361984992546e-19 7.732948290151265241e-20
8.012606801911060757e+03 2.576089084121636595e-19 9.114728250596594694e-20
8.017612729844116984e+03 2.508128275373703354e-19 1.035203632321835772e-19
8.022618657777172302e+03 3.991493284822710557e-19 1.259687382608352857e-19
8.027624585710227620e+03 6.932965311489782669e-20 1.272642156444148809e-19
8.032630513643283848e+03 1.272463360181041952e-19 9.056298346919494483e-20
8.037636441576340076e+03 1.237688659276296122e-19 6.456538690311545160e-20
8.042642369509394484e+03 1.737116203376120076e-19 6.635790296727689720e-20
8.047648297442450712e+03 1.494189872131739877e-19 8.366131079243957483e-20
8.052654225375506940e+03 2.012232510877675671e-19 9.172228195997476941e-20
8.057660153308562258e+03 3.035108429506012878e-19 1.100043228525867731e-19
8.062666081241617576e+03 1.849194376265060278e-19 1.085048668975671459e-19
8.067672009174673803e+03 2.669337243980781692e-19 8.708061158329456170e-20
8.072677937107729122e+03 1.324361155811427089e-19 6.634023293037698184e-20
8.077683865040784440e+03 1.049944554273676559e-19 6.663274308260659700e-20
8.082689792973840667e+03 9.895755343178957765e-20 6.588590217311284780e-20
8.087695720906896895e+03 1.273906800730402922e-19 6.959353266036149920e-20
8.092701648839952213e+03 7.337233875469143025e-20 7.161603542741472056e-20
8.097707576773007531e+03 5.999675812662347081e-20 8.068199784784945282e-20
8.102713504706063759e+03 1.527594116820059850e-19 7.836086780043880061e-20
8.107719432639119077e+03 1.230031938234657063e-19 6.916342264541025992e-20
8.112725360572174395e+03 2.123600533916344121e-19 5.839832434854012255e-20
8.117731288505230623e+03 7.818113855898119222e-20 5.670454752142885208e-20
8.122737216438286850e+03 1.936550712017803302e-19 5.789595648314677030e-20
8.127743144371342169e+03 2.838984402917240755e-19 5.886170416786516905e-20
8.132749072304397487e+03 6.868063635706352571e-20 6.237678116702900947e-20
8.137755000237453714e+03 3.662293927332930244e-20 6.608393705396604505e-20
8.142760928170509032e+03 9.364903589754694660e-20 7.012184753726431170e-20
8.147766856103564351e+03 1.125400120795765261e-19 6.781224692613611332e-20
8.152772784036620578e+03 6.953773011245386227e-20 6.247406674031615876e-20
8.157778711969676806e+03 5.883722800552542818e-20 5.880440753044034942e-20
8.162784639902732124e+03 8.366995331958816708e-20 5.937347542966522060e-20
8.167790567835787442e+03 6.585846188943408155e-20 6.025955304230998259e-20
8.172796495768843670e+03 1.736376288437964632e-19 6.154655176186631444e-20
8.177802423701898988e+03 1.784767549756130152e-19 6.277960300666115079e-20
8.182808351634954306e+03 1.349842329232676363e-19 6.654823138244496338e-20
8.187814279568010534e+03 1.453051459691387831e-19 7.007728029780307957e-20
8.192820207501066761e+03 1.533294047858022765e-19 7.103809449343134550e-20
8.197826135434121170e+03 1.404742647438801798e-19 6.740074483704716551e-20
8.202832063367177398e+03 6.505460978804485996e-20 6.472400317057010416e-20
8.207837991300233625e+03 -2.519482188931714787e-20 6.388289760357695420e-20
8.212843919233288034e+03 1.439743686408690849e-19 6.251946489557576888e-20
8.217849847166344261e+03 1.497488444407259622e-19 6.148879628117454131e-20
8.222855775099400489e+03 5.628997883811827340e-20 5.989989237829179462e-20
8.227861703032456717e+03 7.236596266456585971e-20 5.851101938796554171e-20
8.232867630965511125e+03 1.947187694706221314e-20 5.809166091247653964e-20
8.237873558898567353e+03 3.777259128087802089e-20 6.007142131441690852e-20
8.242879486831623581e+03 1.343968561411244475e-19 6.231819103224307782e-20
8.247885414764677989e+03 8.345237081379987751e-21 6.251504394311093765e-20
8.252891342697734217e+03 1.940639892406417745e-19 6.110292326727653193e-20
8.257897270630790445e+03 9.101065600186692690e-20 5.937112502970785352e-20
8.262903198563846672e+03 1.690550571363912586e-19 5.926571112251510067e-20
8.267909126496901081e+03 4.883684053695338299e-20 6.102657478927100748e-20
8.272915054429957308e+03 3.200266502034534975e-19 9.100887709208391732e-20
8.277920982363013536e+03 3.743621596870334939e-19 1.335440713733597002e-19
8.282926910296067945e+03 2.232270208462249428e-19 1.696035141531586578e-19
8.287932838229124172e+03 3.200516898089069186e-19 1.641452868442486865e-19
8.292938766162180400e+03 3.891578309314452029e-19 1.763124523332854824e-19
8.297944694095236628e+03 2.402615406696027818e-19 1.675226676117915491e-19
8.302950622028291036e+03 1.637752884092427263e-19 1.476543632629850672e-19
8.307956549961347264e+03 2.251142278853751627e-19 1.117278227557646847e-19
8.312962477894403492e+03 1.218236251562495138e-19 1.071913521353649058e-19
8.317968405827457900e+03 -1.470274173393455548e-20 8.061350408670720562e-20
8.322974333760514128e+03 -4.072373559683151687e-20 6.918473190240561384e-20
8.327980261693570355e+03 7.514127517653526128e-20 6.533181058157345299e-20
8.332986189626626583e+03 1.118877099180468769e-19 7.207329165191494283e-20
8.337992117559680992e+03 9.838818466839764095e-20 1.726488779843395724e-19
8.342998045492737219e+03 -3.753117944357831669e-20 2.222257342678662360e-19
8.348003973425793447e+03 5.045030967455301658e-19 2.215387895167498211e-19
8.353009901358847856e+03 6.291238086777245288e-20 1.469353548807164595e-19
8.358015829291904083e+03 2.538118216355083015e-19 1.179473359857273844e-19
8.363021757224960311e+03 1.569292359683930188e-19 9.714593309456730719e-20
8.368027685158016538e+03 -4.689270716041447940e-20 8.768292119905006618e-20
8.373033613091070947e+03 5.540935393486071634e-20 7.549863239941644251e-20
8.378039541024127175e+03 1.350052699971043242e-19 1.082280120254948945e-19
8.383045468957181583e+03 9.611558928898979466e-20 1.132822852227439283e-19
8.388051396890237811e+03 2.962568112477116331e-19 9.118929397285379001e-20
8.393057324823294039e+03 1.210541355754536057e-19 1.457197897307612213e-19
8.398063252756350266e+03 -6.694262593030563604e-21 1.783792591985443581e-19
8.403069180689406494e+03 1.111082015229493575e-19 1.576634193349891277e-19
8.408075108622460903e+03 4.418502712007193233e-20 1.045032366033980008e-19
8.413081036555517130e+03 7.669378923046275103e-20 1.240415107486983505e-19
8.418086964488571539e+03 2.312941417552201621e-19 1.226609268147188335e-19
8.423092892421627766e+03 2.537078472130455631e-19 1.521564428266012445e-19
8.428098820354683994e+03 5.368292668797826421e-19 2.059639556215373917e-19
8.433104748287740222e+03 2.873248688907046061e-19 1.974447404595142801e-19
8.438110676220796449e+03 2.729923875336040886e-19 9.999286929718197043e-20
8.443116604153850858e+03 2.493896489822026130e-19 8.120433387857817830e-20
8.448122532086907086e+03 4.550608558667441240e-19 1.232402595307478911e-19
8.453128460019961494e+03 4.213070169056111424e-19 1.259638465419870558e-19
8.458134387953017722e+03 4.741757100169030300e-19 1.420265785968169141e-19
8.463140315886073950e+03 4.560912145680780175e-19 1.727530290264103544e-19
8.468146243819130177e+03 1.928878467743090134e-19 1.585112701078365266e-19
8.473152171752186405e+03 1.183893793532554970e-19 8.592034000580633372e-20
8.478158099685240813e+03 2.637726576721064848e-19 6.269101156320444630e-20
8.483164027618297041e+03 1.255322694499138601e-19 6.189082263604978537e-20
8.488169955551351450e+03 1.883615464037592139e-19 8.949405833412785824e-20
8.493175883484407677e+03 2.020830962684517656e-19 9.871499890249342399e-20
8.498181811417463905e+03 8.947877721017905546e-20 1.160217219997228156e-19
8.503187739350520133e+03 2.566170282399748865e-19 1.244743017005991127e-19
8.508193667283574541e+03 2.844801196572723331e-19 1.134911208897985524e-19
8.513199595216630769e+03 1.656451396152662017e-19 6.843035879277644404e-20
8.518205523149686996e+03 1.125084572961155110e-19 5.868204447691269385e-20
8.523211451082741405e+03 4.549656219549100466e-20 5.876984446405113235e-20
8.528217379015797633e+03 5.719894177939644935e-20 5.809076401400077739e-20
8.533223306948853860e+03 1.139748401478238884e-19 7.249360359029918555e-20
8.538229234881910088e+03 1.654413955187861046e-19 8.123679338493207661e-20
8.543235162814964497e+03 2.272184970198032965e-19 9.830628746205664632e-20
8.548241090748020724e+03 1.442143758065855116e-19 1.008827330162509657e-19
8.553247018681076952e+03 9.872218206588348622e-20 9.079223827727283087e-20
8.558252946614131361e+03 6.454489131930367016e-20 6.534941342228443821e-20
8.563258874547187588e+03 3.411048978786399931e-20 6.370106137117001197e-20
8.568264802480243816e+03 1.603725981030440351e-19 6.789461770868246939e-20
8.573270730413300043e+03 2.888823375356428811e-19 7.092259362796513665e-20
8.578276658346354452e+03 2.098861703748816315e-19 6.919554260076510673e-20
8.583282586279410680e+03 8.489950954338811933e-20 7.480283083028304617e-20
8.588288514212466907e+03 2.786343745181053433e-20 7.937129443951209825e-20
8.593294442145521316e+03 6.628877083436518171e-20 8.583792473798974598e-20
8.598300370078577544e+03 1.490978332029921534e-19 8.058246865366184623e-20
8.603306298011633771e+03 3.297709579666929154e-20 7.045242120121763484e-20
8.608312225944689999e+03 1.871488203566440837e-20 7.359122543302245681e-20
8.613318153877744408e+03 2.812324762199393110e-19 9.276461637237823310e-20
8.618324081810800635e+03 1.918990226411527867e-19 1.147638977723325448e-19
8.623330009743856863e+03 1.888938259567833415e-19 1.329291287801442678e-19
8.628335937676911271e+03 2.380353132063209911e-19 1.405329390784197390e-19
8.633341865609967499e+03 1.308979859879646283e-19 1.328276857248726010e-19
8.638347793543023727e+03 1.224261403502833712e-19 1.140191192637583107e-19
8.643353721476079954e+03 7.316122581023126328e-20 1.051312225761627799e-19
8.648359649409134363e+03 2.681544384361460013e-20 1.199658614040016658e-19
8.653365577342190591e+03 1.597058852045752736e-19 1.391054409402583395e-19
8.658371505275246818e+03 5.979694602912876802e-20 1.437595247959142563e-19
8.663377433208301227e+03 2.880164719870516566e-19 1.396876982750206343e-19
8.668383361141357454e+03 6.773905086685133182e-20 1.301696406260118881e-19
8.673389289074413682e+03 3.023028314135942564e-20 1.193442748530406511e-19
8.678395217007469910e+03 1.643837209866346820e-19 1.075934788987795480e-19
8.683401144940524318e+03 6.770917987723271655e-21 9.532905442590833188e-20
8.688407072873580546e+03 2.231366954134946112e-19 8.687499546443034184e-20
8.693413000806636774e+03 1.545298449476475493e-19 8.362118828456721603e-20
8.698418928739691182e+03 1.251328901146527480e-19 8.299414488478822801e-20
8.703424856672747410e+03 1.456067531484314279e-19 8.273715011466090104e-20
8.708430784605803638e+03 2.353571405785940617e-19 7.621032693578391923e-20
8.713436712538859865e+03 2.713379580265886665e-19 6.954810888388647382e-20
8.718442640471914274e+03 3.132785382054578701e-20 6.552738305113375899e-20
8.723448568404970501e+03 7.742130803073793704e-20 6.521428479023746165e-20
8.728454496338024910e+03 2.553250295254182723e-20 6.445410154385760482e-20
8.733460424271081138e+03 2.057323232957949685e-19 6.445134975151436872e-20
8.738466352204137365e+03 2.026601356503875400e-19 6.538880026476982887e-20
8.743472280137193593e+03 2.104570722799866575e-19 6.532648986733390097e-20
8.748478208070249821e+03 2.128478540834417536e-19 6.787611515563480727e-20
8.753484136003304229e+03 1.954384638713383219e-19 1.211739701069163981e-19
8.758490063936360457e+03 1.485755057146089007e-19 1.812592418139936934e-19
8.763495991869414866e+03 3.957188001241470818e-19 2.227800261807866161e-19
8.768501919802471093e+03 3.025486798898388616e-19 2.062217544933574285e-19
8.773507847735527321e+03 5.427755835745672848e-19 2.095513611811903393e-19
8.778513775668583548e+03 9.072741684242951143e-20 1.958956329855158492e-19
8.783519703601639776e+03 4.701883402642754816e-20 1.522125015680342720e-19
8.788525631534694185e+03 2.803649576572731321e-19 1.217244966775282268e-19
8.793531559467750412e+03 2.512570126525290453e-19 1.191765810908116315e-19
8.798537487400804821e+03 2.058595264451675998e-19 8.347747843394521505e-20
8.803543415333861049e+03 1.069524903847817234e-19 7.235678956942754983e-20
8.808549343266917276e+03 1.877353331622471261e-19 7.746042414673024364e-20
8.813555271199973504e+03 5.373505993484714902e-20 7.833978821515260123e-20
8.818561199133029731e+03 1.888809532319731482e-19 1.609496317710757207e-19
8.823567127066084140e+03 -4.254223997023431979e-20 3.015550591440854445e-19
8.828573054999140368e+03 -1.538561204835889789e-19 3.276620863397951858e-19
8.833578982932194776e+03 1.412910891059466841e-19 2.516752443679180575e-19
8.838584910865251004e+03 1.354061141836926235e-19 1.872307967735131126e-19
8.843590838798307232e+03 1.631272116016395263e-19 1.318510381561730464e-19
8.848596766731363459e+03 1.608922887314290493e-19 1.221193473954594478e-19
8.853602694664417868e+03 -1.693441196858517206e-20 1.077536919288462269e-19
8.858608622597474096e+03 9.877428887724107016e-20 1.008616179227977478e-19
8.863614550530530323e+03 2.273540156473864097e-19 1.488208382960104732e-19
8.868620478463584732e+03 3.175146612959273209e-19 1.493055176618285062e-19
8.873626406396640959e+03 5.219580409522297555e-21 1.032697243834330785e-19
8.878632334329697187e+03 -1.419905463788244622e-19 1.652260812988694977e-19
8.883638262262753415e+03 5.350641506041331722e-20 2.278146514487583599e-19
8.888644190195807823e+03 -6.810412629040015236e-20 2.146875179375321473e-19
8.893650118128864051e+03 -7.723188862015284348e-20 1.221111535748402661e-19
8.898656046061920279e+03 1.124771193731529764e-19 1.473346464245157351e-19
8.903661973994974687e+03 8.971171838809852952e-20 1.583784571382529955e-19
8.908667901928030915e+03 -1.440889176950644539e-19 1.291426411741108500e-19
8.913673829861087142e+03 1.279584955660635373e-19 2.102416041049124095e-19
8.918679757794143370e+03 -3.063087369036839601e-19 2.556216572250409696e-19
8.923685685727199598e+03 2.543587213938314519e-19 2.237348042308538294e-19
8.928691613660254006e+03 2.206045273851365768e-19 1.077564431317199405e-19
8.933697541593308415e+03 2.376058177867737958e-19 9.305056805715406870e-20
8.938703469526364643e+03 1.886746242426922739e-19 1.536635732793157838e-19
8.943709397459420870e+03 -8.604020654103936788e-20 1.673437834242197225e-19
8.948715325392477098e+03 1.887558684168094028e-19 1.566978763379829460e-19
8.953721253325533326e+03 4.832978849839717578e-19 2.356320009630044530e-19
8.958727181258589553e+03 -1.749219276912743584e-19 2.513594129540950625e-19
8.963733109191643962e+03 3.926523646376369063e-19 1.747950319320791592e-19
8.968739037124698370e+03 2.591633502030225994e-20 8.836025418680676670e-20
8.973744965057754598e+03 1.618427850459278155e-19 8.445916109526676636e-20
8.978750892990810826e+03 9.091159811331402752e-20 9.278522597828691936e-20
8.983756820923867053e+03 -2.005617454277277259e-20 1.362899060601242915e-19
8.988762748856923281e+03 -4.667929149014352137e-20 1.435660301035122693e-19
8.993768676789977690e+03 3.868639181667637883e-19 1.503007414097240665e-19
8.998774604723033917e+03 3.366245132532214147e-19 1.784785240336086403e-19
9.003780532656088326e+03 1.281860898912927028e-19 1.693156217046701555e-19
9.008786460589144554e+03 1.549300280786622236e-19 9.763501863393130546e-20
9.013792388522200781e+03 8.992889226247399419e-20 6.994928993002082839e-20
9.018798316455257009e+03 1.563133157379938792e-19 7.112067348081746540e-20
9.023804244388313236e+03 1.072176133756188196e-19 7.417131929876268530e-20
9.028810172321367645e+03 5.743550826063920050e-20 7.930470029792302858e-20
9.033816100254423873e+03 1.771070546699079458e-19 1.069718174695942802e-19
9.038822028187478281e+03 2.135660091922972970e-19 1.142153207957165526e-19
9.043827956120534509e+03 -1.387313183824179584e-19 1.341907485223144006e-19
9.048833884053590737e+03 -2.124715282929474901e-19 1.403009212938893932e-19
9.053839811986646964e+03 8.338703999239275480e-20 1.235426293062001702e-19
9.058845739919703192e+03 1.816491925221429853e-19 8.530412439494061569e-20
9.063851667852757600e+03 8.264674095083573167e-20 8.435700648502139817e-20
9.068857595785813828e+03 8.764109480147511456e-20 8.492134622487518659e-20
9.073863523718868237e+03 -5.609836203681355146e-20 8.066897980560619572e-20
9.078869451651924464e+03 3.402411390185434436e-20 7.888652655490709639e-20
9.083875379584980692e+03 2.094751696467932534e-20 8.726478231131453654e-20
9.088881307518036920e+03 1.973148364354831730e-19 1.056855515971162231e-19
9.093887235451093147e+03 1.490387503860023826e-19 1.098182944157838186e-19
9.098893163384147556e+03 2.351005700324759041e-21 1.149926745296776935e-19
9.103899091317203784e+03 2.490503577171547392e-21 1.086055071754371751e-19
9.108905019250258192e+03 1.793563094679826163e-19 8.605768299488218244e-20
9.113910947183314420e+03 9.124655323054022498e-20 7.153417723753566357e-20
9.118916875116370647e+03 6.179893347604619190e-20 6.979788375866085272e-20
9.123922803049426875e+03 6.077966642734612212e-20 6.831197897777738227e-20
9.128928730982483103e+03 1.351560085451057684e-19 6.947871326047334350e-20
9.133934658915537511e+03 1.667254227157893536e-19 7.051538049753702830e-20
9.138940586848593739e+03 1.659949583140394590e-19 7.161211428544270075e-20
9.143946514781648148e+03 9.661462402868553490e-20 7.669705591917985402e-20
9.148952442714704375e+03 8.589377757271210843e-20 8.954418541219264310e-20
9.153958370647760603e+03 1.404305429691238468e-19 1.005973251895984351e-19
9.158964298580816831e+03 1.418000638759425219e-19 1.003835381848145859e-19
9.163970226513873058e+03 1.917007147326906865e-19 9.344149361521089576e-20
9.168976154446927467e+03 8.192759756995171339e-21 7.735764584458030158e-20
9.173982082379983694e+03 1.099076877551503686e-19 7.423084422483802420e-20
9.178988010313038103e+03 1.196054518284372715e-19 7.441047540464073114e-20
9.183993938246094331e+03 -6.826237522589368738e-20 7.534357430105939396e-20
9.188999866179150558e+03 6.082826460033092035e-20 7.631510081685032975e-20
9.194005794112206786e+03 2.867081683990974082e-20 7.815345838943434380e-20
9.199011722045263014e+03 -1.379424543604265768e-19 7.957259454181873705e-20
9.204017649978317422e+03 2.564133766282604292e-20 8.189075532279170083e-20
9.209023577911373650e+03 1.000911436122342643e-19 8.959812239972113102e-20
9.214029505844428058e+03 3.094852644358325477e-19 9.873969259752398759e-20
9.219035433777484286e+03 1.608130615446709271e-19 1.068227580920911687e-19
9.224041361710540514e+03 1.168560696838810290e-19 1.020879036119456031e-19
9.229047289643596741e+03 1.855599311200185373e-19 9.220192268778668882e-20
9.234053217576652969e+03 -8.508472348404200966e-22 7.754916596361827055e-20
9.239059145509707378e+03 1.487607815777495457e-19 7.587180098393197256e-20
9.244065073442761786e+03 8.910288645193005441e-20 8.047659951201207709e-20
9.249071001375818014e+03 1.563852415544296971e-19 8.359377699390660032e-20
9.254076929308874242e+03 1.483366199098205485e-19 8.015970848568759225e-20
9.259082857241930469e+03 2.131028854085406790e-19 7.699196291504851899e-20
9.264088785174986697e+03 1.124543351784437427e-19 7.483587938450739176e-20
9.269094713108042924e+03 1.882563625468686167e-19 7.345811393490567612e-20
9.274100641041097333e+03 9.752204803964304448e-20 7.490272549382217746e-20
9.279106568974151742e+03 6.346223556596153993e-20 8.005868264206848670e-20
9.284112496907207969e+03 1.836311383869818155e-19 9.066185239767342170e-20
9.289118424840264197e+03 1.312736330761761376e-19 1.019218385098762197e-19
9.294124352773320425e+03 1.382955623088427550e-19 1.056700556540092372e-19
9.299130280706376652e+03 2.499681942289880440e-19 1.741054740110757372e-19
9.304136208639432880e+03 7.672481034446735627e-19 3.088442859318415617e-19
9.309142136572487289e+03 -2.637749649030515966e-20 4.203858094673091213e-19
9.314148064505541697e+03 4.538476783550703184e-19 4.121286765966612222e-19
9.319153992438597925e+03 1.937529952377769162e-19 4.064602647871724538e-19
9.324159920371654152e+03 6.736152526666528686e-21 3.816668957051370404e-19
9.329165848304710380e+03 4.664972283280256920e-19 2.880004787722954547e-19
9.334171776237766608e+03 3.451856727036015927e-19 2.472527882995679111e-19
9.339177704170821016e+03 2.344389453507433829e-19 2.442372586980930889e-19
9.344183632103877244e+03 3.111807051902699515e-19 1.788616285743508349e-19
9.349189560036931653e+03 1.691196289597631765e-19 1.444128051067684961e-19
9.354195487969987880e+03 1.772858465065225872e-19 1.390991133510866524e-19
9.359201415903044108e+03 3.732619105935534931e-19 1.287787668530364212e-19
9.364207343836100335e+03 3.624000806555017707e-19 1.650425520816154833e-19
9.369213271769156563e+03 2.696884267392021826e-19 4.163717038306791971e-19
9.374219199702210972e+03 2.614328505874943251e-19 5.096340322615594255e-19
9.379225127635267199e+03 3.255358566588162860e-19 4.561240135795650179e-19
9.384231055568321608e+03 3.204636065893096244e-19 2.387268852701670811e-19
9.389236983501377836e+03 2.438455679260154607e-19 1.644087027793519377e-19
9.394242911434434063e+03 3.223410316863314993e-20 1.492019359180928417e-19
9.399248839367490291e+03 5.909457417298986298e-20 1.817786481652568307e-19
9.404254767300546519e+03 1.008584209593578297e-19 1.733331739828163403e-19
9.409260695233600927e+03 2.940618560650216380e-19 1.319997685848878667e-19
9.414266623166657155e+03 1.664003535161661482e-19 2.077191385086098665e-19
9.419272551099711563e+03 4.585209109475298126e-19 2.487078677461405580e-19
9.424278479032767791e+03 4.914827097229780478e-19 2.252676058660847874e-19
9.429284406965824019e+03 1.834171436956375182e-19 1.583652819645662913e-19
9.434290334898880246e+03 1.981133241233003758e-19 3.555463643938297877e-19
9.439296262831936474e+03 6.274109039280684776e-19 4.548905071750116582e-19
9.444302190764990883e+03 3.262930781785234065e-19 3.629885676825784034e-19
9.449308118698047110e+03 5.408099684966320135e-19 2.091678810632703549e-19
9.454314046631101519e+03 9.188952957757672391e-20 3.085029049881536787e-19
9.459319974564157746e+03 4.062983501071149016e-20 3.241234775570951300e-19
9.464325902497213974e+03 3.265092854091447564e-19 2.271765510863544994e-19
9.469331830430270202e+03 2.097132156730735605e-19 3.200344676740630176e-19
9.474337758363326429e+03 -1.335094290511591775e-19 4.672898338410548148e-19
9.479343686296380838e+03 -2.697685023060994352e-19 4.434687761010791279e-19
9.484349614229437066e+03 3.227153887319564624e-19 2.148618842075883728e-19
9.489355542162491474e+03 1.808852745381193607e-19 1.360398648167580602e-19
9.494361470095547702e+03 3.857482135336361286e-19 1.962571294012432051e-19
9.499367398028603930e+03 1.786259848623240087e-19 2.789338539287123746e-19
9.504373325961660157e+03 4.168629013401034635e-19 2.597855202059732707e-19
9.509379253894716385e+03 2.622885559789597037e-19 1.951051208356081710e-19
9.514385181827770793e+03 2.776244669739493089e-19 3.099981709142001956e-19
9.519391109760827021e+03 6.038201095268711277e-19 3.491341763457945371e-19
9.524397037693881430e+03 1.215744314861305423e-19 2.755013132366513348e-19
9.529402965626937657e+03 2.295906997245492528e-19 1.545211561727183062e-19
9.534408893559993885e+03 2.404477475063141703e-19 1.437755409361846609e-19
9.539414821493050113e+03 5.666567183723697508e-19 1.379797876943641610e-19
9.544420749426106340e+03 -1.960362731102028238e-19 1.627821565633727880e-19
9.549426677359160749e+03 3.989299877713986188e-19 2.395265292329549900e-19
9.554432605292216977e+03 5.938530048366679896e-19 2.552951174363201958e-19
9.559438533225271385e+03 8.809567343404805764e-19 2.547479553655848591e-19
9.564444461158327613e+03 1.140603268898875978e-18 3.441443604690613373e-19
9.569450389091383840e+03 9.769980839247874975e-19 3.331928167925353674e-19
9.574456317024440068e+03 -1.995353062198444616e-19 2.102310111246450466e-19
9.579462244957496296e+03 2.613612731454334289e-19 1.433844328858867787e-19
9.584468172890550704e+03 2.282543377830578923e-20 1.396742564249764143e-19
9.589474100823605113e+03 1.149246001520396937e-19 1.447987198057729520e-19
9.594480028756661341e+03 2.468059933134691903e-19 1.413661746426237296e-19
9.599485956689717568e+03 -1.790229154138410876e-19 1.655473181881012205e-19
9.604491884622773796e+03 -4.116171502877782447e-19 2.151798267706442659e-19
9.609497812555830023e+03 1.116805403845635460e-19 2.094930816736759106e-19
9.614503740488886251e+03 3.281455390844112922e-19 2.195205726025940239e-19
9.619509668421940660e+03 6.552413846821599244e-19 2.421705283515040235e-19
9.624515596354995068e+03 6.326785927015598631e-19 2.252728857843854306e-19
9.629521524288051296e+03 3.568036070503958844e-20 1.563380363298066603e-19
9.634527452221107524e+03 2.567770855558851134e-20 1.401472879169971147e-19
9.639533380154163751e+03 -1.544826225376529310e-19 1.306300687618123914e-19
9.644539308087219979e+03 6.249345453735011320e-20 1.290553853679410021e-19
9.649545236020274388e+03 2.607054447988151485e-20 1.371855896092334146e-19
9.654551163953330615e+03 -1.424648251923047358e-19 1.522771280352600527e-19
9.659557091886385024e+03 7.651174268932673111e-20 1.716140846856373386e-19
9.664563019819441251e+03 -1.320442032545370525e-19 2.217728380297433889e-19
9.669568947752497479e+03 1.058911877696299572e-19 2.351700184060428728e-19
9.674574875685553707e+03 1.063236425117548004e-19 2.575726839609310936e-19
9.679580803618609934e+03 4.047693427362226373e-19 2.841265697290189028e-19
9.684586731551664343e+03 4.087879386937121395e-19 2.843978868746371960e-19
9.689592659484720571e+03 6.616714958931443482e-19 2.368429431811983756e-19
9.694598587417774979e+03 1.554334671822311149e-20 3.095312263266159056e-19
9.699604515350831207e+03 -3.352322211387266942e-19 3.179435662148936008e-19
9.704610443283887435e+03 -2.189306136810448732e-19 2.843292589256584079e-19
9.709616371216943662e+03 1.558204286461532916e-19 2.636495880046099371e-19
9.714622299149999890e+03 9.946574476303615478e-21 3.741778761371045888e-19
9.719628227083054298e+03 2.224341049388582734e-19 3.910761812849722186e-19
9.724634155016110526e+03 3.734276377628289839e-19 3.258382018556009779e-19
9.729640082949164935e+03 2.033450031602543966e-19 2.402942360225593834e-19
9.734646010882221162e+03 1.184625807169345572e-19 2.788762926710075161e-19
9.739651938815277390e+03 -3.894065009728634675e-21 2.888869930319364946e-19
9.744657866748333618e+03 3.785863217106346687e-19 2.410192192252299690e-19
9.749663794681389845e+03 3.138511327943935699e-19 1.972808051920427004e-19
9.754669722614444254e+03 -2.395323812083193387e-20 1.609750039330969133e-19
9.759675650547500481e+03 1.158946983077586804e-19 1.521215260146455941e-19
9.764681578480554890e+03 6.015247473209870199e-20 1.505371683118284573e-19
9.769687506413611118e+03 3.351989356187811368e-21 1.584790206506786830e-19
9.774693434346667345e+03 1.465141657784279947e-19 1.661730166629156510e-19
9.779699362279723573e+03 -1.190041049514358664e-19 1.967659861267712574e-19
9.784705290212779801e+03 5.197819606039763620e-19 4.279343298946974224e-19
9.789711218145834209e+03 3.080189559674695900e-19 5.460737007156134750e-19
9.794717146078890437e+03 2.343082910143688865e-19 5.645819969176416549e-19
9.799723074011944846e+03 1.760768878732734123e-19 4.018349094716052902e-19
9.804729001945001073e+03 -6.376179287870584210e-20 3.240056047592856739e-19
9.809734929878057301e+03 2.712154252201575003e-19 2.745626230820366788e-19
9.814740857811113528e+03 2.984654151954422884e-19 2.673981311551213202e-19
9.819746785744169756e+03 7.393569426597894607e-19 2.375374563347104769e-19
9.824752713677224165e+03 4.661702058162724552e-19 2.254851454909032503e-19
9.829758641610280392e+03 3.601653224816180925e-19 2.217390094755102986e-19
9.834764569543334801e+03 -1.441997960638704508e-20 2.046068440650898271e-19
9.839770497476391029e+03 -1.929799635628056205e-19 2.263048578926391788e-19
9.844776425409447256e+03 1.823665010916097946e-19 3.385924387447696483e-19
9.849782353342503484e+03 -7.036578530379005613e-20 3.634399232070744187e-19
9.854788281275559712e+03 -2.828435481214986068e-20 2.835595760690109900e-19
9.859794209208614120e+03 4.656849303018396166e-19 2.209074451501035681e-19
9.864800137141670348e+03 5.205547997520576709e-20 3.795631036441197187e-19
9.869806065074724756e+03 3.277027478555338248e-19 5.637605200314809886e-19
9.874811993007780984e+03 -2.403843095460686832e-19 5.498290717097965321e-19
9.879817920940837212e+03 5.362483539186190276e-19 3.283413462462874126e-19
9.884823848873893439e+03 -3.181837497203442908e-19 2.595750340108266495e-19
9.889829776806949667e+03 3.689302728685213682e-19 3.688917134979877088e-19
9.894835704740004076e+03 -1.658042291786454744e-19 4.116522753736594985e-19
9.899841632673058484e+03 3.744792271005636159e-19 3.564209756286649732e-19
9.904847560606114712e+03 4.092833801211504595e-19 3.011606333798001949e-19
9.909853488539170939e+03 5.744734581625973835e-20 5.136065695827444765e-19
9.914859416472227167e+03 1.525821587565250773e-20 5.816679427095331369e-19
9.919865344405283395e+03 -3.564267228915236920e-19 4.791055513174086346e-19
9.924871272338339622e+03 7.139683318743699824e-19 2.969507162986612220e-19
9.929877200271394031e+03 1.416144388091087136e-19 2.723390328786727203e-19
9.934883128204448440e+03 -1.132421676626573736e-19 3.814027282112670345e-19
9.939889056137504667e+03 8.660838127764600068e-22 6.272310584008791857e-19
9.944894984070560895e+03 1.285858444986328546e-20 7.578832002961033561e-19
9.949900912003617123e+03 9.763214149301049173e-21 7.772110867115527773e-19
9.954906839936673350e+03 5.314262810808949872e-21 7.708841563309900327e-19
9.959912767869729578e+03 4.955722600806852303e-21 8.135969918825145591e-19
9.964918695802783986e+03 4.597182390804704328e-21 6.819419750804099904e-19
9.969924623735838395e+03 4.238642180802612777e-21 5.226993205133665264e-19
9.974930551668894623e+03 3.879081457868737102e-21 4.945614254573084515e-19
9.979936479601950850e+03 3.517904922793049199e-21 4.273391322435386986e-19
9.984942407535007078e+03 3.159364712790860223e-21 3.606617933673339596e-19
9.989948335468063306e+03 2.800824502788711120e-21 3.426314542905826633e-19
9.994954263401117714e+03 2.442284292786615431e-21 4.048144711931861652e-19
9.999960191334173942e+03 2.083744082784426455e-21 4.341430070151654116e-19
1.000496611926722835e+04 1.725203872782285251e-21 6.035914031398564811e-19
1.000997204720028458e+04 1.366663662780181099e-21 8.782981796316792693e-19
1.001497797513334081e+04 1.008123452777992311e-21 8.808095539199705586e-19
1.001998390306639703e+04 6.495832427758032413e-22 6.871036142982139184e-19
1.002498983099945326e+04 2.910430327736725699e-22 5.723369235839054564e-19
1.002999575893250767e+04 -6.749717722844171512e-23 5.160346716339081282e-19
1.003500168686556390e+04 -4.260373872306308086e-22 3.997349846183630293e-19
1.004000761479861831e+04 -7.845775972327534867e-22 4.285606811342618456e-19
1.004501354273167453e+04 -1.143117807234876353e-21 4.282385704128385144e-19
1.005001947066473076e+04 -1.501658017237065517e-21 4.003026060539306912e-19
1.005502539859778699e+04 -1.860198227239253929e-21 4.827085659284399533e-19
1.006003132653084322e+04 -2.218738437241366544e-21 5.864564546761198270e-19
1.006503725446389763e+04 -2.577278647243499097e-21 6.153678181319608574e-19
1.007004318239695385e+04 -2.935818857245688825e-21 5.503019574295126539e-19
1.007504911033000826e+04 -3.294359067247792037e-21 6.065947258523226719e-19
1.008005503826306449e+04 -3.652899277249934369e-21 7.834206402742682893e-19
1.008506096619612072e+04 -4.011439487252122969e-21 8.171147260991360038e-19
1.009006689412917694e+04 -4.369979697254311569e-21 6.070911436800013146e-19
1.009507282206223317e+04 -4.728519907256405376e-21 5.326486226112090104e-19
1.010007874999528758e+04 -5.087060117258557113e-21 6.775172631861106792e-19
1.010508467792834381e+04 -5.448406737822897019e-21 7.024576706668250997e-19
1.011009060586139822e+04 -5.807797375268118434e-21 6.100524166046478602e-19
1.011509653379445444e+04 -6.166337585270211490e-21 6.326081412716322369e-19
1.012010246172751067e+04 -6.524877795272401594e-21 9.475525048384968017e-19
1.012510838966056690e+04 -6.883418005274589442e-21 1.003592186467691784e-18
1.013011431759362313e+04 -7.241958215276731398e-21 8.295581805294804979e-19
1.013512024552667754e+04 -7.600498425278835738e-21 6.096879873782002892e-19
1.014012617345973376e+04 -7.959038635281022833e-21 6.265055329270161563e-19
1.014513210139278817e+04 -8.317578845283158771e-21 7.398175482945526793e-19
1.015013802932584440e+04 -8.676119055285270634e-21 8.911305198574075399e-19
1.015514395725890063e+04 -9.034659265287459234e-21 9.673411842722655070e-19
1.016014988519195686e+04 -9.393199475289646329e-21 9.102617245833716313e-19
1.016515581312501308e+04 -9.751739685291770230e-21 1.044132443072916291e-18
1.017016174105806749e+04 -1.011027989529389263e-20 1.299052150618361663e-18
1.017516766899112372e+04 -1.046882010529608123e-20 1.285393833479748023e-18
1.018017359692417813e+04 -1.082736031529819760e-20 1.023726631616232547e-18
1.018517952485723436e+04 -1.118590052530032602e-20 1.086545811847740328e-18
1.019018545279029058e+04 -1.154444073530251612e-20 1.149576933176767047e-18
1.019519138072334681e+04 -1.190298094530470322e-20 1.097875782399046857e-18
1.020019730865640304e+04 -1.226152115530680756e-20 1.032906092172598249e-18
1.020520323658945745e+04 -1.262006136530895102e-20 1.293912857657249661e-18
1.021020916452251367e+04 -1.297860157531113811e-20 1.431581084239540389e-18
1.021521509245556808e+04 -1.333714178531323644e-20 1.312825547534310802e-18
1.022022102038862431e+04 -1.369568199531538591e-20 1.150477917446891212e-18
1.022522694832168054e+04 -1.405422220531757150e-20 1.351565630542114193e-18
1.023023287625473677e+04 -1.441369788550712532e-20 1.410280665296847697e-18
1.023523880418779299e+04 -1.477495946332713809e-20 1.117073283695954917e-18
1.024024473212084740e+04 -1.513349967332922739e-20 8.470176564374733898e-19
1.024525066005390181e+04 -1.549203988333137687e-20 7.660856264133373326e-19
1.025025658798695804e+04 -1.585058009333347519e-20 7.435220474856233396e-19
1.025526251592001427e+04 -1.620912030333566379e-20 7.609456159754489640e-19
1.026026844385307049e+04 -1.656766051333784938e-20 8.164727193382476923e-19
1.026527437178612672e+04 -1.692620072334004099e-20 9.074516894179974031e-19
1.027028029971918295e+04 -1.728474093334217542e-20 1.017069815068169387e-18
1.027528622765223736e+04 -1.764328114334428578e-20 1.101448732018377557e-18
1.028029215558529177e+04 -1.800182135334641720e-20 1.502495575951637327e-18
1.028529808351834799e+04 -1.836036156334853057e-20 2.028272857908247440e-18
1.029030401145140422e+04 -1.871890177335071917e-20 2.233620608726409222e-18
1.029530993938446045e+04 -1.897564713099971188e-20 1.938175771922750887e-18
