#  wl flam flam_err
4.803806996822357178e+03 -4.524104180238028118e-19 1.797364261490433437e-18
4.808812924755412496e+03 -8.036479983341182352e-19 1.578309875426528872e-18
4.813818852688468723e+03 1.473321587443195868e-19 1.408766440518153014e-18
4.818824780621524042e+03 1.746351854793975029e-18 1.293755581624713563e-18
4.823830708554580269e+03 1.247418162253246173e-18 1.173242781199862850e-18
4.828836636487635587e+03 4.090963107277498020e-19 1.058725334128057368e-18
4.833842564420691815e+03 -9.329176262163748869e-20 9.379295985412385559e-19
4.838848492353747133e+03 5.788551864898686910e-19 8.368070256944005960e-19
4.843854420286802451e+03 4.812050871899767300e-19 7.608367019708086211e-19
4.848860348219858679e+03 -9.278505471891867112e-19 6.955196769143892351e-19
4.853866276152913997e+03 -1.400211432379745012e-19 6.345673112864130408e-19
4.858872204085970225e+03 5.778889034632197157e-19 5.758536812747722795e-19
4.863878132019025543e+03 2.020613163872537438e-19 5.294475690117485791e-19
4.868884059952080861e+03 2.182304689490202807e-19 5.035420301060964127e-19
4.873889987885137089e+03 6.008149740770629783e-19 4.928149579332559311e-19
4.878895915818192407e+03 1.603194471957928460e-19 4.937859705007120994e-19
4.883901843751248634e+03 -4.727899453976663163e-19 4.793902081211599462e-19
4.888907771684303952e+03 4.031779168470826959e-20 4.485987814792964362e-19
4.893913699617360180e+03 -5.065122518138536299e-20 4.092739624748589398e-19
4.898919627550415498e+03 6.332868916654727744e-20 3.774162987536026462e-19
4.903925555483470816e+03 -2.306391077736859307e-19 3.608938320668006686e-19
4.908931483416527044e+03 3.584768743333813785e-20 3.491853265123561219e-19
4.913937411349582362e+03 -1.321247778263599426e-20 3.405476781149270709e-19
4.918943339282638590e+03 3.835987582043144779e-19 3.254512956235283987e-19
4.923949267215693908e+03 2.724220636455078439e-19 3.040295115237016014e-19
4.928955195148750136e+03 -4.680303528810592851e-20 2.841233706894176333e-19
4.933961123081805454e+03 -2.374087548422275683e-19 2.737879820771378405e-19
4.938967051014860772e+03 -8.137899716970987615e-21 2.723839442696427761e-19
4.943972978947916999e+03 4.966173241238207984e-19 2.737977844730329420e-19
4.948978906880972318e+03 -1.585602719282668778e-19 2.680298312796660674e-19
4.953984834814028545e+03 -1.188310976063936761e-20 2.535895847653784675e-19
4.958990762747083863e+03 1.958647814534706848e-20 2.388479000163419189e-19
4.963996690680139181e+03 -1.566771620874163432e-19 2.330855736275610487e-19
4.969002618613195409e+03 1.081745053873508658e-19 2.379341976026414758e-19
4.974008546546250727e+03 2.886352629408062991e-20 2.413888077170199032e-19
4.979014474479306955e+03 1.422183631588706085e-19 2.387973405076526221e-19
4.984020402412362273e+03 -3.813414154653543164e-20 2.295784597153555308e-19
4.989026330345418501e+03 -1.163964056858960435e-19 2.195953855073063160e-19
4.994032258278473819e+03 -4.808528091738964899e-20 2.139967985762040379e-19
4.999038186211529137e+03 -3.412610580194118608e-19 2.104542189245320244e-19
5.004044114144585365e+03 2.029165127883271765e-19 2.066489639435198053e-19
5.009050042077640683e+03 -1.953014671753946218e-19 1.993425656942994434e-19
5.014055970010696910e+03 -7.522911121813865536e-20 1.883748096248103997e-19
5.019061897943752228e+03 2.338949112795214605e-19 1.793439108302196281e-19
5.024067825876807547e+03 -2.504466711578465668e-19 1.703501189914472962e-19
5.029073753809863774e+03 -2.441037188749722747e-19 1.654242463251398458e-19
5.034079681742919092e+03 1.422164841224910074e-19 1.643973415980938719e-19
5.039085609675975320e+03 2.044545537293322320e-19 1.636386163184879571e-19
5.044091537609030638e+03 -3.358301219119341274e-20 1.630433449240565435e-19
5.049097465542086866e+03 3.745778725998886911e-20 1.608273697582098462e-19
5.054103393475142184e+03 2.391469394597208158e-19 1.564326933020811257e-19
5.059109321408197502e+03 4.196462628445844818e-20 1.508764546191297964e-19
5.064115249341253730e+03 -1.597360385375200948e-20 1.469112815577304021e-19
5.069121177274309048e+03 1.356003627887657082e-19 1.464625429891835473e-19
5.074127105207365275e+03 1.386836453417645251e-19 1.479501515035509929e-19
5.079133033140420594e+03 2.433294251939296959e-19 1.494186238285981860e-19
5.084138961073476821e+03 -7.318410331026015117e-20 1.492256306506626426e-19
5.089144889006532139e+03 -1.345656258004150028e-20 1.464550860558162878e-19
5.094150816939587457e+03 -1.631459935480019920e-19 1.441823651938438364e-19
5.099156744872643685e+03 -1.433304685867320152e-20 1.443728074698496580e-19
5.104162672805699003e+03 1.991935309543125984e-19 1.476555434086035573e-19
5.109168600738755231e+03 1.478567988487975621e-19 1.544379313142048354e-19
5.114174528671810549e+03 2.439279880704959440e-19 1.610199731494980462e-19
5.119180456604865867e+03 -5.702001440805754743e-20 1.622069437042471282e-19
5.124186384537922095e+03 -2.280339702907688859e-19 1.555166227612188008e-19
5.129192312470977413e+03 1.034343897654351417e-19 1.464497356561185923e-19
5.134198240404033641e+03 8.933944422910618893e-20 1.418039838588509372e-19
5.139204168337088959e+03 1.842312313362129559e-19 1.395707943267504926e-19
5.144210096270145186e+03 -1.265755017348692386e-20 1.380764651996909942e-19
5.149216024203200504e+03 9.568178431650516113e-20 1.349648255607416259e-19
5.154221952136255823e+03 -1.669591231614624654e-20 1.292262771978877227e-19
5.159227880069312050e+03 -6.720676469868134520e-20 1.226700177311063298e-19
5.164233808002367368e+03 2.479642203567866832e-19 1.157416799453678842e-19
5.169239735935423596e+03 -9.526604706094465571e-21 1.106975148132421718e-19
5.174245663868478914e+03 -3.851217230905035269e-20 1.090419301155090540e-19
5.179251591801534232e+03 -1.479851420600419246e-19 1.140354069259017487e-19
5.184257519734590460e+03 -1.062490181539340353e-19 1.705432740218823252e-19
5.189263447667645778e+03 -8.524853461996628504e-20 1.139918536102597453e-19
5.194269375600702006e+03 -2.411233136198621966e-19 1.154094946658372597e-19
5.199275303533757324e+03 -7.367614388257759890e-20 1.169955621507111865e-19
5.204281231466813551e+03 1.326724683191048874e-19 1.157998740166343313e-19
5.209287159399868870e+03 -8.533188560407231005e-20 1.142114964897975140e-19
5.214293087332924188e+03 -1.444013516609151457e-19 1.150167854560528809e-19
5.219299015265980415e+03 -1.733800857126178378e-19 1.181828312983661857e-19
5.224304943199035733e+03 -5.325068037033042457e-20 1.201590863746091067e-19
5.229310871132091961e+03 -1.501113637391384432e-19 1.207223175113498093e-19
5.234316799065147279e+03 -4.842842495607532593e-20 1.214146633353756107e-19
5.239322726998203507e+03 -4.643505110755349636e-20 1.213082338476849863e-19
5.244328654931258825e+03 -1.349129093925826050e-19 1.221842563840800643e-19
5.249334582864314143e+03 5.539915780720667239e-20 1.230002950998965290e-19
5.254340510797370371e+03 4.998387870622720989e-20 1.250265282647087593e-19
5.259346438730425689e+03 1.950285583829998321e-19 1.232989497519974165e-19
5.264352366663481916e+03 3.002048709480059240e-19 1.202301893223246295e-19
5.269358294596537235e+03 6.687248112506281069e-20 1.173368805220526731e-19
5.274364222529593462e+03 6.204942804856343627e-20 1.153791055350375138e-19
5.279370150462648780e+03 3.165535549757287515e-19 1.137733003737720365e-19
5.284376078395704099e+03 1.659605111815322852e-20 1.119721875009150441e-19
5.289382006328760326e+03 2.120306208115428687e-20 1.137996986503683216e-19
5.294387934261815644e+03 -7.318926662845424565e-20 1.166608506160950474e-19
5.299393862194871872e+03 1.851111228035680346e-19 1.174980528774428117e-19
5.304399790127927190e+03 -5.560745624600261368e-20 1.146596634428492925e-19
5.309405718060982508e+03 -9.091559868277586758e-20 1.125396278863168329e-19
5.314411645994038736e+03 1.374998307573741947e-19 1.082098364041571287e-19
5.319417573927094054e+03 -1.384482408166550617e-19 1.037620152280734076e-19
5.324423501860150282e+03 1.170937841142592774e-19 1.024022557269909050e-19
5.329429429793205600e+03 1.001522537347321355e-19 1.035105045790083483e-19
5.334435357726260918e+03 -6.881478103468312979e-20 1.046749352838793963e-19
5.339441285659317145e+03 1.366065220034937442e-19 1.067788412510086448e-19
5.344447213592372464e+03 8.835211001909861103e-20 1.089084125561891933e-19
5.349453141525428691e+03 -1.358942969196968631e-19 1.140467953868940024e-19
5.354459069458484009e+03 1.999110808567369629e-19 1.223787737074107937e-19
5.359464997391540237e+03 1.446118699794409129e-19 1.381246532397850854e-19
5.364470925324595555e+03 -1.920218909530318836e-20 1.591782723448371424e-19
5.369476853257650873e+03 -1.018169165620491089e-19 1.810968048566612407e-19
5.374482781190707101e+03 1.363847341085861326e-21 2.167677078031322214e-19
5.379488709123762419e+03 -9.547511314538834117e-21 2.472323904106005926e-19
5.384494637056818647e+03 -7.370852302691496526e-21 2.763931344340249421e-19
5.389500564989873965e+03 -5.201647037349729213e-21 3.194739226368467143e-19
5.394506492922930192e+03 -3.033292455401262147e-21 3.848054149321553838e-19
5.399512420855985511e+03 -8.658801859549648953e-22 4.162414433996526082e-19
5.404518348789040829e+03 1.300496802392711355e-21 4.368824883921795164e-19
5.409524276722097056e+03 3.465744360224604839e-21 4.431654259495258786e-19
5.414530204655152374e+03 5.629767313379678913e-21 4.361322634439378805e-19
5.419536132588208602e+03 7.792469615988550489e-21 3.905638518107755813e-19
5.424542060521263920e+03 9.953754501528579449e-21 3.373464672558450796e-19
5.429547988454320148e+03 1.205923382245755963e-20 2.727459509564035851e-19
5.434553916387375466e+03 1.466572487670536954e-19 2.156676138816814452e-19
5.439559844320430784e+03 2.310633793217883211e-19 1.701379781835019088e-19
5.444565772253487012e+03 9.478746402654175737e-20 1.202244746408602548e-19
5.449571700186542330e+03 -6.659045050136588074e-20 1.033124809059374723e-19
5.454577628119598558e+03 -1.688729216591935316e-19 1.000280625093369403e-19
5.459583556052653876e+03 1.165733381961848257e-19 9.985271503153449835e-20
5.464589483985709194e+03 2.474778818417797967e-19 1.013421970347238774e-19
5.469595411918765421e+03 -1.223371098651977313e-19 1.017063360789822023e-19
5.474601339851820740e+03 -1.611683922570763270e-19 1.015345932085241329e-19
5.479607267784876967e+03 6.089777017906968139e-21 1.003772838379915017e-19
5.484613195717932285e+03 -1.209418563271621264e-19 9.919087431472773661e-20
5.489619123650987603e+03 1.155819430977593594e-19 9.844932869134349464e-20
5.494625051584043831e+03 8.466381355881860499e-20 9.912323295690451139e-20
5.499630979517099149e+03 -1.032292696892923412e-19 1.003934101606738330e-19
5.504636907450155377e+03 -5.421713859936795217e-20 1.022899908619052659e-19
5.509642835383210695e+03 8.330621034399934767e-21 1.013781826242155359e-19
5.514648763316266923e+03 8.880336373129161957e-20 9.855638442031754642e-20
5.519654691249322241e+03 2.089099471849466024e-20 9.571972694680955690e-20
5.524660619182377559e+03 1.083737397502885571e-19 9.236121287399046841e-20
5.529666547115433787e+03 1.012998581939649182e-19 9.030382995866796688e-20
5.534672475048489105e+03 8.723891838043330123e-20 8.886300159032769359e-20
5.539678402981545332e+03 -3.827996574590881625e-20 8.979066349607544865e-20
5.544684330914600650e+03 1.195451379527775622e-20 9.079952787058344293e-20
5.549690258847656878e+03 6.069847911209819523e-20 8.978659043080404577e-20
5.554696186780712196e+03 3.487045061566616630e-20 8.877069310771518165e-20
5.559702114713767514e+03 6.173906685117801326e-22 8.997950739273774655e-20
5.564708042646823742e+03 1.212761829083947807e-19 9.441063572750755482e-20
5.569713970579879060e+03 6.522948392323430014e-20 1.500019262152459399e-19
5.574719898512935288e+03 1.641721760137733220e-19 2.697002276767650612e-19
5.579725826445990606e+03 9.661348221528401098e-21 2.973394488887500830e-19
5.584731754379046833e+03 1.201434233904486491e-19 2.187421084868071071e-19
5.589737682312102152e+03 -1.234548626278084240e-19 1.062296527414782920e-19
5.594743610245157470e+03 5.883548003532359084e-20 9.014035338056109918e-20
5.599749538178213697e+03 -5.310250038723312065e-20 8.976956294492195761e-20
5.604755466111269016e+03 -2.259574893009465844e-20 9.128889333593835616e-20
5.609761394044325243e+03 3.491757414846845278e-20 9.221984819432711493e-20
5.614767321977380561e+03 -6.933171575875615515e-20 9.249636508663747099e-20
5.619773249910436789e+03 2.345935378415213475e-19 9.411155346800113389e-20
5.624779177843492107e+03 8.897642496499098466e-20 9.436727504649768073e-20
5.629785105776547425e+03 -1.111562021365518566e-19 9.292176326547260922e-20
5.634791033709603653e+03 7.534603961442114041e-20 9.071107444432036193e-20
5.639796961642658971e+03 5.524644307348832652e-20 8.759746180346450633e-20
5.644802889575714289e+03 -4.043905488214929745e-20 8.485591183044605669e-20
5.649808817508770517e+03 3.965748913466423290e-20 8.244491806806587396e-20
5.654814745441825835e+03 -2.546650501011046490e-20 8.060018357761597141e-20
5.659820673374882062e+03 -4.075151234660581695e-20 8.021769603321142292e-20
5.664826601307937381e+03 -1.600655379254925447e-19 8.059241129414506587e-20
5.669832529240993608e+03 -1.969400199373961969e-20 8.133800496808650259e-20
5.674838457174048926e+03 9.196504261856959332e-20 8.122520057408874148e-20
5.679844385107104245e+03 -8.725802810923995676e-20 8.068036758857386151e-20
5.684850313040160472e+03 9.544839892822367816e-20 8.058022510079753645e-20
5.689856240973215790e+03 2.027394361946788508e-20 8.069401202107847354e-20
5.694862168906272018e+03 -2.315239321519347858e-20 8.049483166198295496e-20
5.699868096839327336e+03 -1.067336724594347761e-20 7.962768643930872746e-20
5.704874024772383564e+03 4.359273458228586487e-20 7.867524397431753474e-20
5.709879952705438882e+03 4.074398247002458102e-20 7.798179086151848807e-20
5.714885880638494200e+03 9.695108841710425743e-20 7.830637380456875214e-20
5.719891808571550428e+03 1.346902449601156714e-20 7.964982083136662748e-20
5.724897736504605746e+03 4.101192482146647628e-20 8.143851929841703156e-20
5.729903664437661973e+03 -1.674847782809178489e-20 8.326694263460769726e-20
5.734909592370717291e+03 1.320645247057168295e-19 8.473360502215218575e-20
5.739915520303773519e+03 2.938031499393981121e-20 8.574269996833328643e-20
5.744921448236828837e+03 1.294844350848791351e-19 8.647196470501392829e-20
5.749927376169884155e+03 6.147505443889571855e-20 8.613545424123237394e-20
5.754933304102940383e+03 4.936884473498265295e-20 8.616583771063103608e-20
5.759939232035995701e+03 -1.579583910637206942e-19 8.612909875861337036e-20
5.764945159969051929e+03 7.095441938407763521e-21 8.543519254466871597e-20
5.769951087902107247e+03 -6.145095420242574310e-20 8.391764469310071420e-20
5.774957015835163475e+03 -9.989152826542809753e-20 8.265789630783302391e-20
5.779962943768218793e+03 -8.237243779268244052e-21 8.189635726405571021e-20
5.784968871701274111e+03 5.372932221957559519e-20 8.125780541236823013e-20
5.789974799634330338e+03 2.890607713933428646e-20 8.030222558291231634e-20
5.794980727567385657e+03 5.495922385743117668e-20 7.918725110770173154e-20
5.799986655500441884e+03 -2.840923284739536215e-20 7.795693134009978716e-20
5.804992583433497202e+03 -1.832154880570532185e-20 7.644704617922860105e-20
5.809998511366552520e+03 -3.545325356814630324e-20 7.483641021810366080e-20
5.815004439299608748e+03 9.487649979114229636e-20 7.352774977574543042e-20
5.820010367232664066e+03 2.355101011401090506e-19 7.275563285809429926e-20
5.825016295165720294e+03 2.086297426580633546e-20 7.209459297138755916e-20
5.830022223098775612e+03 1.152924300863035476e-21 7.158986863147303467e-20
5.835028151031830930e+03 9.248740210870230584e-20 7.190213546557246003e-20
5.840034078964887158e+03 1.323954453995738281e-20 7.197041237979698204e-20
5.845040006897942476e+03 -2.995842162113400218e-20 7.279520274020753069e-20
5.850045934830998704e+03 5.013137963448765642e-20 7.396025970871688885e-20
5.855051862764054022e+03 -1.647947972299881541e-20 7.481081065373051164e-20
5.860057790697110249e+03 -1.779945347406717659e-19 7.799457958912534676e-20
5.865063718630165567e+03 3.798612306397167106e-20 8.447547884157881868e-20
5.870069646563220886e+03 2.646439337629025303e-20 8.725984634779260840e-20
5.875075574496277113e+03 1.917626488757401450e-19 8.491447301498395111e-20
5.880081502429332431e+03 -3.582158522856939765e-20 8.650214648093913203e-20
5.885087430362388659e+03 -1.485033663832262204e-20 1.165304560407778918e-19
5.890093358295443977e+03 7.238971115368750165e-20 1.421786919496386501e-19
5.895099286228500205e+03 -2.949657036865754074e-20 1.378285209059910946e-19
5.900105214161555523e+03 1.490056864421277595e-22 1.059539249928434275e-19
5.905111142094610841e+03 5.698216030544645120e-20 8.367781455617267461e-20
5.910117070027667069e+03 4.764483360902634453e-20 8.203464316552026460e-20
5.915122997960722387e+03 1.360980162080765285e-20 8.326867288366873806e-20
5.920128925893778614e+03 1.892470766624279092e-19 8.391316796669310483e-20
5.925134853826833933e+03 1.429747734734987423e-19 8.276130295912030625e-20
5.930140781759890160e+03 1.125384388933091234e-19 8.398622413749317969e-20
5.935146709692945478e+03 -3.901540526140742704e-20 8.155556784513363509e-20
5.940152637626000796e+03 1.671452364034497480e-22 7.713322457420944381e-20
5.945158565559057024e+03 1.945484684641635486e-19 7.533283161683675547e-20
5.950164493492112342e+03 1.542443178938937128e-19 7.603643766844668146e-20
5.955170421425167660e+03 1.879578274676791093e-19 7.464772760491555380e-20
5.960176349358223888e+03 5.589121004005737487e-20 7.164498062636692322e-20
5.965182277291280116e+03 4.336358424381523985e-20 7.002701594916933092e-20
5.970188205224335434e+03 -4.590154042049786375e-20 7.087218053388113643e-20
5.975194133157390752e+03 -1.359705114521222187e-19 7.216695676832263086e-20
5.980200061090446980e+03 1.515297562793951606e-20 7.126526264890751429e-20
5.985205989023502298e+03 -5.284111772249243363e-20 6.974270302289218140e-20
5.990211916956557616e+03 4.472523980676000234e-20 6.945332141267334773e-20
5.995217844889613843e+03 6.579997782589913100e-20 7.125513461521177924e-20
6.000223772822669162e+03 1.352894835622015867e-19 7.348924371061519670e-20
6.005229700755725389e+03 2.399861830620268238e-20 7.467160240123863628e-20
6.010235628688780707e+03 -4.958680294813846986e-20 7.522729980444164382e-20
6.015241556621836935e+03 -8.877611180678212296e-20 7.577861549383806491e-20
6.020247484554892253e+03 -1.165688276826832713e-19 7.532187876610755086e-20
6.025253412487947571e+03 -1.834343354711181797e-19 7.391186872560097189e-20
6.030259340421003799e+03 7.196949282503044387e-21 7.259729414464694862e-20
6.035265268354059117e+03 -1.134257545863537465e-19 7.090882430564833407e-20
6.040271196287115345e+03 6.785457096880432028e-20 6.865084537461987910e-20
6.045277124220170663e+03 8.378554645477915823e-20 6.655927781129266267e-20
6.050283052153226890e+03 3.017677044689422290e-20 6.503203309919480666e-20
6.055288980086282209e+03 -1.868979243363276084e-19 6.404315814300273191e-20
6.060294908019337527e+03 -5.089634670459308345e-20 6.352491668367674770e-20
6.065300835952393754e+03 -7.564125833082468572e-20 6.364679159448234689e-20
6.070306763885449072e+03 6.404757796979570794e-20 6.303048648469443249e-20
6.075312691818505300e+03 -8.589930105870296174e-21 6.247651887326411347e-20
6.080318619751560618e+03 8.672389058207210850e-22 6.209920957997381985e-20
6.085324547684616846e+03 -5.458106219318587397e-20 6.186715319355166714e-20
6.090330475617672164e+03 9.707538248847104023e-20 6.208676646353949798e-20
6.095336403550727482e+03 7.164405369943357313e-20 6.248405760733388660e-20
6.100342331483783710e+03 4.517104548295972461e-20 6.255569582090213004e-20
6.105348259416839028e+03 3.272965767131571449e-20 6.285901477036154174e-20
6.110354187349894346e+03 -6.195881401954919811e-20 6.242239477626817175e-20
6.115360115282950574e+03 1.272693046346389166e-19 6.268979518853882150e-20
6.120366043216006801e+03 1.513478254906110140e-19 6.275791763928766960e-20
6.125371971149062119e+03 1.505184555040998780e-20 6.323457088269557669e-20
6.130377899082117438e+03 -6.643061639042308220e-20 6.460144471928143270e-20
6.135383827015173665e+03 1.791235898624580286e-20 6.686113908394687899e-20
6.140389754948228983e+03 -7.084078016725059059e-20 6.915360666157569790e-20
6.145395682881284301e+03 3.898620124821818834e-20 6.933040855526055171e-20
6.150401610814340529e+03 6.262761908969646527e-21 6.716737208205398917e-20
6.155407538747396757e+03 -1.151770939412250122e-21 6.540843522240174980e-20
6.160413466680452075e+03 -3.669839926539274694e-21 6.412624699112743775e-20
6.165419394613507393e+03 -8.670128222412200653e-20 6.462372913047044366e-20
6.170425322546563621e+03 5.707383759355990915e-20 6.556540918480594416e-20
6.175431250479618939e+03 6.572194803495793044e-20 6.469240195622346552e-20
6.180437178412674257e+03 1.761729753182918746e-20 6.236898752027516823e-20
6.185443106345730484e+03 -6.357116699300751785e-21 6.115293272353444559e-20
6.190449034278785803e+03 7.577618501278904346e-21 6.027407526331249862e-20
6.195454962211842030e+03 6.421172700175024244e-20 5.982620941458174044e-20
6.200460890144897348e+03 1.741221960085994762e-20 5.972635167663619253e-20
6.205466818077953576e+03 -7.124957340276464979e-20 5.898093927453340807e-20
6.210472746011008894e+03 -1.143844447792687316e-20 5.761788169128367034e-20
6.215478673944064212e+03 3.302544442950833010e-20 5.758660871915876610e-20
6.220484601877120440e+03 1.125522221732558637e-20 5.794286853505282874e-20
6.225490529810175758e+03 -9.093686631584351351e-21 5.774341142312851139e-20
6.230496457743231986e+03 7.630293481813635689e-20 6.349328785929544505e-20
6.235502385676287304e+03 7.798153073411801166e-20 6.945263415086448961e-20
6.240508313609343531e+03 4.838458545909173457e-21 6.919640725741549071e-20
6.245514241542398850e+03 2.359640114604125397e-20 6.278476746535832586e-20
6.250520169475454168e+03 2.323829765833431104e-20 6.239860684413665772e-20
6.255526097408510395e+03 -7.096296732464383626e-20 6.944056055187678604e-20
6.260532025341565713e+03 -3.219333480170113368e-21 7.415412597196077674e-20
6.265537953274621032e+03 1.152051265120421569e-19 7.105093551710350257e-20
6.270543881207677259e+03 7.161193889007551069e-20 6.883952013172382212e-20
6.275549809140733487e+03 -3.388765663075030286e-20 6.701275127229936189e-20
6.280555737073788805e+03 -5.963380564391544235e-20 6.741572320582474700e-20
6.285561665006844123e+03 6.974997178848469559e-20 7.023239851328916648e-20
6.290567592939900351e+03 2.965409963414870938e-20 7.694114556829555306e-20
6.295573520872955669e+03 -6.894136082464210783e-20 1.118189608103016479e-19
6.300579448806010987e+03 1.106224857163814031e-19 1.236694855632710277e-19
6.305585376739067215e+03 9.141448843240338541e-20 1.030474096897856477e-19
6.310591304672123442e+03 -2.667100632382081284e-20 6.764487360004918418e-20
6.315597232605178760e+03 5.406212669201342441e-20 5.860740336409684994e-20
6.320603160538234079e+03 3.959541714010707440e-20 5.845062270351056401e-20
6.325609088471290306e+03 -1.306237216177544196e-19 6.191489887379385589e-20
6.330615016404345624e+03 9.680986300594560219e-20 6.175227534338014819e-20
6.335620944337400942e+03 -2.271541890735426629e-21 5.726333977466505562e-20
6.340626872270457170e+03 -3.336633616098199702e-20 5.419389650012651624e-20
6.345632800203512488e+03 -1.039694420171379363e-20 5.555061812553796392e-20
6.350638728136568716e+03 7.379127061442823465e-20 5.839248915284581289e-20
6.355644656069624034e+03 1.099546516458248870e-19 6.607456082019491052e-20
6.360650584002680262e+03 -3.533881941731188389e-20 8.017846042891564419e-20
6.365656511935735580e+03 -4.678783618754638456e-20 8.016313531626874490e-20
6.370662439868790898e+03 -1.153859395693357546e-19 6.553448695688307480e-20
6.375668367801847126e+03 -8.032778558577951562e-20 5.783143397933133474e-20
6.380674295734902444e+03 -3.793466068723697825e-20 5.994303938059088270e-20
6.385680223667958671e+03 3.203709672496971918e-20 6.132252060726587105e-20
6.390686151601013989e+03 1.098515744547294127e-19 6.057798706268371094e-20
6.395692079534070217e+03 7.633974247189481170e-20 5.903271896374019557e-20
6.400698007467125535e+03 8.679997872097465035e-20 5.866194068334611597e-20
6.405703935400180853e+03 -5.824914705257344501e-21 5.754603829136287874e-20
6.410709863333237081e+03 3.814193930537673517e-20 5.678800339382490567e-20
6.415715791266292399e+03 1.187187452161911685e-19 5.649387609219277986e-20
6.420721719199348627e+03 6.073957074603863336e-20 5.521670968339475586e-20
6.425727647132403945e+03 5.405120669436497530e-20 5.368926669469313003e-20
6.430733575065460172e+03 6.553453361687891349e-20 5.218390215485797295e-20
6.435739502998515491e+03 3.617495646585496905e-20 5.080623299823102302e-20
6.440745430931570809e+03 7.790290055272928916e-20 5.015383003901978962e-20
6.445751358864627036e+03 2.866698021938848512e-20 5.013921117788168259e-20
6.450757286797682355e+03 -7.650868249384013365e-21 5.023417358024720191e-20
6.455763214730737673e+03 4.996311929758352900e-20 5.121789203803393530e-20
6.460769142663793900e+03 4.184320680040001325e-20 5.434950494835887871e-20
6.465775070596850128e+03 5.101499898397090075e-20 5.798348883881189641e-20
6.470780998529905446e+03 8.810349991735760008e-20 5.704547770057558792e-20
6.475786926462960764e+03 2.961798973704725331e-20 5.293973942321867982e-20
6.480792854396016992e+03 4.603731010535648142e-21 4.976975027293622793e-20
6.485798782329072310e+03 -2.382225251514781396e-21 4.894721152200752794e-20
6.490804710262127628e+03 2.129478007818348507e-20 5.177756733252491386e-20
6.495810638195183856e+03 7.447034654981727716e-20 5.966596716978975401e-20
6.500816566128239174e+03 3.331493052135261282e-20 6.348545964429316961e-20
6.505822494061295401e+03 1.284936906056628387e-19 5.897139976011567849e-20
6.510828421994350720e+03 3.279519513025278014e-20 5.530493142391134297e-20
6.515834349927406947e+03 1.130924671210588696e-19 5.506927734140450007e-20
6.520840277860462265e+03 7.840699865414140500e-20 5.694749272691399871e-20
6.525846205793517584e+03 1.521514399727303123e-19 6.042849651747358654e-20
6.530852133726573811e+03 1.552352428417492079e-19 6.378599827891211807e-20
6.535858061659629129e+03 1.767380383921475776e-19 6.212711185171256325e-20
6.540863989592685357e+03 1.043070709925406381e-19 5.724456934115853382e-20
6.545869917525740675e+03 -1.450232994668083185e-20 5.705950137467731235e-20
6.550875845458796903e+03 9.888795470902043010e-21 5.955405829549708389e-20
6.555881773391852221e+03 -2.293978534836869604e-20 5.836621563537774188e-20
6.560887701324907539e+03 1.241584402727533657e-20 5.436109116573050560e-20
6.565893629257963767e+03 -4.112976404263610424e-20 5.224558124998033162e-20
6.570899557191019085e+03 5.138044075259174217e-20 5.285024389989600593e-20
6.575905485124075312e+03 -9.665197832621392244e-21 5.355064976644017567e-20
6.580911413057130630e+03 1.181252579062424352e-20 5.142380558755510619e-20
6.585917340990186858e+03 6.098024551169001023e-20 4.662731632666357084e-20
6.590923268923242176e+03 1.356691464282320457e-20 4.620891111639219139e-20
6.595929196856297494e+03 3.796567502121476989e-20 4.739302019266520352e-20
6.600935124789353722e+03 5.654929563930616452e-20 4.927185834111905257e-20
6.605941052722409040e+03 8.512765547742911628e-20 4.830487157428593547e-20
6.610946980655464358e+03 1.383114794972928962e-20 4.616171509687121290e-20
6.615952908588520586e+03 1.310111062818676364e-19 4.508346842547595157e-20
6.620958836521576814e+03 -1.351169860261452686e-20 4.580273996880293992e-20
6.625964764454632132e+03 4.846938703915368015e-20 4.710687454471621059e-20
6.630970692387687450e+03 3.554433540720341430e-20 4.875470561397215358e-20
6.635976620320743677e+03 1.033197911136198542e-20 4.922182251711701740e-20
6.640982548253798996e+03 1.522105775641173895e-20 4.879382548489565319e-20
6.645988476186854314e+03 7.460775804658738508e-20 4.955955970670477109e-20
6.650994404119910541e+03 2.058515671782356626e-20 5.061671277255857879e-20
6.656000332052965859e+03 1.964738154909224761e-20 5.152879080648474168e-20
6.661006259986022087e+03 1.431983965228456579e-20 5.177163892989892892e-20
6.666012187919077405e+03 1.162069497508587581e-19 5.081561970521912571e-20
6.671018115852133633e+03 1.196360808433247700e-19 4.961267500248186083e-20
6.676024043785188951e+03 1.350260534477806927e-20 4.821418062655452598e-20
6.681029971718244269e+03 4.593395971282888450e-20 4.734399367142791172e-20
6.686035899651300497e+03 1.686531529594993997e-20 4.651684872265188417e-20
6.691041827584355815e+03 1.008842689376336104e-19 4.578741272352716358e-20
6.696047755517412043e+03 2.535750337901298648e-20 4.572634495454287060e-20
6.701053683450467361e+03 7.819197198506929735e-20 4.547454392089164859e-20
6.706059611383523588e+03 7.086733151867264022e-20 4.495894998731627415e-20
6.711065539316578906e+03 1.753364095200935194e-19 4.438232017079121812e-20
6.716071467249634225e+03 7.384370861103103760e-21 4.383294052624754508e-20
6.721077395182690452e+03 4.372535670415881173e-20 4.339974676471301515e-20
6.726083323115745770e+03 3.150517903616926823e-20 4.341386156505274248e-20
6.731089251048801998e+03 8.881256648884158872e-20 4.357144039759859920e-20
6.736095178981857316e+03 6.336690378096674334e-20 4.412355788597121673e-20
6.741101106914913544e+03 -3.121954942119166555e-20 4.462862534530394056e-20
6.746107034847968862e+03 -1.287253340013795128e-21 4.447498739026026942e-20
6.751112962781024180e+03 -4.410903679482280305e-20 4.445134234837587800e-20
6.756118890714080408e+03 4.126168512915515024e-20 4.480213106739932617e-20
6.761124818647135726e+03 7.802266653129784036e-22 4.513164464170470601e-20
6.766130746580191044e+03 8.926710339194348492e-20 4.576391433429186032e-20
6.771136674513247272e+03 -1.131522975705573411e-20 4.602056436115731414e-20
6.776142602446303499e+03 -2.199596142237249580e-20 4.677514367143628454e-20
6.781148530379358817e+03 9.401585322452109241e-20 4.750373341367223734e-20
6.786154458312414135e+03 1.259094776838446864e-19 4.739669249666100791e-20
6.791160386245470363e+03 -2.882619311766969478e-20 4.579452603441413798e-20
6.796166314178525681e+03 -7.264333270017630580e-20 4.462424120309494743e-20
6.801172242111580999e+03 6.016900987380376464e-20 4.381972619251942957e-20
6.806178170044637227e+03 5.059864210635812908e-21 4.299452120736890578e-20
6.811184097977693455e+03 6.763248876253147079e-20 4.212910154663432550e-20
6.816190025910748773e+03 -2.834585458968216871e-20 4.164175206055504107e-20
6.821195953843804091e+03 1.114912772126022931e-19 4.653234790763518152e-20
6.826201881776860318e+03 1.748191538083222805e-19 5.780709847290790083e-20
6.831207809709915637e+03 6.519923791491315021e-20 6.375184262583133362e-20
6.836213737642970955e+03 4.624659611826552196e-21 5.753220571297733654e-20
6.841219665576027182e+03 4.510161235050656345e-20 4.790859699814590631e-20
6.846225593509082501e+03 7.088438254695393396e-20 4.313264211447530983e-20
6.851231521442138728e+03 1.125007222041225075e-19 4.142218930462081497e-20
6.856237449375194046e+03 1.042226850030886930e-19 4.806331562695032515e-20
6.861243377308250274e+03 2.725837219443500435e-20 6.583604796167608924e-20
6.866249305241305592e+03 8.380634304687152718e-20 7.009819616438265970e-20
6.871255233174360910e+03 3.947132557860503535e-20 5.917694020110618595e-20
6.876261161107417138e+03 1.232703079851125123e-19 5.681522528814631823e-20
6.881267089040473365e+03 9.711245586149250185e-20 5.703595707518670186e-20
6.886273016973527774e+03 2.893605188658445128e-20 5.948223711707028254e-20
6.891278944906584002e+03 1.468373133761222581e-19 5.763234546497448487e-20
6.896284872839640229e+03 5.859721782478753287e-20 5.909202784242369601e-20
6.901290800772695547e+03 -1.773939552698972976e-20 5.949383377460236047e-20
6.906296728705750866e+03 4.315786120983379205e-20 6.046385858979745432e-20
6.911302656638807093e+03 1.923618315692600087e-20 5.998379628007294127e-20
6.916308584571862411e+03 9.002573553689286179e-20 6.428575990577474307e-20
6.921314512504917730e+03 9.467225817838838237e-21 6.354622646459116608e-20
6.926320440437973957e+03 -1.189860240675700282e-19 6.008240664407931112e-20
6.931326368371030185e+03 -5.778393347495580652e-20 4.782386074286743607e-20
6.936332296304085503e+03 -1.210143836827005749e-19 4.962077817882863924e-20
6.941338224237140821e+03 2.628039736464704459e-20 5.328205795716626249e-20
6.946344152170197049e+03 4.334376220794203259e-20 5.793619079392819155e-20
6.951350080103252367e+03 -1.579617869565333719e-20 5.609825405607264083e-20
6.956356008036307685e+03 -2.856144547016234344e-20 4.635309816212228474e-20
6.961361935969363913e+03 -5.187887348787775774e-21 4.351991558365039059e-20
6.966367863902420140e+03 -5.586101668334040868e-20 4.596969273091888687e-20
6.971373791835475458e+03 -2.003208959560178606e-20 4.931909377228089186e-20
6.976379719768530776e+03 9.754501262756708887e-20 5.180927225758837546e-20
6.981385647701587004e+03 1.382656826715995603e-19 5.044452044485960379e-20
6.986391575634642322e+03 7.659222509179299883e-20 4.410348935814636311e-20
6.991397503567697640e+03 1.485314638093783215e-19 4.259586139641077321e-20
6.996403431500753868e+03 9.442404348177777093e-20 4.350910831107483128e-20
7.001409359433810096e+03 8.157427401693251992e-20 4.525268397856434408e-20
7.006415287366865414e+03 1.302122964288001696e-19 4.810794605212204963e-20
7.011421215299920732e+03 1.392957938308191413e-19 4.785572673599988727e-20
7.016427143232976960e+03 6.075652699107809385e-20 4.599769512389096423e-20
7.021433071166032278e+03 -4.244142560680407229e-20 4.371267230933486746e-20
7.026438999099087596e+03 9.978109991282097761e-20 4.482609328941457320e-20
7.031444927032143823e+03 6.145830269750269192e-20 4.589665013115090673e-20
7.036450854965200051e+03 2.792339218294342819e-20 4.744815658314413755e-20
7.041456782898254460e+03 -4.374795691302878270e-20 5.015831320593892834e-20
7.046462710831310687e+03 5.935495586951702217e-20 5.246593358673704427e-20
7.051468638764366915e+03 -7.524205439186406934e-20 5.068812200504571563e-20
7.056474566697422233e+03 5.772686754341371314e-20 4.698873030265947095e-20
7.061480494630477551e+03 -1.751904405283024771e-20 4.607435404115364286e-20
7.066486422563533779e+03 8.609098744757636965e-20 4.624179326841067508e-20
7.071492350496589097e+03 3.497896210066286441e-21 4.566187572398697558e-20
7.076498278429644415e+03 -1.992185573415165035e-20 4.518349635294130298e-20
7.081504206362700643e+03 3.606273023203417456e-20 4.512082781739006185e-20
7.086510134295756870e+03 -2.086935078079492850e-20 4.492830782757443357e-20
7.091516062228812189e+03 6.788283103703435950e-20 4.392285628296405909e-20
7.096521990161867507e+03 6.449431375908370138e-20 4.217395485132517798e-20
7.101527918094923734e+03 3.195418264938987147e-20 4.141658730023602251e-20
7.106533846027979052e+03 -2.553337903226373554e-20 4.127320962002463591e-20
7.111539773961034371e+03 -6.659698771484652432e-21 4.143853336968471343e-20
7.116545701894090598e+03 5.339460625017442100e-20 4.130002551911507282e-20
7.121551629827146826e+03 1.310355924992171441e-20 4.196410016872219102e-20
7.126557557760202144e+03 4.330525872666068777e-20 4.309616141012540354e-20
7.131563485693257462e+03 1.072764160074765069e-19 4.357240327850693593e-20
7.136569413626313690e+03 6.526158335909058802e-21 4.422273034905265970e-20
7.141575341559369008e+03 2.877254942593992030e-20 4.612931613368799049e-20
7.146581269492424326e+03 2.959468707927900387e-20 4.748891067311150351e-20
7.151587197425480554e+03 5.778064759555430561e-20 4.664897224251401749e-20
7.156593125358536781e+03 1.587544405203279816e-19 4.665359856970445612e-20
7.161599053291592099e+03 7.455037899698544357e-20 4.824046678202513475e-20
7.166604981224647418e+03 1.370479581476357051e-20 4.836702663064471575e-20
7.171610909157703645e+03 -2.859158286739755039e-20 4.780359353297933561e-20
7.176616837090758963e+03 -3.264018605416527123e-21 4.683247975654527444e-20
7.181622765023814281e+03 -3.160151071934133364e-20 4.504052136918902303e-20
7.186628692956870509e+03 3.047618158710883405e-20 4.305071334429051636e-20
7.191634620889926737e+03 -2.348775572259873726e-20 4.198556723741958041e-20
7.196640548822981145e+03 1.408505872175126152e-19 4.132999729930266861e-20
7.201646476756037373e+03 1.306833381096053590e-19 4.107133698613209819e-20
7.206652404689093601e+03 1.006304837788970462e-19 4.085827570771417198e-20
7.211658332622148919e+03 6.407872343903108425e-20 4.054716837327539129e-20
7.216664260555204237e+03 1.285093261541851367e-20 4.105024603021710079e-20
7.221670188488260465e+03 2.958303772658341289e-20 4.191841088202301813e-20
7.226676116421315783e+03 3.035339041323651784e-20 4.278333901456069627e-20
7.231682044354371101e+03 2.067545167456091218e-20 5.042991329328114594e-20
7.236687972287427328e+03 1.436980050830122841e-19 7.394990615063300172e-20
7.241693900220483556e+03 1.738436101942722858e-19 8.888875278269508838e-20
7.246699828153538874e+03 -2.899999932145495944e-20 8.102397202619483369e-20
7.251705756086594192e+03 5.488551796812297333e-20 6.233405577415034371e-20
7.256711684019650420e+03 9.309842912079800820e-20 5.149215944413340672e-20
7.261717611952705738e+03 8.097244657030502086e-20 4.688034892457615896e-20
7.266723539885761056e+03 2.443598821945610691e-20 5.042597978344508164e-20
7.271729467818817284e+03 1.339031987824615429e-19 7.937587842719467633e-20
7.276735395751873511e+03 9.221927843224444319e-21 9.063756244137980148e-20
7.281741323684928830e+03 9.020504665716118254e-20 8.634499181058454715e-20
7.286747251617984148e+03 -5.122410940586347751e-20 6.785694618594166297e-20
7.291753179551040375e+03 1.066241339111704647e-19 5.892380471239442590e-20
7.296759107484095694e+03 1.204083670936383562e-19 5.827485998456559547e-20
7.301765035417151012e+03 -1.181330082329392609e-20 6.021389351968295793e-20
7.306770963350207239e+03 5.593994503023734556e-20 5.973485285191747848e-20
7.311776891283263467e+03 -6.030612690443596304e-20 7.367659396523631594e-20
7.316782819216318785e+03 8.098863232843786815e-20 7.594626748458514761e-20
7.321788747149374103e+03 9.670178354234008377e-20 6.551178077161888500e-20
7.326794675082430331e+03 4.084159927132202813e-21 5.746024518499040301e-20
7.331800603015485649e+03 -3.786482324638079204e-20 6.062234186382330717e-20
7.336806530948540967e+03 6.883971623351967850e-21 7.474848656855547977e-20
7.341812458881597195e+03 1.138617993715528647e-19 7.619870645975905872e-20
7.346818386814653422e+03 -2.657511977232215280e-21 6.007530338566779043e-20
7.351824314747707831e+03 6.508285866015350601e-20 4.956939454508558662e-20
7.356830242680764059e+03 -1.109259051057850737e-20 5.489940067863620717e-20
7.361836170613820286e+03 3.927564518321114857e-21 6.207008472716662973e-20
7.366842098546875604e+03 -1.309790424109715674e-19 6.999370113136622057e-20
7.371848026479930923e+03 -1.058544884273933245e-19 6.831362753108581453e-20
7.376853954412987150e+03 -3.810197522564083738e-20 4.979302967263294560e-20
7.381859882346043378e+03 -4.043091227374649388e-20 4.302767040290711491e-20
7.386865810279097786e+03 -3.247333662210297537e-20 5.001140447054912864e-20
7.391871738212154014e+03 -1.074603656295180371e-20 5.513564158648207207e-20
7.396877666145210242e+03 7.439570863737078861e-20 6.512903971736029449e-20
7.401883594078265560e+03 8.057130151828554780e-20 6.559801986780948063e-20
7.406889522011320878e+03 -2.371314430246581787e-20 5.894424483217935732e-20
7.411895449944377106e+03 -2.797405592945895145e-20 4.706954629868501828e-20
7.416901377877432424e+03 -1.779896228464713909e-20 4.759714100325460609e-20
7.421907305810487742e+03 3.073140546730565064e-20 4.927568315293056564e-20
7.426913233743543969e+03 -5.055602150939491780e-20 5.324483043810171891e-20
7.431919161676600197e+03 7.669200069731092244e-20 5.765836914964950828e-20
7.436925089609655515e+03 4.855356098668438539e-20 5.858890140449408253e-20
7.441931017542710833e+03 -5.717346750831651559e-21 5.415219251716234621e-20
7.446936945475767061e+03 5.756504766496013527e-20 4.448693955119153130e-20
7.451942873408822379e+03 4.565847463136351603e-20 4.298681673968858384e-20
7.456948801341877697e+03 -6.841354496249043163e-20 4.455915134329964426e-20
7.461954729274933925e+03 1.678836221898867546e-20 4.842262020882574384e-20
7.466960657207990153e+03 9.878327049488254497e-21 5.361600150949403783e-20
7.471966585141045471e+03 7.088702300209332746e-20 5.665400163674495499e-20
7.476972513074100789e+03 4.860513605825410501e-21 5.998538337690681007e-20
7.481978441007157016e+03 3.225272760008911049e-20 5.781887251727525736e-20
7.486984368940212335e+03 -7.136157579014927868e-21 5.178119328204250128e-20
7.491990296873267653e+03 2.566440164007043486e-20 4.511100630564288943e-20
7.496996224806323880e+03 5.003798216378301418e-20 4.360386970463183372e-20
7.502002152739380108e+03 3.572614032813517942e-22 4.134831035809868486e-20
7.507008080672435426e+03 -4.344050075895029688e-21 4.076207202440095061e-20
7.512014008605490744e+03 7.766805597942752480e-21 4.282928942878713512e-20
7.517019936538546972e+03 9.659342452352632542e-21 5.549970331423984335e-20
7.522025864471602290e+03 7.365267642225468867e-20 6.968857067259686080e-20
7.527031792404657608e+03 5.725989783730668816e-20 7.180912757949174246e-20
7.532037720337713836e+03 -3.966957067691110456e-20 5.671868546886527129e-20
7.537043648270770063e+03 -2.942424534316439730e-20 5.010319873686994685e-20
7.542049576203824472e+03 5.899141662090438648e-20 4.808327770563931292e-20
7.547055504136880700e+03 -4.199097275010570250e-21 4.753529757845273068e-20
7.552061432069936927e+03 -2.509872316509181617e-21 5.072834838865996811e-20
7.557067360002992245e+03 2.147823146082906808e-20 5.193698838678899283e-20
7.562073287936047564e+03 2.780181691450801486e-19 5.190055693100442490e-20
7.567079215869103791e+03 5.067886904562669376e-19 6.186011761721469595e-20
7.572085143802159109e+03 5.824186137781500347e-19 6.399024947329117717e-20
7.577091071735214427e+03 2.635429841255825074e-19 5.523282620917950047e-20
7.582096999668270655e+03 2.075980327245813574e-19 4.874549187872481552e-20
7.587102927601326883e+03 1.441690594148046791e-20 4.785985815767664272e-20
7.592108855534382201e+03 9.193717477553635500e-20 5.436855104242487859e-20
7.597114783467437519e+03 9.248445331004222537e-20 6.952436080860945277e-20
7.602120711400493747e+03 9.064677818567979903e-20 1.001062402901880734e-19
7.607126639333549065e+03 1.612123835051905247e-19 9.639113780432552049e-20
7.612132567266604383e+03 1.782392998509312500e-19 9.522365112483515874e-20
7.617138495199660611e+03 1.655686086440830303e-19 7.641306431987858706e-20
7.622144423132716838e+03 3.126885647630276567e-20 7.456121897628960164e-20
7.627150351065772156e+03 2.239008524480107139e-19 7.930212330269558058e-20
7.632156278998827474e+03 9.933680737215875079e-20 7.666447078188061785e-20
7.637162206931883702e+03 2.712121130672066860e-19 6.790911342272838224e-20
7.642168134864939020e+03 1.533992027083528066e-19 6.611443028088286859e-20
7.647174062797994338e+03 8.453066792086686453e-20 6.319755400255025530e-20
7.652179990731050566e+03 6.497217840744471671e-20 6.122570282347774809e-20
7.657185918664106794e+03 2.035597975070052026e-19 6.433721785221751103e-20
7.662191846597162112e+03 -4.206382940973596378e-20 6.470378715056083846e-20
7.667197774530217430e+03 1.651161848931539947e-19 6.174372202375287208e-20
7.672203702463273657e+03 6.320590424992910452e-20 5.506583069558223338e-20
7.677209630396328976e+03 1.180609989130117952e-20 5.351087473635109005e-20
7.682215558329384294e+03 7.391343090077142023e-20 5.476598888427359223e-20
7.687221486262440521e+03 1.497595087655349483e-20 5.499342868220868680e-20
7.692227414195496749e+03 2.258685131310395752e-19 5.463048296340515366e-20
7.697233342128551158e+03 1.531654037652067563e-19 5.466081568898412656e-20
7.702239270061607385e+03 8.999263768611760410e-20 5.487564154508752873e-20
7.707245197994663613e+03 1.401866925178896250e-19 7.945938841897424285e-20
7.712251125927718931e+03 2.700698215212888638e-19 1.012850263188150917e-19
7.717257053860774249e+03 3.341708721591101263e-19 9.908836920157796571e-20
7.722262981793830477e+03 3.618537420283578712e-19 7.667931655037981901e-20
7.727268909726885795e+03 2.044866750731834556e-19 5.815433820553980799e-20
7.732274837659941113e+03 1.635689621238443306e-19 5.068956145639147378e-20
7.737280765592997341e+03 1.301018438312574162e-19 4.741255259556890606e-20
7.742286693526053568e+03 1.574502629873919902e-19 5.855372512322091120e-20
7.747292621459108886e+03 1.869883742559826548e-19 8.822366857024654388e-20
7.752298549392164205e+03 8.007349333781032507e-20 9.347698497867003376e-20
7.757304477325220432e+03 1.028105326549435494e-20 7.780641487480329358e-20
7.762310405258275750e+03 1.793585868662351474e-19 6.434624384770421258e-20
7.767316333191331069e+03 1.142577371452652805e-19 5.823252075027147630e-20
7.772322261124387296e+03 1.574621871208207934e-19 6.287468890866035866e-20
7.777328189057443524e+03 3.807928613076555304e-20 6.879362428505384612e-20
7.782334116990498842e+03 6.422698817164308785e-20 6.297596575408658984e-20
7.787340044923554160e+03 -1.677575950967424221e-20 7.350596009236801936e-20
7.792345972856610388e+03 9.604145922606090026e-20 9.119877991123588851e-20
7.797351900789665706e+03 1.402199659060727224e-20 8.677786654273086622e-20
7.802357828722721024e+03 2.480009094738457097e-19 6.806846406885944507e-20
7.807363756655777252e+03 1.704691831288515710e-19 7.179525529456163201e-20
7.812369684588833479e+03 2.021028073413239559e-19 7.395591815166636928e-20
7.817375612521888797e+03 2.383339272156888070e-19 9.334028017839217155e-20
7.822381540454944115e+03 6.994447448996399429e-20 9.457139410468223523e-20
7.827387468388000343e+03 -2.260052496430438273e-20 7.136125728551217314e-20
7.832393396321055661e+03 4.383266215773337494e-21 5.114077277235552333e-20
7.837399324254110979e+03 2.182834788001862635e-20 6.127522446261300696e-20
7.842405252187167207e+03 1.025993455989106527e-19 6.448904897844446154e-20
7.847411180120223435e+03 9.030591337491007867e-20 8.416931867824622950e-20
7.852417108053277843e+03 1.762724900115590092e-19 9.626272551463134868e-20
7.857423035986334071e+03 2.721058753674713354e-19 9.364544892087122248e-20
7.862428963919390299e+03 9.417626792325088252e-20 7.597364691558767133e-20
7.867434891852445617e+03 2.776124196327868563e-19 7.579149325117053822e-20
7.872440819785500935e+03 3.540776854121560842e-19 7.533923176290566250e-20
7.877446747718557162e+03 2.219283635223503104e-19 6.985735641931248680e-20
7.882452675651613390e+03 7.313978079627488519e-20 7.246074807258989206e-20
7.887458603584667799e+03 3.898948585516635743e-20 7.601670613197113167e-20
7.892464531517724026e+03 1.571462057597694403e-19 7.159465740613881743e-20
7.897470459450780254e+03 2.480968712972522879e-19 5.408758410328523717e-20
7.902476387383835572e+03 1.718400855754674571e-19 4.954529446214547411e-20
7.907482315316890890e+03 2.156522670889113019e-19 8.419368333839448630e-20
7.912488243249947118e+03 2.734565110609731538e-19 1.071826655365005373e-19
7.917494171183002436e+03 1.154924938178193188e-19 1.115031533931833425e-19
7.922500099116057754e+03 1.962259569942908129e-19 8.509287003036916300e-20
7.927506027049113982e+03 2.009336300986816128e-19 7.887451198982909141e-20
7.932511954982170209e+03 1.398136669395003538e-19 7.193658738502751947e-20
7.937517882915225528e+03 1.518641005279160954e-19 5.931830205344413557e-20
7.942523810848280846e+03 4.489477167321379287e-20 5.834878994896691489e-20
7.947529738781337073e+03 1.982362726431947132e-19 6.388006067295974339e-20
7.952535666714392391e+03 2.140022137942089864e-19 5.913594932660814950e-20
7.957541594647447710e+03 1.521162782242351303e-19 6.719037775054272612e-20
7.962547522580503937e+03 2.096631755175849705e-19 8.708291328725969475e-20
7.967553450513560165e+03 1.498723191194588990e-19 8.358886757760391214e-20
7.972559378446615483e+03 2.148227692450436109e-19 6.453899018313278467e-20
7.977565306379670801e+03 1.650692449977949686e-19 6.656356934825570677e-20
7.982571234312727029e+03 2.221468735921659555e-19 6.455647983759204701e-20
7.987577162245782347e+03 7.697618442381074513e-20 7.731907846126789109e-20
7.992583090178837665e+03 1.152967346346514489e-19 8.805933748494586909e-20
7.997589018111893893e+03 1.927776900872585934e-19 7.890641787649148943e-20
8.002594946044950120e+03 1.470541802198888715e-19 4.937242278959877735e-20
8.007600873978005438e+03 1.686548966390970411e-19 5.290963692498116709e-20
8.012606801911060757e+03 9.376440373679565122e-20 6.049759357679809214e-20
8.017612729844116984e+03 1.106414397258339310e-19 6.790013227991486321e-20
8.022618657777172302e+03 1.999716883832400172e-19 8.177649359599325934e-20
8.027624585710227620e+03 2.536650850639177279e-20 8.246607425531262403e-20
8.032630513643283848e+03 1.950383677485754739e-19 6.245046161217423457e-20
8.037636441576340076e+03 1.827154208066781425e-19 4.840928802755341715e-20
8.042642369509394484e+03 1.061024181644236283e-19 4.926718917651299182e-20
8.047648297442450712e+03 2.254339204077785629e-19 5.820695726517418355e-20
8.052654225375506940e+03 1.144945785963650186e-19 6.229214289661490035e-20
8.057660153308562258e+03 1.772686055740456427e-19 7.287969684436123626e-20
8.062666081241617576e+03 2.210161670352874973e-19 7.183989543574122945e-20
8.067672009174673803e+03 2.590050781149977112e-19 6.025150160664959515e-20
8.072677937107729122e+03 5.507861772830968903e-20 4.924296447376656971e-20
8.077683865040784440e+03 9.427758131620963789e-20 4.911575231312091828e-20
8.082689792973840667e+03 3.305041075275733415e-20 4.853522039949451946e-20
8.087695720906896895e+03 4.768972859430467762e-20 4.962635114758167373e-20
8.092701648839952213e+03 3.922321634241796638e-20 5.017385286891862256e-20
8.097707576773007531e+03 1.282426837411564642e-19 5.439044767036875588e-20
8.102713504706063759e+03 5.105444067117078672e-21 5.278100966735578551e-20
8.107719432639119077e+03 1.115168914894781446e-19 4.814324842192283209e-20
8.112725360572174395e+03 8.626060166834658079e-20 4.244460767756807418e-20
8.117731288505230623e+03 1.089191601260845415e-19 4.148908517079915286e-20
8.122737216438286850e+03 1.464748589113211193e-19 4.180926850408476502e-20
8.127743144371342169e+03 1.460480728761472387e-19 4.232806097834170959e-20
8.132749072304397487e+03 1.368656029078334660e-19 4.400581846269921707e-20
8.137755000237453714e+03 1.557977748674776456e-19 4.561789844111025620e-20
8.142760928170509032e+03 2.560408211405660437e-19 4.762187689870765995e-20
8.147766856103564351e+03 2.248035949910269126e-19 4.629437433428827743e-20
8.152772784036620578e+03 2.103950399494110396e-19 4.396998614855782656e-20
8.157778711969676806e+03 2.674071423707467502e-19 4.258891728247727946e-20
8.162784639902732124e+03 1.986758240121930747e-19 4.323035349543877862e-20
8.167790567835787442e+03 1.001088523371322079e-19 4.391736100155572653e-20
8.172796495768843670e+03 1.892958769201174562e-19 4.510077328635868760e-20
8.177802423701898988e+03 9.969869738778016477e-20 4.603291385020678807e-20
8.182808351634954306e+03 1.266994710416323951e-19 4.831004224896754828e-20
8.187814279568010534e+03 7.799941131408880384e-20 5.023620436616719752e-20
8.192820207501066761e+03 1.644861055673506161e-19 5.081022280963763302e-20
8.197826135434121170e+03 1.980035769279471620e-19 4.915432098046771671e-20
8.202832063367177398e+03 1.260781892138033792e-19 4.790141539455721343e-20
8.207837991300233625e+03 1.376872068349709576e-19 4.743220163150534311e-20
8.212843919233288034e+03 1.395064504348307806e-19 4.658929256528692714e-20
8.217849847166344261e+03 8.822066253248045506e-20 4.581647901708845846e-20
8.222855775099400489e+03 1.651748916994721509e-19 4.464873104444236017e-20
8.227861703032456717e+03 1.665624951201337689e-19 4.375494191721059228e-20
8.232867630965511125e+03 1.972157154880240982e-19 4.357653539892105393e-20
8.237873558898567353e+03 2.178503646966229769e-19 4.444558076055715196e-20
8.242879486831623581e+03 1.507089130055239485e-19 4.541624275635875557e-20
8.247885414764677989e+03 1.141308452626860420e-19 4.528581895399588984e-20
8.252891342697734217e+03 6.254757503101523193e-20 4.410598120329235713e-20
8.257897270630790445e+03 1.184039718816380143e-19 4.317440793738464251e-20
8.262903198563846672e+03 1.831282692196157686e-19 4.282047039940275490e-20
8.267909126496901081e+03 8.848538109401952812e-20 4.385537472084133488e-20
8.272915054429957308e+03 7.468097402829764963e-20 5.847790650915033351e-20
8.277920982363013536e+03 2.000094185746454073e-19 8.068106156133261558e-20
8.282926910296067945e+03 2.509152906652690877e-20 9.972960903581102117e-20
8.287932838229124172e+03 -8.088394146728041977e-21 9.681727026313835934e-20
8.292938766162180400e+03 3.750587256866074454e-20 1.039257131256489871e-19
8.297944694095236628e+03 2.962010604120561320e-19 9.972083509527569172e-20
8.302950622028291036e+03 -1.055294854375484078e-19 8.909874866740741637e-20
8.307956549961347264e+03 2.161550484954082595e-19 6.951669331547272143e-20
8.312962477894403492e+03 2.238775110715192513e-19 6.798464859144688884e-20
8.317968405827457900e+03 9.705755215556058968e-20 5.518471987823121151e-20
8.322974333760514128e+03 1.711932638299126960e-19 4.936476625009735174e-20
8.327980261693570355e+03 8.242887715070832370e-20 4.724282621596225095e-20
8.332986189626626583e+03 1.501412981658624064e-19 5.175947633888507550e-20
8.337992117559680992e+03 2.752540016785207093e-19 1.062888319851267296e-19
8.342998045492737219e+03 -2.465098716015324677e-19 1.363998358430786584e-19
8.348003973425793447e+03 3.897096132792787792e-19 1.352495897794422500e-19
8.353009901358847856e+03 5.055743983228676957e-20 9.053841214727994290e-20
8.358015829291904083e+03 3.129016924962851199e-20 7.588742564116827758e-20
8.363021757224960311e+03 5.006918419850006137e-20 6.444366360952564313e-20
8.368027685158016538e+03 1.329295394557795591e-19 5.929193719607804180e-20
8.373033613091070947e+03 1.766541730126851681e-19 5.262264624908042332e-20
8.378039541024127175e+03 1.249856428048141561e-19 7.054758942084387658e-20
8.383045468957181583e+03 2.103065483881053980e-19 7.250775265846807118e-20
8.388051396890237811e+03 1.794620173629133879e-19 6.070957827222935098e-20
8.393057324823294039e+03 2.112636747630073051e-19 9.397124905124723846e-20
8.398063252756350266e+03 1.960417924760302068e-19 1.122584531834125493e-19
8.403069180689406494e+03 2.249025589227711290e-19 9.846532089211504660e-20
8.408075108622460903e+03 1.427334747207743470e-19 6.661213677513386145e-20
8.413081036555517130e+03 2.247410533729893734e-19 7.879015998744539292e-20
8.418086964488571539e+03 3.990794637248251353e-19 7.770198812032116143e-20
8.423092892421627766e+03 1.414897082885055683e-19 9.549061425799495982e-20
8.428098820354683994e+03 -1.208162886836310796e-19 1.264729508648074579e-19
8.433104748287740222e+03 -2.654617182556510659e-20 1.198760495339659664e-19
8.438110676220796449e+03 2.088715053384893538e-19 6.476139798176041182e-20
8.443116604153850858e+03 1.463212864261964899e-19 5.904637518245943570e-20
8.448122532086907086e+03 3.839728654443561604e-20 8.054443236729199686e-20
8.453128460019961494e+03 1.882884011832117132e-19 8.041017007607812019e-20
8.458134387953017722e+03 2.478242244877764860e-19 9.027131244435416062e-20
8.463140315886073950e+03 2.617899267202731004e-19 1.068275103420103934e-19
8.468146243819130177e+03 8.268946296514973415e-20 9.895997182975895067e-20
8.473152171752186405e+03 1.253925355853372382e-19 5.643758372623825208e-20
8.478158099685240813e+03 1.367936702413520721e-19 4.665106486809294646e-20
8.483164027618297041e+03 8.186816952453405276e-20 4.657526548101598691e-20
8.488169955551351450e+03 1.690244757189914873e-19 6.111915035233972841e-20
8.493175883484407677e+03 1.160250863939788298e-19 6.602531066180594372e-20
8.498181811417463905e+03 1.388417312531507624e-19 7.717385229947608074e-20
8.503187739350520133e+03 1.589353892846537604e-19 8.051286623493227083e-20
8.508193667283574541e+03 1.306765577218401841e-20 7.267821643946301199e-20
8.513199595216630769e+03 8.264055223624630235e-20 4.763765354392741449e-20
8.518205523149686996e+03 1.869400327083356991e-19 4.450026143320352687e-20
8.523211451082741405e+03 4.160780107775664513e-20 4.404451286131691406e-20
8.528217379015797633e+03 1.302880250278321027e-19 4.394711953584120556e-20
8.533223306948853860e+03 1.338874029668026095e-19 5.114703624359070725e-20
8.538229234881910088e+03 9.091748754689707607e-20 5.497864092526562237e-20
8.543235162814964497e+03 1.459052457514369825e-19 6.397289633848316460e-20
8.548241090748020724e+03 1.175423408098567221e-19 6.434624636446881475e-20
8.553247018681076952e+03 1.429144104165260729e-19 5.766890806082749009e-20
8.558252946614131361e+03 2.303843096415168614e-19 4.641678969335300902e-20
8.563258874547187588e+03 1.484042188868316913e-19 4.648789953487664075e-20
8.568264802480243816e+03 1.436526847365715853e-19 4.865356165779669964e-20
8.573270730413300043e+03 1.057082361308947601e-19 4.967227523826743562e-20
8.578276658346354452e+03 3.909172827276530087e-20 4.906794725298589378e-20
8.583282586279410680e+03 2.011079944482254385e-19 5.150869759547232352e-20
8.588288514212466907e+03 1.421881764484597839e-19 5.337538573618761958e-20
8.593294442145521316e+03 2.429921366558593847e-20 5.531254198273155376e-20
8.598300370078577544e+03 1.637473274424362718e-19 5.264629428173767584e-20
8.603306298011633771e+03 1.566148519815846496e-19 4.928723157312556422e-20
8.608312225944689999e+03 2.476665579561401635e-21 5.310896819586136378e-20
8.613318153877744408e+03 1.278731062771768971e-19 6.580621579938796330e-20
8.618324081810800635e+03 1.819092131497824699e-19 8.148635216427595385e-20
8.623330009743856863e+03 1.636763275640204166e-19 9.432781934625172361e-20
8.628335937676911271e+03 1.850374450955741210e-20 9.935209367593592149e-20
8.633341865609967499e+03 1.592049907982966577e-19 9.394235293345702070e-20
8.638347793543023727e+03 2.596550072390208719e-19 7.975286295067420391e-20
8.643353721476079954e+03 2.101538158524465972e-19 7.396832108722237579e-20
8.648359649409134363e+03 1.033531219218706134e-19 8.555004042443672377e-20
8.653365577342190591e+03 2.164411823133608380e-19 9.862122176857172018e-20
8.658371505275246818e+03 -3.386568716784277824e-20 1.020628291939378491e-19
8.663377433208301227e+03 1.868617867244026692e-20 9.894735981368814212e-20
8.668383361141357454e+03 1.520297431551240850e-19 9.331257618107030451e-20
8.673389289074413682e+03 1.299048993480647257e-20 8.508304573116229537e-20
8.678395217007469910e+03 1.861769690235824847e-19 7.672190479946110308e-20
8.683401144940524318e+03 2.918278194452024255e-20 6.887422570964397346e-20
8.688407072873580546e+03 1.892119631142785605e-20 6.276894267645139431e-20
8.693413000806636774e+03 2.065671798244502530e-19 6.011651094945639355e-20
8.698418928739691182e+03 -1.085629816305231764e-20 5.981809772376328683e-20
8.703424856672747410e+03 6.369324330703267375e-20 5.929845364268099281e-20
8.708430784605803638e+03 1.375989268205187224e-19 5.514395355875896938e-20
8.713436712538859865e+03 1.663370858231813430e-19 5.135395654560098275e-20
8.718442640471914274e+03 4.126307826956506653e-20 4.933728313929331539e-20
8.723448568404970501e+03 4.415730643334688815e-20 4.948210032577801224e-20
8.728454496338024910e+03 6.058690233486551468e-20 4.915311124513796204e-20
8.733460424271081138e+03 1.279916514482577815e-19 4.909415782715057266e-20
8.738466352204137365e+03 2.124214305040696163e-19 4.979257016666786447e-20
8.743472280137193593e+03 2.166202088375719229e-19 4.988833866581763282e-20
8.748478208070249821e+03 1.596708789525339486e-19 5.206627519795061957e-20
8.753484136003304229e+03 1.197336610622193320e-19 8.417141173418826383e-20
8.758490063936360457e+03 2.225052944284022235e-19 1.197542114743112092e-19
8.763495991869414866e+03 -1.858905239123369931e-20 1.426589865033233588e-19
8.768501919802471093e+03 2.885679605279992447e-21 1.327636519575426895e-19
8.773507847735527321e+03 -1.942772062588008681e-19 1.344507243333727622e-19
8.778513775668583548e+03 1.244173591021122542e-19 1.241674899082490106e-19
8.783519703601639776e+03 1.101789488960235465e-19 9.509034787260138965e-20
8.788525631534694185e+03 7.763128337846323305e-20 8.027888594595359253e-20
8.793531559467750412e+03 1.953643802124843248e-19 7.699920722601227794e-20
8.798537487400804821e+03 2.370847449640029139e-20 5.529040968488897333e-20
8.803543415333861049e+03 1.657271103981202325e-19 5.309322890896686079e-20
8.808549343266917276e+03 5.262374654614097113e-20 5.550025090242468758e-20
8.813555271199973504e+03 1.633604741390783083e-20 5.725596371672241620e-20
8.818561199133029731e+03 1.365142994930686571e-19 1.154508621502659593e-19
8.823567127066084140e+03 -1.262762676910988240e-19 1.872920503535183103e-19
8.828573054999140368e+03 6.020696190616576951e-20 1.983782416050897644e-19
8.833578982932194776e+03 3.602767516062971417e-20 1.475901034780255355e-19
8.838584910865251004e+03 1.152388194639602587e-19 1.123418669942367181e-19
8.843590838798307232e+03 -1.040481050861937728e-20 8.228955012667918564e-20
8.848596766731363459e+03 -1.265036192760761567e-20 7.733700192236003548e-20
8.853602694664417868e+03 1.143655110745404900e-19 6.883863636667129152e-20
8.858608622597474096e+03 1.193360335241862951e-19 6.963681220111828954e-20
8.863614550530530323e+03 1.733214125449531299e-19 9.384064316593534103e-20
8.868620478463584732e+03 -1.635350326180160817e-20 9.121051392624001712e-20
8.873626406396640959e+03 1.175813816661120165e-19 6.818646580216637754e-20
8.878632334329697187e+03 -1.433330141932492131e-19 1.095406772570830241e-19
8.883638262262753415e+03 -1.178727929282605742e-19 1.419158576584222052e-19
8.888644190195807823e+03 -1.846604696016910796e-19 1.302966222800999741e-19
8.893650118128864051e+03 2.646284658434662511e-19 7.962883744802876315e-20
8.898656046061920279e+03 3.088876031752259215e-19 9.598063424839166187e-20
8.903661973994974687e+03 1.557507321411138750e-21 1.010619366247236598e-19
8.908667901928030915e+03 1.823069460729995416e-19 8.639875848119235788e-20
8.913673829861087142e+03 2.653330313517041236e-19 1.344461082873506915e-19
8.918679757794143370e+03 4.599750628074586347e-19 1.588980526374788761e-19
8.923685685727199598e+03 3.049669825188892796e-19 1.363783224170203021e-19
8.928691613660254006e+03 5.881532401468577150e-20 6.977594533932603861e-20
8.933697541593308415e+03 8.763803168918612932e-20 6.820247129581204292e-20
8.938703469526364643e+03 3.004800812140726413e-19 1.000306727879470167e-19
8.943709397459420870e+03 2.088217792342380683e-19 1.069113623477780745e-19
8.948715325392477098e+03 -1.051857066265400085e-19 1.054752899137787921e-19
8.953721253325533326e+03 -6.776947481751805831e-20 1.528202496829804253e-19
8.958727181258589553e+03 -2.469382285109041450e-22 1.578600517789030675e-19
8.963733109191643962e+03 -1.060909431165741516e-19 1.057632915965146233e-19
8.968739037124698370e+03 1.085383873951592247e-19 6.247057499351979425e-20
8.973744965057754598e+03 1.915963526257802520e-19 6.220309318066708700e-20
8.978750892990810826e+03 1.603407966823477530e-19 6.899445902461012941e-20
8.983756820923867053e+03 2.825433748072025193e-19 9.010215921053023041e-20
8.988762748856923281e+03 2.391825542291968780e-19 9.032909663580931296e-20
8.993768676789977690e+03 1.658363884632831152e-19 9.965441233688690551e-20
8.998774604723033917e+03 8.512226935549728897e-20 1.136096654212598301e-19
9.003780532656088326e+03 1.141229894654253698e-19 1.051512203614981628e-19
9.008786460589144554e+03 1.498336594981778956e-19 6.331012109207272680e-20
9.013792388522200781e+03 1.932752781746923216e-19 5.296140677973959702e-20
9.018798316455257009e+03 7.402809063647534795e-20 5.296108111811159288e-20
9.023804244388313236e+03 5.288637428249084489e-20 5.431054350293166699e-20
9.028810172321367645e+03 1.560886716845790929e-19 5.959547488924298634e-20
9.033816100254423873e+03 2.148494028210842049e-19 7.183758299139844767e-20
9.038822028187478281e+03 2.893133184872494715e-19 7.650168942086521257e-20
9.043827956120534509e+03 1.869357111723784249e-19 8.624418800269093030e-20
9.048833884053590737e+03 2.175014033987379811e-19 8.854179342698781854e-20
9.053839811986646964e+03 2.012546067839462504e-19 7.725633663014518972e-20
9.058845739919703192e+03 1.341399118998474825e-19 6.005196712473770145e-20
9.063851667852757600e+03 -1.726607984822940768e-21 6.119239098230088738e-20
9.068857595785813828e+03 2.886680406159085394e-20 6.213567329570689922e-20
9.073863523718868237e+03 9.574343460881095455e-20 6.052630588670120041e-20
9.078869451651924464e+03 1.132072743896470984e-19 6.130088943889278743e-20
9.083875379584980692e+03 1.276251105449374356e-19 6.659860330122753633e-20
9.088881307518036920e+03 2.050392949981651107e-19 7.285925104928631703e-20
9.093887235451093147e+03 -3.747103837052389136e-20 7.831373108306813039e-20
9.098893163384147556e+03 9.051841497951116151e-20 8.196702976366555482e-20
9.103899091317203784e+03 1.584076857027890667e-19 7.738679708626399387e-20
9.108905019250258192e+03 -4.369746628308690008e-22 6.237272596823242302e-20
9.113910947183314420e+03 1.357672192214010860e-19 5.567793043576101076e-20
9.118916875116370647e+03 7.051638156759827557e-20 5.609360139265881313e-20
9.123922803049426875e+03 8.577346463814031101e-20 5.350826848341364247e-20
9.128928730982483103e+03 8.943801646189522004e-20 5.398539003122379051e-20
9.133934658915537511e+03 7.084971688687080099e-20 5.503194615116831928e-20
9.138940586848593739e+03 6.531900877875833875e-20 5.532960548541466614e-20
9.143946514781648148e+03 1.040293068678232900e-19 5.912133283548565604e-20
9.148952442714704375e+03 8.632200406379737799e-20 6.489123461719249747e-20
9.153958370647760603e+03 7.696645665806975611e-20 7.245307599669906637e-20
9.158964298580816831e+03 9.156799241523873360e-20 7.225414901421513587e-20
9.163970226513873058e+03 9.882401880479792559e-20 6.793790051522576269e-20
9.168976154446927467e+03 3.399189619559293222e-21 5.991961390793363177e-20
9.173982082379983694e+03 1.922066448998684485e-20 5.922562844625095347e-20
9.178988010313038103e+03 2.025489170983378784e-19 6.045288440622959605e-20
9.183993938246094331e+03 1.968075799871781173e-19 6.124755928751153525e-20
9.188999866179150558e+03 3.145760482455289444e-20 6.130014829648789980e-20
9.194005794112206786e+03 1.330743514694002614e-19 6.161346413315655605e-20
9.199011722045263014e+03 2.548730511542058099e-19 6.244321119169406328e-20
9.204017649978317422e+03 2.184437809993631687e-19 6.386447301272425685e-20
9.209023577911373650e+03 1.067993201809706260e-19 6.850409101118501466e-20
9.214029505844428058e+03 2.657786118891266512e-19 7.322829484790412425e-20
9.219035433777484286e+03 2.093751880945732349e-20 7.650477227239945235e-20
9.224041361710540514e+03 1.424094144161236554e-19 7.225569421469281551e-20
9.229047289643596741e+03 1.784753033051974966e-19 6.574828512509463314e-20
9.234053217576652969e+03 1.200299954683750272e-19 5.905353371729092422e-20
9.239059145509707378e+03 1.863997442511485910e-19 5.922886874155269111e-20
9.244065073442761786e+03 1.170135975114611591e-19 6.248536028413195803e-20
9.249071001375818014e+03 1.476795178050710393e-19 6.396061995270906866e-20
9.254076929308874242e+03 2.575164494508659482e-19 6.338018807483858655e-20
9.259082857241930469e+03 1.367664759573056194e-19 6.423866803439342384e-20
9.264088785174986697e+03 4.621631852912206984e-20 6.505509899019955278e-20
9.269094713108042924e+03 1.612602996089173454e-19 6.405105369817587033e-20
9.274100641041097333e+03 6.274129799539772055e-20 6.204440539274055944e-20
9.279106568974151742e+03 1.745666791239727528e-19 6.592710080466147579e-20
9.284112496907207969e+03 2.519384686770009783e-19 7.318806053991888846e-20
9.289118424840264197e+03 2.671117972840680281e-20 7.997714977772586084e-20
9.294124352773320425e+03 1.474467707758132323e-19 8.264488973261389837e-20
9.299130280706376652e+03 2.449415979468126774e-19 1.369309480038024669e-19
9.304136208639432880e+03 -6.261981915647209190e-20 2.163373691804858180e-19
9.309142136572487289e+03 2.813230931328055506e-19 2.641740666959305065e-19
9.314148064505541697e+03 4.380262602710453413e-19 2.648624399666221856e-19
9.319153992438597925e+03 -1.383130264640091861e-19 2.553108091919395463e-19
9.324159920371654152e+03 -5.119962158342718048e-20 2.447442775347588280e-19
9.329165848304710380e+03 1.307890863719743204e-19 1.900992991310367058e-19
9.334171776237766608e+03 1.338352873009171061e-19 1.720884981197386580e-19
9.339177704170821016e+03 1.653660618202656447e-20 1.730202783378640029e-19
9.344183632103877244e+03 -9.082693032622902341e-20 1.466415289269502094e-19
9.349189560036931653e+03 8.569262474028412759e-20 1.248582734461809821e-19
9.354195487969987880e+03 -1.104912448646904011e-19 1.232585669563354226e-19
9.359201415903044108e+03 -2.694058058178695723e-21 1.185979195328128629e-19
9.364207343836100335e+03 -8.626823315890153703e-20 1.538172807341412448e-19
9.369213271769156563e+03 -3.806663419885883715e-19 3.252243923447857899e-19
9.374219199702210972e+03 -8.509492914257492765e-19 3.582735809194688557e-19
9.379225127635267199e+03 4.893977540702850083e-19 2.890175112438454592e-19
9.384231055568321608e+03 4.427050837990279619e-19 1.590855694906417641e-19
9.389236983501377836e+03 4.627817831832021027e-19 1.138447089191919532e-19
9.394242911434434063e+03 3.408091420466376972e-19 1.101905822715505468e-19
9.399248839367490291e+03 1.948160504227193723e-19 1.262884204866490780e-19
9.404254767300546519e+03 2.993722919470851019e-19 1.181209395554160230e-19
9.409260695233600927e+03 1.658249874163863418e-19 1.019767158085265764e-19
9.414266623166657155e+03 9.352197331129108418e-20 1.473684321463472295e-19
9.419272551099711563e+03 4.972444595748279970e-19 1.640997227301020747e-19
9.424278479032767791e+03 1.398306873130295770e-19 1.491849927088672574e-19
9.429284406965824019e+03 1.150267472133371313e-19 1.475881037496692046e-19
9.434290334898880246e+03 -3.710513043261051251e-20 2.697455897264642406e-19
9.439296262831936474e+03 4.720850393090468361e-19 3.174593337504114017e-19
9.444302190764990883e+03 -8.650775659517789250e-20 2.450525909133242982e-19
9.449308118698047110e+03 2.605098725691278402e-19 1.702188750043745800e-19
9.454314046631101519e+03 -4.482603599925608249e-19 2.374887195552572201e-19
9.459319974564157746e+03 2.978880569115797894e-20 2.326315191652406358e-19
9.464325902497213974e+03 4.696028355372031059e-19 1.723653632208891255e-19
9.469331830430270202e+03 4.880202334593591617e-20 2.465655854948293218e-19
9.474337758363326429e+03 3.052266267374664072e-19 3.229943892601014448e-19
9.479343686296380838e+03 1.954387882305299543e-19 2.779334237034758782e-19
9.484349614229437066e+03 3.265303243692094263e-20 1.470926465702324716e-19
9.489355542162491474e+03 1.648857475288191470e-19 1.117715432986833937e-19
9.494361470095547702e+03 1.014286513460167453e-19 1.613260629078278934e-19
9.499367398028603930e+03 1.046324229490599605e-19 2.068742022131954172e-19
9.504373325961660157e+03 2.261319517593230962e-19 1.892257133801887990e-19
9.509379253894716385e+03 1.060976986057544901e-19 1.516921051183437066e-19
9.514385181827770793e+03 -1.331630294208314568e-19 2.078091608836043835e-19
9.519391109760827021e+03 4.110562187324850085e-20 2.335681096503760074e-19
9.524397037693881430e+03 2.612228404486584938e-19 1.808386017000272877e-19
9.529402965626937657e+03 2.639803315924129747e-19 1.230456402535011639e-19
9.534408893559993885e+03 1.085257140780952724e-19 1.146117202245429397e-19
9.539414821493050113e+03 1.256015143171010582e-19 1.132512415686665814e-19
9.544420749426106340e+03 2.116574965834449547e-19 1.399496343866613662e-19
9.549426677359160749e+03 1.715845829871413574e-19 1.757752107345229116e-19
9.554432605292216977e+03 -5.402235700784202825e-20 1.745035154078199661e-19
9.559438533225271385e+03 2.070040641559398456e-19 1.872409211289653081e-19
9.564444461158327613e+03 3.453125981816163875e-19 2.269865990570760613e-19
9.569450389091383840e+03 2.648655872995248466e-19 2.164996695184585583e-19
9.574456317024440068e+03 3.441232700016145109e-20 1.439990150196043978e-19
9.579462244957496296e+03 -1.047024845870715730e-19 1.145749463425494360e-19
9.584468172890550704e+03 6.950140308059305773e-20 1.196751821830522024e-19
9.589474100823605113e+03 1.666884090018119893e-19 1.274738512188617746e-19
9.594480028756661341e+03 1.180178479687487005e-20 1.278887649800409977e-19
9.599485956689717568e+03 1.051080884849697384e-19 1.432594495544167832e-19
9.604491884622773796e+03 2.927432338749916060e-19 1.656395883519158125e-19
9.609497812555830023e+03 6.147915866779753801e-21 1.607573698337589382e-19
9.614503740488886251e+03 5.084039895516938151e-20 1.691441308191471900e-19
9.619509668421940660e+03 -3.589328236487589726e-19 1.744340284236111972e-19
9.624515596354995068e+03 5.954056935966084135e-20 1.500738642669660849e-19
9.629521524288051296e+03 1.313594001302383477e-19 1.182231603569027125e-19
9.634527452221107524e+03 8.814663121183442576e-20 1.116710837195690043e-19
9.639533380154163751e+03 -4.077687625717390535e-20 1.104750107785902497e-19
9.644539308087219979e+03 7.509095455461996485e-20 1.111774722298367221e-19
9.649545236020274388e+03 1.759394274927502582e-19 1.141014888726001789e-19
9.654551163953330615e+03 1.957696129000714730e-19 1.188660747081931653e-19
9.659557091886385024e+03 3.364714459069156374e-19 1.321434087500228168e-19
9.664563019819441251e+03 1.694298440134861485e-19 1.558693495995442448e-19
9.669568947752497479e+03 2.297994464174500319e-19 1.599203450755725610e-19
9.674574875685553707e+03 2.359489072967614991e-19 1.820053396895723611e-19
9.679580803618609934e+03 -2.593979722623644668e-20 1.952777555156975746e-19
9.684586731551664343e+03 -3.133659270014274789e-21 1.833704074427812819e-19
9.689592659484720571e+03 2.654317482400298977e-19 1.683907427369930778e-19
9.694598587417774979e+03 3.239443346086812608e-19 1.989888357284250249e-19
9.699604515350831207e+03 6.633436675683317565e-19 2.027863364923860136e-19
9.704610443283887435e+03 1.470148085447741591e-19 1.875478521913589473e-19
9.709616371216943662e+03 1.903526783624207082e-19 1.929428004414192355e-19
9.714622299149999890e+03 -1.690233853007958638e-19 2.449856685767241519e-19
9.719628227083054298e+03 2.078099315066551530e-19 2.492278011881396335e-19
9.724634155016110526e+03 -3.715048364352719467e-20 2.050662445170099819e-19
9.729640082949164935e+03 1.257311013533445651e-19 1.881304368750966443e-19
9.734646010882221162e+03 5.052020343983434867e-20 2.074727914758632275e-19
9.739651938815277390e+03 5.905819770255257316e-19 2.063110493473634180e-19
9.744657866748333618e+03 -1.760297847405181350e-19 1.752374636849623839e-19
9.749663794681389845e+03 -5.340215196439555825e-20 1.547246934892428745e-19
9.754669722614444254e+03 2.726349546040502590e-19 1.404467783773262031e-19
9.759675650547500481e+03 2.848786892635041161e-19 1.369287292999407908e-19
9.764681578480554890e+03 -1.570596455212518686e-20 1.342432060069067269e-19
9.769687506413611118e+03 -2.825693083573070432e-20 1.388518664671336643e-19
9.774693434346667345e+03 2.207023003978673540e-19 1.380806943254196744e-19
9.779699362279723573e+03 2.041076761625935190e-19 1.710686146424264266e-19
9.784705290212779801e+03 4.817118584409436879e-19 2.883900635434714250e-19
9.789711218145834209e+03 -1.517489986847249649e-19 3.453387535231212783e-19
9.794717146078890437e+03 4.579287934879653850e-19 3.205704901702472238e-19
9.799723074011944846e+03 -2.845629501238238664e-19 2.480242506155436343e-19
9.804729001945001073e+03 9.904658174263865232e-20 2.158608731928785342e-19
9.809734929878057301e+03 7.571735098580932653e-19 2.008800502246615382e-19
9.814740857811113528e+03 5.966809950058661050e-20 1.959568592692174338e-19
9.819746785744169756e+03 -2.182949444862115360e-19 1.803859887469508902e-19
9.824752713677224165e+03 -4.571452716132571524e-21 1.782798400275615830e-19
9.829758641610280392e+03 4.339292619598575236e-19 1.770827407279808563e-19
9.834764569543334801e+03 -9.616157749004727775e-20 1.783574627702867035e-19
9.839770497476391029e+03 7.370107922584880336e-20 2.076674581395986712e-19
9.844776425409447256e+03 3.872588187241518143e-19 2.552861117708564833e-19
9.849782353342503484e+03 6.702703253431329352e-19 2.528752012096310029e-19
9.854788281275559712e+03 5.528615236962529777e-19 2.042367677761721706e-19
9.859794209208614120e+03 -4.727215368844789958e-20 1.910071378363663381e-19
9.864800137141670348e+03 -1.625734965910074035e-19 2.941543046466902626e-19
9.869806065074724756e+03 -6.052109579494329749e-19 3.634365218112652655e-19
9.874811993007780984e+03 5.017196839097629751e-19 3.354971451713596067e-19
9.879817920940837212e+03 4.540655158048920278e-19 2.258878371034015990e-19
9.884823848873893439e+03 5.563188607411769836e-19 2.218541050706002016e-19
9.889829776806949667e+03 5.040955878450867172e-19 2.623360667930052264e-19
9.894835704740004076e+03 7.364354971845133377e-19 2.707958979188520758e-19
9.899841632673058484e+03 5.960307548582188865e-20 2.346007828945154602e-19
9.904847560606114712e+03 -1.241148154969898473e-19 2.483992778560551638e-19
9.909853488539170939e+03 5.437372253131895775e-19 3.556166563619545628e-19
9.914859416472227167e+03 7.768100914308618101e-19 3.753896141611148638e-19
9.919865344405283395e+03 4.178559406900312475e-19 2.976185410317833240e-19
9.924871272338339622e+03 5.398012208115427042e-19 2.166521410965472718e-19
9.929877200271394031e+03 2.649650245814446621e-19 2.243631362731120729e-19
9.934883128204448440e+03 -6.351872270348654094e-19 3.008112490585615960e-19
9.939889056137504667e+03 -1.126970041666633275e-19 4.167294900733249938e-19
9.944894984070560895e+03 4.679892232477438472e-19 4.777746567285199920e-19
9.949900912003617123e+03 3.274839312798826873e-19 4.985272389185941762e-19
9.954906839936673350e+03 -9.632841910323604615e-19 4.844345218811263378e-19
9.959912767869729578e+03 1.098145397703086510e-18 5.279617376360944338e-19
9.964918695802783986e+03 2.068300933676490742e-20 4.358398452701162583e-19
9.969924623735838395e+03 3.074017117890670344e-19 3.778356052552533639e-19
9.974930551668894623e+03 6.330910134223118093e-19 3.534180736056538564e-19
9.979936479601950850e+03 1.553147509879463550e-19 3.122983896543792225e-19
9.984942407535007078e+03 7.180058462939195908e-19 2.923790268905130402e-19
9.989948335468063306e+03 2.219186955561952676e-19 3.073588143948056435e-19
9.994954263401117714e+03 1.241214789016086296e-19 3.323696908166736904e-19
9.999960191334173942e+03 8.378854914210293578e-19 3.328452925835365713e-19
1.000496611926722835e+04 4.019933406959267226e-19 4.657980806583902598e-19
1.000997204720028458e+04 2.844506903371569827e-19 5.515698640584289369e-19
1.001497797513334081e+04 6.336395914009567478e-19 5.604968036782638678e-19
1.001998390306639703e+04 6.149008081450938410e-20 4.761045932146618050e-19
1.002498983099945326e+04 1.818172443013481182e-19 4.267040817431748368e-19
1.002999575893250767e+04 5.008831722794327452e-19 3.759589526069910938e-19
1.003500168686556390e+04 6.404329812228302967e-19 3.314958873217701319e-19
1.004000761479861831e+04 8.800196639648611112e-19 3.372817234429386252e-19
1.004501354273167453e+04 1.382089810773500787e-19 3.495889109866259195e-19
1.005001947066473076e+04 7.685346668771270448e-19 3.357061778858013266e-19
1.005502539859778699e+04 4.191105639616981027e-19 3.794046353016846169e-19
1.006003132653084322e+04 2.551741194214925569e-19 4.499993796292474807e-19
1.006503725446389763e+04 3.271405065321384055e-19 4.420260551690709501e-19
1.007004318239695385e+04 8.686673840523641499e-19 4.305860759325473297e-19
1.007504911033000826e+04 4.530867612035788709e-20 4.753850810753430393e-19
1.008005503826306449e+04 -1.750210909338483907e-18 5.982526666302152220e-19
1.008506096619612072e+04 -8.082868124094038232e-19 5.579688469181561854e-19
1.009006689412917694e+04 -3.226715861888873671e-19 4.664575281241224491e-19
1.009507282206223317e+04 6.655794926291731100e-19 4.707643966526914810e-19
1.010007874999528758e+04 -9.820236466475601157e-19 5.265919479161980105e-19
1.010508467792834381e+04 -6.356959296805430993e-20 5.530331131532931724e-19
1.011009060586139822e+04 3.444965404145095073e-19 5.061841692754748541e-19
1.011509653379445444e+04 1.440217581019798579e-19 5.499027661772659778e-19
1.012010246172751067e+04 3.754254284328833551e-19 6.831966890554884247e-19
1.012510838966056690e+04 1.097936147146832184e-18 7.057038417318434623e-19
1.013011431759362313e+04 1.142174695435662900e-18 5.952058478235722762e-19
1.013512024552667754e+04 7.668264144474731316e-19 5.057463591349506531e-19
1.014012617345973376e+04 1.081994693786175340e-18 5.331712904353396974e-19
1.014513210139278817e+04 9.642229084799652163e-19 6.089402758973077992e-19
1.015013802932584440e+04 1.087054693704620060e-18 6.908444782114390205e-19
1.015514395725890063e+04 1.212346724184951152e-18 7.043872770941687408e-19
1.016014988519195686e+04 7.395932839469023822e-19 7.474012853581200505e-19
1.016515581312501308e+04 2.229685412651466920e-19 8.307044140173246289e-19
1.017016174105806749e+04 -9.446140817988133010e-19 8.671797836724365101e-19
1.017516766899112372e+04 8.389600023981044135e-19 8.876849392637331694e-19
1.018017359692417813e+04 1.457371572294346930e-18 8.561591580614786428e-19
1.018517952485723436e+04 -5.257199327571536079e-19 9.291954760625875577e-19
1.019018545279029058e+04 8.209612704613561466e-19 9.053149935452797890e-19
1.019519138072334681e+04 8.657228364883112021e-19 8.675804345291865463e-19
1.020019730865640304e+04 2.729252050513737325e-19 8.921588064317226720e-19
1.020520323658945745e+04 -3.081172809584242314e-19 8.958605953977252358e-19
1.021020916452251367e+04 -1.107325402560872374e-18 1.070505190973605201e-18
1.021521509245556808e+04 1.683952105967337276e-19 9.290424446581046065e-19
1.022022102038862431e+04 4.252005628724416032e-19 1.053946713102507703e-18
1.022522694832168054e+04 6.602544984809252411e-20 1.168852394879142607e-18
1.023023287625473677e+04 2.565912955169961578e-19 1.135342592664095596e-18
1.023523880418779299e+04 -4.948455025963864012e-19 1.152540253783972617e-18
1.024024473212084740e+04 3.472129508570251649e-19 1.026823258795387148e-18
1.024525066005390181e+04 9.583452087102897122e-19 9.326212183600010578e-19
1.025025658798695804e+04 -1.251182527216062926e-18 8.164976514127528718e-19
1.025526251592001427e+04 4.337128276121449559e-19 8.326058942370621029e-19
1.026026844385307049e+04 1.827245282897233519e-18 8.002451082515975450e-19
1.026527437178612672e+04 8.158069778905876819e-19 8.561915968114825338e-19
1.027028029971918295e+04 1.455899890190504110e-18 8.636433605509466943e-19
1.027528622765223736e+04 9.029918010916986820e-19 9.470633056049597652e-19
1.028029215558529177e+04 1.469877652828984267e-18 1.016344556500066902e-18
1.028529808351834799e+04 2.069425755165996699e-18 1.340149092876672006e-18
1.029030401145140422e+04 1.595424201219978293e-18 1.212640334616854537e-18
1.029530993938446045e+04 8.815346685686793033e-19 1.358965369880658848e-18
