#  wl flam flam_err
4.803806996822357178e+03 3.859595072535600158e-20 1.848269956326481317e-18
4.808812924755412496e+03 5.882211927050532584e-20 1.691929438584073035e-18
4.813818852688468723e+03 5.650619370197709359e-20 1.555761515208431628e-18
4.818824780621524042e+03 3.674897224314806609e-20 1.417638745335976827e-18
4.823830708554580269e+03 -1.879131663157558618e-19 1.300603448424270803e-18
4.828836636487635587e+03 9.224902947043633437e-20 1.196364592034353626e-18
4.833842564420691815e+03 6.726809407759171399e-19 1.093809237740643565e-18
4.838848492353747133e+03 9.728644841240319921e-19 1.002711675514928945e-18
4.843854420286802451e+03 -7.436555951177186028e-19 9.094004636385929663e-19
4.848860348219858679e+03 3.863838231653623908e-19 8.281939213192601148e-19
4.853866276152913997e+03 3.074232125464451482e-19 7.589834667806519841e-19
4.858872204085970225e+03 -1.720762389356421256e-19 7.046939802674537662e-19
4.863878132019025543e+03 -1.835632187928306851e-19 6.658819219211288113e-19
4.868884059952080861e+03 -2.921964689600821366e-19 6.310225794946719108e-19
4.873889987885137089e+03 3.192544842202028102e-19 5.887721716705179332e-19
4.878895915818192407e+03 -1.387289143013440679e-19 5.435637908956268052e-19
4.883901843751248634e+03 4.241421806603417422e-19 5.024001842335638085e-19
4.888907771684303952e+03 1.440275309937243090e-19 4.651262234910616401e-19
4.893913699617360180e+03 2.639962574813046268e-19 4.375158973846744204e-19
4.898919627550415498e+03 -6.068313573113924940e-20 4.148099429005855836e-19
4.903925555483470816e+03 -4.744238963100283494e-19 3.968201608196530747e-19
4.908931483416527044e+03 -2.704663236251098199e-19 3.794879583536158836e-19
4.913937411349582362e+03 -6.666520540061232017e-20 3.612418676288666311e-19
4.918943339282638590e+03 -2.536233568504189753e-19 3.422168641097024438e-19
4.923949267215693908e+03 1.649975264008549854e-19 3.270976994148036370e-19
4.928955195148750136e+03 -6.797037323386644980e-20 3.155691899849648636e-19
4.933961123081805454e+03 -1.962726626385049193e-19 3.087956786504658069e-19
4.938967051014860772e+03 2.063639644162654645e-19 3.049235514626138042e-19
4.943972978947916999e+03 3.118485074242609979e-19 3.020660117911067444e-19
4.948978906880972318e+03 1.696581865442352111e-19 3.009343638505165738e-19
4.953984834814028545e+03 4.877683054351897447e-19 2.960059165327966130e-19
4.958990762747083863e+03 1.801575114882815191e-19 2.909591865151395372e-19
4.963996690680139181e+03 2.171161148410860961e-22 2.898734128621339104e-19
4.969002618613195409e+03 8.991757354401047901e-20 2.895381517240309138e-19
4.974008546546250727e+03 2.433588546758659354e-20 2.870657387041091270e-19
4.979014474479306955e+03 1.663743534160630323e-19 2.800704108459127428e-19
4.984020402412362273e+03 4.505702975248908270e-22 2.707186609356773184e-19
4.989026330345418501e+03 -6.686185158663751992e-20 2.571756800772145568e-19
4.994032258278473819e+03 1.096241611907109915e-19 2.440963990910511615e-19
4.999038186211529137e+03 1.200830611758963948e-19 2.295770976999364055e-19
5.004044114144585365e+03 -6.669252169335149544e-20 2.168491647421428260e-19
5.009050042077640683e+03 7.935126452620689270e-21 2.062815492040152779e-19
5.014055970010696910e+03 1.265350697179401908e-20 1.996813776175363002e-19
5.019061897943752228e+03 2.788279693847566888e-19 1.960956881421516719e-19
5.024067825876807547e+03 2.446472066305749664e-19 1.918077411475312446e-19
5.029073753809863774e+03 1.065128661478172318e-19 1.892393782017483075e-19
5.034079681742919092e+03 2.700932201925807200e-20 1.864171604598281815e-19
5.039085609675975320e+03 -2.010765275815418271e-19 1.857105657144582041e-19
5.044091537609030638e+03 2.236198830209549930e-19 1.877443536264353662e-19
5.049097465542086866e+03 1.088637541089187001e-19 1.896638238360773963e-19
5.054103393475142184e+03 4.207358187018482120e-19 1.894250256657992662e-19
5.059109321408197502e+03 2.075628900454240952e-19 1.858157026084517890e-19
5.064115249341253730e+03 2.244035717341023551e-19 1.796190359250045073e-19
5.069121177274309048e+03 2.109950092674185877e-19 1.717677216790445260e-19
5.074127105207365275e+03 1.891756851994866704e-19 1.652504920320427722e-19
5.079133033140420594e+03 2.924793980788337805e-20 1.609978056563763742e-19
5.084138961073476821e+03 -3.389757904778411784e-20 1.582336272493678094e-19
5.089144889006532139e+03 -2.972268515741335754e-20 1.572300672179371550e-19
5.094150816939587457e+03 8.513926900123004132e-20 1.555660760069696047e-19
5.099156744872643685e+03 -8.833934494970104955e-20 1.531655483797918489e-19
5.104162672805699003e+03 -1.607826520061570358e-21 1.510494801338415337e-19
5.109168600738755231e+03 -1.622647786488756819e-19 1.508796113024515152e-19
5.114174528671810549e+03 1.406854384259552992e-19 1.516890303940604383e-19
5.119180456604865867e+03 -9.887461607893944516e-20 1.537866263420362614e-19
5.124186384537922095e+03 3.171445563309299002e-19 1.558975223399786251e-19
5.129192312470977413e+03 -3.115899500445958802e-20 1.541955760998731153e-19
5.134198240404033641e+03 -4.170725341181453734e-20 1.529776531078477774e-19
5.139204168337088959e+03 -1.635430077295127337e-19 1.495702238283187567e-19
5.144210096270145186e+03 -6.794096981419835833e-20 1.451088769108177045e-19
5.149216024203200504e+03 1.434039734877703362e-19 1.394996432385088818e-19
5.154221952136255823e+03 8.905027617418411711e-20 1.341988593897520261e-19
5.159227880069312050e+03 2.941814368368872420e-21 1.284732302558731787e-19
5.164233808002367368e+03 -1.197684637080082261e-19 1.239204929110776290e-19
5.169239735935423596e+03 -4.708488836068692320e-20 1.189151365954422813e-19
5.174245663868478914e+03 -1.099832903729651117e-19 1.156145449370829814e-19
5.179251591801534232e+03 -1.401927287871157588e-19 1.130408982935121560e-19
5.184257519734590460e+03 6.729066966840512209e-21 1.104862362908740990e-19
5.189263447667645778e+03 8.236489817161619746e-20 1.084627234458144186e-19
5.194269375600702006e+03 7.450361734649923631e-20 1.090690136041797705e-19
5.199275303533757324e+03 -6.475902842167744946e-20 1.093644576420836196e-19
5.204281231466813551e+03 -1.541510784133226112e-19 1.106824448002338382e-19
5.209287159399868870e+03 5.678725720264475504e-20 1.115594798601954343e-19
5.214293087332924188e+03 8.310383603607528895e-20 1.138723531049641778e-19
5.219299015265980415e+03 -7.110316681474067491e-20 1.173417316942343727e-19
5.224304943199035733e+03 3.609168961544762224e-20 1.194939787393455728e-19
5.229310871132091961e+03 3.313710390979688715e-20 1.205633218307431623e-19
5.234316799065147279e+03 -4.237783126480762962e-20 1.194354699393990448e-19
5.239322726998203507e+03 -4.459836138390115553e-20 1.191737173063436492e-19
5.244328654931258825e+03 -3.320576848777305600e-20 1.185923101910704411e-19
5.249334582864314143e+03 1.699468184229712711e-19 1.176922209953034668e-19
5.254340510797370371e+03 7.188818377319675357e-20 1.159614306611397185e-19
5.259346438730425689e+03 -1.077197032886359507e-19 1.108974098550549402e-19
5.264352366663481916e+03 1.319940837628377550e-19 1.066828624030125336e-19
5.269358294596537235e+03 -3.479033619076389743e-20 1.036781556174167893e-19
5.274364222529593462e+03 1.416554206099788531e-19 1.030444953396260571e-19
5.279370150462648780e+03 -1.560677246880424044e-20 1.012056979886368472e-19
5.284376078395704099e+03 -3.576272816723534099e-21 9.989821018781393116e-20
5.289382006328760326e+03 -7.529681333786012537e-20 9.990539971062362253e-20
5.294387934261815644e+03 -5.249161773226911915e-20 1.002599940301291437e-19
5.299393862194871872e+03 -8.894631854118057658e-21 1.018367745918499431e-19
5.304399790127927190e+03 2.102234237502127676e-19 1.031250446995021373e-19
5.309405718060982508e+03 2.328620909862308705e-19 1.042633629072749340e-19
5.314411645994038736e+03 -2.736255599618519882e-20 1.041437160164914464e-19
5.319417573927094054e+03 1.520406919477714427e-19 1.026000133473291924e-19
5.324423501860150282e+03 7.297887910680815250e-20 1.007984661826451796e-19
5.329429429793205600e+03 -3.520770512695379200e-20 9.842449669825208448e-20
5.334435357726260918e+03 -1.231862407566767478e-19 9.666665655719214587e-20
5.339441285659317145e+03 -2.754739612192379346e-20 9.579394453787755230e-20
5.344447213592372464e+03 -1.397931632959131644e-20 9.554876446023673323e-20
5.349453141525428691e+03 1.611660236524355341e-19 9.629115270904162519e-20
5.354459069458484009e+03 1.778455948860784998e-19 9.742232395842572933e-20
5.359464997391540237e+03 1.022745898944766740e-19 9.821464345134113385e-20
5.364470925324595555e+03 1.086834385457117279e-19 9.857991428233688121e-20
5.369476853257650873e+03 1.470636350764023101e-19 9.952028918303865346e-20
5.374482781190707101e+03 2.272313071969270555e-20 1.004115779369152503e-19
5.379488709123762419e+03 1.267491800287057396e-19 1.008365790188864812e-19
5.384494637056818647e+03 1.715721989715338561e-19 9.923850435591715229e-20
5.389500564989873965e+03 9.699937988243875880e-20 9.732966135847047962e-20
5.394506492922930192e+03 -2.249701415494099979e-20 9.644636660220101065e-20
5.399512420855985511e+03 1.216010774812180239e-20 9.644432923206573537e-20
5.404518348789040829e+03 4.007371835043988701e-20 9.646500934186839406e-20
5.409524276722097056e+03 1.701450025353563629e-19 9.632655930447253228e-20
5.414530204655152374e+03 1.270438503782150159e-19 9.613405822354591905e-20
5.419536132588208602e+03 3.396763353831957389e-19 9.504885162733641617e-20
5.424542060521263920e+03 2.483444387226008222e-19 9.259487658969764297e-20
5.429547988454320148e+03 1.137759260761041537e-19 9.022378568313082701e-20
5.434553916387375466e+03 8.469206543334354430e-20 8.717457439268218004e-20
5.439559844320430784e+03 9.225659429741467547e-20 8.499899099484816883e-20
5.444565772253487012e+03 -8.493927485956452108e-21 8.338677417705680308e-20
5.449571700186542330e+03 4.219891536983083290e-20 8.222862502308850260e-20
5.454577628119598558e+03 8.177302159008381205e-20 8.184958866229080186e-20
5.459583556052653876e+03 9.497141826418963613e-20 8.194761966408309101e-20
5.464589483985709194e+03 3.012470161181554376e-20 8.192461235873242301e-20
5.469595411918765421e+03 1.757410276864401294e-19 8.168785728895656624e-20
5.474601339851820740e+03 1.580215765165982291e-19 8.198335037392553185e-20
5.479607267784876967e+03 -1.099483017723651184e-19 8.262805313299163967e-20
5.484613195717932285e+03 -2.226669995687856226e-20 8.358363845048418760e-20
5.489619123650987603e+03 -2.619492541873048592e-20 8.457318286036890635e-20
5.494625051584043831e+03 9.035077012452528612e-20 8.640579368526316437e-20
5.499630979517099149e+03 2.174782431060243468e-20 8.774145732436041977e-20
5.504636907450155377e+03 8.853304873625032910e-20 9.030581367740144642e-20
5.509642835383210695e+03 1.857640254391893422e-19 9.087330720688828913e-20
5.514648763316266923e+03 9.112127430281620080e-20 8.994575800162137485e-20
5.519654691249322241e+03 5.136472557734029036e-21 8.832382567905740450e-20
5.524660619182377559e+03 1.261195777216158960e-19 8.615007755169458395e-20
5.529666547115433787e+03 3.424973217428611980e-20 8.362926601440898306e-20
5.534672475048489105e+03 1.229914099272330975e-19 8.158443319311439224e-20
5.539678402981545332e+03 -6.227008840113486416e-20 7.968393847988224764e-20
5.544684330914600650e+03 -4.622714683580672757e-20 7.747337780065039033e-20
5.549690258847656878e+03 -5.633565107495323649e-20 7.486579246270361855e-20
5.554696186780712196e+03 -4.720435447293430267e-20 7.304011906120847778e-20
5.559702114713767514e+03 1.387625012955822904e-19 7.238053874186387584e-20
5.564708042646823742e+03 1.234818883471880065e-19 7.279501103022510474e-20
5.569713970579879060e+03 2.009931257655577448e-19 9.899429841152297116e-20
5.574719898512935288e+03 3.662238392765962588e-20 1.550243921304188646e-19
5.579725826445990606e+03 -3.020630887357265200e-20 1.568345739027765613e-19
5.584731754379046833e+03 2.249757931049549652e-19 1.076089094639995533e-19
5.589737682312102152e+03 1.322632608151448655e-19 7.085551020919832595e-20
5.594743610245157470e+03 4.332611700923754848e-21 7.005661880540654118e-20
5.599749538178213697e+03 8.586548487422325918e-20 7.053870600283356356e-20
5.604755466111269016e+03 6.663962794507716508e-20 7.180481154319927761e-20
5.609761394044325243e+03 1.181165339673523996e-19 7.219851490235181185e-20
5.614767321977380561e+03 1.442893703771904374e-19 7.264861809008430530e-20
5.619773249910436789e+03 1.032429067413800864e-19 7.443751309399321403e-20
5.624779177843492107e+03 1.724135059482452493e-19 7.564514573623251774e-20
5.629785105776547425e+03 1.006132751387894289e-19 7.649542370166101093e-20
5.634791033709603653e+03 2.045327682587907274e-19 7.748174283114925682e-20
5.639796961642658971e+03 1.630341147381359385e-19 7.673525972694120141e-20
5.644802889575714289e+03 6.615510352456329749e-20 7.543585655268681187e-20
5.649808817508770517e+03 9.740966420661509494e-20 7.370932562126013629e-20
5.654814745441825835e+03 1.353884690385668635e-19 7.156517983653772384e-20
5.659820673374882062e+03 9.655092226762236419e-20 7.035443581656626680e-20
5.664826601307937381e+03 2.088058166785573608e-19 6.946876420031103566e-20
5.669832529240993608e+03 1.175047220042194722e-19 6.856428731351191454e-20
5.674838457174048926e+03 -5.676240222488620510e-21 6.819730824898177853e-20
5.679844385107104245e+03 8.651117331076249480e-20 6.767623149638465723e-20
5.684850313040160472e+03 1.187146714586391554e-19 6.800905846554259678e-20
5.689856240973215790e+03 8.626056715807098513e-20 6.801458893810849474e-20
5.694862168906272018e+03 1.540754513165900427e-19 6.924431535188151207e-20
5.699868096839327336e+03 -4.807067295692877223e-22 7.036394327067857463e-20
5.704874024772383564e+03 4.865563626591184065e-20 7.136823842570616400e-20
5.709879952705438882e+03 1.162020063985759800e-19 7.250252072494198458e-20
5.714885880638494200e+03 2.857834265169249406e-20 7.413600869890281691e-20
5.719891808571550428e+03 2.877050337489865163e-19 7.537187085598030170e-20
5.724897736504605746e+03 1.240494258025871120e-19 7.521598442478868490e-20
5.729903664437661973e+03 1.234207018778200169e-19 7.518151397860275455e-20
5.734909592370717291e+03 1.091093385806184170e-19 7.455670729737577112e-20
5.739915520303773519e+03 7.831404069422987618e-20 7.447352783330595583e-20
5.744921448236828837e+03 1.531436720039148536e-19 7.401023056664404008e-20
5.749927376169884155e+03 -2.105182042613210836e-20 7.380870332588985925e-20
5.754933304102940383e+03 -8.590896641850098909e-20 7.447597095637762899e-20
5.759939232035995701e+03 9.212889075866223784e-20 7.478321560338196386e-20
5.764945159969051929e+03 7.850171635635266979e-20 7.435639451649611524e-20
5.769951087902107247e+03 -7.135902043714395602e-20 7.244813219092580959e-20
5.774957015835163475e+03 -7.497748575284900565e-20 7.029171327017664755e-20
5.779962943768218793e+03 -3.454574565865584549e-20 6.883866581768975046e-20
5.784968871701274111e+03 8.449817424213397928e-20 6.820954791596590407e-20
5.789974799634330338e+03 2.154470851897351583e-19 6.761499972700394522e-20
5.794980727567385657e+03 1.960521700304972254e-19 6.736667467048065275e-20
5.799986655500441884e+03 8.431102055216915418e-20 6.668250129086210097e-20
5.804992583433497202e+03 1.125740590033233916e-19 6.607961375797017447e-20
5.809998511366552520e+03 7.076883761335955917e-20 6.553699110105069930e-20
5.815004439299608748e+03 1.438001551083068783e-19 6.512762255671288904e-20
5.820010367232664066e+03 1.782621534268753693e-20 6.513455127154258953e-20
5.825016295165720294e+03 -3.925702762904518565e-20 6.484993615479861734e-20
5.830022223098775612e+03 -2.162641955774365406e-20 6.487756813246332431e-20
5.835028151031830930e+03 1.533715110903641376e-20 6.517803266568477562e-20
5.840034078964887158e+03 4.431309114144397733e-20 6.522582824467854221e-20
5.845040006897942476e+03 1.446810430256699136e-19 6.562910218384996621e-20
5.850045934830998704e+03 4.758731924625068536e-20 6.600371720162314118e-20
5.855051862764054022e+03 2.683127724902024787e-19 6.679353729906737660e-20
5.860057790697110249e+03 2.572925685392547476e-19 6.905883570421994286e-20
5.865063718630165567e+03 1.580518773253018740e-19 7.267658587502533766e-20
5.870069646563220886e+03 1.244349048261412310e-19 7.317168615678670392e-20
5.875075574496277113e+03 2.004723217195117205e-19 7.065706267468714724e-20
5.880081502429332431e+03 6.086842586356541368e-20 7.029895844717017088e-20
5.885087430362388659e+03 6.439062515446532124e-20 8.293443740590350391e-20
5.890093358295443977e+03 3.634268872133174020e-20 9.163701539546466449e-20
5.895099286228500205e+03 1.327103698917640838e-19 8.688901946759335101e-20
5.900105214161555523e+03 1.864486896028550106e-19 7.371637228169866322e-20
5.905111142094610841e+03 1.045220387285680548e-19 6.579856979793778279e-20
5.910117070027667069e+03 1.167263949811680575e-19 6.628101165576436861e-20
5.915122997960722387e+03 1.024233341044541657e-19 6.654311365319899229e-20
5.920128925893778614e+03 1.892595448586051869e-19 6.596301898721744224e-20
5.925134853826833933e+03 1.126439742336847462e-19 6.485447264599957436e-20
5.930140781759890160e+03 1.599222358576909288e-19 6.574298927596118541e-20
5.935146709692945478e+03 4.774800619471469982e-20 6.460537595553674668e-20
5.940152637626000796e+03 4.472329664846316344e-20 6.249169500597125527e-20
5.945158565559057024e+03 1.498946286407283430e-19 6.236054878624592271e-20
5.950164493492112342e+03 6.719543147198429209e-21 6.371493793870641272e-20
5.955170421425167660e+03 2.205903740422499016e-19 6.301559592881912671e-20
5.960176349358223888e+03 3.576978146892789476e-19 6.145897970854156084e-20
5.965182277291280116e+03 1.356189444950989148e-19 6.058058333292131615e-20
5.970188205224335434e+03 9.087977193707117527e-20 6.135864659806084234e-20
5.975194133157390752e+03 5.186894858337564802e-20 6.171878896941997590e-20
5.980200061090446980e+03 9.416728415762286135e-20 6.062014655331960621e-20
5.985205989023502298e+03 1.210054356929766476e-19 5.890994156697544712e-20
5.990211916956557616e+03 1.551553499442812736e-19 5.863516836543186230e-20
5.995217844889613843e+03 1.881121086176155747e-19 5.878163345301053102e-20
6.000223772822669162e+03 1.749725299677160681e-19 5.943131475335450011e-20
6.005229700755725389e+03 2.126299349520320726e-19 5.940572831647743689e-20
6.010235628688780707e+03 2.120121378785741416e-19 5.891290132028529284e-20
6.015241556621836935e+03 1.270435483899192345e-19 5.932524842966376347e-20
6.020247484554892253e+03 1.165783340739917227e-19 5.967987698800255652e-20
6.025253412487947571e+03 2.099856962168831224e-19 5.926068857164191227e-20
6.030259340421003799e+03 1.236065175544229629e-19 5.906823889312459576e-20
6.035265268354059117e+03 1.555300974600966434e-19 5.851636220541299274e-20
6.040271196287115345e+03 1.599269821895608489e-19 5.767168823803989208e-20
6.045277124220170663e+03 1.076961782888621212e-19 5.703823526894837614e-20
6.050283052153226890e+03 4.398434202203780081e-20 5.662755790011358206e-20
6.055288980086282209e+03 1.859352924838204221e-19 5.660622366299822367e-20
6.060294908019337527e+03 1.567132249359964392e-19 5.643263751690390712e-20
6.065300835952393754e+03 2.795233491583450967e-19 5.656018148625905805e-20
6.070306763885449072e+03 1.767139507891231249e-19 5.582298755323339921e-20
6.075312691818505300e+03 1.076026959710940183e-19 5.481729000318908794e-20
6.080318619751560618e+03 7.002201016587422444e-20 5.364878394482310156e-20
6.085324547684616846e+03 1.170284769814155312e-19 5.291513458262861139e-20
6.090330475617672164e+03 1.161632607594222666e-19 5.212485886837040541e-20
6.095336403550727482e+03 1.460229392271443675e-19 5.163530865856502114e-20
6.100342331483783710e+03 1.531561737001358960e-19 5.134687099217841100e-20
6.105348259416839028e+03 1.559072893206560714e-19 5.101657951332990768e-20
6.110354187349894346e+03 6.325586084186665266e-20 5.098156987630602271e-20
6.115360115282950574e+03 6.183412002941894231e-20 5.058738579043426024e-20
6.120366043216006801e+03 1.857639573755327605e-19 5.074671195479411212e-20
6.125371971149062119e+03 1.564633152890918975e-19 5.071266044367980367e-20
6.130377899082117438e+03 1.612424233051561441e-19 5.129090193676637764e-20
6.135383827015173665e+03 -3.368741982956630210e-20 5.218518408793351112e-20
6.140389754948228983e+03 1.369272504748627083e-19 5.348766163421143818e-20
6.145395682881284301e+03 1.245380654218277367e-19 5.293748491704234368e-20
6.150401610814340529e+03 1.381826960172508980e-19 5.127656353061099302e-20
6.155407538747396757e+03 1.115546250142033249e-19 4.981186740242653603e-20
6.160413466680452075e+03 1.027974182685832845e-19 4.826899746040931204e-20
6.165419394613507393e+03 2.012433142107016670e-19 4.807409970639250948e-20
6.170425322546563621e+03 1.870661426813300056e-19 4.816240205955414153e-20
6.175431250479618939e+03 1.601666336661170268e-19 4.752391695125980795e-20
6.180437178412674257e+03 1.384811358616565086e-19 4.630644370678086517e-20
6.185443106345730484e+03 6.951718434874128766e-20 4.578629940522942329e-20
6.190449034278785803e+03 1.099592388629861561e-19 4.564761163690898119e-20
6.195454962211842030e+03 7.702022879964636908e-20 4.561170050226104987e-20
6.200460890144897348e+03 1.043134415514629151e-19 4.599313728468913303e-20
6.205466818077953576e+03 2.770368030767679219e-20 4.566747076968870289e-20
6.210472746011008894e+03 9.040801020172621760e-20 4.476145840722308651e-20
6.215478673944064212e+03 4.055535162347690757e-20 4.506273801237116260e-20
6.220484601877120440e+03 9.882892666521399796e-20 4.505854116584175300e-20
6.225490529810175758e+03 8.675052965483643481e-20 4.493687652200990270e-20
6.230496457743231986e+03 3.307637196427066120e-20 4.790603166834702976e-20
6.235502385676287304e+03 6.998680872291745777e-20 5.093527618772364272e-20
6.240508313609343531e+03 -6.638052036633052249e-21 5.007607091798830876e-20
6.245514241542398850e+03 9.957933445398166759e-20 4.647853682424766768e-20
6.250520169475454168e+03 1.444518973225462987e-19 4.705240875008210274e-20
6.255526097408510395e+03 1.676615080008568471e-19 5.097609129253805161e-20
6.260532025341565713e+03 3.054259855961378363e-19 5.339819330664499771e-20
6.265537953274621032e+03 8.461559746175674133e-20 5.159792949528465967e-20
6.270543881207677259e+03 3.041138680989466730e-21 5.127149395921471137e-20
6.275549809140733487e+03 4.736380660446388838e-20 5.051806895311711052e-20
6.280555737073788805e+03 2.360620849040761789e-19 5.176257970247865685e-20
6.285561665006844123e+03 1.012090409201392913e-19 5.285825564274616119e-20
6.290567592939900351e+03 1.158017366935639741e-19 5.576409023634183723e-20
6.295573520872955669e+03 2.178514290378859704e-19 7.325849329400369557e-20
6.300579448806010987e+03 2.190892579168401549e-19 7.719633569029812285e-20
6.305585376739067215e+03 2.252493441942908510e-19 6.540530718871989467e-20
6.310591304672123442e+03 2.016744409236600484e-19 4.954977102259243812e-20
6.315597232605178760e+03 2.361587233740063905e-19 4.569619093010953806e-20
6.320603160538234079e+03 1.510629140740658332e-19 4.617455730924173399e-20
6.325609088471290306e+03 8.806303645914503393e-20 4.831039894858616564e-20
6.330615016404345624e+03 6.631125920474763406e-20 4.742882349276197693e-20
6.335620944337400942e+03 -3.481993662714596908e-21 4.491073330955246738e-20
6.340626872270457170e+03 2.432869904026480119e-20 4.331497607071182679e-20
6.345632800203512488e+03 1.263749781180260033e-19 4.426591821477016828e-20
6.350638728136568716e+03 9.517264489491531688e-20 4.573851115617849787e-20
6.355644656069624034e+03 -5.232902917951321239e-20 4.862916938266921851e-20
6.360650584002680262e+03 5.141518508124168504e-20 5.473503156746113290e-20
6.365656511935735580e+03 1.548638963314057177e-19 5.413041666605116660e-20
6.370662439868790898e+03 1.537858977914140003e-19 4.731787077242264384e-20
6.375668367801847126e+03 6.197383548556508458e-20 4.475990029065581017e-20
6.380674295734902444e+03 7.625904838478057970e-20 4.611096202801055058e-20
6.385680223667958671e+03 6.917595630089280950e-20 4.680411641707739544e-20
6.390686151601013989e+03 1.108514579498167635e-19 4.661118048783302716e-20
6.395692079534070217e+03 1.325388751739477388e-19 4.599236712831278355e-20
6.400698007467125535e+03 7.802622162227535401e-20 4.609690223120593375e-20
6.405703935400180853e+03 5.422807192747944312e-20 4.528673434823765608e-20
6.410709863333237081e+03 1.238992622370272772e-20 4.451910320615082234e-20
6.415715791266292399e+03 9.716917962671287295e-20 4.406245782820457483e-20
6.420721719199348627e+03 1.143619263390380013e-19 4.316523346521289833e-20
6.425727647132403945e+03 1.207146306495097512e-19 4.191783515180601190e-20
6.430733575065460172e+03 8.475909010708180638e-20 4.119599459873697434e-20
6.435739502998515491e+03 1.476682981885528230e-19 4.050786658924485602e-20
6.440745430931570809e+03 1.485413650299191395e-19 3.994653717490470467e-20
6.445751358864627036e+03 9.223112373800848740e-20 3.987365785365081559e-20
6.450757286797682355e+03 1.667292717122708239e-19 4.004217723155515357e-20
6.455763214730737673e+03 7.952427415508151326e-20 4.061885204891917905e-20
6.460769142663793900e+03 7.989422716725348005e-20 4.289997109025210061e-20
6.465775070596850128e+03 1.726737873604568398e-19 4.482584760764675942e-20
6.470780998529905446e+03 2.193496029063623257e-19 4.407509378860160953e-20
6.475786926462960764e+03 1.731330191191299617e-19 4.184209752347107427e-20
6.480792854396016992e+03 -1.711053256167533802e-20 4.044356062135418334e-20
6.485798782329072310e+03 9.896662822655252504e-20 3.995033093716027484e-20
6.490804710262127628e+03 9.874895345223009616e-20 4.205924155979211504e-20
6.495810638195183856e+03 1.803555129275850071e-19 4.667817807404945388e-20
6.500816566128239174e+03 1.653053105928285221e-19 4.876684669441725982e-20
6.505822494061295401e+03 4.770154013900807738e-20 4.563571639848298698e-20
6.510828421994350720e+03 1.138703722718064310e-19 4.408029174392063517e-20
6.515834349927406947e+03 1.165814108433191284e-19 4.452437483117005782e-20
6.520840277860462265e+03 8.268131491105990100e-20 4.587161747103615534e-20
6.525846205793517584e+03 -5.553708610164941612e-20 4.830175845887564164e-20
6.530852133726573811e+03 2.209838181003920652e-20 5.021528909563817494e-20
6.535858061659629129e+03 -2.137870658851527864e-20 4.891014650552469718e-20
6.540863989592685357e+03 4.423500234728982557e-20 4.596137041948190297e-20
6.545869917525740675e+03 1.499990043759114000e-19 4.616969242625856941e-20
6.550875845458796903e+03 9.258120551074694320e-20 4.731604831995550216e-20
6.555881773391852221e+03 1.401536379735285856e-19 4.626044641121071884e-20
6.560887701324907539e+03 5.342569334052152376e-20 4.295271373537723091e-20
6.565893629257963767e+03 1.319516540157774004e-20 4.227149745664531740e-20
6.570899557191019085e+03 -7.310213924621329282e-20 4.284535523479761844e-20
6.575905485124075312e+03 8.785637445212013696e-20 4.283153414669056002e-20
6.580911413057130630e+03 -5.197374514333771797e-21 4.147627751451904940e-20
6.585917340990186858e+03 5.874599185236988823e-20 3.851589358197172771e-20
6.590923268923242176e+03 1.638105880148086087e-19 3.851701154260821768e-20
6.595929196856297494e+03 4.131960047552105139e-20 3.902541716147126635e-20
6.600935124789353722e+03 6.471486526317213402e-20 4.000239743258126857e-20
6.605941052722409040e+03 1.458708321483577153e-20 3.953183736568604648e-20
6.610946980655464358e+03 7.727424697781847198e-20 3.834330613907068245e-20
6.615952908588520586e+03 8.249388286040182138e-20 3.785237063125746269e-20
6.620958836521576814e+03 1.019881554730932897e-19 3.826624434065441228e-20
6.625964764454632132e+03 2.257838298140135456e-20 3.930505987868469669e-20
6.630970692387687450e+03 -1.819908678483197904e-20 4.041481184011093950e-20
6.635976620320743677e+03 2.601964098503050170e-20 4.050799067687925060e-20
6.640982548253798996e+03 8.718745302991854622e-21 4.024864739762542678e-20
6.645988476186854314e+03 1.176599728087229608e-20 4.066614405015846363e-20
6.650994404119910541e+03 1.873952689311658674e-20 4.132947683847292248e-20
6.656000332052965859e+03 1.191673108455979444e-19 4.179449146379184427e-20
6.661006259986022087e+03 9.496027757804435561e-20 4.170246870323011996e-20
6.666012187919077405e+03 1.111131656658560765e-19 4.082823412975633497e-20
6.671018115852133633e+03 1.238699562085506100e-19 3.965142029649944803e-20
6.676024043785188951e+03 8.961772872175586569e-20 3.862140652473280852e-20
6.681029971718244269e+03 6.909017849639776676e-20 3.803271990346301009e-20
6.686035899651300497e+03 7.523022481389210616e-22 3.748851517779488641e-20
6.691041827584355815e+03 2.127926750997925617e-20 3.690935829163222734e-20
6.696047755517412043e+03 2.389839740429711649e-20 3.680646387019881437e-20
6.701053683450467361e+03 2.030227766972147769e-20 3.664577674756886847e-20
6.706059611383523588e+03 5.130167612277500077e-20 3.622085300111979476e-20
6.711065539316578906e+03 1.157127503847135341e-19 3.587563625949565383e-20
6.716071467249634225e+03 1.324142548788538610e-19 3.570237829101961743e-20
6.721077395182690452e+03 1.355828300113321316e-19 3.562830046957371029e-20
6.726083323115745770e+03 5.885842371734517145e-20 3.544953784651247814e-20
6.731089251048801998e+03 5.318535266470264530e-20 3.570691754172182151e-20
6.736095178981857316e+03 7.169090230972087887e-20 3.591991113598916008e-20
6.741101106914913544e+03 6.859840083479543803e-20 3.624382178046559800e-20
6.746107034847968862e+03 8.561148455445733737e-20 3.642572818463333355e-20
6.751112962781024180e+03 1.040603328705152414e-19 3.652116623600020772e-20
6.756118890714080408e+03 1.320781681099525784e-19 3.693057642462693119e-20
6.761124818647135726e+03 9.238022611889024966e-20 3.746184597980184014e-20
6.766130746580191044e+03 -2.999482063090500376e-20 3.797428334206049147e-20
6.771136674513247272e+03 2.444768931047608624e-20 3.847860301414548354e-20
6.776142602446303499e+03 1.148992706391828128e-19 3.906056881772202784e-20
6.781148530379358817e+03 -5.628120782333596324e-21 3.986754308435467808e-20
6.786154458312414135e+03 1.099151007198019190e-22 4.005849366581418448e-20
6.791160386245470363e+03 1.654002136430437631e-20 3.912473532577162296e-20
6.796166314178525681e+03 3.090847905906718748e-20 3.839239760509427258e-20
6.801172242111580999e+03 4.263999687188860300e-21 3.760085131426022890e-20
6.806178170044637227e+03 4.919766301136942078e-20 3.717757750383337157e-20
6.811184097977693455e+03 -2.290753714298353345e-20 3.650721463555328426e-20
6.816190025910748773e+03 6.300792995269070124e-21 3.611044312793356418e-20
6.821195953843804091e+03 2.299655801691426503e-20 3.949581116875372979e-20
6.826201881776860318e+03 1.788840773336500367e-19 4.632632187304396236e-20
6.831207809709915637e+03 5.172003769395910855e-19 4.977152043752697489e-20
6.836213737642970955e+03 5.554523647802073972e-19 4.497770992276178892e-20
6.841219665576027182e+03 3.233106075001669915e-19 3.879728384735494537e-20
6.846225593509082501e+03 2.438099425098057359e-19 3.650575691574748390e-20
6.851231521442138728e+03 1.897766034633617927e-19 3.525554508391040850e-20
6.856237449375194046e+03 1.382110731275680414e-19 3.993300637365154910e-20
6.861243377308250274e+03 2.644077832587478403e-19 5.157288382732421827e-20
6.866249305241305592e+03 2.541900215417589195e-19 5.775177683413069680e-20
6.871255233174360910e+03 2.156053943130205708e-19 5.268961413015014744e-20
6.876261161107417138e+03 1.584796435948940755e-19 4.851921654689523507e-20
6.881267089040473365e+03 1.727376387063671357e-19 4.640340235706463355e-20
6.886273016973527774e+03 1.970612060535103697e-19 4.802176640287345837e-20
6.891278944906584002e+03 2.304905275171517452e-19 4.845047665554890741e-20
6.896284872839640229e+03 2.473732942809674534e-19 4.906895198358852555e-20
6.901290800772695547e+03 2.409600169310007362e-19 4.895975932215202237e-20
6.906296728705750866e+03 2.258726503170514728e-19 4.927849197274344907e-20
6.911302656638807093e+03 1.757653282393899475e-19 4.876970540348339572e-20
6.916308584571862411e+03 1.649658754738281553e-19 5.093235163742120008e-20
6.921314512504917730e+03 2.492740226733358734e-19 5.106895923375633936e-20
6.926320440437973957e+03 1.877924919990092296e-19 4.721686848012365137e-20
6.931326368371030185e+03 2.605434643930747510e-19 4.026869626468931323e-20
6.936332296304085503e+03 2.431352705010781261e-19 4.082196328432316012e-20
6.941338224237140821e+03 1.702334134170905810e-19 4.292833862182331904e-20
6.946344152170197049e+03 2.604319743230478512e-19 4.508351214498211325e-20
6.951350080103252367e+03 2.622363727367299427e-19 4.322779139277529615e-20
6.956356008036307685e+03 2.386767692913255557e-19 3.696122883385344950e-20
6.961361935969363913e+03 2.751348754934716922e-19 3.579464320940184861e-20
6.966367863902420140e+03 2.302718357813225902e-19 3.729074826548265994e-20
6.971373791835475458e+03 2.057488859584860019e-19 3.935300678366513062e-20
6.976379719768530776e+03 1.811133629686040660e-19 4.031527789420404019e-20
6.981385647701587004e+03 1.992294322181824047e-19 3.936839439234384343e-20
6.986391575634642322e+03 2.194636890739047871e-19 3.578510175819076818e-20
6.991397503567697640e+03 1.727033322591820955e-19 3.504709406139995387e-20
6.996403431500753868e+03 2.147784100033784745e-19 3.619908585986053275e-20
7.001409359433810096e+03 1.749947744080768205e-19 3.710429911538241314e-20
7.006415287366865414e+03 1.613471888970495407e-19 3.887959173820015679e-20
7.011421215299920732e+03 1.824797805684774701e-19 3.883522159501546320e-20
7.016427143232976960e+03 2.211111892319076216e-19 3.779723618450047267e-20
7.021433071166032278e+03 2.459473988989404746e-19 3.694156248425513280e-20
7.026438999099087596e+03 2.343345819361933699e-19 3.777596416722564597e-20
7.031444927032143823e+03 1.619698033728848529e-19 3.842914705529566317e-20
7.036450854965200051e+03 2.961352878914433336e-19 3.966721800464347499e-20
7.041456782898254460e+03 1.762083482027396019e-19 4.126244233303451456e-20
7.046462710831310687e+03 2.473422156685205843e-19 4.160800999181621097e-20
7.051468638764366915e+03 1.822884574915283516e-19 4.041029566235938140e-20
7.056474566697422233e+03 2.137279311066144694e-19 3.812512501207635205e-20
7.061480494630477551e+03 2.276871915201254464e-19 3.727066252361000070e-20
7.066486422563533779e+03 1.485947878969320386e-19 3.719024508953694307e-20
7.071492350496589097e+03 8.453014427685533362e-20 3.649608305449237932e-20
7.076498278429644415e+03 8.837503846191699682e-20 3.596661443643172850e-20
7.081504206362700643e+03 6.741988465457002535e-20 3.593331501841556284e-20
7.086510134295756870e+03 1.924746052573604148e-19 3.566909932908707792e-20
7.091516062228812189e+03 2.380219953781464840e-19 3.498516300203924477e-20
7.096521990161867507e+03 2.296923678298467725e-19 3.406822039056379117e-20
7.101527918094923734e+03 2.560824156032768473e-19 3.380880753609213769e-20
7.106533846027979052e+03 2.008273601421482861e-19 3.376363020431890221e-20
7.111539773961034371e+03 2.052934130253024452e-19 3.386407181015369490e-20
7.116545701894090598e+03 1.760959191471151989e-19 3.391226536027861242e-20
7.121551629827146826e+03 1.967977202521547386e-19 3.429910269854981339e-20
7.126557557760202144e+03 2.373060126819583392e-19 3.515412006782998064e-20
7.131563485693257462e+03 2.731130586929224532e-19 3.547483075507946870e-20
7.136569413626313690e+03 2.568637700003608228e-19 3.617458173846989778e-20
7.141575341559369008e+03 2.431055716172257371e-19 3.724810556298779331e-20
7.146581269492424326e+03 2.372456534670372307e-19 3.795217937878418818e-20
7.151587197425480554e+03 2.925887323635360146e-19 3.774698196457088214e-20
7.156593125358536781e+03 2.294673696347439773e-19 3.812461376376601029e-20
7.161599053291592099e+03 2.006095338346356455e-19 3.908493074913070685e-20
7.166604981224647418e+03 2.068492528958072344e-19 3.954958694433601772e-20
7.171610909157703645e+03 2.335298844750528256e-19 3.916481214179322885e-20
7.176616837090758963e+03 2.030051332411625897e-19 3.836650092009341741e-20
7.181622765023814281e+03 1.977337325842764414e-19 3.720565446708791237e-20
7.186628692956870509e+03 1.940730024705896778e-19 3.590502234739082970e-20
7.191634620889926737e+03 2.349663849126633922e-19 3.499477635728921626e-20
7.196640548822981145e+03 2.224323627027976791e-19 3.455031463458339036e-20
7.201646476756037373e+03 2.599995501706094011e-19 3.422855605524480926e-20
7.206652404689093601e+03 2.425047568365249478e-19 3.380093791425415420e-20
7.211658332622148919e+03 2.312459420544802816e-19 3.359205071879336862e-20
7.216664260555204237e+03 2.461969850968425312e-19 3.374537078694697431e-20
7.221670188488260465e+03 2.111773002231637659e-19 3.379937026512917657e-20
7.226676116421315783e+03 1.704343758894448812e-19 3.411071520938299091e-20
7.231682044354371101e+03 1.053093999431076054e-19 3.905083451854488224e-20
7.236687972287427328e+03 2.520028509377862526e-19 5.295972048398359739e-20
7.241693900220483556e+03 2.360121720622914777e-19 6.134869717440259736e-20
7.246699828153538874e+03 3.420698001268016329e-19 5.558518834026048584e-20
7.251705756086594192e+03 2.877021367901256655e-19 4.457666650730499164e-20
7.256711684019650420e+03 2.031425754064156857e-19 3.924034744855768136e-20
7.261717611952705738e+03 2.085403145926568097e-19 3.668679933957055492e-20
7.266723539885761056e+03 1.817848210531384125e-19 3.959649146598277998e-20
7.271729467818817284e+03 2.109657262211585401e-19 5.707074745106492618e-20
7.276735395751873511e+03 2.027632560019139094e-19 6.353830369151606147e-20
7.281741323684928830e+03 2.696098735795545284e-19 5.993650378343033229e-20
7.286747251617984148e+03 2.313024094986219451e-19 4.989410863936727285e-20
7.291753179551040375e+03 1.733100552565229975e-19 4.504775794308394457e-20
7.296759107484095694e+03 1.236193881239763296e-19 4.554243207636141772e-20
7.301765035417151012e+03 2.394967743235841405e-19 4.625058793005044060e-20
7.306770963350207239e+03 1.158298574969589098e-19 4.625585678626885961e-20
7.311776891283263467e+03 6.622497401269434347e-20 5.505729039235375031e-20
7.316782819216318785e+03 2.545786206580370313e-19 5.540372339044932175e-20
7.321788747149374103e+03 1.862323048463293281e-19 4.853009519392321102e-20
7.326794675082430331e+03 1.810942746698635559e-19 4.451382197368908903e-20
7.331800603015485649e+03 2.571950536907367497e-19 4.679196935459484701e-20
7.336806530948540967e+03 2.889306545488436715e-19 5.526686428240565681e-20
7.341812458881597195e+03 2.905888400108575918e-19 5.581140509972889508e-20
7.346818386814653422e+03 1.941859977577994180e-19 4.482414736280114477e-20
7.351824314747707831e+03 2.825112075544854567e-19 3.968699927201548018e-20
7.356830242680764059e+03 2.207286834966393021e-19 4.269104059300691196e-20
7.361836170613820286e+03 2.166979730137383522e-19 4.753600694739496636e-20
7.366842098546875604e+03 2.298869101832248569e-19 5.212939765080983894e-20
7.371848026479930923e+03 3.447646565366706324e-19 5.107094491619890137e-20
7.376853954412987150e+03 2.718443781856688029e-19 3.914395916855082271e-20
7.381859882346043378e+03 2.513315251589686663e-19 3.581121083664798091e-20
7.386865810279097786e+03 2.205149083681154069e-19 4.014153055974791405e-20
7.391871738212154014e+03 3.235231984171111611e-19 4.276437920036974242e-20
7.396877666145210242e+03 2.567966739428941071e-19 4.912882417456309298e-20
7.401883594078265560e+03 1.562467222584303482e-19 4.896033849541621577e-20
7.406889522011320878e+03 1.923442485482237968e-19 4.496643500168101366e-20
7.411895449944377106e+03 2.041042744383128007e-19 3.880652471881303010e-20
7.416901377877432424e+03 2.449759124244442639e-19 3.916681150525215349e-20
7.421907305810487742e+03 2.024569065477052704e-19 4.025987151649988820e-20
7.426913233743543969e+03 2.820097344175602705e-19 4.215850077250348279e-20
7.431919161676600197e+03 2.102628068463539044e-19 4.477527446110782850e-20
7.436925089609655515e+03 2.488500892518713819e-19 4.425828925219241584e-20
7.441931017542710833e+03 2.292939254156054021e-19 4.157925825080939573e-20
7.446936945475767061e+03 1.987138044795862223e-19 3.613785270890544688e-20
7.451942873408822379e+03 1.321874556090679266e-19 3.526669526011181182e-20
7.456948801341877697e+03 1.407664208980679209e-19 3.600003170500376626e-20
7.461954729274933925e+03 2.083925746677075909e-19 3.824286334075334423e-20
7.466960657207990153e+03 3.136175010171316452e-19 4.154974036539068023e-20
7.471966585141045471e+03 1.009454908257936126e-19 4.276465604634874897e-20
7.476972513074100789e+03 1.396171686283813216e-19 4.460527581463209477e-20
7.481978441007157016e+03 1.324940849379551938e-19 4.262954859663104722e-20
7.486984368940212335e+03 1.103507132416910175e-19 3.944433098645341615e-20
7.491990296873267653e+03 6.983995606699948711e-20 3.562612936141435208e-20
7.496996224806323880e+03 1.680282209727256296e-19 3.509006052896546052e-20
7.502002152739380108e+03 1.875457545249082663e-19 3.382935243579134842e-20
7.507008080672435426e+03 2.100825759692385320e-19 3.371808532863153520e-20
7.512014008605490744e+03 2.127308684965398225e-19 3.500140535016086640e-20
7.517019936538546972e+03 2.908960511612484358e-19 4.328783616090333268e-20
7.522025864471602290e+03 1.112059373567805774e-19 5.137886117275099697e-20
7.527031792404657608e+03 3.593728153478134569e-19 5.252807364100122585e-20
7.532037720337713836e+03 1.880898145724303068e-19 4.367177716617526469e-20
7.537043648270770063e+03 2.727858334122671901e-19 4.028092780814427881e-20
7.542049576203824472e+03 1.653019006780031550e-19 3.921755263017627344e-20
7.547055504136880700e+03 2.097449697876733900e-19 3.941440482507574032e-20
7.552061432069936927e+03 1.960795699107815445e-19 4.176472119665271977e-20
7.557067360002992245e+03 2.289117684574508224e-19 4.193629274105975640e-20
7.562073287936047564e+03 2.122413788234162288e-19 4.141157706339811767e-20
7.567079215869103791e+03 2.785466252069533673e-19 4.769814374968842713e-20
7.572085143802159109e+03 1.982141341922509989e-19 4.853293456935792666e-20
7.577091071735214427e+03 1.212877222433687651e-19 4.294714639136021439e-20
7.582096999668270655e+03 1.886160604262576371e-19 3.933339547996097807e-20
7.587102927601326883e+03 1.888893573490840608e-19 3.900905335980209989e-20
7.592108855534382201e+03 2.505634302648951134e-19 4.607704891417735219e-20
7.597114783467437519e+03 2.289090039936603121e-19 6.564547544448208551e-20
7.602120711400493747e+03 1.206698977809257665e-19 9.172783034876224223e-20
7.607126639333549065e+03 1.544173691375934374e-19 9.212057797460225785e-20
7.612132567266604383e+03 1.181398002074274305e-19 7.859712722844836809e-20
7.617138495199660611e+03 2.873587759361161872e-19 6.052805364962625989e-20
7.622144423132716838e+03 1.900512297311808431e-19 5.997655039878461602e-20
7.627150351065772156e+03 8.946174153433187890e-20 6.571335432831986444e-20
7.632156278998827474e+03 2.401981752877593039e-19 6.716548992646562251e-20
7.637162206931883702e+03 2.763304219098871881e-19 5.913726101487241784e-20
7.642168134864939020e+03 1.376044623626222387e-19 5.461170432717139277e-20
7.647174062797994338e+03 1.678972224392499626e-19 5.276298470608022953e-20
7.652179990731050566e+03 1.711416633203523463e-19 5.072891689270444828e-20
7.657185918664106794e+03 2.638351406071318520e-19 5.197505984507629523e-20
7.662191846597162112e+03 2.497005786135820322e-19 5.149137039629701604e-20
7.667197774530217430e+03 2.475214775568695778e-19 4.984355032897120271e-20
7.672203702463273657e+03 2.385897431867306793e-19 4.493720353594960484e-20
7.677209630396328976e+03 2.524159005926001318e-19 4.388842859095445079e-20
7.682215558329384294e+03 2.620989255159535224e-19 4.351450594390901132e-20
7.687221486262440521e+03 1.533287864521154520e-19 4.280751148135812228e-20
7.692227414195496749e+03 2.756465095150231164e-19 4.260723144428265502e-20
7.697233342128551158e+03 2.132474351794948701e-19 4.292428276408808643e-20
7.702239270061607385e+03 1.498780382605440843e-19 4.279704484677120285e-20
7.707245197994663613e+03 2.930550273377686131e-19 5.761651467221444662e-20
7.712251125927718931e+03 2.203128603398731358e-19 6.875978120799216865e-20
7.717257053860774249e+03 1.282313227556273605e-19 6.662497899801707716e-20
7.722262981793830477e+03 2.513136817972783172e-19 5.280290764615440081e-20
7.727268909726885795e+03 9.317921825080492724e-20 4.254078152808935485e-20
7.732274837659941113e+03 1.477089940197006594e-19 3.851919834210198214e-20
7.737280765592997341e+03 2.002060600109607635e-19 3.681239738152599244e-20
7.742286693526053568e+03 1.452987197743554901e-19 4.393698234508339342e-20
7.747292621459108886e+03 1.184889617796179662e-19 6.098737878092623105e-20
7.752298549392164205e+03 1.243515092284873992e-19 6.400135852762371425e-20
7.757304477325220432e+03 8.890596083144337638e-20 5.416761487329315787e-20
7.762310405258275750e+03 2.593629830892206011e-19 4.697815051014416228e-20
7.767316333191331069e+03 1.072018263272443949e-19 4.484743223105421473e-20
7.772322261124387296e+03 2.244652959196934476e-19 4.837530945506015148e-20
7.777328189057443524e+03 2.812253926640036478e-19 5.167735938551481106e-20
7.782334116990498842e+03 1.736302332503081489e-19 4.718780903185805358e-20
7.787340044923554160e+03 2.661799234221638802e-20 5.481100698949999665e-20
7.792345972856610388e+03 2.983661985662201064e-19 6.372506107419950635e-20
7.797351900789665706e+03 2.147740617710336907e-19 6.136081600156365767e-20
7.802357828722721024e+03 9.850714105058208121e-20 5.061300322928705876e-20
7.807363756655777252e+03 2.076650514147511292e-19 5.315406933590803229e-20
7.812369684588833479e+03 1.643231843272300237e-19 5.443033712965178740e-20
7.817375612521888797e+03 1.915692782410166382e-19 6.629098535662172641e-20
7.822381540454944115e+03 1.227008438883145130e-19 6.633707865504022431e-20
7.827387468388000343e+03 1.935091482981190130e-20 5.085564335253190504e-20
7.832393396321055661e+03 1.809797328425752807e-19 4.040766456544064489e-20
7.837399324254110979e+03 1.805991327800576650e-19 4.609991536444772869e-20
7.842405252187167207e+03 2.577018951421924183e-19 4.787868688343680776e-20
7.847411180120223435e+03 2.216343763430016624e-19 6.028596193266757639e-20
7.852417108053277843e+03 3.248995750498070291e-19 6.720133872534007422e-20
7.857423035986334071e+03 1.715359075818577710e-19 6.512512890566013440e-20
7.862428963919390299e+03 2.470893958304804641e-19 5.484481373597877853e-20
7.867434891852445617e+03 1.098586912638205348e-19 5.375222327985040877e-20
7.872440819785500935e+03 1.802384755508774848e-19 5.391394166142092683e-20
7.877446747718557162e+03 7.517740229835703968e-20 5.036035198152337467e-20
7.882452675651613390e+03 2.341321452681172780e-19 5.222266961857147892e-20
7.887458603584667799e+03 2.580004471712265267e-19 5.372197948690731689e-20
7.892464531517724026e+03 3.543741222041817006e-19 5.109888900260548525e-20
7.897470459450780254e+03 2.330813979936888036e-19 4.093350333838617919e-20
7.902476387383835572e+03 1.724161109922563388e-19 3.913646748318927293e-20
7.907482315316890890e+03 1.829694193791713862e-19 6.136785879474165720e-20
7.912488243249947118e+03 1.862031646214976299e-19 7.568308119650514302e-20
7.917494171183002436e+03 1.130420561306748883e-19 7.914677410130278871e-20
7.922500099116057754e+03 2.671474105639323952e-19 6.174994967539509003e-20
7.927506027049113982e+03 1.568549086640032468e-19 5.886406771871826165e-20
7.932511954982170209e+03 1.382165035751350034e-19 5.474149822249713988e-20
7.937517882915225528e+03 2.097993720618644710e-19 4.712380454564957144e-20
7.942523810848280846e+03 1.760610267237065057e-19 4.716536600314276978e-20
7.947529738781337073e+03 1.801296902350890759e-19 5.041621101536880866e-20
7.952535666714392391e+03 2.031110496045693299e-19 4.719895056225819147e-20
7.957541594647447710e+03 2.418918856199591519e-19 5.312199671031801702e-20
7.962547522580503937e+03 2.404457508104418592e-19 6.508715227855391434e-20
7.967553450513560165e+03 2.682267898562278047e-19 6.254364873582083212e-20
7.972559378446615483e+03 7.009504276515741630e-20 4.979042092160814315e-20
7.977565306379670801e+03 2.407999196606302840e-19 5.153768350770541074e-20
7.982571234312727029e+03 1.904585078599293134e-19 4.972845050533369022e-20
7.987577162245782347e+03 2.194443939039889301e-19 5.911998543159411041e-20
7.992583090178837665e+03 1.325000234274723265e-19 6.401788165646710182e-20
7.997589018111893893e+03 1.644902124275814017e-19 5.710472922377893163e-20
8.002594946044950120e+03 1.346536345486340866e-19 3.877652297590787021e-20
8.007600873978005438e+03 1.656454632571672542e-19 4.220507289856466224e-20
8.012606801911060757e+03 1.707819486355935151e-19 4.637887067713979665e-20
8.017612729844116984e+03 2.262747275904885818e-19 5.094959296675350549e-20
8.022618657777172302e+03 1.004088604059462979e-19 5.882711814727575701e-20
8.027624585710227620e+03 2.290707170964564872e-20 5.952372140878600007e-20
8.032630513643283848e+03 1.232284187402496907e-19 4.664671170177978050e-20
8.037636441576340076e+03 1.411710503139068733e-19 3.913876992090666752e-20
8.042642369509394484e+03 1.077528938671642251e-19 3.988812284391285879e-20
8.047648297442450712e+03 1.157640011690929380e-19 4.580940468311511836e-20
8.052654225375506940e+03 1.832686001906163816e-19 4.862880199446782900e-20
8.057660153308562258e+03 1.618921678570337091e-19 5.576362646885510747e-20
8.062666081241617576e+03 2.462929293447977270e-19 5.508108877074849385e-20
8.067672009174673803e+03 2.106365914218252468e-19 4.799996742296348616e-20
8.072677937107729122e+03 2.286420295600260103e-19 4.107013528471659289e-20
8.077683865040784440e+03 1.776529188174489600e-19 4.091271573026791692e-20
8.082689792973840667e+03 1.326231993249909198e-19 4.051498897173102502e-20
8.087695720906896895e+03 1.398617009226651527e-19 4.169193588426559866e-20
8.092701648839952213e+03 2.124120102212766122e-19 4.205302134161538484e-20
8.097707576773007531e+03 1.368480266589847769e-19 4.490923601241811328e-20
8.102713504706063759e+03 8.784439249759221478e-20 4.371708428177789517e-20
8.107719432639119077e+03 1.703919752905612449e-19 4.078436682628395523e-20
8.112725360572174395e+03 1.289602212148823388e-19 3.734555662634644993e-20
8.117731288505230623e+03 1.636976358370781796e-19 3.682329971687233352e-20
8.122737216438286850e+03 1.818408226172507448e-19 3.702768667259104861e-20
8.127743144371342169e+03 1.551388148466860734e-19 3.730057539013035481e-20
8.132749072304397487e+03 1.136520705603608340e-19 3.832044800369716567e-20
8.137755000237453714e+03 1.678338061289034870e-19 3.937199382439895204e-20
8.142760928170509032e+03 8.111884607563735379e-20 4.042513827006386764e-20
8.147766856103564351e+03 1.952573020460799220e-19 3.974261577472970846e-20
8.152772784036620578e+03 1.256175940623029359e-19 3.829491996454193659e-20
8.157778711969676806e+03 1.809529987207508604e-19 3.769362312374231699e-20
8.162784639902732124e+03 1.290927019124974848e-19 3.808614678808487994e-20
8.167790567835787442e+03 1.488465976943180638e-19 3.869879877414612726e-20
8.172796495768843670e+03 1.021196120564298464e-19 3.936238028932930721e-20
8.177802423701898988e+03 9.009421943616233956e-20 4.021733619275198493e-20
8.182808351634954306e+03 1.616717630515686415e-19 4.195180111438003035e-20
8.187814279568010534e+03 1.648403152266648041e-19 4.314495826017416179e-20
8.192820207501066761e+03 1.417346159188646416e-19 4.322276408891638368e-20
8.197826135434121170e+03 1.596731826346879434e-19 4.201274177254473798e-20
8.202832063367177398e+03 1.628085537401722433e-19 4.108686842174921301e-20
8.207837991300233625e+03 1.879284253609832194e-19 4.067374729856980039e-20
8.212843919233288034e+03 2.389737543702849826e-19 4.007830151782439474e-20
8.217849847166344261e+03 1.004395915059286743e-19 3.935437354401451313e-20
8.222855775099400489e+03 2.082181555273997977e-19 3.862480727465954980e-20
8.227861703032456717e+03 1.756022163860863381e-19 3.812650484251828684e-20
8.232867630965511125e+03 1.817700019269539145e-19 3.797016841780702047e-20
8.237873558898567353e+03 1.606142467229572187e-19 3.840704666562613244e-20
8.242879486831623581e+03 1.716005938604711873e-19 3.887500039865402559e-20
8.247885414764677989e+03 1.350060947920792755e-19 3.858876168359721346e-20
8.252891342697734217e+03 1.617585895213857902e-19 3.807007774727223052e-20
8.257897270630790445e+03 1.836150909918888494e-19 3.763436719197520349e-20
8.262903198563846672e+03 1.799496825052397771e-19 3.750230903301142884e-20
8.267909126496901081e+03 1.475957194758521656e-19 3.790504563235824417e-20
8.272915054429957308e+03 1.255116248935140893e-19 4.739173256504720912e-20
8.277920982363013536e+03 1.011520243437060702e-19 6.137730901843475537e-20
8.282926910296067945e+03 1.470963571288375388e-19 7.400609081451861885e-20
8.287932838229124172e+03 1.822379069197443906e-19 7.101259777230237829e-20
8.292938766162180400e+03 1.957604868618322281e-19 7.705499683677908536e-20
8.297944694095236628e+03 2.080663327273917977e-19 7.454062316976971712e-20
8.302950622028291036e+03 2.879950303978052714e-19 6.808611958895673124e-20
8.307956549961347264e+03 1.298932521730138768e-19 5.488075893867110224e-20
8.312962477894403492e+03 2.417702292954981507e-19 5.436516033115662052e-20
8.317968405827457900e+03 1.239406182053857942e-19 4.650208240603680740e-20
8.322974333760514128e+03 1.063341012568995886e-19 4.306446556626431677e-20
8.327980261693570355e+03 1.092092170728931420e-19 4.173773237981465125e-20
8.332986189626626583e+03 1.658527487013573777e-19 4.331971869276108738e-20
8.337992117559680992e+03 1.726093448649728337e-19 7.932587832442108246e-20
8.342998045492737219e+03 1.716666223819703160e-19 9.691125358483182022e-20
8.348003973425793447e+03 2.394452786704762595e-19 9.708293090673257039e-20
8.353009901358847856e+03 1.551980017488051664e-19 6.631347781347542464e-20
8.358015829291904083e+03 1.186788642625085034e-19 5.714048597728538028e-20
8.363021757224960311e+03 1.609410083420777426e-19 4.961027741601580833e-20
8.368027685158016538e+03 1.667505503527746436e-19 4.625208375319510579e-20
8.373033613091070947e+03 1.254042746791288776e-19 4.245713020895075911e-20
8.378039541024127175e+03 1.406598902593577074e-19 5.341624689086329087e-20
8.383045468957181583e+03 1.613215520124056921e-19 5.423710898304758640e-20
8.388051396890237811e+03 2.405125487973028937e-19 4.681902495520755877e-20
8.393057324823294039e+03 -3.111927417986357694e-20 6.761212678438754706e-20
8.398063252756350266e+03 2.690151449895842546e-19 7.905255407701019682e-20
8.403069180689406494e+03 2.045802720595252112e-19 7.224279631077468126e-20
8.408075108622460903e+03 1.599868148765992139e-19 5.120435379873984819e-20
8.413081036555517130e+03 1.850774113010417676e-19 5.912762896984648107e-20
8.418086964488571539e+03 2.630425324239749171e-19 5.940490470645385058e-20
8.423092892421627766e+03 -3.508765179416988819e-20 6.972673373323603821e-20
8.428098820354683994e+03 -1.367912832967407901e-20 9.104622325653592798e-20
8.433104748287740222e+03 1.496636507071033100e-19 8.886680175138480192e-20
8.438110676220796449e+03 1.893013428213494851e-19 5.327091007394272727e-20
8.443116604153850858e+03 1.712769785816164885e-19 4.998859176473170268e-20
8.448122532086907086e+03 1.123465913962558463e-19 6.385200387894974228e-20
8.453128460019961494e+03 2.283689320146435348e-19 6.311844271352145607e-20
8.458134387953017722e+03 1.944941061789984531e-19 6.926866988071152798e-20
8.463140315886073950e+03 2.709207334688276709e-19 7.994064113084026483e-20
8.468146243819130177e+03 1.236316163469038928e-19 7.507258038095869929e-20
8.473152171752186405e+03 1.627176178142888113e-19 4.621586698370445954e-20
8.478158099685240813e+03 1.386449914049951751e-19 4.045257628912642543e-20
8.483164027618297041e+03 1.140677660463038441e-19 3.983109229784925153e-20
8.488169955551351450e+03 1.434226514742440557e-19 4.848684434818034527e-20
8.493175883484407677e+03 1.972668826817852362e-19 5.044485395191214689e-20
8.498181811417463905e+03 4.031125486808092708e-19 5.759065065227770513e-20
8.503187739350520133e+03 1.747769349350210470e-19 5.997332525098699946e-20
8.508193667283574541e+03 4.844138559896420744e-20 5.571537691909637240e-20
8.513199595216630769e+03 1.868921132021109846e-19 3.984321488251614819e-20
8.518205523149686996e+03 1.993053298744934747e-19 3.834212742763283103e-20
8.523211451082741405e+03 2.199924104675331105e-19 3.842985560974074153e-20
8.528217379015797633e+03 1.553443835174820973e-19 3.861003294198263127e-20
8.533223306948853860e+03 1.593492163904564519e-19 4.306240667768715289e-20
8.538229234881910088e+03 1.350827055511954006e-19 4.582291199269614317e-20
8.543235162814964497e+03 1.200070560589406762e-19 5.243825779262194603e-20
8.548241090748020724e+03 1.487795850086981039e-19 5.311885527645507597e-20
8.553247018681076952e+03 2.288729771710568399e-19 5.010196305994261122e-20
8.558252946614131361e+03 1.231637102040319282e-19 4.299036182037661539e-20
8.563258874547187588e+03 1.039330802749167163e-19 4.316741664504486266e-20
8.568264802480243816e+03 5.607169709134526235e-20 4.485919340375133993e-20
8.573270730413300043e+03 8.077312713908198601e-20 4.533477747578214493e-20
8.578276658346354452e+03 1.610476323365656989e-19 4.447894762229574619e-20
8.583282586279410680e+03 6.457338170994092532e-20 4.552420262599162212e-20
8.588288514212466907e+03 1.161570747193717631e-19 4.624390061812871492e-20
8.593294442145521316e+03 1.175179734523969827e-19 4.720563418533238193e-20
8.598300370078577544e+03 4.549116346995879794e-20 4.493509671161670150e-20
8.603306298011633771e+03 1.087814356817514097e-19 4.179734685285077148e-20
8.608312225944689999e+03 4.882583365264848801e-20 4.303549252089574808e-20
8.613318153877744408e+03 2.602318504857201130e-19 4.879665866591648491e-20
8.618324081810800635e+03 5.791196626124847337e-20 5.667272202487930968e-20
8.623330009743856863e+03 2.581706033337579499e-19 6.359749028714413166e-20
8.628335937676911271e+03 1.430411593190519551e-19 6.663460989384248186e-20
8.633341865609967499e+03 1.792859769986569617e-20 6.397740661135552900e-20
8.638347793543023727e+03 1.827425708419203069e-19 5.668163611405871730e-20
8.643353721476079954e+03 9.281709159237568385e-20 5.415684691734340370e-20
8.648359649409134363e+03 1.240586257626383858e-19 6.030640295956393476e-20
8.653365577342190591e+03 2.144247154057630372e-19 6.824558779524031533e-20
8.658371505275246818e+03 2.679301738125869383e-19 6.994621486111319654e-20
8.663377433208301227e+03 1.192280964080655604e-19 6.838291466267231969e-20
8.668383361141357454e+03 1.678195730970524385e-19 6.490641205068671077e-20
8.673389289074413682e+03 1.963854196748829796e-19 6.089038391392867042e-20
8.678395217007469910e+03 9.445676234744361063e-20 5.641759456586546427e-20
8.683401144940524318e+03 9.382641637867374324e-20 5.275776166483332865e-20
8.688407072873580546e+03 1.742420892208884138e-20 4.965425506121129434e-20
8.693413000806636774e+03 1.527161038329003491e-20 4.906567196372206354e-20
8.698418928739691182e+03 6.288266532584419564e-20 4.926470831607162206e-20
8.703424856672747410e+03 1.380164974332132242e-19 4.894572723017685298e-20
8.708430784605803638e+03 1.278718389826988168e-19 4.649419765067911488e-20
8.713436712538859865e+03 1.422055512886132959e-19 4.419706004627862659e-20
8.718442640471914274e+03 1.243408691925670119e-19 4.297336453078893517e-20
8.723448568404970501e+03 1.360533694886587991e-19 4.293609452116097652e-20
8.728454496338024910e+03 1.442784128219453094e-19 4.259306021511415351e-20
8.733460424271081138e+03 1.662400813277058083e-19 4.249646424351369960e-20
8.738466352204137365e+03 1.263927106823039212e-19 4.267197066735603089e-20
8.743472280137193593e+03 2.005512702835309729e-19 4.270585579667371956e-20
8.748478208070249821e+03 7.793666946038725814e-20 4.348825728371613522e-20
8.753484136003304229e+03 1.083413382963363993e-19 6.208741203981065775e-20
8.758490063936360457e+03 7.510891417240276607e-20 8.429341082087297136e-20
8.763495991869414866e+03 2.222411545037754446e-19 1.017260163396509047e-19
8.768501919802471093e+03 2.460887111206879031e-19 9.317651006833023425e-20
8.773507847735527321e+03 2.368179883347569564e-19 9.473814071363346631e-20
8.778513775668583548e+03 2.440144678513010245e-19 8.721583689234744507e-20
8.783519703601639776e+03 2.248845336486428003e-19 7.025261953102065069e-20
8.788525631534694185e+03 1.861463965051489626e-19 6.054361981421683178e-20
8.793531559467750412e+03 1.031862462076963444e-19 5.944210517553592462e-20
8.798537487400804821e+03 1.040623915418841905e-19 4.678069668685345483e-20
8.803543415333861049e+03 9.137652707759970515e-20 4.530526616522078401e-20
8.808549343266917276e+03 4.534970215824172357e-20 4.719447254329693935e-20
8.813555271199973504e+03 1.147000592933341995e-19 4.810631354784920469e-20
8.818561199133029731e+03 1.890829799551368069e-19 7.736960617543452809e-20
8.823567127066084140e+03 3.224055507614873171e-19 1.299227776684724050e-19
8.828573054999140368e+03 2.131107938301741134e-19 1.397831193751486485e-19
8.833578982932194776e+03 3.296235343728416070e-19 1.105149576158417274e-19
8.838584910865251004e+03 2.020658640453260209e-19 8.678590790486246668e-20
8.843590838798307232e+03 1.936130835860807351e-19 6.510488067076968369e-20
8.848596766731363459e+03 1.712407671929774092e-19 6.211525002095907430e-20
8.853602694664417868e+03 1.905228506232522724e-19 5.731902564516887334e-20
8.858608622597474096e+03 1.463713045361039057e-19 5.520648321581056306e-20
8.863614550530530323e+03 4.943348380033895533e-20 7.187440203301345680e-20
8.868620478463584732e+03 1.232065522980175793e-19 7.041956855099363363e-20
8.873626406396640959e+03 1.789238197686208060e-19 5.441452967586117379e-20
8.878632334329697187e+03 8.322458219210049095e-20 7.915745932282773936e-20
8.883638262262753415e+03 1.658276220201684838e-19 1.017229382731378443e-19
8.888644190195807823e+03 3.755488026573102861e-20 9.589361941208354404e-20
8.893650118128864051e+03 2.495932620414649022e-19 5.946684408750162245e-20
8.898656046061920279e+03 -4.225655356405300535e-20 7.080152910185434665e-20
8.903661973994974687e+03 8.510758449048944235e-20 7.410922147060352858e-20
8.908667901928030915e+03 1.321614144697521451e-19 6.414784189717661543e-20
8.913673829861087142e+03 2.735935653153901591e-19 9.594348057633341615e-20
8.918679757794143370e+03 -1.015529030263021224e-19 1.142143887615678222e-19
8.923685685727199598e+03 5.308620829140095901e-21 1.040689196526847188e-19
8.928691613660254006e+03 1.927976428119766210e-19 5.695158487188232072e-20
8.933697541593308415e+03 1.880786378914363294e-19 5.526737384606489048e-20
8.938703469526364643e+03 9.045686196647902321e-20 7.794779144555015879e-20
8.943709397459420870e+03 1.306337957323516559e-19 8.204577824891904293e-20
8.948715325392477098e+03 7.461448987859399888e-20 7.819731330865406846e-20
8.953721253325533326e+03 2.307086802664291395e-19 1.099580629374334138e-19
8.958727181258589553e+03 -2.907405231379282668e-21 1.116258326364529571e-19
8.963733109191643962e+03 1.728717355286750237e-19 8.020546034223959982e-20
8.968739037124698370e+03 1.183122207809602535e-19 5.302311728842439375e-20
8.973744965057754598e+03 1.747740158602100679e-19 5.226302105024328592e-20
8.978750892990810826e+03 1.625908311542467775e-19 5.427546259992938525e-20
8.983756820923867053e+03 9.911357362226676158e-20 6.670061361918480933e-20
8.988762748856923281e+03 1.000791277006627897e-19 6.751575970661574919e-20
8.993768676789977690e+03 1.813830945220217289e-19 7.283743266583518425e-20
8.998774604723033917e+03 7.184033399001040264e-20 8.279477170025427090e-20
9.003780532656088326e+03 2.541716324914948148e-19 7.955928036007074468e-20
9.008786460589144554e+03 7.247258414971928300e-20 5.348395791293552502e-20
9.013792388522200781e+03 1.276899566295411934e-19 4.708047001035352689e-20
9.018798316455257009e+03 7.975652800370672542e-20 4.780734891462024993e-20
9.023804244388313236e+03 1.678154448444787214e-19 4.904393220145093254e-20
9.028810172321367645e+03 1.285504255372122121e-19 5.087245783724462134e-20
9.033816100254423873e+03 2.765327689332311424e-20 5.895862976071322035e-20
9.038822028187478281e+03 1.040570660088058145e-19 6.088435253306103990e-20
9.043827956120534509e+03 1.004745821671534428e-20 6.887222680960407547e-20
9.048833884053590737e+03 2.873482349350015678e-20 7.045559757203224653e-20
9.053839811986646964e+03 2.703522508149664325e-19 6.463683120935098061e-20
9.058845739919703192e+03 1.795096366605227065e-19 5.323018314148960151e-20
9.063851667852757600e+03 1.071956688330159357e-19 5.405574525060405121e-20
9.068857595785813828e+03 2.040335891843978664e-19 5.485340542265338265e-20
9.073863523718868237e+03 6.339976086672065115e-20 5.469240574496438785e-20
9.078869451651924464e+03 5.339275952070499053e-20 5.498353904242563854e-20
9.083875379584980692e+03 4.813519751089267077e-20 5.732531763245243437e-20
9.088881307518036920e+03 7.999931896284741785e-20 6.195827249124238951e-20
9.093887235451093147e+03 5.465869079682338620e-20 6.346193747016752378e-20
9.098893163384147556e+03 1.702580308730297131e-19 6.570383589262913794e-20
9.103899091317203784e+03 1.982682630517361841e-19 6.359789299206715873e-20
9.108905019250258192e+03 1.098919217103723627e-20 5.582220354315260594e-20
9.113910947183314420e+03 1.465878202651959261e-19 5.170543400499000183e-20
9.118916875116370647e+03 1.111465161695321104e-19 5.096893958154244133e-20
9.123922803049426875e+03 1.472557975034224307e-19 5.023548451116824606e-20
9.128928730982483103e+03 8.968143691399569768e-20 5.014790924582386789e-20
9.133934658915537511e+03 5.569797451550485567e-20 4.995033662883898253e-20
9.138940586848593739e+03 1.617943582267717256e-19 4.990415634931784262e-20
9.143946514781648148e+03 1.120756334413954563e-19 5.108406819115589273e-20
9.148952442714704375e+03 2.831037180708020026e-19 5.435467859142999016e-20
9.153958370647760603e+03 2.325517808546823331e-19 5.716907472280105702e-20
9.158964298580816831e+03 7.235627962742291748e-20 5.765931147761598807e-20
9.163970226513873058e+03 7.750258831573715707e-21 5.615375009897750929e-20
9.168976154446927467e+03 2.461038581325912379e-20 5.266966785621540395e-20
9.173982082379983694e+03 1.484118835332203765e-19 5.310092693030900511e-20
9.178988010313038103e+03 1.628795470500624915e-19 5.400728636427217566e-20
9.183993938246094331e+03 8.058648882940940600e-20 5.495972983834886180e-20
9.188999866179150558e+03 7.133308082558369875e-20 5.594907197553490989e-20
9.194005794112206786e+03 7.380428212887539091e-20 5.690938312651107372e-20
9.199011722045263014e+03 1.191114396518131747e-19 5.823341323244260261e-20
9.204017649978317422e+03 2.222541466347775202e-19 5.978978015271522514e-20
9.209023577911373650e+03 2.015780584661009929e-19 6.203481604683199605e-20
9.214029505844428058e+03 6.391811495444180816e-20 6.360218566852928411e-20
9.219035433777484286e+03 1.871285428917577473e-19 6.520821719914159593e-20
9.224041361710540514e+03 9.839158567947680536e-20 6.257711710736884044e-20
9.229047289643596741e+03 1.676553525585968452e-19 5.927450674695780147e-20
9.234053217576652969e+03 6.481728881121049303e-20 5.577996600958625709e-20
9.239059145509707378e+03 6.839093323420850081e-21 5.536916235457619413e-20
9.244065073442761786e+03 1.025129378828766060e-19 5.649865252918904317e-20
9.249071001375818014e+03 9.406577123187474476e-20 5.741772082222197821e-20
9.254076929308874242e+03 7.314108637643135431e-20 5.730575581657414810e-20
9.259082857241930469e+03 7.040986951812575976e-20 5.786987258514357911e-20
9.264088785174986697e+03 1.389334620461844549e-19 5.839702930475217742e-20
9.269094713108042924e+03 1.171524215904150204e-19 5.702211052187683148e-20
9.274100641041097333e+03 1.670077930763258746e-19 5.635338864892265435e-20
9.279106568974151742e+03 1.650579384168465728e-19 5.915461533956353625e-20
9.284112496907207969e+03 1.959721217207399209e-19 6.209089817504646557e-20
9.289118424840264197e+03 1.314665129402182530e-19 6.414583205080678898e-20
9.294124352773320425e+03 1.851712012703375608e-19 6.466656191258411550e-20
9.299130280706376652e+03 1.819256611676136093e-19 9.266312557532353349e-20
9.304136208639432880e+03 2.952446005754524562e-19 1.405821735578340934e-19
9.309142136572487289e+03 2.472064204023563894e-19 1.848164016190204908e-19
9.314148064505541697e+03 1.382905495327542515e-19 1.772649776111520803e-19
9.319153992438597925e+03 1.879258125005744728e-19 1.784557195154436220e-19
9.324159920371654152e+03 1.638965435351710731e-19 1.697502220066294920e-19
9.329165848304710380e+03 2.481493682579666388e-19 1.398735272145132034e-19
9.334171776237766608e+03 2.941281213995129984e-19 1.284546904405661984e-19
9.339177704170821016e+03 2.360675072992680525e-19 1.297039625196754519e-19
9.344183632103877244e+03 2.476500545120050239e-19 1.170598699607588283e-19
9.349189560036931653e+03 -6.582110609722894457e-20 9.855283790087721799e-20
9.354195487969987880e+03 4.707676465926347885e-20 9.478422432061095872e-20
9.359201415903044108e+03 1.955287454564565894e-19 9.598044767126364287e-20
9.364207343836100335e+03 1.981091377219847143e-19 1.004546277921589277e-19
9.369213271769156563e+03 2.354575103985061033e-19 2.013375894788127587e-19
9.374219199702210972e+03 2.201632244683718495e-19 2.338810858471151831e-19
9.379225127635267199e+03 1.306336493796354681e-19 2.065256863212284591e-19
9.384231055568321608e+03 4.007937487025366125e-19 1.144561898082003004e-19
9.389236983501377836e+03 3.346264882457380307e-19 9.099864955535786135e-20
9.394242911434434063e+03 2.982057265178584264e-19 8.556341666366662712e-20
9.399248839367490291e+03 4.252307899732323192e-19 9.685558832178308985e-20
9.404254767300546519e+03 4.134489020531428953e-20 9.444941513850382219e-20
9.409260695233600927e+03 9.559923799558730830e-20 8.188366123234686655e-20
9.414266623166657155e+03 -3.521825690148893918e-20 1.091500138282618744e-19
9.419272551099711563e+03 -8.697100795648808117e-20 1.229011996195891749e-19
9.424278479032767791e+03 2.638554487870742070e-19 1.123891951958481470e-19
9.429284406965824019e+03 1.467627459318408646e-19 1.004639230338768062e-19
9.434290334898880246e+03 -1.021399481185312452e-19 1.730273803100384677e-19
9.439296262831936474e+03 -8.101088369554466953e-20 2.015929294619833024e-19
9.444302190764990883e+03 9.551002697736262574e-19 1.798478666996759986e-19
9.449308118698047110e+03 3.919355931632395056e-19 1.145325453503613420e-19
9.454314046631101519e+03 6.609994421582213079e-19 1.492766560940059641e-19
9.459319974564157746e+03 2.007780591752491719e-19 1.596545988392881984e-19
9.464325902497213974e+03 2.348896795345191343e-20 1.257737625628861371e-19
9.469331830430270202e+03 -1.929056653118139852e-19 1.510136093883901783e-19
9.474337758363326429e+03 3.567735437844462902e-19 2.023756283445128471e-19
9.479343686296380838e+03 3.680858657944380304e-19 1.978088156271848133e-19
9.484349614229437066e+03 2.998819017123212360e-19 1.182008039389111368e-19
9.489355542162491474e+03 1.689980778094231865e-19 9.006685999155547124e-20
9.494361470095547702e+03 2.383151805290661517e-19 1.078055174998895341e-19
9.499367398028603930e+03 1.553078519580300969e-19 1.463785453889751308e-19
9.504373325961660157e+03 2.268958027477672880e-19 1.420549061648072928e-19
9.509379253894716385e+03 3.133432589871486828e-19 1.068882079643975516e-19
9.514385181827770793e+03 2.482142736887580800e-19 1.394048782159019893e-19
9.519391109760827021e+03 4.153827268875182427e-20 1.539766626736245782e-19
9.524397037693881430e+03 -1.378585225814155633e-19 1.316762863911975618e-19
9.529402965626937657e+03 2.345088614879184999e-19 9.614083818946406261e-20
9.534408893559993885e+03 3.639658304559159834e-19 9.202855495237527138e-20
9.539414821493050113e+03 1.798595001221978563e-19 8.959244969797917034e-20
9.544420749426106340e+03 2.413399317302858046e-19 1.006300959211514413e-19
9.549426677359160749e+03 3.955632057119598667e-19 1.251864432964259902e-19
9.554432605292216977e+03 1.703103124509962946e-19 1.316534219477056164e-19
9.559438533225271385e+03 4.983042035846474939e-20 1.366166833171106216e-19
9.564444461158327613e+03 2.268089269786400798e-19 1.684161051409919288e-19
9.569450389091383840e+03 6.990908714979690135e-20 1.676223967593197194e-19
9.574456317024440068e+03 -6.724569246491155086e-20 1.175602377114433250e-19
9.579462244957496296e+03 2.158989295528684673e-19 1.008148924480567946e-19
9.584468172890550704e+03 2.424628840873046115e-20 9.895406975234500682e-20
9.589474100823605113e+03 -1.636355203528810501e-19 1.037251885174341646e-19
9.594480028756661341e+03 1.222581057047295007e-19 1.075161534887678081e-19
9.599485956689717568e+03 7.814773572641276924e-20 1.102416163287552708e-19
9.604491884622773796e+03 2.226802244460392946e-20 1.229316091565864355e-19
9.609497812555830023e+03 2.376878307205107765e-19 1.208376527724500599e-19
9.614503740488886251e+03 7.174600585621196850e-20 1.223908530789834928e-19
9.619509668421940660e+03 4.973785601106016980e-20 1.283421934965988849e-19
9.624515596354995068e+03 2.408622028753569562e-19 1.247238066606588679e-19
9.629521524288051296e+03 1.194502361103044310e-19 1.042254309133656525e-19
9.634527452221107524e+03 2.916607212237551515e-19 9.928085440341413326e-20
9.639533380154163751e+03 2.900393337507392862e-19 1.000421406292446375e-19
9.644539308087219979e+03 2.338931130062922148e-19 1.002069969850126738e-19
9.649545236020274388e+03 1.231766248378437260e-19 9.992647152348910194e-20
9.654551163953330615e+03 1.969981501580574106e-19 1.018122927473977520e-19
9.659557091886385024e+03 2.412783563559133889e-19 1.046215494482576837e-19
9.664563019819441251e+03 1.310356062816559327e-19 1.191213946685273887e-19
9.669568947752497479e+03 1.535241578600019086e-19 1.237734100503612202e-19
9.674574875685553707e+03 -1.277589592488901718e-19 1.300101535556272172e-19
9.679580803618609934e+03 -1.802672349234639961e-19 1.391572102967361538e-19
9.684586731551664343e+03 -6.903641055055957767e-20 1.407520795873626018e-19
9.689592659484720571e+03 3.808223880947835851e-19 1.262959763555478317e-19
9.694598587417774979e+03 1.525959174235882523e-19 1.527499780450038006e-19
9.699604515350831207e+03 3.016017300832962721e-19 1.565567397220798032e-19
9.704610443283887435e+03 -2.742446452939768432e-20 1.455159364929892375e-19
9.709616371216943662e+03 1.362416103724592390e-20 1.402108058101579729e-19
9.714622299149999890e+03 1.841710745111821033e-19 1.821670910338412476e-19
9.719628227083054298e+03 5.469596639266982682e-19 1.881444109657547330e-19
9.724634155016110526e+03 6.163157460740522458e-19 1.649158128058859856e-19
9.729640082949164935e+03 -3.251154837505059817e-21 1.352848509443303240e-19
9.734646010882221162e+03 1.182398965708874800e-19 1.476031567152640984e-19
9.739651938815277390e+03 2.368971609888358589e-19 1.491054442214077880e-19
9.744657866748333618e+03 1.705476399983697080e-19 1.371621196924597447e-19
9.749663794681389845e+03 5.211150901694744506e-20 1.282035540306693251e-19
9.754669722614444254e+03 2.530031449778949740e-20 1.193910271863036466e-19
9.759675650547500481e+03 3.958266731413511053e-20 1.164984024138956619e-19
9.764681578480554890e+03 1.625859456827553549e-19 1.158214559967399759e-19
9.769687506413611118e+03 1.242231571897418608e-19 1.165037534492335355e-19
9.774693434346667345e+03 1.454704105333063240e-19 1.206331483837356819e-19
9.779699362279723573e+03 2.468822094116450407e-19 1.266228218224405432e-19
9.784705290212779801e+03 2.333576422794876409e-19 1.969498694511288993e-19
9.789711218145834209e+03 2.852850148138565736e-19 2.340179430164103473e-19
9.794717146078890437e+03 2.308806851672960300e-19 2.342746482158847986e-19
9.799723074011944846e+03 1.472637929208991415e-19 1.773820212974678343e-19
9.804729001945001073e+03 2.502429277877261093e-19 1.613698310357013645e-19
9.809734929878057301e+03 -1.658215639332345106e-19 1.484510473845938767e-19
9.814740857811113528e+03 2.650811750241528205e-19 1.485292809163714204e-19
9.819746785744169756e+03 9.621012370648432120e-20 1.421511190651430015e-19
9.824752713677224165e+03 1.188642011544971725e-19 1.435364449970577922e-19
9.829758641610280392e+03 7.992447608821239887e-20 1.479102880525817658e-19
9.834764569543334801e+03 4.647891509617456845e-20 1.452966655285990158e-19
9.839770497476391029e+03 2.173434560245963338e-19 1.525203717373088304e-19
9.844776425409447256e+03 2.191041733751783467e-19 1.839355049919201307e-19
9.849782353342503484e+03 -1.021662216361364304e-19 1.898083018747548324e-19
9.854788281275559712e+03 3.907048060070797381e-20 1.663171336236466686e-19
9.859794209208614120e+03 8.967285871230809115e-20 1.489590564598866067e-19
9.864800137141670348e+03 6.571017962074212032e-20 1.939802023547810127e-19
9.869806065074724756e+03 -3.234643001729902450e-19 2.438568921842694162e-19
9.874811993007780984e+03 4.454663902674202400e-20 2.410429029438131744e-19
9.879817920940837212e+03 1.935674419705141422e-19 1.752870452400851578e-19
9.884823848873893439e+03 4.693220001607156044e-19 1.601365955245761103e-19
9.889829776806949667e+03 2.634976161953433027e-19 1.877692173390225601e-19
9.894835704740004076e+03 1.330318230618463332e-19 1.985502286521285898e-19
9.899841632673058484e+03 2.265964444394615372e-19 1.853267249833264006e-19
9.904847560606114712e+03 -7.253038693407426468e-20 1.721471690024888428e-19
9.909853488539170939e+03 -4.449477164733580162e-19 2.437552641382240765e-19
9.914859416472227167e+03 -1.197062727623328866e-19 2.564897333335899001e-19
9.919865344405283395e+03 -7.604036611328462854e-20 2.254260367907825095e-19
9.924871272338339622e+03 2.393971032729652175e-19 1.689349967350878008e-19
9.929877200271394031e+03 1.922231863826997368e-19 1.734113553481618830e-19
9.934883128204448440e+03 3.096321345304981655e-19 2.048488324208967897e-19
9.939889056137504667e+03 5.753302993961736533e-21 2.844812173251903628e-19
9.944894984070560895e+03 -1.113126963202632038e-18 3.350919239815218171e-19
9.949900912003617123e+03 5.682850315217426777e-19 3.295211828034845995e-19
9.954906839936673350e+03 8.691260617793574101e-19 3.249192051046587102e-19
9.959912767869729578e+03 7.612504099716324903e-19 3.480339133579758716e-19
9.964918695802783986e+03 2.991847522041398617e-19 3.064025051565952327e-19
9.969924623735838395e+03 2.161002770193053649e-19 2.540512905697703948e-19
9.974930551668894623e+03 3.393738021179472524e-19 2.509384041769975026e-19
9.979936479601950850e+03 4.997102632299071030e-20 2.317459960459053627e-19
9.984942407535007078e+03 1.231514799828395975e-19 2.202890024752305592e-19
9.989948335468063306e+03 1.106628847717286192e-19 2.158918951529704554e-19
9.994954263401117714e+03 1.806433758957629559e-19 2.257087683486177351e-19
9.999960191334173942e+03 4.284489427216716965e-19 2.319322343027796762e-19
1.000496611926722835e+04 4.296576742710619600e-19 2.810045203599595535e-19
1.000997204720028458e+04 -3.883906620453390770e-19 3.707010737004489611e-19
1.001497797513334081e+04 6.132493849323490059e-19 3.770647969046620387e-19
1.001998390306639703e+04 4.598249032808178545e-19 3.130870598784768365e-19
1.002498983099945326e+04 2.055094064199185309e-19 2.749932960070681185e-19
1.002999575893250767e+04 -3.490784960639207328e-20 2.593562863834691580e-19
1.003500168686556390e+04 2.655930299969906419e-19 2.349352590551645868e-19
1.004000761479861831e+04 -3.497847500616823509e-20 2.421854298310163261e-19
1.004501354273167453e+04 3.691061721446200046e-19 2.392846179339496030e-19
1.005001947066473076e+04 5.043672736591360831e-19 2.321141060569260143e-19
1.005502539859778699e+04 3.988224216863163123e-19 2.547346836857242443e-19
1.006003132653084322e+04 -5.890992006054595071e-20 2.859579918740666436e-19
1.006503725446389763e+04 -3.742618720951682845e-19 3.005876793175750284e-19
1.007004318239695385e+04 -1.529926630617981939e-19 2.913630002239324040e-19
1.007504911033000826e+04 2.161145442335539795e-19 3.182973466116721085e-19
1.008005503826306449e+04 6.553491439675967332e-19 3.677783353737710127e-19
1.008506096619612072e+04 1.704624842605508157e-19 3.744825614647163110e-19
1.009006689412917694e+04 4.377021295933215512e-19 3.228512235843495653e-19
1.009507282206223317e+04 3.195348756476499008e-20 3.194102458028963347e-19
1.010007874999528758e+04 -6.407925911691331147e-19 3.632225652439934198e-19
1.010508467792834381e+04 5.094585258023984700e-19 3.711238219375900862e-19
1.011009060586139822e+04 -1.463242090261469927e-19 3.397608372254181344e-19
1.011509653379445444e+04 6.088823289710037045e-19 3.478595949815716561e-19
1.012010246172751067e+04 8.494176989964217578e-19 4.391006100003738195e-19
1.012510838966056690e+04 9.559335373043007036e-19 4.534020917592515537e-19
1.013011431759362313e+04 8.515217096513100914e-19 4.064820047734282864e-19
1.013512024552667754e+04 8.143037644764408516e-19 3.451302020059035081e-19
1.014012617345973376e+04 3.529957698023979409e-19 3.516267915369933914e-19
1.014513210139278817e+04 -2.094372099198857225e-19 3.767329226516418631e-19
1.015013802932584440e+04 -3.429498438187751530e-19 4.208805656431754610e-19
1.015514395725890063e+04 1.334878009380607213e-18 4.454435763951769932e-19
1.016014988519195686e+04 6.538579882894180591e-19 4.439145899363133472e-19
1.016515581312501308e+04 1.098684457556274260e-18 4.793860964655040474e-19
1.017016174105806749e+04 9.533603019131079062e-19 5.516453138017322401e-19
1.017516766899112372e+04 3.838670295633198573e-19 5.485901186269143874e-19
1.018017359692417813e+04 3.729313610998328208e-20 4.938733287539628573e-19
1.018517952485723436e+04 -3.949535373613114757e-19 5.400371659586710408e-19
1.019018545279029058e+04 -5.410636912341654078e-19 5.412656728906691420e-19
1.019519138072334681e+04 6.506736092806173827e-19 5.335024912494132915e-19
1.020019730865640304e+04 1.098274925219404361e-18 5.198988112294982252e-19
1.020520323658945745e+04 -5.400852413844725692e-19 5.783572151983685911e-19
1.021020916452251367e+04 -2.447122946012096259e-19 5.949102066104824943e-19
1.021521509245556808e+04 -8.731698035466497329e-19 5.724534400382302033e-19
1.022022102038862431e+04 1.878769112666834904e-19 5.440073340064959259e-19
1.022522694832168054e+04 6.344097299335054022e-19 6.000665368148416905e-19
1.023023287625473677e+04 2.685603973005037359e-19 6.535564779334296180e-19
1.023523880418779299e+04 4.392572894694044216e-19 6.022130383028159344e-19
1.024024473212084740e+04 4.848044562587199791e-19 5.432952939311839066e-19
1.024525066005390181e+04 2.987188723424141602e-19 5.098813387973648237e-19
1.025025658798695804e+04 4.373262749817897306e-19 4.909067571119101071e-19
1.025526251592001427e+04 9.493402212281831693e-20 4.835765341796369242e-19
1.026026844385307049e+04 -3.785507217529068742e-19 4.862715633196747074e-19
1.026527437178612672e+04 8.540146203224949327e-19 5.071210929097468465e-19
1.027028029971918295e+04 3.958465767308027083e-19 5.471072012760782047e-19
1.027528622765223736e+04 7.954810046981489980e-19 5.823864229112397083e-19
1.028029215558529177e+04 -1.076988065545752166e-18 6.770812530911021997e-19
1.028529808351834799e+04 -8.408716846834856165e-19 7.876348383991002787e-19
1.029030401145140422e+04 4.501645687378907278e-19 8.513852473935034489e-19
1.029530993938446045e+04 -1.039954392289553855e-19 7.961238802590619238e-19
