#  wl flam flam_err
4.803806996822357178e+03 -4.797198416255751383e-21 1.880104336414455111e-18
4.808812924755412496e+03 -6.319212463634208842e-21 1.842202738257447120e-18
4.813818852688468723e+03 -5.794934536538224881e-21 1.467255236509208534e-18
4.818824780621524042e+03 -5.275914182873920146e-21 1.113908526756975139e-18
4.823830708554580269e+03 -4.761928607898112806e-21 1.002968810775191924e-18
4.828836636487635587e+03 -4.252760925028032114e-21 1.021025916194351793e-18
4.833842564420691815e+03 -3.748200069304628414e-21 1.111369261612887160e-18
4.838848492353747133e+03 -3.248040711412339604e-21 1.073781864752705322e-18
4.843854420286802451e+03 -2.752083172395369039e-21 1.078643396010310647e-18
4.848860348219858679e+03 -2.260133338783013645e-21 1.079544015768900792e-18
4.853866276152913997e+03 -1.647169280720619668e-21 8.629979285076377011e-19
4.858872204085970225e+03 3.495011826469747759e-21 6.427197855249953433e-19
4.863878132019025543e+03 2.804692920711320535e-19 5.517671756712620860e-19
4.868884059952080861e+03 -1.714146535282102282e-20 5.011796904629590334e-19
4.873889987885137089e+03 4.035264651368136678e-20 4.766884509509721577e-19
4.878895915818192407e+03 -7.759521440987567385e-19 4.763552098194910397e-19
4.883901843751248634e+03 -6.282907641351417779e-19 4.696410359520699805e-19
4.888907771684303952e+03 2.468966531464010717e-20 4.516699346270423585e-19
4.893913699617360180e+03 -5.600913215510604164e-19 4.993231019531019098e-19
4.898919627550415498e+03 -7.869063842248716290e-19 5.519759055996635267e-19
4.903925555483470816e+03 -3.212654416463722760e-19 5.081772890595641567e-19
4.908931483416527044e+03 -1.029016212442876846e-19 4.219726062604330955e-19
4.913937411349582362e+03 -2.497514018671118226e-19 3.586185413295550630e-19
4.918943339282638590e+03 2.690428738228104095e-19 3.054125168945191014e-19
4.923949267215693908e+03 2.896513224704993784e-19 2.899344963686830232e-19
4.928955195148750136e+03 1.207756854939130344e-19 2.798855767192002123e-19
4.933961123081805454e+03 3.497768077249340025e-19 2.629597123001848753e-19
4.938967051014860772e+03 3.520267865538156406e-19 2.580750621896104763e-19
4.943972978947916999e+03 -7.064617925204459190e-21 2.685850003726765580e-19
4.948978906880972318e+03 -8.794599513744173321e-20 2.688726012803182553e-19
4.953984834814028545e+03 -3.043811015039974583e-19 2.595459141656635754e-19
4.958990762747083863e+03 -2.075185628280444832e-19 2.745430899114576916e-19
4.963996690680139181e+03 -5.759474427447860292e-19 2.926282834499835158e-19
4.969002618613195409e+03 1.399182730490946232e-19 2.791236705961012869e-19
4.974008546546250727e+03 6.272645601049200610e-19 2.431708076481290881e-19
4.979014474479306955e+03 5.528068561452292343e-20 2.214000855947838734e-19
4.984020402412362273e+03 1.000177196590860489e-19 2.251373990581715501e-19
4.989026330345418501e+03 -1.875236598605680426e-19 2.204605982868962981e-19
4.994032258278473819e+03 1.184070880669438482e-20 2.124558238692210297e-19
4.999038186211529137e+03 2.358346178139858641e-19 2.231444927998036587e-19
5.004044114144585365e+03 5.686872335939640540e-20 2.302946089056819737e-19
5.009050042077640683e+03 -8.077866130307061021e-20 2.094662928852156818e-19
5.014055970010696910e+03 1.483371453578512481e-19 1.811598016448371148e-19
5.019061897943752228e+03 1.491082302746575596e-19 1.747808500024825377e-19
5.024067825876807547e+03 -2.645284075840934708e-19 1.844162504334244614e-19
5.029073753809863774e+03 1.863231718662828802e-19 1.946920841305986524e-19
5.034079681742919092e+03 5.731833248869020023e-20 1.931648173334773473e-19
5.039085609675975320e+03 -3.397007317194217833e-19 1.813897940310267747e-19
5.044091537609030638e+03 -1.454408083207742438e-19 1.829033187007808408e-19
5.049097465542086866e+03 2.444670205957077477e-20 1.850562715306766399e-19
5.054103393475142184e+03 1.214094744837347007e-19 1.713678015985746948e-19
5.059109321408197502e+03 -1.671126688587680954e-20 1.601101452636061743e-19
5.064115249341253730e+03 -8.524723044973095959e-20 1.604927767607693096e-19
5.069121177274309048e+03 -8.443637389299124255e-20 1.585239807042916180e-19
5.074127105207365275e+03 -9.653604698374767258e-20 1.509818124177108886e-19
5.079133033140420594e+03 4.185922123364258577e-19 1.509209054427889820e-19
5.084138961073476821e+03 6.347171766014422028e-20 1.594005761900468351e-19
5.089144889006532139e+03 -8.679239894719100046e-20 1.545802128130646611e-19
5.094150816939587457e+03 4.671332221305454217e-21 1.460976409487609164e-19
5.099156744872643685e+03 5.841616740963933051e-20 1.416812786622893505e-19
5.104162672805699003e+03 1.628468498839876771e-19 1.425168708936498782e-19
5.109168600738755231e+03 -3.371264555413489722e-20 1.421807224118016369e-19
5.114174528671810549e+03 9.518885244361895251e-20 1.439685803874432723e-19
5.119180456604865867e+03 1.212757483322193226e-19 1.479077105627142515e-19
5.124186384537922095e+03 1.999337568978955041e-19 1.490101986692379240e-19
5.129192312470977413e+03 -9.756467504537465743e-20 1.490505180371738609e-19
5.134198240404033641e+03 2.958326155445959926e-20 1.458630102977489576e-19
5.139204168337088959e+03 -9.862252366162698503e-20 1.419150456684794846e-19
5.144210096270145186e+03 1.897373237095355661e-20 1.380627093558455154e-19
5.149216024203200504e+03 -5.313045512988126799e-20 1.371352438061223006e-19
5.154221952136255823e+03 -2.582834788497560148e-19 1.437062127827533579e-19
5.159227880069312050e+03 -7.173217925572899923e-20 1.388009667405328384e-19
5.164233808002367368e+03 1.628136472924198681e-19 1.189321548597666963e-19
5.169239735935423596e+03 1.665540816148747827e-19 1.054626279708012961e-19
5.174245663868478914e+03 1.569924628405330900e-20 1.023461523258958329e-19
5.179251591801534232e+03 -1.407574814364342985e-19 1.015888947494971169e-19
5.184257519734590460e+03 -4.377900006581289612e-20 1.024602027062779584e-19
5.189263447667645778e+03 -1.647189987423498791e-19 1.040499162984101679e-19
5.194269375600702006e+03 -5.543832349603543516e-20 1.076527689131735936e-19
5.199275303533757324e+03 -1.894800888016412193e-20 1.098238076104882625e-19
5.204281231466813551e+03 -3.357001196371382530e-20 1.089853026058146075e-19
5.209287159399868870e+03 -1.579763075572284442e-19 1.099677197582995408e-19
5.214293087332924188e+03 -5.132663760837672354e-20 1.123345605679152886e-19
5.219299015265980415e+03 -1.865802572238185719e-19 1.115058400992185183e-19
5.224304943199035733e+03 1.525781072263883381e-19 1.107342062806718450e-19
5.229310871132091961e+03 1.100204478141383986e-19 1.091202394036138488e-19
5.234316799065147279e+03 -1.345323858541156312e-19 1.082783577324672930e-19
5.239322726998203507e+03 8.836222819281438060e-20 1.067605022852786509e-19
5.244328654931258825e+03 2.398348938198413621e-19 1.047719237039232943e-19
5.249334582864314143e+03 -9.948927977916761610e-20 1.044456642008567238e-19
5.254340510797370371e+03 -1.092699865786409630e-19 1.042358856955394284e-19
5.259346438730425689e+03 1.109623787234015664e-19 9.998256453593448886e-20
5.264352366663481916e+03 -1.140362998306676096e-19 9.625232322928693636e-20
5.269358294596537235e+03 -4.887838318976721010e-20 9.572314950537776821e-20
5.274364222529593462e+03 -4.774243054507856980e-20 9.627467438253583270e-20
5.279370150462648780e+03 4.757841413678247691e-21 9.750316353879609290e-20
5.284376078395704099e+03 -5.637696983969599700e-20 9.824816678760398091e-20
5.289382006328760326e+03 -2.652983653369038033e-20 1.008449273452185092e-19
5.294387934261815644e+03 -2.223869870136041334e-19 9.656188706581435649e-20
5.299393862194871872e+03 -1.379339938605517880e-19 9.485711995375972569e-20
5.304399790127927190e+03 -5.952364500741648630e-21 9.404700252646692031e-20
5.309405718060982508e+03 1.154439564098049125e-19 9.417809320789351548e-20
5.314411645994038736e+03 -9.024516483690993107e-20 9.259050604471010568e-20
5.319417573927094054e+03 -1.288212986094013149e-20 9.177565619847114844e-20
5.324423501860150282e+03 7.307694496908879951e-20 9.100760062873561259e-20
5.329429429793205600e+03 -7.004064977049056377e-20 9.188835148751126806e-20
5.334435357726260918e+03 -1.412085153688251976e-19 9.200843580705633144e-20
5.339441285659317145e+03 -1.178604730424830060e-19 9.197863133833349658e-20
5.344447213592372464e+03 1.098804210029865053e-19 9.223802719749034805e-20
5.349453141525428691e+03 1.886832274139545036e-20 9.225147940046464453e-20
5.354459069458484009e+03 7.577331538993918497e-20 9.213900727809021407e-20
5.359464997391540237e+03 3.619273908552431941e-20 9.157681112176848138e-20
5.364470925324595555e+03 1.017510382036752356e-20 9.149406809406987676e-20
5.369476853257650873e+03 -1.885235664469814152e-20 9.324159219870533216e-20
5.374482781190707101e+03 -1.204560344605255734e-19 9.593581428613163732e-20
5.379488709123762419e+03 2.933933010611384099e-20 9.795420085181430213e-20
5.384494637056818647e+03 1.939532015837640957e-20 9.735286323214709029e-20
5.389500564989873965e+03 2.677754503541525234e-21 9.583953356794567726e-20
5.394506492922930192e+03 1.371735567142754393e-19 9.305837176887685313e-20
5.399512420855985511e+03 2.067370698279286484e-20 8.909196714430370152e-20
5.404518348789040829e+03 9.763687606590416582e-20 8.615303649319175990e-20
5.409524276722097056e+03 7.349024477574405313e-20 8.336231540576647834e-20
5.414530204655152374e+03 -1.850562651554067819e-20 8.152432352767401986e-20
5.419536132588208602e+03 2.887325472022993623e-20 7.999526117505413038e-20
5.424542060521263920e+03 1.666241640539710487e-19 7.890015308279372906e-20
5.429547988454320148e+03 8.379256707818627915e-20 7.855384692707397776e-20
5.434553916387375466e+03 -1.563218271362946344e-19 7.975994222415997440e-20
5.439559844320430784e+03 2.106655984034054804e-19 8.246162482458877927e-20
5.444565772253487012e+03 3.960186130675327408e-20 8.323080220607720065e-20
5.449571700186542330e+03 3.483512046100764302e-20 8.409813282400925709e-20
5.454577628119598558e+03 2.434264581626993111e-20 8.588233829573564276e-20
5.459583556052653876e+03 9.173327096842676680e-21 8.636416618881556065e-20
5.464589483985709194e+03 1.626370729962298604e-19 8.602185231211665137e-20
5.469595411918765421e+03 4.714819744540708642e-20 8.578315714010559515e-20
5.474601339851820740e+03 -4.350487175623254881e-20 8.519958721734000466e-20
5.479607267784876967e+03 6.949613763038367731e-20 8.600312347731461619e-20
5.484613195717932285e+03 2.761745767895268343e-21 8.744029716011464145e-20
5.489619123650987603e+03 -8.191826062333369450e-20 8.855599808483127190e-20
5.494625051584043831e+03 -1.027268051744571360e-19 9.078783036091715694e-20
5.499630979517099149e+03 -9.286763776405412605e-20 9.193713864431586890e-20
5.504636907450155377e+03 9.118245775467480549e-20 9.224450292207066664e-20
5.509642835383210695e+03 7.295557725347635143e-20 9.163153859242211860e-20
5.514648763316266923e+03 1.960420878697206655e-19 8.971282595842665118e-20
5.519654691249322241e+03 4.933265746956381106e-20 8.770727188749743578e-20
5.524660619182377559e+03 5.568809263119253831e-20 8.453771770204048066e-20
5.529666547115433787e+03 1.623458131594158264e-20 8.263893530232958114e-20
5.534672475048489105e+03 8.346436479844674295e-20 8.039417509999329790e-20
5.539678402981545332e+03 9.102549722211984739e-20 8.035034726139469929e-20
5.544684330914600650e+03 -8.653498582081605652e-20 7.790113722004013682e-20
5.549690258847656878e+03 -1.230558705514217867e-19 7.480880447448717926e-20
5.554696186780712196e+03 -1.743011054652069193e-20 7.294527677833586284e-20
5.559702114713767514e+03 5.903507809512484286e-20 7.358775001185676876e-20
5.564708042646823742e+03 1.018378460420838444e-19 7.807644495755788461e-20
5.569713970579879060e+03 6.536637763933741753e-20 1.468635600817025860e-19
5.574719898512935288e+03 -1.739239165550151908e-19 2.073433387192887901e-19
5.579725826445990606e+03 4.082755532519091774e-19 1.970407045032737874e-19
5.584731754379046833e+03 3.624796319802160044e-19 1.122036138896569437e-19
5.589737682312102152e+03 1.399555547235149825e-19 7.395386240154539593e-20
5.594743610245157470e+03 -3.690516656325969043e-21 7.283578276060933399e-20
5.599749538178213697e+03 -1.317806761909789114e-20 7.299432508953527089e-20
5.604755466111269016e+03 7.566524501915319061e-20 7.321818149130064264e-20
5.609761394044325243e+03 1.404511802189987003e-19 7.328569429032214695e-20
5.614767321977380561e+03 -2.985917556839783166e-20 7.227360799152467587e-20
5.619773249910436789e+03 -3.027492171013347142e-20 7.380703740259469092e-20
5.624779177843492107e+03 7.908275607234691253e-20 7.383275037871642049e-20
5.629785105776547425e+03 7.430726861120569568e-20 7.470003458829092532e-20
5.634791033709603653e+03 1.061193504544328510e-19 7.511078597343956773e-20
5.639796961642658971e+03 1.553331421436039008e-19 7.558767888765955087e-20
5.644802889575714289e+03 -4.559461186878575291e-20 7.534693312932048818e-20
5.649808817508770517e+03 2.487121350835829916e-20 7.448310207311745862e-20
5.654814745441825835e+03 2.073402038507802380e-19 7.334770834954487960e-20
5.659820673374882062e+03 1.008725646530090505e-19 7.311923137050143357e-20
5.664826601307937381e+03 5.974854478555466387e-20 7.307962096970922548e-20
5.669832529240993608e+03 8.673801006273086741e-20 7.276133416866853295e-20
5.674838457174048926e+03 4.254951559395594119e-20 7.206612768381308165e-20
5.679844385107104245e+03 4.416344340623212067e-20 7.048517090807660167e-20
5.684850313040160472e+03 -1.508272743456408758e-20 6.945582496541238173e-20
5.689856240973215790e+03 -6.986983119460372519e-20 6.897900873325237568e-20
5.694862168906272018e+03 -4.072324684941419185e-20 6.909028365817402431e-20
5.699868096839327336e+03 -1.278494396598346106e-19 6.841539599448220599e-20
5.704874024772383564e+03 1.484220087765395412e-19 6.745554125348847694e-20
5.709879952705438882e+03 1.597502171057020860e-19 6.748843074522287312e-20
5.714885880638494200e+03 8.021892640946679080e-20 6.800400508568169375e-20
5.719891808571550428e+03 -9.291330564506571921e-20 6.880878330303449093e-20
5.724897736504605746e+03 -4.351224744845202144e-20 7.018539259461367221e-20
5.729903664437661973e+03 -1.013188197901183582e-19 7.056796057694240755e-20
5.734909592370717291e+03 9.623496996961351882e-20 7.166115520394069778e-20
5.739915520303773519e+03 9.371750460853603303e-20 7.308899901747127176e-20
5.744921448236828837e+03 5.496141410808197857e-20 7.431326342107156416e-20
5.749927376169884155e+03 4.850300668200862274e-20 7.682712001347482155e-20
5.754933304102940383e+03 -2.729063666495379380e-20 7.915161573730593632e-20
5.759939232035995701e+03 -7.409029150419834347e-20 8.185928337012000800e-20
5.764945159969051929e+03 1.327721553992849118e-19 8.189976742062941321e-20
5.769951087902107247e+03 -4.497827951217092631e-20 8.079655155528426875e-20
5.774957015835163475e+03 -5.638215454108945392e-20 7.927309317113960640e-20
5.779962943768218793e+03 1.084614085788860615e-19 7.829416279553405950e-20
5.784968871701274111e+03 7.804365423375526861e-21 7.754370964650344086e-20
5.789974799634330338e+03 1.918533276497796286e-19 7.767675188118059197e-20
5.794980727567385657e+03 8.832696003914979767e-20 7.709111411003359802e-20
5.799986655500441884e+03 8.451545603891884104e-20 7.743074940159529799e-20
5.804992583433497202e+03 4.222525676503716861e-20 7.807464105618729386e-20
5.809998511366552520e+03 -7.238541002574845612e-20 8.086266669089452738e-20
5.815004439299608748e+03 -1.122409816575842671e-19 8.930513296029365046e-20
5.820010367232664066e+03 1.972816660928163560e-20 9.015006993730499873e-20
5.825016295165720294e+03 1.479734622689857150e-19 8.391841791837576047e-20
5.830022223098775612e+03 -9.838417278713564947e-21 7.840295840141077488e-20
5.835028151031830930e+03 -7.939555192034175827e-20 7.691171198778333919e-20
5.840034078964887158e+03 -2.778692172325582421e-20 7.647619201440570245e-20
5.845040006897942476e+03 1.000748877553602474e-19 7.619833761971342419e-20
5.850045934830998704e+03 3.218520325455133007e-20 7.487566970019100324e-20
5.855051862764054022e+03 6.834811113351772785e-20 7.529635817109852347e-20
5.860057790697110249e+03 -1.164282280496095418e-19 7.848299937772842351e-20
5.865063718630165567e+03 -3.211752019124996581e-20 8.238939715143910915e-20
5.870069646563220886e+03 6.263156642042627561e-20 8.194452916008995008e-20
5.875075574496277113e+03 8.956365391908576106e-20 7.763451999620706226e-20
5.880081502429332431e+03 6.978841623182467832e-20 8.197681880360811217e-20
5.885087430362388659e+03 5.865445130935013007e-20 1.073843519160842092e-19
5.890093358295443977e+03 5.132270251157567303e-20 1.201739009171925947e-19
5.895099286228500205e+03 1.556727516421509210e-20 1.092610606510931777e-19
5.900105214161555523e+03 1.039166202551484264e-19 8.921422318345977669e-20
5.905111142094610841e+03 1.253614681437992568e-19 7.722481665754313550e-20
5.910117070027667069e+03 1.303356552027362706e-19 7.837334016546498127e-20
5.915122997960722387e+03 -4.297855704665026136e-20 7.796333004987328810e-20
5.920128925893778614e+03 -3.694916813920549081e-20 7.641826825693163667e-20
5.925134853826833933e+03 8.753350261214979330e-20 7.649484522847889446e-20
5.930140781759890160e+03 -1.707890069616226564e-19 7.792340737426091352e-20
5.935146709692945478e+03 -1.607741058100844260e-20 7.725442772350618558e-20
5.940152637626000796e+03 8.345849488034849781e-20 7.546788021611162570e-20
5.945158565559057024e+03 1.091324359989319024e-19 7.759350860544480743e-20
5.950164493492112342e+03 1.392341480732434522e-20 7.964342520859746667e-20
5.955170421425167660e+03 2.000499971555362418e-20 7.694474931357420660e-20
5.960176349358223888e+03 1.410477854672064279e-19 7.216656107825742921e-20
5.965182277291280116e+03 6.112585419646598611e-20 7.032106751458170869e-20
5.970188205224335434e+03 -1.843750382388311239e-20 7.039868498079880023e-20
5.975194133157390752e+03 6.176272628473302038e-20 6.973182662704290578e-20
5.980200061090446980e+03 6.953704648551684202e-20 6.705836999751952183e-20
5.985205989023502298e+03 7.814939464194262602e-21 6.459717124124275380e-20
5.990211916956557616e+03 -6.397579233020579372e-20 6.354078544773808268e-20
5.995217844889613843e+03 -6.042236950571204536e-21 6.353387880216179923e-20
6.000223772822669162e+03 6.985303704266346155e-20 6.332834490331081605e-20
6.005229700755725389e+03 -9.107180029459400483e-21 6.183721198536665997e-20
6.010235628688780707e+03 -5.704594133529604992e-20 6.054921673183452226e-20
6.015241556621836935e+03 2.976030701180913862e-20 5.931700032369995406e-20
6.020247484554892253e+03 -1.911075862088385989e-20 5.756145148691462450e-20
6.025253412487947571e+03 1.228733528908706824e-19 5.693710633513634467e-20
6.030259340421003799e+03 3.578085443851271685e-21 5.645543075433145108e-20
6.035265268354059117e+03 1.336399463674779531e-19 5.563503341993311778e-20
6.040271196287115345e+03 1.261290810116125987e-19 5.418454655990125256e-20
6.045277124220170663e+03 1.616158229759767701e-19 5.344787730195433984e-20
6.050283052153226890e+03 8.039397786808961896e-20 5.269873105495984796e-20
6.055288980086282209e+03 1.084640380228941709e-19 5.244971062955085414e-20
6.060294908019337527e+03 1.762252711672470511e-19 5.266855053696480917e-20
6.065300835952393754e+03 1.586630157444697638e-19 5.235582684517735610e-20
6.070306763885449072e+03 6.231584486755824025e-20 5.195691390203626397e-20
6.075312691818505300e+03 7.506833180078255786e-20 5.119518035349199392e-20
6.080318619751560618e+03 5.256274118892115428e-20 5.079931167930031893e-20
6.085324547684616846e+03 9.217518733999161699e-20 5.084254786831314455e-20
6.090330475617672164e+03 8.022445110539913578e-20 5.103829915242390066e-20
6.095336403550727482e+03 4.556983161295331870e-20 5.149237169212023113e-20
6.100342331483783710e+03 -5.472530208586258503e-21 5.170610051919495194e-20
6.105348259416839028e+03 -6.914122589328160089e-20 5.202893614652873315e-20
6.110354187349894346e+03 1.033463572947540604e-20 5.175812761583787745e-20
6.115360115282950574e+03 1.789208108365531194e-20 5.178060931773023772e-20
6.120366043216006801e+03 -2.296087092632743411e-20 5.208918761081652500e-20
6.125371971149062119e+03 1.387040804713188407e-19 5.264233414175014900e-20
6.130377899082117438e+03 6.832843918553014189e-21 5.325895491591595083e-20
6.135383827015173665e+03 9.200619534213090725e-20 5.507319566636628846e-20
6.140389754948228983e+03 8.872666706013907469e-20 5.657453783019267455e-20
6.145395682881284301e+03 1.074233664942912420e-19 5.566005104414210178e-20
6.150401610814340529e+03 1.970268061886300464e-19 5.403893250302647750e-20
6.155407538747396757e+03 5.944810375970443486e-20 5.227237894774778352e-20
6.160413466680452075e+03 6.036749473169772893e-20 5.056222462851242861e-20
6.165419394613507393e+03 9.470612783072767663e-20 5.079917125245762233e-20
6.170425322546563621e+03 4.482739226071439781e-20 5.090681977425053940e-20
6.175431250479618939e+03 1.123785572613011349e-19 4.935003517421180259e-20
6.180437178412674257e+03 1.266523954511826276e-19 4.780910115548218922e-20
6.185443106345730484e+03 -1.112006373089204871e-20 4.697590492339968102e-20
6.190449034278785803e+03 -9.923398773679877837e-21 4.680652410561965051e-20
6.195454962211842030e+03 1.153454162365355478e-19 4.701195433039017421e-20
6.200460890144897348e+03 -4.191095109878951145e-20 4.740899200018411413e-20
6.205466818077953576e+03 4.137826729400540289e-20 4.705240334607650643e-20
6.210472746011008894e+03 1.032871584971517650e-19 4.624165504055825650e-20
6.215478673944064212e+03 5.463332667511703641e-20 4.707324839655824142e-20
6.220484601877120440e+03 4.596578382154786220e-20 4.751725713659249754e-20
6.225490529810175758e+03 -3.205232430026756237e-20 4.843903635878543432e-20
6.230496457743231986e+03 -6.112515839896998027e-20 5.390644132417824570e-20
6.235502385676287304e+03 -5.094378152775051751e-20 5.798668757533685296e-20
6.240508313609343531e+03 -9.892920090223301377e-20 5.569711872490343648e-20
6.245514241542398850e+03 8.959997592096957053e-20 5.124496228016643277e-20
6.250520169475454168e+03 2.925511075925956119e-21 5.374875029013572404e-20
6.255526097408510395e+03 -1.483542430834158287e-20 5.949222394734752567e-20
6.260532025341565713e+03 4.704986832564627977e-20 6.196209674687638425e-20
6.265537953274621032e+03 5.873166109417576852e-20 5.821616756822494550e-20
6.270543881207677259e+03 1.093066584986409023e-19 5.770998516106690081e-20
6.275549809140733487e+03 1.801290120975934390e-19 5.689403798052521646e-20
6.280555737073788805e+03 -6.150014780406364659e-20 5.917373329700504049e-20
6.285561665006844123e+03 -2.820564055883023515e-20 6.080051983411211476e-20
6.290567592939900351e+03 7.291354768718453832e-20 7.588326562056409016e-20
6.295573520872955669e+03 1.866595749335214391e-19 1.138892119544996175e-19
6.300579448806010987e+03 4.532354156473567261e-20 1.187096368402651780e-19
6.305585376739067215e+03 3.098035890628448022e-19 8.611998545049226747e-20
6.310591304672123442e+03 3.557121551370713368e-20 5.553925369653827537e-20
6.315597232605178760e+03 -2.524544939634917187e-20 5.096762922743619375e-20
6.320603160538234079e+03 6.925784160188307560e-20 5.240907631724213581e-20
6.325609088471290306e+03 3.728772625577873403e-20 5.540129766120563996e-20
6.330615016404345624e+03 3.166397833903109211e-20 5.317075298593388413e-20
6.335620944337400942e+03 6.132532792813440007e-20 4.867631115129870459e-20
6.340626872270457170e+03 2.314251770976329648e-20 4.691210501598963400e-20
6.345632800203512488e+03 6.023704892234514829e-20 4.766932166220238596e-20
6.350638728136568716e+03 7.853481342010033905e-20 5.026426724018862904e-20
6.355644656069624034e+03 5.552261896219838725e-20 5.889992486955709811e-20
6.360650584002680262e+03 7.828521053568049749e-20 7.093679784766599156e-20
6.365656511935735580e+03 1.442706723405643313e-19 6.888135812432806959e-20
6.370662439868790898e+03 5.682903398806416290e-20 5.271522943022893802e-20
6.375668367801847126e+03 4.259041273368628759e-20 4.767419568490448403e-20
6.380674295734902444e+03 2.430065244912729676e-20 4.959747846325672361e-20
6.385680223667958671e+03 7.262008178599778672e-20 5.027929104151393861e-20
6.390686151601013989e+03 8.500646244257555705e-20 4.956786187498263639e-20
6.395692079534070217e+03 1.013236258243533170e-19 4.822227846000792077e-20
6.400698007467125535e+03 1.633294894217514906e-19 4.833215988134996851e-20
6.405703935400180853e+03 7.565960920371629985e-20 4.773906500054344260e-20
6.410709863333237081e+03 4.624694978594044661e-20 4.686849167099940364e-20
6.415715791266292399e+03 1.215647844364774510e-19 4.684955060784018778e-20
6.420721719199348627e+03 7.383098543318129831e-20 4.539825498309583606e-20
6.425727647132403945e+03 7.063010206890612455e-20 4.394379299688140811e-20
6.430733575065460172e+03 -3.498460901953659581e-20 4.299253370979453519e-20
6.435739502998515491e+03 2.154273700519039383e-20 4.210148077792023893e-20
6.440745430931570809e+03 1.277875945668467332e-19 4.150084851430093245e-20
6.445751358864627036e+03 1.154492679303525180e-19 4.154504980697344323e-20
6.450757286797682355e+03 8.370397408197724132e-20 4.170877358325427202e-20
6.455763214730737673e+03 8.544436694532509612e-20 4.274047183588175123e-20
6.460769142663793900e+03 4.203564055839187355e-20 4.578753751249199881e-20
6.465775070596850128e+03 3.081529190950979651e-20 4.858685132495751956e-20
6.470780998529905446e+03 -3.206366483836949321e-20 4.659243331272555355e-20
6.475786926462960764e+03 -2.358817842417695118e-20 4.331628978852412192e-20
6.480792854396016992e+03 2.219405043852569591e-20 4.084590181489719476e-20
6.485798782329072310e+03 7.845305942594782950e-20 4.049595146685135300e-20
6.490804710262127628e+03 4.146339864660528479e-20 4.405892690195118628e-20
6.495810638195183856e+03 -3.537795980867470505e-20 4.990129503078450695e-20
6.500816566128239174e+03 4.790105686014643721e-20 5.180292250776120003e-20
6.505822494061295401e+03 6.725763320853759187e-20 4.700895478528339995e-20
6.510828421994350720e+03 3.937046283441401247e-20 4.454284106870490718e-20
6.515834349927406947e+03 -4.967788216892581002e-20 4.542271880409993548e-20
6.520840277860462265e+03 3.867127681990563327e-20 4.687170690729556389e-20
6.525846205793517584e+03 -7.553850916398073992e-21 5.067298459168823183e-20
6.530852133726573811e+03 -7.214460321323085269e-20 5.282450698829316636e-20
6.535858061659629129e+03 3.083889757139869131e-20 5.219225739950907122e-20
6.540863989592685357e+03 2.304802869900345458e-20 5.311450931578218119e-20
6.545869917525740675e+03 -3.918441403249390595e-20 6.235733359355876271e-20
6.550875845458796903e+03 4.832586275066595724e-20 5.760784017886506509e-20
6.555881773391852221e+03 3.360204519770504936e-20 4.659360895931203191e-20
6.560887701324907539e+03 -5.558115597577548496e-20 3.899422216526224161e-20
6.565893629257963767e+03 3.968959911811456218e-20 3.996996076040940092e-20
6.570899557191019085e+03 2.343811726371223300e-20 4.359971248190923455e-20
6.575905485124075312e+03 7.248216329982472234e-21 4.530142319404078596e-20
6.580911413057130630e+03 -1.512744209666643876e-20 4.369348693327198888e-20
6.585917340990186858e+03 7.669954487992034638e-20 3.951126032266414959e-20
6.590923268923242176e+03 2.213244352261768138e-20 3.965234839162788047e-20
6.595929196856297494e+03 2.390239925929946835e-21 4.116364154078630007e-20
6.600935124789353722e+03 1.484772182156920301e-20 4.225899389185182255e-20
6.605941052722409040e+03 2.300858754444031885e-20 4.140458009290916858e-20
6.610946980655464358e+03 5.885229655043985609e-20 3.925336843550325018e-20
6.615952908588520586e+03 4.174401916105811837e-20 3.881873828455904298e-20
6.620958836521576814e+03 -1.446066850548847473e-20 3.988210171023274703e-20
6.625964764454632132e+03 -1.377297949540163407e-20 4.069176403608579468e-20
6.630970692387687450e+03 7.505186735494492653e-20 4.208799026568640121e-20
6.635976620320743677e+03 -3.883473831093497958e-20 4.176298439987655740e-20
6.640982548253798996e+03 5.142209747977217668e-20 4.117890889851062216e-20
6.645988476186854314e+03 8.204072851416471857e-20 4.169144512204842854e-20
6.650994404119910541e+03 3.933805649748530841e-20 4.238152584354134044e-20
6.656000332052965859e+03 -1.234979053160471645e-20 4.252632796144023597e-20
6.661006259986022087e+03 1.839537236635518517e-20 4.268731553763102353e-20
6.666012187919077405e+03 4.342485836733488553e-20 4.163224406325850127e-20
6.671018115852133633e+03 6.049458967542102387e-20 4.040366739039187340e-20
6.676024043785188951e+03 -2.814430583156499320e-20 3.925520786618637855e-20
6.681029971718244269e+03 1.778231383196955584e-20 3.852014763823594363e-20
6.686035899651300497e+03 3.627925536936374606e-20 3.819926976397806219e-20
6.691041827584355815e+03 9.812961750372888108e-21 3.760862322836664200e-20
6.696047755517412043e+03 7.767090382043553840e-20 3.779425696638751263e-20
6.701053683450467361e+03 2.420819245859010176e-20 3.758558270841429242e-20
6.706059611383523588e+03 5.157259725082965756e-20 3.720231307402250880e-20
6.711065539316578906e+03 6.402414030152234044e-20 3.640123813293832590e-20
6.716071467249634225e+03 -2.234781286368432449e-20 3.630442925353683754e-20
6.721077395182690452e+03 -4.922169806347715419e-22 3.608440971483168172e-20
6.726083323115745770e+03 4.537828143645490600e-20 3.618134720140504284e-20
6.731089251048801998e+03 -6.673047480719002696e-21 3.635655097105574733e-20
6.736095178981857316e+03 2.579549887320304557e-20 3.663245003577871869e-20
6.741101106914913544e+03 7.640929725620122359e-20 3.691383143621940025e-20
6.746107034847968862e+03 1.036751835948698679e-19 3.721763918461278891e-20
6.751112962781024180e+03 -7.164526011908592861e-20 3.706226273814538618e-20
6.756118890714080408e+03 1.900560126107664991e-21 3.742390675597926266e-20
6.761124818647135726e+03 1.012592267507929952e-19 3.796594568242246403e-20
6.766130746580191044e+03 6.026677558063664709e-20 3.850779771354014128e-20
6.771136674513247272e+03 5.435143545757408728e-20 3.909992626805514072e-20
6.776142602446303499e+03 1.652032571394929891e-20 3.975242418195032619e-20
6.781148530379358817e+03 9.162912012490976252e-20 4.050298689421583743e-20
6.786154458312414135e+03 3.045714837599561450e-20 4.076011068101963512e-20
6.791160386245470363e+03 1.570315501595716570e-20 3.975411398751211294e-20
6.796166314178525681e+03 -8.017096981333216146e-21 3.877700151713757729e-20
6.801172242111580999e+03 -5.187468585606292747e-20 3.799442114755571316e-20
6.806178170044637227e+03 -7.429903986312114971e-20 3.731036870965744246e-20
6.811184097977693455e+03 4.297215089254533243e-20 3.654722522317730662e-20
6.816190025910748773e+03 2.728689761728401224e-20 3.643903926252935990e-20
6.821195953843804091e+03 -7.344282880303050337e-20 4.197733968363921479e-20
6.826201881776860318e+03 1.405132477374350226e-20 5.136810907147990050e-20
6.831207809709915637e+03 1.353988206473564834e-19 5.424032493194735942e-20
6.836213737642970955e+03 3.498347425790711530e-20 4.720146105370644108e-20
6.841219665576027182e+03 -1.232444490963268462e-20 3.930812625939312372e-20
6.846225593509082501e+03 4.747464189032268465e-20 3.614328970661807210e-20
6.851231521442138728e+03 -1.665394848692681009e-20 3.469133662939715863e-20
6.856237449375194046e+03 -1.614907365075457936e-20 4.267491325826012505e-20
6.861243377308250274e+03 5.298653926320167240e-20 5.770938302880351030e-20
6.866249305241305592e+03 1.434001091554730806e-19 6.017713824722783769e-20
6.871255233174360910e+03 3.559753210917050239e-20 5.108605279132880908e-20
6.876261161107417138e+03 4.555703185089471621e-20 5.041838992597326801e-20
6.881267089040473365e+03 9.314716310818721897e-20 4.969155331345548967e-20
6.886273016973527774e+03 1.773411061991720020e-20 5.009957986001067074e-20
6.891278944906584002e+03 -3.496908079715725023e-20 4.948237350591776214e-20
6.896284872839640229e+03 -1.502899455176045673e-20 5.099051015141734749e-20
6.901290800772695547e+03 4.722883276598984022e-20 5.123674587659216498e-20
6.906296728705750866e+03 1.451173360298779665e-21 5.216910420791063314e-20
6.911302656638807093e+03 -4.394031959742361105e-20 5.168818626195127207e-20
6.916308584571862411e+03 3.079650160603135436e-20 5.573737076227881657e-20
6.921314512504917730e+03 -5.572456214738803982e-20 5.656381388885866540e-20
6.926320440437973957e+03 1.555629185627860900e-20 5.130663148271328017e-20
6.931326368371030185e+03 2.908704108185889115e-21 4.252043531107615846e-20
6.936332296304085503e+03 3.770980402485137266e-20 4.375884207220467868e-20
6.941338224237140821e+03 2.557653414582216377e-20 4.669137531994712343e-20
6.946344152170197049e+03 -2.551653503591092409e-20 4.919955372650680995e-20
6.951350080103252367e+03 1.103965814363472317e-19 4.661443662140172483e-20
6.956356008036307685e+03 8.591487497278795344e-20 3.810535296547961707e-20
6.961361935969363913e+03 4.243262503270963014e-20 3.649699936858832550e-20
6.966367863902420140e+03 6.965446389740054916e-20 3.856302735321054062e-20
6.971373791835475458e+03 2.046080862866446891e-21 4.159319524196747666e-20
6.976379719768530776e+03 1.355726400591779312e-19 4.285255076362532427e-20
6.981385647701587004e+03 7.964634037724533722e-20 4.131011408274906499e-20
6.986391575634642322e+03 2.351345486214375740e-20 3.621792063687172283e-20
6.991397503567697640e+03 2.339446824227997586e-20 3.529638407725064193e-20
6.996403431500753868e+03 1.972210312379200245e-20 3.640981318907384560e-20
7.001409359433810096e+03 1.048597889084298072e-19 3.815805234567917074e-20
7.006415287366865414e+03 1.134717997180366813e-20 4.068837679652125534e-20
7.011421215299920732e+03 3.334893186130176715e-20 4.031450578195128707e-20
7.016427143232976960e+03 3.258623790528407027e-20 3.879397392755917249e-20
7.021433071166032278e+03 3.256292298531053800e-20 3.709202196464220211e-20
7.026438999099087596e+03 7.317405974589712657e-20 3.814524671983003666e-20
7.031444927032143823e+03 4.635199319084755870e-20 3.925801444155837338e-20
7.036450854965200051e+03 1.342297558692657944e-20 4.102908198925513474e-20
7.041456782898254460e+03 5.614678980825210612e-20 4.370199183680108763e-20
7.046462710831310687e+03 -8.396031766464845933e-21 4.470987491117911755e-20
7.051468638764366915e+03 5.551703563752649184e-20 4.284545479358780617e-20
7.056474566697422233e+03 2.952123594659261244e-20 4.003437764500456336e-20
7.061480494630477551e+03 9.070403404978433661e-20 3.920503630271874970e-20
7.066486422563533779e+03 1.594458782818855386e-20 3.919525695219651816e-20
7.071492350496589097e+03 7.369863732004221725e-20 3.882001089136456027e-20
7.076498278429644415e+03 3.571965424743501193e-19 3.891568884294149562e-20
7.081504206362700643e+03 1.080825705039761336e-18 4.011743144953858068e-20
7.086510134295756870e+03 9.428770853568217313e-19 3.947975433398623399e-20
7.091516062228812189e+03 5.425145622427977563e-19 3.755231611286197671e-20
7.096521990161867507e+03 2.503604055552274700e-19 3.605559784376383447e-20
7.101527918094923734e+03 1.872289207205270216e-19 3.521331617373220100e-20
7.106533846027979052e+03 1.155857238703318061e-19 3.530497844744000447e-20
7.111539773961034371e+03 2.057939691821871800e-19 3.496994963968841437e-20
7.116545701894090598e+03 1.769507014679525717e-19 3.493881583735851491e-20
7.121551629827146826e+03 1.121792611038497285e-19 3.535190196805254843e-20
7.126557557760202144e+03 9.319948088239830377e-20 3.600802651640009766e-20
7.131563485693257462e+03 1.257323103154620588e-19 3.644875332531947987e-20
7.136569413626313690e+03 1.970595658127304631e-19 3.721227659636846381e-20
7.141575341559369008e+03 -4.386706447818529792e-21 3.825407432771581512e-20
7.146581269492424326e+03 9.729584691716024337e-20 3.889157028069605558e-20
7.151587197425480554e+03 1.334803161425177877e-19 3.826587056619137096e-20
7.156593125358536781e+03 1.238294701668745002e-19 3.857884846947671568e-20
7.161599053291592099e+03 7.442305582773851988e-20 3.978830280937240234e-20
7.166604981224647418e+03 7.306329143976373656e-20 3.993259085097553606e-20
7.171610909157703645e+03 8.848720085451798771e-20 3.931436761278789710e-20
7.176616837090758963e+03 1.119035368835897695e-19 3.853014379506257581e-20
7.181622765023814281e+03 1.207700548121582310e-19 3.715513598621097956e-20
7.186628692956870509e+03 6.234724237207912540e-20 3.563563851177029543e-20
7.191634620889926737e+03 5.672075287006841949e-20 3.459914438427365080e-20
7.196640548822981145e+03 9.193505390288250506e-20 3.434135952970504944e-20
7.201646476756037373e+03 9.389284289649878557e-20 3.385626735864483079e-20
7.206652404689093601e+03 8.069434262315243640e-20 3.353302261336480374e-20
7.211658332622148919e+03 1.051706393436205471e-19 3.308472553453967374e-20
7.216664260555204237e+03 9.432690327608877992e-20 3.356255164624813404e-20
7.221670188488260465e+03 8.002279533430622769e-20 3.388782366403219585e-20
7.226676116421315783e+03 6.473086636889535231e-20 3.474209846624691309e-20
7.231682044354371101e+03 6.239771805773916209e-20 4.273459110701046371e-20
7.236687972287427328e+03 1.374017836213104488e-19 6.142542705741948153e-20
7.241693900220483556e+03 1.398142725529604319e-19 7.159380628003211221e-20
7.246699828153538874e+03 2.096055623397600824e-19 6.437904802495959418e-20
7.251705756086594192e+03 2.093460508618114334e-19 4.925568574599575329e-20
7.256711684019650420e+03 2.938220356986868459e-20 4.162113726519938719e-20
7.261717611952705738e+03 6.022343225465153711e-20 3.839886068689858789e-20
7.266723539885761056e+03 1.123844870920775455e-19 4.316335932605043436e-20
7.271729467818817284e+03 6.568772822736028175e-20 6.835762663502698032e-20
7.276735395751873511e+03 2.642182873718999157e-19 7.726308634056804765e-20
7.281741323684928830e+03 1.483249759374768360e-19 7.125886880671225013e-20
7.286747251617984148e+03 1.753662822114400363e-19 5.709940700847720041e-20
7.291753179551040375e+03 1.474189780209924695e-19 5.003853287670722079e-20
7.296759107484095694e+03 4.265556928922177764e-20 5.137171454528695044e-20
7.301765035417151012e+03 -1.489909855634700881e-20 5.257762286651007019e-20
7.306770963350207239e+03 9.596308806569250218e-20 5.339228410457300722e-20
7.311776891283263467e+03 3.831340192332276803e-20 6.662814990886483365e-20
7.316782819216318785e+03 -7.247350759867029848e-20 6.683001625958328650e-20
7.321788747149374103e+03 1.281766414087463931e-19 5.639372037530828091e-20
7.326794675082430331e+03 6.126855757940475264e-20 5.057117716623846485e-20
7.331800603015485649e+03 8.799791185877434533e-20 5.457720138121650706e-20
7.336806530948540967e+03 1.810597988832549512e-19 6.628736109911297956e-20
7.341812458881597195e+03 2.802990410823425860e-19 6.545347474844315533e-20
7.346818386814653422e+03 4.570508897862348302e-21 4.851008370317790764e-20
7.351824314747707831e+03 3.605507169970986499e-20 4.303531597052788931e-20
7.356830242680764059e+03 9.314473715994273302e-20 4.655751484066267774e-20
7.361836170613820286e+03 9.713974464311514635e-20 5.365531660534198298e-20
7.366842098546875604e+03 -2.499270805432842749e-20 5.860681208272285819e-20
7.371848026479930923e+03 1.232140029897809527e-19 5.553455240262907066e-20
7.376853954412987150e+03 1.642837894541375364e-19 3.994388127561656837e-20
7.381859882346043378e+03 4.164260173240634532e-20 3.571481715917844562e-20
7.386865810279097786e+03 1.343942615464323161e-19 4.147440680349659938e-20
7.391871738212154014e+03 -2.661204704117312987e-20 4.499115493743751940e-20
7.396877666145210242e+03 8.422012139126712412e-20 5.274942683631550928e-20
7.401883594078265560e+03 7.621662567622941520e-20 5.247126311302101090e-20
7.406889522011320878e+03 1.458508882819282442e-19 4.658206042953217320e-20
7.411895449944377106e+03 7.199676113191976474e-20 3.837315058978057185e-20
7.416901377877432424e+03 4.476894227324250314e-20 3.850270020839039841e-20
7.421907305810487742e+03 1.140782185940849489e-20 4.023668555993458957e-20
7.426913233743543969e+03 6.161853936779099991e-20 4.362358620785512628e-20
7.431919161676600197e+03 7.622494610558128509e-20 4.739297282301300265e-20
7.436925089609655515e+03 5.489416942183302052e-20 4.744932953845072462e-20
7.441931017542710833e+03 1.840370185117816684e-19 4.388062330362038023e-20
7.446936945475767061e+03 6.617788239515694647e-20 3.624533961879021786e-20
7.451942873408822379e+03 9.289235606710876959e-20 3.547829234369869647e-20
7.456948801341877697e+03 3.728168479470340213e-20 3.706631712988397249e-20
7.461954729274933925e+03 5.464826344889909920e-20 4.091335412013197250e-20
7.466960657207990153e+03 6.511725740823526295e-20 4.610600040199283679e-20
7.471966585141045471e+03 1.316568364566683470e-19 4.896901670566580680e-20
7.476972513074100789e+03 1.112391525099960113e-19 5.200114270475982691e-20
7.481978441007157016e+03 1.263073555750013102e-19 4.955743941594814453e-20
7.486984368940212335e+03 7.823839041973605551e-20 4.459718104485143402e-20
7.491990296873267653e+03 1.007982734919374333e-19 3.923817767310054549e-20
7.496996224806323880e+03 1.175800968663901392e-19 3.799982859931585128e-20
7.502002152739380108e+03 1.075673313365194165e-19 3.578015010701133499e-20
7.507008080672435426e+03 1.507641627245620084e-19 3.567225089962809281e-20
7.512014008605490744e+03 1.145356593735076058e-19 3.730654843507885791e-20
7.517019936538546972e+03 -5.416443932140707571e-20 5.087138707837388935e-20
7.522025864471602290e+03 -1.144971373665493853e-20 6.239397415464918440e-20
7.527031792404657608e+03 1.493950119970612293e-20 6.273705532411280990e-20
7.532037720337713836e+03 9.862528221798660095e-20 4.819963552414515390e-20
7.537043648270770063e+03 4.515182842628714059e-20 4.213363831592891971e-20
7.542049576203824472e+03 1.044834746652751549e-19 4.013901325998691396e-20
7.547055504136880700e+03 5.756071985976331271e-20 3.943499092023809029e-20
7.552061432069936927e+03 5.668771746539407994e-20 4.244772835125835598e-20
7.557067360002992245e+03 1.372182733783601595e-19 4.270956499121609947e-20
7.562073287936047564e+03 1.544159538324286969e-19 4.324372093018407202e-20
7.567079215869103791e+03 8.405722354517339443e-20 5.112862125653850197e-20
7.572085143802159109e+03 -2.158694076057874146e-20 5.244080562005467789e-20
7.577091071735214427e+03 5.870794357701605526e-20 4.559163645345671859e-20
7.582096999668270655e+03 5.775525998403181367e-20 4.080632586204456152e-20
7.587102927601326883e+03 8.900633244434548407e-20 4.068665341070825696e-20
7.592108855534382201e+03 9.718714952011930782e-20 4.542298479861313050e-20
7.597114783467437519e+03 1.197366616265612264e-19 5.777004043999531493e-20
7.602120711400493747e+03 6.581276648955753218e-20 8.058282327095275399e-20
7.607126639333549065e+03 4.303491997250124139e-20 8.700989799216251834e-20
7.612132567266604383e+03 5.903564190090852518e-20 8.922820568818147788e-20
7.617138495199660611e+03 2.596529211354347594e-19 7.190623730922109339e-20
7.622144423132716838e+03 6.441257742204563903e-20 6.271738201651462159e-20
7.627150351065772156e+03 1.300376777404257925e-19 6.740069909726911630e-20
7.632156278998827474e+03 1.639932257976641321e-19 7.142023612672742949e-20
7.637162206931883702e+03 1.261510783669489478e-19 6.102445917978537712e-20
7.642168134864939020e+03 6.070644500967819875e-20 5.653420118398060682e-20
7.647174062797994338e+03 7.347945401051462674e-20 5.607079767521191645e-20
7.652179990731050566e+03 9.808731255792948255e-20 5.497491065749236798e-20
7.657185918664106794e+03 1.963756433068301729e-20 5.856709185548308285e-20
7.662191846597162112e+03 4.056022331728738899e-20 5.909622609837858110e-20
7.667197774530217430e+03 1.487139897795064156e-19 5.788288781590036447e-20
7.672203702463273657e+03 7.447527169462831627e-20 5.076698436253528662e-20
7.677209630396328976e+03 1.144414206248761955e-19 4.867939834771670119e-20
7.682215558329384294e+03 6.723981122008252985e-20 4.841363081307249529e-20
7.687221486262440521e+03 5.503505301502554144e-20 4.873296839555615858e-20
7.692227414195496749e+03 8.920833847936959162e-20 4.792017926929284894e-20
7.697233342128551158e+03 5.559525299411233320e-20 4.900459979741189831e-20
7.702239270061607385e+03 7.475242192515643901e-20 4.996455221307368710e-20
7.707245197994663613e+03 1.785685107019386644e-19 7.030354941749444883e-20
7.712251125927718931e+03 1.736794272494197391e-19 8.104071489892191785e-20
7.717257053860774249e+03 1.511300062255538601e-19 7.799006332666795915e-20
7.722262981793830477e+03 2.028848217062003145e-19 6.053851887340964077e-20
7.727268909726885795e+03 1.282746402928151741e-19 4.620417296576195812e-20
7.732274837659941113e+03 1.537086785334661526e-19 4.068161085878719693e-20
7.737280765592997341e+03 1.114353237051653924e-19 3.841440081744632158e-20
7.742286693526053568e+03 4.554875359577626434e-20 4.807857279896009794e-20
7.747292621459108886e+03 4.157334103813189153e-20 7.269063284179173827e-20
7.752298549392164205e+03 1.179997054744238773e-19 7.839540386917465362e-20
7.757304477325220432e+03 6.654736474646939490e-20 6.610116559079676765e-20
7.762310405258275750e+03 6.040560930868499684e-20 5.458336526430762257e-20
7.767316333191331069e+03 8.494095826680774474e-20 5.275275582568857092e-20
7.772322261124387296e+03 1.198723718292536508e-20 5.846480514636317033e-20
7.777328189057443524e+03 9.487444634478309278e-20 6.228102476894366875e-20
7.782334116990498842e+03 1.242398218918233721e-19 5.500121322531924157e-20
7.787340044923554160e+03 2.474212494831491643e-19 6.525787534525862722e-20
7.792345972856610388e+03 2.649307149350554542e-20 7.697655879430826249e-20
7.797351900789665706e+03 9.471480236258446259e-20 7.150315518982313830e-20
7.802357828722721024e+03 1.019150474158022572e-19 5.622771625305699420e-20
7.807363756655777252e+03 -8.394907919754957856e-20 5.844012076019415285e-20
7.812369684588833479e+03 1.234986991741684396e-19 6.122797095258985855e-20
7.817375612521888797e+03 1.335756915332129937e-19 7.586290178209615893e-20
7.822381540454944115e+03 1.528315144355904108e-19 7.438763360110509081e-20
7.827387468388000343e+03 1.751287632808533361e-19 5.501326865264716322e-20
7.832393396321055661e+03 6.443778262719706983e-20 4.108770926849372956e-20
7.837399324254110979e+03 1.314108845583993097e-19 4.891489441807805662e-20
7.842405252187167207e+03 2.294776962388535082e-19 5.200441282936532112e-20
7.847411180120223435e+03 1.475178502417688862e-19 6.852728874113375813e-20
7.852417108053277843e+03 1.375368169896105515e-19 7.949685232830060186e-20
7.857423035986334071e+03 2.168909887686563600e-19 7.850993684158320213e-20
7.862428963919390299e+03 1.111653444797697904e-19 6.522416162109443403e-20
7.867434891852445617e+03 5.947499779693533327e-20 6.544811864313483469e-20
7.872440819785500935e+03 2.156817793494300005e-19 6.461292331166457181e-20
7.877446747718557162e+03 1.709844138645467180e-19 6.000790990268470159e-20
7.882452675651613390e+03 2.500729160652389350e-19 6.209182492557370870e-20
7.887458603584667799e+03 2.217039946463611034e-19 6.403143740757478435e-20
7.892464531517724026e+03 1.174645344623811947e-19 6.027131546148113124e-20
7.897470459450780254e+03 8.722403292530680115e-20 4.510051846168435776e-20
7.902476387383835572e+03 9.727949875456741439e-20 4.206316427063826526e-20
7.907482315316890890e+03 5.695904579852644831e-20 7.605872661776326958e-20
7.912488243249947118e+03 5.628080352354406136e-20 9.513041099112793695e-20
7.917494171183002436e+03 2.338229837480567272e-19 9.828931180976028046e-20
7.922500099116057754e+03 1.899847540151486735e-20 7.368280707370406171e-20
7.927506027049113982e+03 2.664734029741290096e-19 6.772913051681012963e-20
7.932511954982170209e+03 1.611603467545728765e-19 6.057181640851546754e-20
7.937517882915225528e+03 4.738816308319404498e-20 4.940660432324714320e-20
7.942523810848280846e+03 1.283564964472805619e-19 5.010430242739637885e-20
7.947529738781337073e+03 2.138107398422085238e-19 5.406882633799103515e-20
7.952535666714392391e+03 1.172832700784665521e-19 4.943534622350889929e-20
7.957541594647447710e+03 9.229866988212006546e-20 5.819863190438678809e-20
7.962547522580503937e+03 6.024523697379841690e-21 7.303482482680862790e-20
7.967553450513560165e+03 3.475049490586800420e-20 6.966836716196546912e-20
7.972559378446615483e+03 2.233827699373203332e-19 5.443763352974467962e-20
7.977565306379670801e+03 6.488329901536484320e-20 5.625577093905895989e-20
7.982571234312727029e+03 1.160444331378675202e-19 5.502166814340180619e-20
7.987577162245782347e+03 1.493861590251769807e-19 6.731895088299537575e-20
7.992583090178837665e+03 3.753043344696560583e-20 7.828829944361342397e-20
7.997589018111893893e+03 1.960602118502024084e-19 7.116966463526507396e-20
8.002594946044950120e+03 1.596605204697232601e-19 4.258123605475609918e-20
8.007600873978005438e+03 1.728730615495864981e-19 4.674962987216291473e-20
8.012606801911060757e+03 6.805938747414823931e-20 5.362536349164756871e-20
8.017612729844116984e+03 6.897486533568183340e-20 6.109131110591692001e-20
8.022618657777172302e+03 3.792026460187461701e-20 7.289012685030928683e-20
8.027624585710227620e+03 1.240701843007925025e-19 7.247266765962744623e-20
8.032630513643283848e+03 1.005034898720571346e-19 5.214951865337797903e-20
8.037636441576340076e+03 3.204206458909600900e-20 3.938173331751057231e-20
8.042642369509394484e+03 1.038351110099834914e-19 4.009909979284663808e-20
8.047648297442450712e+03 1.309653511711346834e-19 4.739868636359567097e-20
8.052654225375506940e+03 1.410357989304839181e-19 5.140262491044620513e-20
8.057660153308562258e+03 6.920384733252849205e-20 5.935012407430050370e-20
8.062666081241617576e+03 1.487817500228631543e-19 5.850456126483262732e-20
8.067672009174673803e+03 1.900789570663586644e-20 4.935242441071484859e-20
8.072677937107729122e+03 9.651167237595087849e-20 3.988090264155635579e-20
8.077683865040784440e+03 5.186579503123335453e-20 3.985605181005856283e-20
8.082689792973840667e+03 8.687110834394978580e-20 3.981926296681717755e-20
8.087695720906896895e+03 8.905127169634575996e-20 4.138162110468492559e-20
8.092701648839952213e+03 1.015853898633232195e-19 4.274155706593125841e-20
8.097707576773007531e+03 1.202750200068553354e-19 4.721464814766893413e-20
8.102713504706063759e+03 6.631231260267837292e-20 4.609396550641270148e-20
8.107719432639119077e+03 1.382369594718081481e-22 4.204705971733866425e-20
8.112725360572174395e+03 9.338283601001075347e-20 3.664490647829210010e-20
8.117731288505230623e+03 6.618757957551427451e-20 3.561310938805565042e-20
8.122737216438286850e+03 1.301655181496237285e-19 3.589672044719539505e-20
8.127743144371342169e+03 1.177047154163970166e-19 3.629839619202213738e-20
8.132749072304397487e+03 7.713416181800434322e-20 3.838791204993702115e-20
8.137755000237453714e+03 8.440020995790606978e-20 4.062421849073606224e-20
8.142760928170509032e+03 1.436046272009694775e-19 4.285428781608004372e-20
8.147766856103564351e+03 6.399013513602617678e-20 4.171827396706645542e-20
8.152772784036620578e+03 3.347086689954864010e-20 3.898063516039325724e-20
8.157778711969676806e+03 1.648545507456352410e-20 3.734967589455566240e-20
8.162784639902732124e+03 6.245871858411215029e-20 3.723036614423458231e-20
8.167790567835787442e+03 2.291409587948561558e-20 3.649425427668217035e-20
8.172796495768843670e+03 8.504822141788794107e-20 3.701214654769307856e-20
8.177802423701898988e+03 1.731026640919681046e-19 3.753284806154704543e-20
8.182808351634954306e+03 1.222089127750792854e-20 3.898244512744266423e-20
8.187814279568010534e+03 1.057201940239479335e-19 4.062011115249778199e-20
8.192820207501066761e+03 1.366727833319535367e-19 4.123029591255444352e-20
8.197826135434121170e+03 2.925505193682601409e-20 3.963252770236739403e-20
8.202832063367177398e+03 1.322548683691088454e-19 3.884469081095960035e-20
8.207837991300233625e+03 7.728198531328004948e-20 4.131971024407462887e-20
8.212843919233288034e+03 1.225873635500872042e-19 4.210198889019346650e-20
8.217849847166344261e+03 9.075180741149592916e-20 3.863267454213316997e-20
8.222855775099400489e+03 1.538379857574109272e-20 3.717684981957638386e-20
8.227861703032456717e+03 7.964599138472100277e-22 3.641682758477889415e-20
8.232867630965511125e+03 6.452500030016863967e-20 3.608930838563262204e-20
8.237873558898567353e+03 7.399064919007533016e-20 3.634970685441846876e-20
8.242879486831623581e+03 4.015641845942730220e-20 3.701206285408806213e-20
8.247885414764677989e+03 4.743690389142756294e-20 3.625401569064767074e-20
8.252891342697734217e+03 6.024726919822675726e-20 3.527780403374963499e-20
8.257897270630790445e+03 2.994755543929146962e-20 3.414167284710633186e-20
8.262903198563846672e+03 9.635909937016982358e-20 3.379411267831474806e-20
8.267909126496901081e+03 1.119495399449390299e-19 3.462336579155338856e-20
8.272915054429957308e+03 4.760169439269841025e-20 4.715978972410941772e-20
8.277920982363013536e+03 3.064935799827043547e-20 6.612327185841172293e-20
8.282926910296067945e+03 2.580137767547456651e-19 8.376146318521694543e-20
8.287932838229124172e+03 5.394288499891868538e-20 8.250174940965699067e-20
8.292938766162180400e+03 2.599555877517053204e-19 9.073027046697229587e-20
8.297944694095236628e+03 5.810875500081445986e-20 8.796948070813360673e-20
8.302950622028291036e+03 1.756726451534204712e-19 8.086597857732964301e-20
8.307956549961347264e+03 1.818014739225841368e-19 6.200686524129591722e-20
8.312962477894403492e+03 6.102178469681613996e-20 5.920409205360194389e-20
8.317968405827457900e+03 -1.854379694233848832e-20 4.689260480452700228e-20
8.322974333760514128e+03 9.208048659401505645e-20 4.069056644482242079e-20
8.327980261693570355e+03 1.051334601738319169e-19 3.845584676547096909e-20
8.332986189626626583e+03 4.328207964994200462e-20 4.233357544093335822e-20
8.337992117559680992e+03 1.219345426499447824e-19 9.008950446689684561e-20
8.342998045492737219e+03 8.524058038769183419e-20 1.106058487763166692e-19
8.348003973425793447e+03 9.325733709790603368e-20 1.101213994313295257e-19
8.353009901358847856e+03 -1.354450954979776352e-19 7.377218708225879593e-20
8.358015829291904083e+03 3.865322703008951039e-20 6.036498305051382749e-20
8.363021757224960311e+03 -3.936111913703562406e-20 5.012198966104081695e-20
8.368027685158016538e+03 -5.167153425636034703e-22 4.628246252699825249e-20
8.373033613091070947e+03 4.066940212026837182e-20 4.146371436702250350e-20
8.378039541024127175e+03 9.257587038442575827e-20 5.563696457327007124e-20
8.383045468957181583e+03 2.133169851195769319e-19 5.846158902899681617e-20
8.388051396890237811e+03 1.490612047357369285e-19 5.060935435874953450e-20
8.393057324823294039e+03 1.308108010909290440e-20 7.526042087483117526e-20
8.398063252756350266e+03 9.302163971324121748e-20 9.367630519245082642e-20
8.403069180689406494e+03 9.789682027258667830e-20 8.594741819299525905e-20
8.408075108622460903e+03 5.439786152457459718e-20 5.604865663004870414e-20
8.413081036555517130e+03 -3.595521089767407152e-20 6.661013454082630279e-20
8.418086964488571539e+03 1.199407202815304660e-19 6.629496352456699412e-20
8.423092892421627766e+03 5.187526099015025653e-20 8.017303996073372827e-20
8.428098820354683994e+03 -1.933089487002522918e-19 1.061511294515956908e-19
8.433104748287740222e+03 1.181076494999345655e-19 1.007895696924914517e-19
8.438110676220796449e+03 6.882599008148715068e-20 5.596579431448574005e-20
8.443116604153850858e+03 5.854739816088432735e-20 4.993226285990628591e-20
8.448122532086907086e+03 1.243343520029639412e-20 6.560243102452247298e-20
8.453128460019961494e+03 6.335855210825293126e-20 6.401595898546154956e-20
8.458134387953017722e+03 7.693597005662287146e-20 7.148131587139399404e-20
8.463140315886073950e+03 -9.598860801480570228e-20 8.574877349558353426e-20
8.468146243819130177e+03 2.194462691241055453e-20 8.159770184233453542e-20
8.473152171752186405e+03 7.341543866281818483e-21 4.923306570044319392e-20
8.478158099685240813e+03 1.127610995032425142e-20 3.711218836320239725e-20
8.483164027618297041e+03 4.483975071944851111e-20 3.663596378640724799e-20
8.488169955551351450e+03 7.784513742447228250e-20 4.925246627838458476e-20
8.493175883484407677e+03 5.623569432192872744e-20 5.451891204604181735e-20
8.498181811417463905e+03 1.237713351129200393e-19 6.431478030762324117e-20
8.503187739350520133e+03 5.790225975522736507e-20 6.804580689092404354e-20
8.508193667283574541e+03 7.735251805890440696e-20 6.225521296443016849e-20
8.513199595216630769e+03 8.815858729925209369e-20 3.916436160166257026e-20
8.518205523149686996e+03 3.621485836112561776e-20 3.477319306802570977e-20
8.523211451082741405e+03 8.011692076515066567e-20 3.436879222255729684e-20
8.528217379015797633e+03 4.212600153527018721e-20 3.379186160619615256e-20
8.533223306948853860e+03 9.998758277624212029e-20 3.944842032928652298e-20
8.538229234881910088e+03 1.387632735083744185e-20 4.298053845662937692e-20
8.543235162814964497e+03 8.436741752020708745e-20 5.006718360636975365e-20
8.548241090748020724e+03 8.131026005736595568e-20 5.209651459111770120e-20
8.553247018681076952e+03 1.355064442424241847e-19 4.912676713846183227e-20
8.558252946614131361e+03 4.741660980986508212e-20 3.850850569793879088e-20
8.563258874547187588e+03 7.275742821911679924e-20 3.826651770006535474e-20
8.568264802480243816e+03 4.049732910073936080e-21 4.007328693368801415e-20
8.573270730413300043e+03 5.962621588539775278e-20 4.155310529526609623e-20
8.578276658346354452e+03 5.128870470893495858e-20 4.081311824669657794e-20
8.583282586279410680e+03 4.005577690242368459e-20 4.278327605419715790e-20
8.588288514212466907e+03 5.212027079800521667e-20 4.438129858809634105e-20
8.593294442145521316e+03 9.760067186877027778e-20 4.644028080864251016e-20
8.598300370078577544e+03 1.146153777016918597e-19 4.330595643081361629e-20
8.603306298011633771e+03 7.484794892274900126e-20 3.915156670765917915e-20
8.608312225944689999e+03 3.562969046370808825e-20 3.964858992829993204e-20
8.613318153877744408e+03 2.583231610596616802e-20 4.743266174005902043e-20
8.618324081810800635e+03 9.472906312552535634e-20 5.818508092145262290e-20
8.623330009743856863e+03 4.704047320762045936e-20 6.633041759593334052e-20
8.628335937676911271e+03 3.053972561147297580e-20 6.966626995729892290e-20
8.633341865609967499e+03 9.558959690982951356e-20 6.717718778051803447e-20
8.638347793543023727e+03 -2.768452784512571650e-20 5.835145552030436160e-20
8.643353721476079954e+03 8.708112008524353011e-20 5.458031250062359270e-20
8.648359649409134363e+03 5.284528680590113179e-21 6.176506923484397480e-20
8.653365577342190591e+03 5.160708279749204466e-20 7.177651105987168527e-20
8.658371505275246818e+03 1.524164732927933035e-19 7.482851698585890622e-20
8.663377433208301227e+03 -1.284835068748820747e-19 7.288604418259601507e-20
8.668383361141357454e+03 9.894535643595661344e-20 6.903798451730280787e-20
8.673389289074413682e+03 4.832721315021605101e-20 6.379576938772185278e-20
8.678395217007469910e+03 1.751610761906004146e-19 5.796111680162732008e-20
8.683401144940524318e+03 4.982868524873425798e-20 5.199401313961868053e-20
8.688407072873580546e+03 6.012877580120605980e-20 4.770463222588334739e-20
8.693413000806636774e+03 5.336687436208522920e-20 4.616509084418192037e-20
8.698418928739691182e+03 -4.890438303836146146e-20 4.546225449978434650e-20
8.703424856672747410e+03 4.354246417498521367e-20 4.486307686407344051e-20
8.708430784605803638e+03 -2.912496425402930312e-20 4.169911786927303506e-20
8.713436712538859865e+03 -2.142543605864400949e-20 3.871066532196225700e-20
8.718442640471914274e+03 4.168620669229106530e-20 3.731059814255155474e-20
8.723448568404970501e+03 1.255755388534468944e-19 3.774312136001587068e-20
8.728454496338024910e+03 5.287069396896352991e-20 3.785849321035659030e-20
8.733460424271081138e+03 2.928677135478401980e-20 3.819933297574716308e-20
8.738466352204137365e+03 8.251670880836770029e-20 3.898839006684240184e-20
8.743472280137193593e+03 8.401495608556201031e-20 3.922360776845676928e-20
8.748478208070249821e+03 9.995734117282416122e-20 4.066554442676938707e-20
8.753484136003304229e+03 1.109668818020353153e-19 6.620233788955152285e-20
8.758490063936360457e+03 1.280895914191819158e-19 9.649717289573062694e-20
8.763495991869414866e+03 2.578264408602275745e-20 1.157180482926328700e-19
8.768501919802471093e+03 1.720025988232774514e-19 1.049401888332329775e-19
8.773507847735527321e+03 1.068452692702456754e-19 1.055478928886649875e-19
8.778513775668583548e+03 2.520112175597088016e-19 9.461208925313009630e-20
8.783519703601639776e+03 -6.205902633763588554e-20 7.564421521833010655e-20
8.788525631534694185e+03 2.206077982348548696e-20 6.168634467124409378e-20
8.793531559467750412e+03 6.714309881886567698e-20 6.046873999368678521e-20
8.798537487400804821e+03 3.608051218106442701e-20 4.606851678045591715e-20
8.803543415333861049e+03 5.300650043191201103e-20 4.116014786476790884e-20
8.808549343266917276e+03 5.586495623024703231e-20 4.406557705156572866e-20
8.813555271199973504e+03 1.635721737920175571e-20 4.565217172536909575e-20
8.818561199133029731e+03 1.479253318148128012e-19 8.233680850763521579e-20
8.823567127066084140e+03 2.337415131367699009e-19 1.529812448787085805e-19
8.828573054999140368e+03 6.572961123619920209e-20 1.651471772819521208e-19
8.833578982932194776e+03 2.164338497577030913e-19 1.292318476962980662e-19
8.838584910865251004e+03 2.728993190268261246e-19 9.525788020766311486e-20
8.843590838798307232e+03 -4.121620342954776521e-20 6.810700883494219794e-20
8.848596766731363459e+03 1.122353595241195720e-19 6.131424591193886429e-20
8.853602694664417868e+03 6.586834821486604032e-20 5.532624113835367359e-20
8.858608622597474096e+03 1.547145458301033279e-19 5.266575485039856165e-20
8.863614550530530323e+03 -3.828432432600503283e-21 7.342104176575627638e-20
8.868620478463584732e+03 6.164287504015639765e-20 7.307932666202944102e-20
8.873626406396640959e+03 1.531198074721837382e-19 5.684558322232145842e-20
8.878632334329697187e+03 -3.187606552061822939e-21 7.956186632412897100e-20
8.883638262262753415e+03 2.008438571803992772e-19 1.139370519460217834e-19
8.888644190195807823e+03 3.416991228615934941e-19 1.100914043772068743e-19
8.893650118128864051e+03 1.438625961397702136e-19 6.636617532100848024e-20
8.898656046061920279e+03 1.951451863562076043e-19 7.734531573982475593e-20
8.903661973994974687e+03 5.584759682426635529e-20 8.290372888606357352e-20
8.908667901928030915e+03 -2.875653436147785296e-20 7.130790874616705809e-20
8.913673829861087142e+03 -1.004511047695138360e-20 1.087894388083674890e-19
8.918679757794143370e+03 -1.638661274179489393e-20 1.311021425311848141e-19
8.923685685727199598e+03 -6.011139671844606506e-20 1.152686114060403770e-19
8.928691613660254006e+03 3.085261062063190762e-20 5.696000739825499242e-20
8.933697541593308415e+03 4.900385325637511400e-20 5.130913609427117479e-20
8.938703469526364643e+03 -2.148589160920755256e-20 7.576284666195028422e-20
8.943709397459420870e+03 -9.625835367773591490e-20 8.108620140313068974e-20
8.948715325392477098e+03 1.002382820678360971e-19 7.922203916182162262e-20
8.953721253325533326e+03 1.778126642563535847e-19 1.124564355116601880e-19
8.958727181258589553e+03 -4.873681812228977758e-20 1.207117254421625770e-19
8.963733109191643962e+03 2.173268237707112258e-19 9.417920119746347208e-20
8.968739037124698370e+03 2.072188657394790599e-20 4.991245507294309563e-20
8.973744965057754598e+03 8.663404115416867816e-20 4.869811650307368329e-20
8.978750892990810826e+03 8.185811333363382820e-20 5.226381120673715648e-20
8.983756820923867053e+03 -1.843505282324375543e-20 7.144513602273718791e-20
8.988762748856923281e+03 -3.700810432761228106e-20 7.262189581586445691e-20
8.993768676789977690e+03 3.232772934009443888e-20 7.806661243668503743e-20
8.998774604723033917e+03 1.072301584452114903e-19 8.794198519688509865e-20
9.003780532656088326e+03 1.155100717723484835e-20 8.091131489189509633e-20
9.008786460589144554e+03 2.676259504292854015e-20 5.004374487229129289e-20
9.013792388522200781e+03 2.080130600353625620e-20 3.822201083190054314e-20
9.018798316455257009e+03 4.755381710495719595e-20 3.949105161640286304e-20
9.023804244388313236e+03 3.546288957675340345e-21 4.148077678265066625e-20
9.028810172321367645e+03 9.183875783659341092e-20 4.408119645723657303e-20
9.033816100254423873e+03 1.265663079586339286e-19 5.583417134461194121e-20
9.038822028187478281e+03 1.579243540077646919e-19 6.013913870866055258e-20
9.043827956120534509e+03 9.064299907375968203e-20 7.096685449651058655e-20
9.048833884053590737e+03 1.375604027240456551e-19 7.470178956751751202e-20
9.053839811986646964e+03 4.320781861069498866e-20 6.767009798510636542e-20
9.058845739919703192e+03 -1.750390259018262779e-20 4.812094473520245310e-20
9.063851667852757600e+03 8.077872901428668255e-20 4.821608906155251595e-20
9.068857595785813828e+03 5.700366593398769170e-20 4.852065375446804121e-20
9.073863523718868237e+03 1.111248221144099356e-19 4.722629348494288117e-20
9.078869451651924464e+03 3.664127424111183744e-20 4.661810847213639275e-20
9.083875379584980692e+03 4.786043430629980482e-20 4.959980512056200386e-20
9.088881307518036920e+03 -4.692606247488863994e-20 5.537194348848124783e-20
9.093887235451093147e+03 3.707139829121462270e-20 5.837959689025006410e-20
9.098893163384147556e+03 -9.874550566432977153e-21 6.181277417281147498e-20
9.103899091317203784e+03 5.877780426671855678e-20 5.899606348023970210e-20
9.108905019250258192e+03 1.688841048681397185e-19 5.005422742731747715e-20
9.113910947183314420e+03 -2.018449553064709344e-20 4.275583655226465888e-20
9.118916875116370647e+03 1.557387522086575655e-19 4.258335570439682786e-20
9.123922803049426875e+03 4.497117073406783783e-20 4.239855737802108759e-20
9.128928730982483103e+03 2.273853764671066296e-20 4.267667903842675027e-20
9.133934658915537511e+03 -4.521474146669265097e-21 4.311854865611968904e-20
9.138940586848593739e+03 1.046874331337848809e-19 4.326681410674690375e-20
9.143946514781648148e+03 7.139008510828075136e-20 4.464713665818362316e-20
9.148952442714704375e+03 7.599622473866169582e-20 4.903784056515537093e-20
9.153958370647760603e+03 4.722383861755524002e-20 5.250943518862831567e-20
9.158964298580816831e+03 1.065512979267762375e-20 5.236343652059703987e-20
9.163970226513873058e+03 5.847367952317100032e-20 4.990819173135416556e-20
9.168976154446927467e+03 3.704812352224681800e-20 4.408822780729418672e-20
9.173982082379983694e+03 -2.726258467727683132e-20 4.344156256649406184e-20
9.178988010313038103e+03 5.172523391635621613e-20 4.476958978414395971e-20
9.183993938246094331e+03 4.250813453400958989e-20 4.582437659945838821e-20
9.188999866179150558e+03 1.354806867733105083e-19 4.686487146967236309e-20
9.194005794112206786e+03 1.143512408975306602e-19 4.789229235209649007e-20
9.199011722045263014e+03 7.751391746418560182e-20 4.896050330793492189e-20
9.204017649978317422e+03 -2.842532284868735773e-20 4.968853617014241658e-20
9.209023577911373650e+03 1.714941461750402951e-19 5.243553222972246417e-20
9.214029505844428058e+03 9.148138768224309535e-20 5.490608100338941289e-20
9.219035433777484286e+03 1.308262830858491073e-19 5.748663722699224820e-20
9.224041361710540514e+03 -2.440991206891056531e-20 5.540331927301006874e-20
9.229047289643596741e+03 1.923137114812944301e-20 5.166935763807045386e-20
9.234053217576652969e+03 9.739925122726815102e-20 4.679550420784630703e-20
9.239059145509707378e+03 5.116312419334475702e-20 4.599142641780979296e-20
9.244065073442761786e+03 -1.711112340281712742e-20 4.777707141786127239e-20
9.249071001375818014e+03 1.511902808391724828e-19 4.987427197254061767e-20
9.254076929308874242e+03 1.027449394926729828e-19 5.052807061646075198e-20
9.259082857241930469e+03 1.466868989492838034e-19 5.264063121198177669e-20
9.264088785174986697e+03 1.239773180223793610e-19 5.169932402377831348e-20
9.269094713108042924e+03 9.856757917326135051e-20 4.791373013189248146e-20
9.274100641041097333e+03 3.959754663011519940e-20 4.510048607999422146e-20
9.279106568974151742e+03 4.189460037429338010e-20 4.723834750907838894e-20
9.284112496907207969e+03 3.487598640778277370e-20 5.259431820601627700e-20
9.289118424840264197e+03 5.445836242642785365e-20 5.790821268323797280e-20
9.294124352773320425e+03 1.009781947217001280e-19 5.813533916905860045e-20
9.299130280706376652e+03 1.715862500150910204e-19 8.624238670374716398e-20
9.304136208639432880e+03 2.467731330844163592e-19 1.414999333286649837e-19
9.309142136572487289e+03 -2.484951431360962224e-19 1.978389678980163925e-19
9.314148064505541697e+03 -2.185566984526535632e-20 2.000622890953176815e-19
9.319153992438597925e+03 4.602679113738204728e-19 2.105705341959618337e-19
9.324159920371654152e+03 2.264460974794774283e-19 1.902143778912967384e-19
9.329165848304710380e+03 6.594067228350010764e-20 1.534411217739768142e-19
9.334171776237766608e+03 5.998203429323358871e-20 1.241621509901463344e-19
9.339177704170821016e+03 -6.731911748667628395e-20 1.274603227593259601e-19
9.344183632103877244e+03 9.109992386693206212e-20 1.100662490899295437e-19
9.349189560036931653e+03 1.168157075438986259e-19 8.365715456060478436e-20
9.354195487969987880e+03 9.381344997328514889e-20 7.594603314365250718e-20
9.359201415903044108e+03 9.809159536768701730e-20 7.641096930029718892e-20
9.364207343836100335e+03 1.476551554804354453e-19 8.760119693214209654e-20
9.369213271769156563e+03 -1.582182320383740987e-19 1.952393348048890071e-19
9.374219199702210972e+03 3.386250194612405641e-19 2.520811996072422001e-19
9.379225127635267199e+03 1.090927016564408236e-19 2.324020888451807183e-19
9.384231055568321608e+03 1.920450797832126734e-19 1.370149600747989896e-19
9.389236983501377836e+03 9.451092050356962150e-20 9.894645331371664816e-20
9.394242911434434063e+03 -1.961394644621206470e-20 8.401768740014743336e-20
9.399248839367490291e+03 9.652115469064969672e-20 9.693702955936915459e-20
9.404254767300546519e+03 -1.311945136808636834e-20 9.328469892799747654e-20
9.409260695233600927e+03 1.208075216921102799e-19 7.386753605616163874e-20
9.414266623166657155e+03 1.130258968160806240e-19 1.043487908445194504e-19
9.419272551099711563e+03 -2.125274153042222815e-19 1.180349686280364563e-19
9.424278479032767791e+03 -5.234998454081144611e-20 1.053167213373648166e-19
9.429284406965824019e+03 -8.354626712167552325e-20 9.060924215639532900e-20
9.434290334898880246e+03 6.268199337247017014e-20 1.667526072604230275e-19
9.439296262831936474e+03 2.968523243193414646e-19 2.174793809899341985e-19
9.444302190764990883e+03 5.034851585696870274e-19 2.057176982442739730e-19
9.449308118698047110e+03 2.604552295650297345e-19 1.112707923106811281e-19
9.454314046631101519e+03 1.205719031250808522e-19 1.496679216229384039e-19
9.459319974564157746e+03 -1.104106217406393479e-20 1.660415116664651875e-19
9.464325902497213974e+03 3.010163286460613806e-19 1.292544104098897267e-19
9.469331830430270202e+03 3.210187102002020345e-19 1.515817057472375919e-19
9.474337758363326429e+03 -3.464188060848261117e-19 2.118581152895180924e-19
9.479343686296380838e+03 1.507354076080018236e-19 2.035301142102933566e-19
9.484349614229437066e+03 1.966560371683534358e-20 1.191363178517164447e-19
9.489355542162491474e+03 1.329190170237141490e-19 7.310231138233844635e-20
9.494361470095547702e+03 5.415451026689596114e-20 9.229299324195646410e-20
9.499367398028603930e+03 4.719579766010028948e-21 1.362033096910647028e-19
9.504373325961660157e+03 -2.459416108080976777e-20 1.319922054473867193e-19
9.509379253894716385e+03 1.401716445987759588e-19 1.009975711151762278e-19
9.514385181827770793e+03 -1.120034072643957125e-19 1.420325168699252674e-19
9.519391109760827021e+03 -7.818101171458237527e-20 1.704404146031180672e-19
9.524397037693881430e+03 1.603742326006388808e-19 1.470892348155585249e-19
9.529402965626937657e+03 2.041632234121995642e-20 8.325392170428561232e-20
9.534408893559993885e+03 4.151897854828068883e-20 7.774615322901261817e-20
9.539414821493050113e+03 5.721520305597479306e-20 7.416547477736117770e-20
9.544420749426106340e+03 5.892662835548782891e-20 8.563392569545151392e-20
9.549426677359160749e+03 2.412572198278354818e-19 1.093687753949069724e-19
9.554432605292216977e+03 1.322919245218620306e-19 1.134667982575494139e-19
9.559438533225271385e+03 1.508349039969402643e-19 1.157791647805930839e-19
9.564444461158327613e+03 3.643757656380027941e-19 1.505537499872827369e-19
9.569450389091383840e+03 2.170519408551206194e-19 1.571235120420385409e-19
9.574456317024440068e+03 4.887224305830146820e-20 1.130519849478898814e-19
9.579462244957496296e+03 4.505752454309152719e-20 7.752782283029298166e-20
9.584468172890550704e+03 1.351758454476678918e-19 7.891068219188990599e-20
9.589474100823605113e+03 -5.904121215307901744e-21 8.323241960401331505e-20
9.594480028756661341e+03 -4.702548745873503850e-20 8.342579247452534979e-20
9.599485956689717568e+03 1.815071162449904852e-19 8.754979625772689451e-20
9.604491884622773796e+03 9.215586555880946695e-20 1.010823960197688786e-19
9.609497812555830023e+03 6.879500613602084698e-21 1.003127548007791805e-19
9.614503740488886251e+03 -1.717010490718257263e-20 1.046017965203031987e-19
9.619509668421940660e+03 1.502207467296067771e-19 1.136478179380441651e-19
9.624515596354995068e+03 7.945531167501295418e-20 1.095235014674969265e-19
9.629521524288051296e+03 1.635631599133025780e-19 8.304456515124038044e-20
9.634527452221107524e+03 9.715464967688133392e-21 7.559964745580328582e-20
9.639533380154163751e+03 1.011516450892461893e-20 7.631338342956681862e-20
9.644539308087219979e+03 1.405151577386284212e-19 7.432941246995445076e-20
9.649545236020274388e+03 1.031790715360927355e-19 7.578219351250104346e-20
9.654551163953330615e+03 1.294480390761979305e-19 7.869401532079382535e-20
9.659557091886385024e+03 5.072498349358112887e-20 8.385423667372194236e-20
9.664563019819441251e+03 1.779835668991080595e-21 1.009139637884731280e-19
9.669568947752497479e+03 1.239016078659137399e-19 1.075422446701320108e-19
9.674574875685553707e+03 1.769557057802285136e-19 1.167825616646944678e-19
9.679580803618609934e+03 3.977011527767032837e-19 1.269364881786068729e-19
9.684586731551664343e+03 2.044073006661600151e-19 1.249271787751976879e-19
9.689592659484720571e+03 6.798444183613164760e-20 1.112952069261749678e-19
9.694598587417774979e+03 -2.762726066296988921e-20 1.303641428568853179e-19
9.699604515350831207e+03 -2.132430828808683340e-20 1.431343684691319868e-19
9.704610443283887435e+03 3.086389315697842744e-21 1.388697688135419223e-19
9.709616371216943662e+03 -5.396268718182719759e-20 1.279052241320253741e-19
9.714622299149999890e+03 -2.196210488984898281e-19 1.711007003920079974e-19
9.719628227083054298e+03 -2.573292469980638690e-19 1.750812048546853298e-19
9.724634155016110526e+03 5.833783658780535063e-19 1.487947659689324091e-19
9.729640082949164935e+03 2.324474131793601411e-19 1.134844961468597730e-19
9.734646010882221162e+03 -1.607920232497036964e-20 1.261768468636033611e-19
9.739651938815277390e+03 -3.150957485307526836e-20 1.280848098013473270e-19
9.744657866748333618e+03 1.064433035420877375e-19 1.118566010164083629e-19
9.749663794681389845e+03 1.270691159325580304e-19 9.494610879942333755e-20
9.754669722614444254e+03 -7.622717012331117825e-20 8.456150828951007303e-20
9.759675650547500481e+03 -6.250918414441373631e-20 8.459085061324805054e-20
9.764681578480554890e+03 6.488179412082892968e-20 8.529433575200693392e-20
9.769687506413611118e+03 6.149918110313521992e-20 8.539462698477925589e-20
9.774693434346667345e+03 1.766323896863589859e-19 8.458715125910124571e-20
9.779699362279723573e+03 1.936779260537869981e-19 9.681945959958807319e-20
9.784705290212779801e+03 1.157352477052053053e-19 1.765299087402669461e-19
9.789711218145834209e+03 1.259955710503284249e-20 2.295351559121097842e-19
9.794717146078890437e+03 1.692078659725145589e-19 2.300230918694368486e-19
9.799723074011944846e+03 1.143272599977940721e-19 1.735343233168554467e-19
9.804729001945001073e+03 1.473823788932154708e-19 1.454807005930534475e-19
9.809734929878057301e+03 8.950842178171411969e-20 1.260697083702375655e-19
9.814740857811113528e+03 -5.806305249747046778e-20 1.259861222404986173e-19
9.819746785744169756e+03 2.258227169511765248e-20 1.157013414007150313e-19
9.824752713677224165e+03 -4.005752101840221619e-20 1.110360857149642307e-19
9.829758641610280392e+03 1.372294480148929786e-19 1.108930513784027094e-19
9.834764569543334801e+03 1.032270525855924122e-19 1.073657343101551656e-19
9.839770497476391029e+03 1.182124192852046061e-19 1.111691558668186589e-19
9.844776425409447256e+03 2.162399692238758000e-19 1.600746534112787774e-19
9.849782353342503484e+03 7.028727945973029457e-20 1.855427993131461301e-19
9.854788281275559712e+03 1.673518097905837472e-19 1.051574109814685862e-19
9.859794209208614120e+03 4.304766314674430093e-20 7.148044346668293073e-20
9.864800137141670348e+03 -3.725984295345871484e-20 1.162668793958370948e-19
9.869806065074724756e+03 -5.292553223153932570e-20 1.811200700599451083e-19
9.874811993007780984e+03 2.258323932744234219e-20 1.819903945263252770e-19
9.879817920940837212e+03 -4.974518835845876618e-22 1.173916611027252385e-19
9.884823848873893439e+03 9.115665850093073598e-20 8.650705676888299815e-20
9.889829776806949667e+03 -4.104675113255326337e-20 1.176112519148717610e-19
9.894835704740004076e+03 -6.731062004694707465e-20 1.285068323739787406e-19
9.899841632673058484e+03 4.596296621210710978e-21 1.136538979981861633e-19
9.904847560606114712e+03 -1.529010008444704909e-20 9.563071487534537967e-20
9.909853488539170939e+03 -5.348753807649181686e-20 1.639502690271106301e-19
9.914859416472227167e+03 -2.719693300013618175e-20 1.910252418188170883e-19
9.919865344405283395e+03 1.191450872493003925e-19 1.734027039511914532e-19
9.924871272338339622e+03 -7.357358265332638224e-20 9.605162541908672529e-20
9.929877200271394031e+03 3.029849697818150362e-21 8.666207877797261018e-20
9.934883128204448440e+03 -4.360651114206527169e-20 1.219452440989576918e-19
9.939889056137504667e+03 -9.548173985954514207e-20 2.079530351627587635e-19
9.944894984070560895e+03 -1.110774627530982511e-19 2.559083641580532367e-19
9.949900912003617123e+03 -1.591912087695640306e-20 2.435998833929170450e-19
9.954906839936673350e+03 2.126217622406707225e-19 2.271018077546330901e-19
9.959912767869729578e+03 2.481001413106348223e-19 2.402192835407462445e-19
9.964918695802783986e+03 2.677110581874389887e-20 2.072282229331678788e-19
9.969924623735838395e+03 5.873889578079119252e-20 1.688271054217937542e-19
9.974930551668894623e+03 6.285910685967850780e-20 1.525641930751272984e-19
9.979936479601950850e+03 -1.018574702102447661e-19 1.278589377394187325e-19
9.984942407535007078e+03 7.432837897165099621e-21 1.069844982252167336e-19
9.989948335468063306e+03 -7.623106367669204267e-20 9.724139272505225211e-20
9.994954263401117714e+03 -2.632056403018623416e-20 1.146103576759481168e-19
9.999960191334173942e+03 -4.563042493943994550e-20 1.276002812706704585e-19
1.000496611926722835e+04 -1.448874623780851764e-20 1.728791389400367149e-19
1.000997204720028458e+04 2.965376892998314776e-19 2.606979093382279907e-19
1.001497797513334081e+04 1.889602475034182337e-19 2.623892350779867020e-19
1.001998390306639703e+04 4.403693043152081243e-21 2.121538280528872587e-19
1.002498983099945326e+04 -5.127645077232198671e-20 1.744294588872910618e-19
1.002999575893250767e+04 -6.650213327043841265e-20 1.558468894304525197e-19
1.003500168686556390e+04 6.643617159890719453e-20 1.197483271444004678e-19
1.004000761479861831e+04 6.503081894728661503e-20 1.277279179784150798e-19
1.004501354273167453e+04 7.777482310419790010e-20 1.305108485346017734e-19
1.005001947066473076e+04 4.199269671200233321e-20 1.200702812773694932e-19
1.005502539859778699e+04 -5.413806389701008240e-20 1.342498862594951571e-19
1.006003132653084322e+04 -9.943045608250516028e-20 1.595292984332810365e-19
1.006503725446389763e+04 -5.911236955093785762e-20 1.688612204103520132e-19
1.007004318239695385e+04 -2.271364726046686500e-20 1.511298788577473011e-19
1.007504911033000826e+04 -1.088014632981259325e-19 1.653783804096021888e-19
1.008005503826306449e+04 -5.674119113689106618e-20 2.339007894504409604e-19
1.008506096619612072e+04 2.973985025022424650e-20 2.398533554476380150e-19
1.009006689412917694e+04 -4.652496159225899178e-20 1.907091479713156558e-19
1.009507282206223317e+04 -2.472877645265073946e-20 1.476287948511770967e-19
1.010007874999528758e+04 -9.293601682455994709e-20 1.918086324792992400e-19
1.010508467792834381e+04 1.550513554160187922e-20 2.022882541073812777e-19
1.011009060586139822e+04 4.743867465002981319e-20 1.698347618378357128e-19
1.011509653379445444e+04 -5.615591606523547687e-20 1.573204420171544160e-19
1.012010246172751067e+04 2.360927080958979516e-19 2.424759544541301649e-19
1.012510838966056690e+04 -5.104493704216110396e-20 2.682425161009241243e-19
1.013011431759362313e+04 6.076245637289665383e-20 2.312997148769465681e-19
1.013512024552667754e+04 2.106292904282691749e-20 1.529622801940659325e-19
1.014012617345973376e+04 -4.761011220545911781e-20 1.538254941228421479e-19
1.014513210139278817e+04 -2.120567546469574976e-20 1.843234828863345122e-19
1.015013802932584440e+04 -1.015892586584793276e-19 2.347319985302433361e-19
1.015514395725890063e+04 2.012173636722004801e-19 2.519927926985047476e-19
1.016014988519195686e+04 -2.649199075686024500e-20 2.331335893782206906e-19
1.016515581312501308e+04 4.139430113925970690e-20 2.455007372479122654e-19
1.017016174105806749e+04 -1.030519917164644369e-19 3.176868881014925832e-19
1.017516766899112372e+04 -3.856800264401313827e-21 3.325272133531497342e-19
1.018017359692417813e+04 -9.802201504530538307e-20 2.812396376169685234e-19
1.018517952485723436e+04 1.793716048394835171e-19 2.634981959335848772e-19
1.019018545279029058e+04 -5.993386560159606446e-20 2.824431456193802146e-19
1.019519138072334681e+04 3.348011828205659236e-21 2.638150074798488525e-19
1.020019730865640304e+04 1.487765617355092218e-19 2.463549112159504704e-19
1.020520323658945745e+04 -6.552740030112438265e-20 2.893262803077569263e-19
1.021020916452251367e+04 -1.385457032551270502e-19 3.278119849012737425e-19
1.021521509245556808e+04 4.420790358852568913e-20 3.125282092432087844e-19
1.022022102038862431e+04 3.888856761944422183e-21 2.754048413319051955e-19
1.022522694832168054e+04 -9.683454606159895372e-20 3.236369064195257903e-19
1.023023287625473677e+04 -8.448189632776402260e-20 3.572926172147253771e-19
1.023523880418779299e+04 3.240681958413072162e-20 2.815845393228350367e-19
1.024024473212084740e+04 8.752927363115722806e-20 2.091960731609429409e-19
1.024525066005390181e+04 2.179456772178452941e-21 1.882485927142928249e-19
1.025025658798695804e+04 -1.440645156951939663e-19 1.796779143786585213e-19
1.025526251592001427e+04 -6.814449340898811379e-20 1.767038808325347550e-19
1.026026844385307049e+04 2.367694448747239818e-20 1.759976253091278102e-19
1.026527437178612672e+04 -2.157022952630464909e-19 1.978920287149787133e-19
1.027028029971918295e+04 2.409365340854954308e-20 2.063228945672168732e-19
1.027528622765223736e+04 2.228925074802143427e-19 2.054412042961238307e-19
1.028029215558529177e+04 1.646827076571916233e-20 2.860461442441071556e-19
1.028529808351834799e+04 1.569437596714263243e-19 3.966568868912122855e-19
1.029030401145140422e+04 2.212965224372626300e-19 4.113715305900348119e-19
1.029530993938446045e+04 -1.489166047819671396e-20 3.389883843677570306e-19
