#  wl flam flam_err
4.803806996822357178e+03 9.954711520637276946e-19 1.532544253776366226e-18
4.808812924755412496e+03 1.704790618916699057e-18 1.389095021246308834e-18
4.813818852688468723e+03 1.075712734400699805e-18 1.280436657594596279e-18
4.818824780621524042e+03 6.017968020294071837e-19 1.149419382272458613e-18
4.823830708554580269e+03 3.452433241407016220e-19 1.029007052302656806e-18
4.828836636487635587e+03 4.677383019910523254e-19 9.182900562198198774e-19
4.833842564420691815e+03 1.124433039155197537e-18 8.417285833623363870e-19
4.838848492353747133e+03 -4.182344858950436967e-21 7.836647662597308552e-19
4.843854420286802451e+03 4.497434716945849537e-20 7.179286311290007203e-19
4.848860348219858679e+03 9.335962350357892306e-19 6.434633522580453395e-19
4.853866276152913997e+03 -2.571717028768112940e-20 5.653749592450451244e-19
4.858872204085970225e+03 -2.807454170761619912e-21 5.123011535232023494e-19
4.863878132019025543e+03 9.205536578586190055e-19 4.973554635698541289e-19
4.868884059952080861e+03 4.416379034498404343e-19 4.893785367048948760e-19
4.873889987885137089e+03 4.537692865057580166e-19 4.808390474701553538e-19
4.878895915818192407e+03 -4.591283477171949814e-19 4.594122610271246417e-19
4.883901843751248634e+03 1.248384423442763174e-19 4.364947649674537426e-19
4.888907771684303952e+03 -5.520044122964018305e-19 4.136815620541192044e-19
4.893913699617360180e+03 3.045154012291243595e-19 4.040175591562439316e-19
4.898919627550415498e+03 1.031846543368732999e-19 3.846689451719638504e-19
4.903925555483470816e+03 3.702906093005105683e-19 3.585052120118816611e-19
4.908931483416527044e+03 3.994110501237460131e-19 3.392750401795463627e-19
4.913937411349582362e+03 3.362540198754248615e-19 3.211031014649271985e-19
4.918943339282638590e+03 -5.209632366398368719e-19 3.154957339409815895e-19
4.923949267215693908e+03 -3.617711480865407469e-20 3.076733079879614549e-19
4.928955195148750136e+03 -1.141441383139241767e-20 2.958747282534317052e-19
4.933961123081805454e+03 4.125487679085200276e-19 2.849267855589662114e-19
4.938967051014860772e+03 8.471725927892135200e-20 2.711839988678816705e-19
4.943972978947916999e+03 4.753747605056863920e-19 2.721722331844208608e-19
4.948978906880972318e+03 2.427611863525339214e-19 2.707902913778422625e-19
4.953984834814028545e+03 -1.025659329443277481e-19 2.588215168627668538e-19
4.958990762747083863e+03 3.570723585038469958e-19 2.493049149133817868e-19
4.963996690680139181e+03 5.715869053214524490e-19 2.457830535420955379e-19
4.969002618613195409e+03 4.475486760511202657e-19 2.450074891803688597e-19
4.974008546546250727e+03 4.637818300427019159e-19 2.475120280742465648e-19
4.979014474479306955e+03 -1.235013750977387881e-19 2.428283050493673186e-19
4.984020402412362273e+03 8.254458729054324741e-20 2.362745483186487030e-19
4.989026330345418501e+03 4.488940894697535346e-20 2.335222322789799181e-19
4.994032258278473819e+03 3.597548109401035016e-19 2.312106951266283670e-19
4.999038186211529137e+03 3.202923393495883412e-19 2.258870932854716011e-19
5.004044114144585365e+03 1.979689259621867953e-19 2.214626519000564634e-19
5.009050042077640683e+03 3.093293280100669235e-19 2.137167762854257655e-19
5.014055970010696910e+03 1.291040810128439926e-19 1.984381061767804587e-19
5.019061897943752228e+03 2.672398693162418150e-19 1.875519290405336203e-19
5.024067825876807547e+03 -1.094407075590065552e-19 1.831917493578478658e-19
5.029073753809863774e+03 4.807158812153367763e-19 1.843543969284936973e-19
5.034079681742919092e+03 2.616777580548979862e-19 1.809535506317131139e-19
5.039085609675975320e+03 -6.216457445305994686e-20 1.764691369693498137e-19
5.044091537609030638e+03 3.178072871168210626e-19 1.713457753870416167e-19
5.049097465542086866e+03 8.668265302570388441e-20 1.668230150141061749e-19
5.054103393475142184e+03 -2.618565574900027949e-19 1.665167178196684077e-19
5.059109321408197502e+03 -8.547260847619202371e-20 1.717372784590622801e-19
5.064115249341253730e+03 1.977936483355449054e-19 1.686846553256695384e-19
5.069121177274309048e+03 2.580482794348327591e-19 1.647350042123274423e-19
5.074127105207365275e+03 1.004991781315005060e-19 1.589609996704743043e-19
5.079133033140420594e+03 2.113996911687775662e-19 1.558089915975912931e-19
5.084138961073476821e+03 8.025297793893215420e-20 1.596550502459290566e-19
5.089144889006532139e+03 2.838585748889578713e-20 1.654041754973586252e-19
5.094150816939587457e+03 2.040565638367135685e-19 1.677685745600847407e-19
5.099156744872643685e+03 8.919005621469636680e-20 1.659513494516141903e-19
5.104162672805699003e+03 1.375761059597376977e-19 1.641436668829313172e-19
5.109168600738755231e+03 1.882374183780952510e-19 1.646168051610868643e-19
5.114174528671810549e+03 -9.936820720310014002e-20 1.714945862055005373e-19
5.119180456604865867e+03 2.337527250256911417e-19 1.784707528143910942e-19
5.124186384537922095e+03 -1.364047184647669682e-19 1.767667275876790586e-19
5.129192312470977413e+03 1.729682738142021350e-21 1.692579879773814594e-19
5.134198240404033641e+03 7.433867257243344166e-20 1.603162582653745509e-19
5.139204168337088959e+03 -4.180010177376315989e-20 1.529416553924258893e-19
5.144210096270145186e+03 1.444925563071021379e-20 1.510666851516025623e-19
5.149216024203200504e+03 -1.084013208230731092e-19 1.495788067210026797e-19
5.154221952136255823e+03 9.749488326286358015e-20 1.479329448327992486e-19
5.159227880069312050e+03 4.093022550743944956e-19 1.421545643520436523e-19
5.164233808002367368e+03 2.919364768877324957e-19 1.302175559993754219e-19
5.169239735935423596e+03 2.047327546543220279e-19 1.222973175936304759e-19
5.174245663868478914e+03 2.954666524411946760e-20 1.224781533358005038e-19
5.179251591801534232e+03 2.114886491688407528e-19 1.261366324632891914e-19
5.184257519734590460e+03 3.358491328663943861e-19 1.283287006164748478e-19
5.189263447667645778e+03 1.089224822905263041e-19 1.300813379639208615e-19
5.194269375600702006e+03 1.703418340348458570e-19 1.353535973216942042e-19
5.199275303533757324e+03 3.429468283003935791e-19 1.380725903026718785e-19
5.204281231466813551e+03 1.457714607300319481e-19 1.351475048066729548e-19
5.209287159399868870e+03 3.186711997397114805e-19 1.313563052607514778e-19
5.214293087332924188e+03 3.041106923233433603e-19 1.354778103366460050e-19
5.219299015265980415e+03 2.679352410824114672e-19 1.376008615860901452e-19
5.224304943199035733e+03 2.357492260527963154e-19 1.374804608039819295e-19
5.229310871132091961e+03 2.733254493260766482e-19 1.350861511439050783e-19
5.234316799065147279e+03 2.298724346316184511e-19 1.374511888070774586e-19
5.239322726998203507e+03 4.134740369707372597e-19 1.427046063623244177e-19
5.244328654931258825e+03 4.107861189962964140e-19 1.448068796878956357e-19
5.249334582864314143e+03 2.702474103671444431e-19 1.473251923841035789e-19
5.254340510797370371e+03 1.130400291600074273e-19 1.449902255903091648e-19
5.259346438730425689e+03 -3.960672382265723030e-20 1.349995609086540897e-19
5.264352366663481916e+03 4.589174782692238459e-19 1.244925879909161916e-19
5.269358294596537235e+03 2.538682275662978875e-19 1.238909793630565385e-19
5.274364222529593462e+03 -1.235860749683115936e-20 1.273700361490076056e-19
5.279370150462648780e+03 -5.113029515219501809e-20 1.278569268440471423e-19
5.284376078395704099e+03 1.229884877934948396e-19 1.249613766900415304e-19
5.289382006328760326e+03 2.494570399344824947e-19 1.240957774773250262e-19
5.294387934261815644e+03 2.329878400658844641e-19 1.219072470608873286e-19
5.299393862194871872e+03 3.049145063470979123e-19 1.202317434827962829e-19
5.304399790127927190e+03 4.190568853357219391e-19 1.213218908341913895e-19
5.309405718060982508e+03 3.147316770506225269e-19 1.218384515626356556e-19
5.314411645994038736e+03 1.886868145773643627e-19 1.214321749361724077e-19
5.319417573927094054e+03 3.480434668647168166e-19 1.187507373219744844e-19
5.324423501860150282e+03 3.939050614984260189e-19 1.155431461423719763e-19
5.329429429793205600e+03 3.145436782885560413e-19 1.141328240830296075e-19
5.334435357726260918e+03 1.874223360070603520e-19 1.143725280861628101e-19
5.339441285659317145e+03 3.349707179222249517e-19 1.174739523115173858e-19
5.344447213592372464e+03 1.599911310629828540e-19 1.208748521514898984e-19
5.349453141525428691e+03 3.062991918419093652e-19 1.244209468137568378e-19
5.354459069458484009e+03 4.007296178114291629e-19 1.258094091547775487e-19
5.359464997391540237e+03 3.316967243428966571e-19 1.245987639223588550e-19
5.364470925324595555e+03 1.696076628291965016e-19 1.226498718314686901e-19
5.369476853257650873e+03 2.788877124261235558e-19 1.247565258431253900e-19
5.374482781190707101e+03 1.652988371426680454e-19 1.301657520531209840e-19
5.379488709123762419e+03 5.298477037310760033e-19 1.327309226478415480e-19
5.384494637056818647e+03 2.950308704870245670e-19 1.294888041188089770e-19
5.389500564989873965e+03 2.327024723785943613e-19 1.235702932206852440e-19
5.394506492922930192e+03 2.260459590148541784e-19 1.176882252010965598e-19
5.399512420855985511e+03 3.053963631223291254e-19 1.140990582292628031e-19
5.404518348789040829e+03 2.650764109553091180e-19 1.109771450959318843e-19
5.409524276722097056e+03 4.162108804615064291e-19 1.107659039146181960e-19
5.414530204655152374e+03 5.337210861535793216e-19 1.131464071329911864e-19
5.419536132588208602e+03 3.613308982313888827e-19 1.122207042471450294e-19
5.424542060521263920e+03 1.682309305984432266e-19 1.102462661298284346e-19
5.429547988454320148e+03 2.599541013851822731e-19 1.087973720663820353e-19
5.434553916387375466e+03 1.509708019664049260e-19 1.073051885446753973e-19
5.439559844320430784e+03 4.051851401462386865e-19 1.084399212972605926e-19
5.444565772253487012e+03 1.654837765404216280e-19 1.086995289311401287e-19
5.449571700186542330e+03 2.667432445034682266e-19 1.113375832434066329e-19
5.454577628119598558e+03 4.450518831500393495e-19 1.137718516470518451e-19
5.459583556052653876e+03 2.406240747206246979e-19 1.152235024923567337e-19
5.464589483985709194e+03 4.399204220707047070e-19 1.149268291600547065e-19
5.469595411918765421e+03 2.458249617208650301e-19 1.119983739117748168e-19
5.474601339851820740e+03 2.674630742234701035e-19 1.113894502369338230e-19
5.479607267784876967e+03 2.161496360071493678e-19 1.129350098611960442e-19
5.484613195717932285e+03 4.633493780353296685e-19 1.162591668802014229e-19
5.489619123650987603e+03 2.470391542452439234e-19 1.185010864896208030e-19
5.494625051584043831e+03 2.337657116358597536e-19 1.193223902682157833e-19
5.499630979517099149e+03 2.215337439105501897e-19 1.206265255456445344e-19
5.504636907450155377e+03 2.199414430723257753e-19 1.203982673556665325e-19
5.509642835383210695e+03 7.492810398955219556e-20 1.169617212413003688e-19
5.514648763316266923e+03 -2.476338255071190550e-20 1.129687027598029126e-19
5.519654691249322241e+03 -1.519174106701704586e-19 1.117022750792008524e-19
5.524660619182377559e+03 2.730934543176356415e-19 1.107709739982361237e-19
5.529666547115433787e+03 1.833374687238080738e-19 1.099428785869955090e-19
5.534672475048489105e+03 3.007446792995088488e-19 1.105343830022786966e-19
5.539678402981545332e+03 3.272047617484185268e-19 1.116363474462797745e-19
5.544684330914600650e+03 4.860677128861019097e-19 1.111319731785940291e-19
5.549690258847656878e+03 3.324870919271442429e-19 1.071640774701970181e-19
5.554696186780712196e+03 2.874701404034848572e-19 1.053562176021361516e-19
5.559702114713767514e+03 1.499719709656203167e-19 1.083749491836043840e-19
5.564708042646823742e+03 3.511308843925217174e-19 1.138642021974589215e-19
5.569713970579879060e+03 2.406617748152542040e-19 2.166352627876125041e-19
5.574719898512935288e+03 2.215520371327022746e-19 3.711501794004631004e-19
5.579725826445990606e+03 3.130234891154399188e-19 3.633120769876167226e-19
5.584731754379046833e+03 3.080124935552817940e-19 2.002593170885925701e-19
5.589737682312102152e+03 1.787015927400916675e-19 1.103100874995415887e-19
5.594743610245157470e+03 1.852994103447021905e-19 1.068525353928194906e-19
5.599749538178213697e+03 1.391830127136503381e-19 1.100073815273873615e-19
5.604755466111269016e+03 1.777580040583982984e-19 1.124231476494968577e-19
5.609761394044325243e+03 3.162045951739845459e-20 1.118360882988915616e-19
5.614767321977380561e+03 2.807608697922648378e-19 1.103856102920528742e-19
5.619773249910436789e+03 2.611077366298374727e-19 1.118417637988075209e-19
5.624779177843492107e+03 1.269408169867616020e-19 1.115228077748039982e-19
5.629785105776547425e+03 8.595406330748812988e-20 1.091750357144039278e-19
5.634791033709603653e+03 1.036971796610196234e-19 1.075776282198550144e-19
5.639796961642658971e+03 4.288451969329067087e-19 1.083000109490519739e-19
5.644802889575714289e+03 1.092648060843117221e-19 1.067369770297988017e-19
5.649808817508770517e+03 2.132291865258254262e-20 1.048542633172962388e-19
5.654814745441825835e+03 2.530034033585660290e-19 1.012638121612530937e-19
5.659820673374882062e+03 3.329564651677635134e-19 9.892896566695693507e-20
5.664826601307937381e+03 3.277178381583262599e-19 9.834939414318625410e-20
5.669832529240993608e+03 2.825995523707727309e-19 9.776064145348559017e-20
5.674838457174048926e+03 2.998951254552722747e-19 9.630396105101001303e-20
5.679844385107104245e+03 3.084354834632704145e-19 9.580037671333267675e-20
5.684850313040160472e+03 1.969095112499602200e-19 9.705679057612373602e-20
5.689856240973215790e+03 1.515718753231122650e-19 1.001387975844462140e-19
5.694862168906272018e+03 2.344838582071615259e-19 1.002366140783902242e-19
5.699868096839327336e+03 2.803110992322540430e-19 9.994402619466349972e-20
5.704874024772383564e+03 3.020981327710340290e-19 9.812566893876432155e-20
5.709879952705438882e+03 3.921028723090681578e-19 9.655695397225450265e-20
5.714885880638494200e+03 6.531017224015636019e-20 9.529096152198703862e-20
5.719891808571550428e+03 3.188102204854515824e-19 9.757374454234811021e-20
5.724897736504605746e+03 2.868573629190334820e-19 9.865426941210446746e-20
5.729903664437661973e+03 3.215243809202111259e-19 9.967643574323633428e-20
5.734909592370717291e+03 2.825112972335504132e-19 1.022985914979042882e-19
5.739915520303773519e+03 1.321967946182405807e-19 1.039451075981196161e-19
5.744921448236828837e+03 1.257502044515183210e-19 1.045620894255363049e-19
5.749927376169884155e+03 1.869175737004839877e-19 1.055073874676490370e-19
5.754933304102940383e+03 4.312045976023715953e-19 1.065554825468782926e-19
5.759939232035995701e+03 1.949576009784799728e-19 1.063554010920660135e-19
5.764945159969051929e+03 7.132607742614327776e-20 1.070783786714617916e-19
5.769951087902107247e+03 2.085982247693381077e-19 1.045445917265375640e-19
5.774957015835163475e+03 1.487744538802040817e-19 1.031593730854247398e-19
5.779962943768218793e+03 3.132802101158223758e-19 1.012533556794413271e-19
5.784968871701274111e+03 1.949713665782421921e-20 9.925801471128404931e-20
5.789974799634330338e+03 5.501462769653986522e-20 9.767333307689453720e-20
5.794980727567385657e+03 1.450308375155182626e-19 9.533940429654830754e-20
5.799986655500441884e+03 3.000062042195912315e-19 9.336098657695694389e-20
5.804992583433497202e+03 4.283404260223790552e-19 9.156063595439562158e-20
5.809998511366552520e+03 3.094898637407967844e-19 8.992305888532201411e-20
5.815004439299608748e+03 3.114717450101295432e-19 8.886673575902373357e-20
5.820010367232664066e+03 2.250930912883653340e-19 8.916477482616492811e-20
5.825016295165720294e+03 2.649759854862354679e-19 9.004289354989149443e-20
5.830022223098775612e+03 2.222816001910489492e-19 9.172194788620037393e-20
5.835028151031830930e+03 1.823341313596487637e-19 9.109528216106061405e-20
5.840034078964887158e+03 1.717425641265850524e-19 9.030223086584489340e-20
5.845040006897942476e+03 2.449902283016296787e-19 9.083164687725635105e-20
5.850045934830998704e+03 3.383578830034182833e-19 9.037617548674856591e-20
5.855051862764054022e+03 3.026901579436836180e-19 8.947348257870099653e-20
5.860057790697110249e+03 1.924896498687172553e-19 9.599410932528144044e-20
5.865063718630165567e+03 2.270490124469948816e-19 1.061320076196911506e-19
5.870069646563220886e+03 2.062128006595536167e-19 1.102660450894908988e-19
5.875075574496277113e+03 1.945529023011497097e-19 1.043208344022736124e-19
5.880081502429332431e+03 4.401434233358057620e-19 1.096708085639607745e-19
5.885087430362388659e+03 1.182636023913204787e-19 1.652157992988622668e-19
5.890093358295443977e+03 4.812205167849652775e-19 1.936177947699784818e-19
5.895099286228500205e+03 1.911181918581582158e-19 1.744944870580455653e-19
5.900105214161555523e+03 -1.423511681024665544e-19 1.284469240565517539e-19
5.905111142094610841e+03 -1.440659880847812081e-19 1.014690626570964646e-19
5.910117070027667069e+03 1.141147039442035748e-19 1.036089861969453315e-19
5.915122997960722387e+03 2.910068829382137821e-19 1.047611311368581981e-19
5.920128925893778614e+03 2.932223981838057130e-19 1.047138466536610491e-19
5.925134853826833933e+03 2.002794133750489158e-19 1.033020935414662276e-19
5.930140781759890160e+03 2.595863984870313384e-19 1.069592618569171872e-19
5.935146709692945478e+03 3.152435978936497498e-19 1.026206986678425778e-19
5.940152637626000796e+03 2.850230901381858215e-19 9.600433147217983199e-20
5.945158565559057024e+03 1.815995803268062639e-19 9.358682164413538567e-20
5.950164493492112342e+03 3.244333976140574232e-19 9.683682133412990136e-20
5.955170421425167660e+03 2.937159605785066785e-19 9.391355972312727907e-20
5.960176349358223888e+03 1.477385104628642147e-19 8.728397704075024162e-20
5.965182277291280116e+03 2.883892061681644965e-19 8.782319831317242881e-20
5.970188205224335434e+03 2.753435285873486692e-19 9.099165069199533453e-20
5.975194133157390752e+03 1.806277999465282137e-19 9.396513741834416912e-20
5.980200061090446980e+03 2.418699508658982317e-19 9.179819715849025430e-20
5.985205989023502298e+03 2.423618515601683816e-19 8.898130574510787424e-20
5.990211916956557616e+03 1.337297723548893288e-19 8.839455873712032959e-20
5.995217844889613843e+03 2.023536428551977268e-19 8.963720096045541545e-20
6.000223772822669162e+03 2.708712694654038136e-19 9.151564772801665487e-20
6.005229700755725389e+03 1.524745420671724866e-19 9.048524963904101591e-20
6.010235628688780707e+03 1.256448629319889766e-19 8.877440547971958718e-20
6.015241556621836935e+03 1.791675562744219431e-19 8.918072639235795233e-20
6.020247484554892253e+03 2.861588369505767283e-19 8.901321186953691651e-20
6.025253412487947571e+03 2.910664397596698671e-19 9.050587217963844971e-20
6.030259340421003799e+03 2.708739876660156586e-19 9.108246418751043542e-20
6.035265268354059117e+03 2.569586527142086342e-19 8.890111435019166913e-20
6.040271196287115345e+03 3.188551721001100539e-19 8.677779592327181656e-20
6.045277124220170663e+03 3.000635401257448633e-19 8.459969818362564509e-20
6.050283052153226890e+03 2.300561013092768532e-19 8.235260311843057040e-20
6.055288980086282209e+03 1.304320942295075894e-19 8.013388620074884953e-20
6.060294908019337527e+03 9.008462099026344918e-20 7.907792239169794157e-20
6.065300835952393754e+03 2.610184035228147959e-19 7.736215564655525937e-20
6.070306763885449072e+03 1.817184327857196761e-19 7.586903709464026186e-20
6.075312691818505300e+03 2.941987074320192216e-19 7.462992203820910768e-20
6.080318619751560618e+03 1.580709542279012375e-19 7.493379133437753225e-20
6.085324547684616846e+03 3.278693073845023858e-19 7.583950291337915612e-20
6.090330475617672164e+03 2.701321273479679530e-19 7.643435236371164722e-20
6.095336403550727482e+03 1.409043450628387999e-19 7.672833570444018778e-20
6.100342331483783710e+03 1.911590225609732700e-19 7.720997983717651484e-20
6.105348259416839028e+03 3.245405104256322392e-19 7.674129101074424977e-20
6.110354187349894346e+03 2.132851367289966284e-19 7.620491417000086977e-20
6.115360115282950574e+03 2.077683209573848939e-19 7.572490528829493082e-20
6.120366043216006801e+03 1.750931662362721533e-19 7.514442600894848236e-20
6.125371971149062119e+03 2.569382976781203617e-19 7.608493445091097051e-20
6.130377899082117438e+03 3.685921965799773923e-19 7.827330542046089253e-20
6.135383827015173665e+03 3.129653642218441464e-19 8.309103111232782212e-20
6.140389754948228983e+03 2.754290373476905779e-19 8.806085107783652436e-20
6.145395682881284301e+03 2.423087652793091376e-19 8.724734457752733561e-20
6.150401610814340529e+03 2.327185242850203199e-19 8.446412567658528067e-20
6.155407538747396757e+03 1.880872954071741833e-19 8.051882776460362319e-20
6.160413466680452075e+03 1.398036728719724008e-19 7.844530321531293685e-20
6.165419394613507393e+03 2.148255671963543579e-19 8.089224321016759379e-20
6.170425322546563621e+03 2.927382581214790669e-19 8.227285012477226830e-20
6.175431250479618939e+03 1.324854826951656745e-19 7.822003250879344811e-20
6.180437178412674257e+03 1.805028850758692397e-19 7.418417300830517724e-20
6.185443106345730484e+03 2.026226505400688144e-19 7.208344161967057766e-20
6.190449034278785803e+03 2.623960066129385135e-19 7.129743970133189068e-20
6.195454962211842030e+03 2.352881914948971653e-19 7.227706573228045792e-20
6.200460890144897348e+03 4.135750204110368303e-20 7.344820723112138208e-20
6.205466818077953576e+03 2.590258916481782842e-19 7.349963123632380372e-20
6.210472746011008894e+03 1.255919737776653751e-19 7.165220703381829493e-20
6.215478673944064212e+03 3.467841224537134112e-20 7.356931793823424746e-20
6.220484601877120440e+03 1.598540609334025306e-19 7.494890197159642668e-20
6.225490529810175758e+03 1.548151551325498824e-19 7.486356149902206226e-20
6.230496457743231986e+03 2.447350449029265010e-19 8.585119933811510111e-20
6.235502385676287304e+03 1.453285878871103408e-19 9.404763607550871484e-20
6.240508313609343531e+03 1.255657790519401774e-19 8.989210100638226708e-20
6.245514241542398850e+03 2.681317945936431488e-19 7.817773248006412690e-20
6.250520169475454168e+03 1.535215266688509407e-19 7.928679037071024954e-20
6.255526097408510395e+03 2.350610315991567129e-19 9.065107759543048918e-20
6.260532025341565713e+03 2.523968029980719922e-20 9.651309591621284133e-20
6.265537953274621032e+03 1.651391167959442247e-20 8.963909898874254779e-20
6.270543881207677259e+03 2.307304013805601842e-19 8.636483095549639648e-20
6.275549809140733487e+03 3.832924872686197034e-19 8.491109741313251520e-20
6.280555737073788805e+03 2.007209928045205418e-19 8.887055901301217448e-20
6.285561665006844123e+03 1.590031381112430039e-19 9.280390091025192492e-20
6.290567592939900351e+03 1.770947746830013194e-19 1.044319977169499468e-19
6.295573520872955669e+03 1.541212800722239264e-19 1.866067625105043730e-19
6.300579448806010987e+03 4.610599395743234305e-19 2.007412544745035851e-19
6.305585376739067215e+03 4.058161295294988836e-19 1.536766908999947793e-19
6.310591304672123442e+03 3.693027306732469179e-19 8.349862429044514702e-20
6.315597232605178760e+03 2.912879521504732608e-19 7.179496025599640497e-20
6.320603160538234079e+03 2.791412657178725564e-19 7.412956130531702402e-20
6.325609088471290306e+03 3.256079922325560820e-19 8.055849341447071149e-20
6.330615016404345624e+03 1.798236249235794093e-19 7.939102978726706140e-20
6.335620944337400942e+03 2.181582104362707090e-19 7.104361993985021286e-20
6.340626872270457170e+03 2.390656518348594841e-19 6.899520807155462749e-20
6.345632800203512488e+03 1.733964537614194344e-19 7.221737805943536847e-20
6.350638728136568716e+03 2.023674159496899936e-19 7.801027213609205030e-20
6.355644656069624034e+03 1.838136760683402248e-19 9.233122905728841857e-20
6.360650584002680262e+03 1.597148868113804436e-19 1.245660022875571467e-19
6.365656511935735580e+03 1.521914683873851850e-19 1.220342109758801241e-19
6.370662439868790898e+03 2.475073629640547844e-19 8.820103686538911796e-20
6.375668367801847126e+03 3.015545468556168783e-19 7.223746432889131832e-20
6.380674295734902444e+03 2.140788509469127874e-19 7.617474790211973474e-20
6.385680223667958671e+03 2.671359092939144669e-19 7.680947644184195109e-20
6.390686151601013989e+03 2.352180656262700205e-19 7.438841679521170098e-20
6.395692079534070217e+03 1.102673201363912638e-19 7.143088003574251567e-20
6.400698007467125535e+03 2.564384734205481880e-19 7.190908099121821229e-20
6.405703935400180853e+03 1.077392404690018284e-19 7.112484866106518719e-20
6.410709863333237081e+03 9.345950906761227208e-20 7.140163009798117229e-20
6.415715791266292399e+03 4.476316939480383862e-20 7.203500391741832824e-20
6.420721719199348627e+03 1.830547633709694676e-19 7.053077717173877719e-20
6.425727647132403945e+03 1.761533164822924045e-19 6.757519665279081301e-20
6.430733575065460172e+03 9.579553896456524820e-20 6.520976090979433185e-20
6.435739502998515491e+03 1.380166595034770790e-19 6.403945893215126589e-20
6.440745430931570809e+03 2.373925739991703384e-19 6.330691698150152487e-20
6.445751358864627036e+03 1.816572398830404448e-19 6.281637736909816162e-20
6.450757286797682355e+03 1.276074077037732388e-19 6.265188498007056571e-20
6.455763214730737673e+03 2.365478747347200812e-19 6.444939926060593956e-20
6.460769142663793900e+03 1.083931506785219999e-19 7.174740625657487299e-20
6.465775070596850128e+03 6.185641434074041492e-21 7.748013816170416251e-20
6.470780998529905446e+03 1.824582652097826961e-19 7.388011152973196879e-20
6.475786926462960764e+03 2.742330235200257597e-19 6.679055021655966024e-20
6.480792854396016992e+03 1.889335245787596985e-19 6.202308184850300160e-20
6.485798782329072310e+03 1.921128582964190971e-19 6.096142644291039684e-20
6.490804710262127628e+03 1.333650736006485906e-19 6.859831792855298342e-20
6.495810638195183856e+03 2.522642035162379547e-19 8.215774960338459487e-20
6.500816566128239174e+03 1.985226950809190815e-19 8.736933456166800527e-20
6.505822494061295401e+03 1.405491618600129498e-19 7.601352573912837059e-20
6.510828421994350720e+03 1.581503085177929498e-19 6.989219591657901701e-20
6.515834349927406947e+03 1.961525560029351453e-19 7.081930142208188311e-20
6.520840277860462265e+03 1.242524661234222374e-19 7.333496969223359929e-20
6.525846205793517584e+03 1.629685178374431330e-19 7.994344488541168979e-20
6.530852133726573811e+03 2.590517142316177516e-19 8.478922209355160755e-20
6.535858061659629129e+03 2.285609343026105726e-19 8.161844558989963384e-20
6.540863989592685357e+03 1.031551754809111325e-19 7.302026778124473731e-20
6.545869917525740675e+03 1.242817578168964848e-19 7.592489343536574701e-20
6.550875845458796903e+03 9.871541029618836726e-20 7.861273287939375528e-20
6.555881773391852221e+03 5.993332720470179697e-20 7.952723722517203316e-20
6.560887701324907539e+03 1.148058706035541704e-20 7.319143685142297914e-20
6.565893629257963767e+03 2.008844564929864402e-19 7.092127453768215730e-20
6.570899557191019085e+03 7.327335216870859752e-20 7.083105152605291567e-20
6.575905485124075312e+03 2.214917751310613872e-19 7.232587835821864559e-20
6.580911413057130630e+03 1.088554949726843408e-19 6.802034690278142542e-20
6.585917340990186858e+03 9.429249853789534218e-20 5.922276032187767711e-20
6.590923268923242176e+03 1.105047544665937616e-19 6.065270851712892968e-20
6.595929196856297494e+03 2.055848684021145594e-19 6.354678018373108036e-20
6.600935124789353722e+03 3.216268299566092693e-19 6.689916223735352916e-20
6.605941052722409040e+03 1.117039288054849411e-19 6.481039086770437112e-20
6.610946980655464358e+03 2.102939625086735755e-19 5.972297552433399699e-20
6.615952908588520586e+03 1.299429853215749825e-19 5.772229633076711523e-20
6.620958836521576814e+03 1.154793986882223399e-19 5.922069571087727199e-20
6.625964764454632132e+03 1.720810072601997447e-19 6.141372952968685322e-20
6.630970692387687450e+03 1.577024330496246170e-19 6.345533921560162824e-20
6.635976620320743677e+03 1.721708807250604971e-19 6.244498780779542782e-20
6.640982548253798996e+03 2.389423119173623143e-19 6.076347611050729270e-20
6.645988476186854314e+03 2.161455465884361739e-19 6.133438933196069517e-20
6.650994404119910541e+03 2.435619670460436684e-19 6.305373593403164054e-20
6.656000332052965859e+03 2.000352711716491500e-19 6.434399266288741295e-20
6.661006259986022087e+03 2.227288278994071951e-19 6.486216177896332951e-20
6.666012187919077405e+03 1.007126350490456275e-19 6.390184431900840012e-20
6.671018115852133633e+03 1.216613168600305242e-19 6.226195509986429617e-20
6.676024043785188951e+03 1.385600126200124327e-19 6.061036989232154609e-20
6.681029971718244269e+03 2.730900279407069502e-19 5.984242481416954124e-20
6.686035899651300497e+03 2.549344150304955525e-19 5.902581276387970045e-20
6.691041827584355815e+03 1.701544702376650858e-19 5.837666157990501225e-20
6.696047755517412043e+03 1.401455088713821782e-19 5.840645260063101836e-20
6.701053683450467361e+03 2.733258648565505951e-19 5.835202534773774238e-20
6.706059611383523588e+03 2.552284651034013578e-19 5.727925492311969221e-20
6.711065539316578906e+03 2.001373817496758818e-19 5.621371691002302831e-20
6.716071467249634225e+03 7.585719271581806052e-20 5.511492895500289657e-20
6.721077395182690452e+03 1.242852771529084152e-19 5.407255776116951188e-20
6.726083323115745770e+03 1.195189106897810935e-19 5.434401805632882840e-20
6.731089251048801998e+03 1.469378237636756317e-19 5.407493796532194378e-20
6.736095178981857316e+03 1.709093024954506286e-19 5.441137778142819051e-20
6.741101106914913544e+03 1.783674621543790069e-19 5.478853612819845578e-20
6.746107034847968862e+03 1.639255579569211492e-19 5.495655028935769846e-20
6.751112962781024180e+03 2.487081156247777616e-19 5.511210411267540802e-20
6.756118890714080408e+03 1.968522646114345289e-19 5.590410149644688410e-20
6.761124818647135726e+03 2.000222790047623292e-19 5.706010774951768279e-20
6.766130746580191044e+03 1.240543003203339925e-19 5.759565405903034183e-20
6.771136674513247272e+03 9.491669754242832773e-20 5.950066299194414512e-20
6.776142602446303499e+03 3.992832134675137864e-20 6.018023579809056436e-20
6.781148530379358817e+03 1.929052688650472250e-19 6.217625638117522002e-20
6.786154458312414135e+03 1.337121865595622265e-19 6.247059706579433333e-20
6.791160386245470363e+03 1.527829580460453476e-19 6.070493074081360158e-20
6.796166314178525681e+03 1.797109740031038362e-19 5.879815575424515660e-20
6.801172242111580999e+03 1.237402595646237154e-19 5.821053853346276561e-20
6.806178170044637227e+03 4.707918894298823530e-20 5.646379710662722643e-20
6.811184097977693455e+03 8.780515795038747871e-20 5.573474401269507625e-20
6.816190025910748773e+03 2.074482457760177667e-19 5.556538932654212412e-20
6.821195953843804091e+03 2.531462468552537916e-19 6.678071421359849212e-20
6.826201881776860318e+03 2.181717199751901659e-19 8.727542782367703848e-20
6.831207809709915637e+03 1.236888985562883305e-19 9.419001040630884227e-20
6.836213737642970955e+03 3.408564868578123357e-19 8.129472141329689252e-20
6.841219665576027182e+03 1.709092363475268903e-19 6.352651039902469827e-20
6.846225593509082501e+03 1.267342155779813399e-19 5.622216333844628933e-20
6.851231521442138728e+03 1.187368343163627501e-19 5.289707761652848739e-20
6.856237449375194046e+03 1.086343640425898759e-19 6.789695009886059325e-20
6.861243377308250274e+03 1.758816114606624452e-19 8.947702365773689853e-20
6.866249305241305592e+03 1.577837363946006635e-19 9.834939359130312018e-20
6.871255233174360910e+03 1.882781173049579874e-19 7.737700041006684047e-20
6.876261161107417138e+03 1.335780235553438829e-19 6.988411166074851402e-20
6.881267089040473365e+03 2.931383855203909245e-19 7.043646301019492307e-20
6.886273016973527774e+03 1.729436792923298256e-19 7.409236294702880694e-20
6.891278944906584002e+03 1.952723317108296559e-19 7.472359295814108535e-20
6.896284872839640229e+03 1.138538373529893853e-19 7.592364576032576662e-20
6.901290800772695547e+03 1.426691197907532540e-19 7.475213741937651923e-20
6.906296728705750866e+03 8.408300423900762287e-20 7.952450451675592502e-20
6.911302656638807093e+03 1.536109266507849930e-19 8.050872858243450179e-20
6.916308584571862411e+03 2.037719076797989732e-19 8.777744770089546001e-20
6.921314512504917730e+03 2.197957624060310717e-19 8.773046811225207384e-20
6.926320440437973957e+03 1.107326560848878695e-19 8.054578712252558388e-20
6.931326368371030185e+03 7.604253491373202633e-20 6.341066136504073057e-20
6.936332296304085503e+03 1.946035315746625267e-19 6.896202566683831800e-20
6.941338224237140821e+03 1.273000700374547336e-19 7.702664871249580384e-20
6.946344152170197049e+03 9.596529955278048529e-20 8.260228956565190593e-20
6.951350080103252367e+03 3.213826314458382975e-19 7.816964411012411573e-20
6.956356008036307685e+03 1.803977121677649742e-19 5.807240702134848879e-20
6.961361935969363913e+03 1.307396032008202733e-19 5.515068468024544141e-20
6.966367863902420140e+03 3.344554852406621521e-19 5.986061638646196286e-20
6.971373791835475458e+03 2.576272550200397414e-19 6.612010326804291647e-20
6.976379719768530776e+03 1.761943715169006872e-19 6.901007027454863411e-20
6.981385647701587004e+03 9.460288414330490430e-20 6.513113037542405804e-20
6.986391575634642322e+03 2.110708158107754075e-19 5.378548626605220882e-20
6.991397503567697640e+03 1.614538226495992479e-19 5.208118690056917265e-20
6.996403431500753868e+03 1.832232909566949247e-19 5.463574666828697301e-20
7.001409359433810096e+03 2.670158578442197366e-19 5.817936819189523196e-20
7.006415287366865414e+03 1.180757534367781856e-19 6.364155988656312454e-20
7.011421215299920732e+03 1.168651596954425152e-19 6.227137089921259186e-20
7.016427143232976960e+03 1.613119166041334092e-19 5.856172275160336378e-20
7.021433071166032278e+03 5.004968473586884996e-20 5.520383038973117421e-20
7.026438999099087596e+03 2.017877522124658218e-19 5.699416524350067953e-20
7.031444927032143823e+03 8.876378417947445115e-20 5.874291644192547153e-20
7.036450854965200051e+03 2.021192888285400053e-19 6.165565548335121347e-20
7.041456782898254460e+03 9.577246109272192623e-20 6.661954999839382239e-20
7.046462710831310687e+03 1.617430411902977530e-19 7.006834326403202574e-20
7.051468638764366915e+03 4.617919701198215530e-20 6.651049945306938955e-20
7.056474566697422233e+03 3.024162913434228209e-19 6.034170552610811476e-20
7.061480494630477551e+03 2.570208215091866987e-19 5.894753976530472665e-20
7.066486422563533779e+03 1.046824122073393745e-19 5.908166237451391731e-20
7.071492350496589097e+03 1.613872028129266227e-19 5.824033653331670870e-20
7.076498278429644415e+03 1.498393931998163505e-19 5.683419725346299259e-20
7.081504206362700643e+03 2.256406287032404316e-19 5.720372074067207680e-20
7.086510134295756870e+03 7.312286676704593872e-20 5.710066946570540909e-20
7.091516062228812189e+03 1.354589720798849641e-19 5.497373699184439554e-20
7.096521990161867507e+03 8.814035378261736150e-20 5.184920040711664036e-20
7.101527918094923734e+03 1.141778321695922506e-19 5.164659630135748892e-20
7.106533846027979052e+03 2.407724476226605595e-19 5.116353813725297503e-20
7.111539773961034371e+03 1.037150770369823318e-19 5.078546782044203951e-20
7.116545701894090598e+03 1.475052512158220945e-19 5.063370077984001876e-20
7.121551629827146826e+03 2.250788762531317115e-19 5.159860593270028080e-20
7.126557557760202144e+03 2.257014987469127199e-19 5.375344836113153422e-20
7.131563485693257462e+03 2.138252273647181145e-19 5.422204046895528391e-20
7.136569413626313690e+03 2.082606849230134690e-19 5.550496918142835584e-20
7.141575341559369008e+03 9.577714332120686335e-21 6.073803142004344789e-20
7.146581269492424326e+03 8.802766488143969055e-20 6.271103156814960997e-20
7.151587197425480554e+03 2.743951828715247978e-19 5.792748715834815370e-20
7.156593125358536781e+03 3.803465782124564519e-19 5.859850370029295111e-20
7.161599053291592099e+03 1.022498540015218522e-19 6.067241346331054036e-20
7.166604981224647418e+03 1.710813223074547257e-19 6.138401887582013290e-20
7.171610909157703645e+03 1.270573700762144642e-19 6.092909974586123165e-20
7.176616837090758963e+03 1.468543309429376084e-19 5.985796697835963619e-20
7.181622765023814281e+03 1.116362764742694263e-19 5.735933398719102684e-20
7.186628692956870509e+03 6.964432100599233842e-20 5.464832894547257198e-20
7.191634620889926737e+03 1.912689123208314693e-19 5.318530907431309608e-20
7.196640548822981145e+03 1.938509634925300093e-19 5.299090180048231083e-20
7.201646476756037373e+03 1.583195276775522755e-19 5.216825199585256625e-20
7.206652404689093601e+03 2.021910686027361054e-19 5.166928878932608630e-20
7.211658332622148919e+03 1.292458968142204589e-19 5.119303591978010779e-20
7.216664260555204237e+03 1.867054269440084331e-19 5.203375952962380108e-20
7.221670188488260465e+03 1.394453618264375858e-19 5.353643848050567101e-20
7.226676116421315783e+03 1.872865379770688681e-19 5.425334616187412411e-20
7.231682044354371101e+03 6.727969109212203625e-20 7.177450176633697991e-20
7.236687972287427328e+03 2.413810131107812933e-19 1.121686084902031624e-19
7.241693900220483556e+03 1.663536651084961115e-19 1.313931105018999829e-19
7.246699828153538874e+03 7.770978222510605372e-20 1.144384369559974535e-19
7.251705756086594192e+03 8.052242514905633354e-20 8.315386996283818080e-20
7.256711684019650420e+03 1.091552871552559277e-19 6.806226557464059385e-20
7.261717611952705738e+03 9.295251274872758403e-20 5.938067754191962806e-20
7.266723539885761056e+03 9.053520655875776925e-20 6.855898783827515927e-20
7.271729467818817284e+03 1.237885434221628227e-19 1.181665481322284434e-19
7.276735395751873511e+03 2.640011144062864481e-19 1.322728366480123607e-19
7.281741323684928830e+03 1.781721041687998689e-19 1.190069174737452603e-19
7.286747251617984148e+03 2.652196047576077800e-19 9.238066888516453992e-20
7.291753179551040375e+03 1.401291475975319582e-19 7.735037823505280322e-20
7.296759107484095694e+03 6.505042133061664546e-20 7.997977466986384781e-20
7.301765035417151012e+03 2.625898202925011205e-19 8.260063371078737135e-20
7.306770963350207239e+03 9.830644614143196857e-20 8.317801498175983855e-20
7.311776891283263467e+03 1.027043179000817408e-19 1.051595917706480078e-19
7.316782819216318785e+03 1.924742340091417760e-19 1.062774712862552296e-19
7.321788747149374103e+03 1.317342154778529858e-19 8.747160043009602156e-20
7.326794675082430331e+03 1.019203490741287767e-19 7.889170394556862258e-20
7.331800603015485649e+03 3.396625323240389433e-19 8.488672405610956974e-20
7.336806530948540967e+03 1.931291791088922904e-19 1.063935367893204147e-19
7.341812458881597195e+03 3.461470593579682760e-20 1.062913293840680811e-19
7.346818386814653422e+03 1.194840236196418699e-19 7.813778976009946025e-20
7.351824314747707831e+03 2.537627128762238405e-19 6.648637137507915320e-20
7.356830242680764059e+03 1.733518874818609218e-19 7.455209529807563001e-20
7.361836170613820286e+03 1.413599724770520875e-19 8.797185521133367829e-20
7.366842098546875604e+03 2.481324165116683566e-19 9.885949287181353930e-20
7.371848026479930923e+03 1.471228221607099703e-19 9.446583293621395348e-20
7.376853954412987150e+03 2.268394985318404861e-19 6.252542455935978824e-20
7.381859882346043378e+03 1.177670529814560299e-19 5.382639830339655583e-20
7.386865810279097786e+03 1.196770027265546818e-19 6.760224541410776150e-20
7.391871738212154014e+03 7.962173666833703654e-20 7.487037128332017200e-20
7.396877666145210242e+03 1.098157277490145219e-19 9.072627577309168098e-20
7.401883594078265560e+03 4.613244640999682117e-20 8.964963347198030364e-20
7.406889522011320878e+03 1.383470738844667936e-19 7.732323619548438759e-20
7.411895449944377106e+03 1.246376741897638826e-19 5.944672630929213684e-20
7.416901377877432424e+03 2.247590871609870246e-20 5.980304504499901742e-20
7.421907305810487742e+03 6.775260085798299648e-21 6.384471038943622115e-20
7.426913233743543969e+03 1.872556402452362702e-19 7.020583633834727705e-20
7.431919161676600197e+03 1.768732145441628548e-19 8.001321606134987600e-20
7.436925089609655515e+03 1.900648193732146263e-19 8.011717578626897114e-20
7.441931017542710833e+03 1.551257689578815782e-19 7.212688158507471232e-20
7.446936945475767061e+03 1.284626651542207754e-19 5.568720174200092094e-20
7.451942873408822379e+03 1.259314021550618903e-19 5.437421877312198846e-20
7.456948801341877697e+03 3.283540424581102959e-20 5.885024066919721471e-20
7.461954729274933925e+03 1.416061263276961660e-19 6.658001532446673541e-20
7.466960657207990153e+03 2.177977217681917323e-20 7.707113204301659108e-20
7.471966585141045471e+03 1.436353855792032803e-19 8.090549219244327680e-20
7.476972513074100789e+03 3.972829594479110283e-19 8.617470269762834179e-20
7.481978441007157016e+03 1.678796774053130294e-19 8.090669136348682283e-20
7.486984368940212335e+03 3.057150135153099550e-19 7.089905670078015850e-20
7.491990296873267653e+03 1.463336718984473286e-19 5.918062850875079961e-20
7.496996224806323880e+03 1.283976939622881325e-19 5.694258900465696710e-20
7.502002152739380108e+03 2.018319508694907032e-19 5.339692035591605310e-20
7.507008080672435426e+03 2.302411759062939074e-19 5.260108083403690329e-20
7.512014008605490744e+03 1.444317089723371189e-19 5.649205345567476297e-20
7.517019936538546972e+03 2.370313367201026167e-19 8.090304517862712911e-20
7.522025864471602290e+03 1.361385585941763892e-19 1.034880166571951782e-19
7.527031792404657608e+03 2.636828959087917777e-19 1.052435268640731008e-19
7.532037720337713836e+03 2.538304001183450804e-19 7.874564262804864502e-20
7.537043648270770063e+03 2.141971497557219303e-19 6.740791625823253036e-20
7.542049576203824472e+03 1.578892367708843929e-19 6.339310985503984803e-20
7.547055504136880700e+03 9.117770453453038239e-20 6.207838116884867239e-20
7.552061432069936927e+03 2.099537652650268933e-19 6.970646175954196008e-20
7.557067360002992245e+03 7.684583166256378385e-20 7.119540525154137484e-20
7.562073287936047564e+03 1.223304569124254494e-19 6.994371689521726211e-20
7.567079215869103791e+03 1.135660070489247847e-19 8.857078897222989489e-20
7.572085143802159109e+03 -3.867000250632607330e-20 9.083943262976385887e-20
7.577091071735214427e+03 1.358945290843596979e-19 7.467903573056848196e-20
7.582096999668270655e+03 1.847208968846645605e-19 6.600440847060138250e-20
7.587102927601326883e+03 1.190516462607825478e-20 6.514879568353636140e-20
7.592108855534382201e+03 9.277942362832766377e-20 8.200173171781819053e-20
7.597114783467437519e+03 1.154292075536554907e-20 1.179619551405407264e-19
7.602120711400493747e+03 -2.270128831143228703e-20 1.452903552731933531e-19
7.607126639333549065e+03 2.381364807880462255e-19 1.141753655355405837e-19
7.612132567266604383e+03 1.874593183153469511e-19 1.037142311304031764e-19
7.617138495199660611e+03 2.212740942357402480e-19 9.169185566191209137e-20
7.622144423132716838e+03 1.683748401874258474e-19 1.023308404578468324e-19
7.627150351065772156e+03 2.262465767015629540e-19 1.091821985597521028e-19
7.632156278998827474e+03 2.261258233579107819e-19 1.019312964715655086e-19
7.637162206931883702e+03 2.624065511581018942e-19 7.861433034498452335e-20
7.642168134864939020e+03 9.582989192921263799e-20 7.239626740166274378e-20
7.647174062797994338e+03 2.696670400634907451e-19 7.421330518530747525e-20
7.652179990731050566e+03 2.832418185757222550e-19 7.539951920246312339e-20
7.657185918664106794e+03 1.747613548316060426e-19 8.299485130534642392e-20
7.662191846597162112e+03 1.277891404875886407e-19 7.964334219202434759e-20
7.667197774530217430e+03 3.922975875468186755e-20 7.022174273919033394e-20
7.672203702463273657e+03 1.559129341227036369e-19 5.991026626102731237e-20
7.677209630396328976e+03 4.910987719858462496e-21 6.104323328925455957e-20
7.682215558329384294e+03 5.863272876394301380e-20 6.519421173595626865e-20
7.687221486262440521e+03 1.245439284140632847e-19 6.824304465530194542e-20
7.692227414195496749e+03 1.893693239912254028e-19 6.884671749296538600e-20
7.697233342128551158e+03 1.550804208712553365e-19 6.725868968187629759e-20
7.702239270061607385e+03 6.876881873847218709e-20 6.631400956621948464e-20
7.707245197994663613e+03 3.408903679002918467e-19 1.064704236929216665e-19
7.712251125927718931e+03 4.223514666088261660e-19 1.421031036269924562e-19
7.717257053860774249e+03 5.013951621775980565e-20 1.367538514006525023e-19
7.722262981793830477e+03 -3.578789298815327068e-20 1.021646869477379158e-19
7.727268909726885795e+03 1.255817993523907901e-19 7.599554599079807801e-20
7.732274837659941113e+03 1.116026633230016030e-19 6.409714125790279072e-20
7.737280765592997341e+03 2.278118264959138792e-20 5.942776135457203549e-20
7.742286693526053568e+03 1.306358930038513054e-19 8.056574310109070899e-20
7.747292621459108886e+03 2.273653470999124797e-19 1.217708044340705740e-19
7.752298549392164205e+03 1.942628234488851571e-19 1.275858251020194175e-19
7.757304477325220432e+03 1.567011642593032935e-19 1.030080571333614960e-19
7.762310405258275750e+03 -4.460595005358233203e-20 8.325632734458233491e-20
7.767316333191331069e+03 -1.474009860607287212e-20 6.931700304625083979e-20
7.772322261124387296e+03 1.389625107505170951e-19 7.462830502191562014e-20
7.777328189057443524e+03 6.800983027891251470e-20 8.444675271878715086e-20
7.782334116990498842e+03 -1.644748883159017799e-20 8.081785964308959890e-20
7.787340044923554160e+03 2.737265952336233323e-19 1.005354745017755590e-19
7.792345972856610388e+03 2.704223182412137852e-19 1.212218120616701603e-19
7.797351900789665706e+03 1.539138886098530792e-20 1.136221619273062283e-19
7.802357828722721024e+03 1.949211499354197573e-19 8.830375797235952944e-20
7.807363756655777252e+03 -1.212654823348430832e-19 9.436962534287942615e-20
7.812369684588833479e+03 -4.903950799231751945e-21 9.791735235570181013e-20
7.817375612521888797e+03 4.759184365842117739e-20 1.265049856096047366e-19
7.822381540454944115e+03 2.144009295895757140e-19 1.282467647529700837e-19
7.827387468388000343e+03 1.410347427756854427e-19 8.980450353496635445e-20
7.832393396321055661e+03 1.019695436643494336e-19 6.396898222689111094e-20
7.837399324254110979e+03 1.251282477507078055e-19 8.150555457872539653e-20
7.842405252187167207e+03 1.904659240167685221e-19 8.777415641533161615e-20
7.847411180120223435e+03 1.562274375583068550e-19 1.185859133841967346e-19
7.852417108053277843e+03 5.952394718282561378e-20 1.374462750213243749e-19
7.857423035986334071e+03 1.934151354267227679e-19 1.313752319230618365e-19
7.862428963919390299e+03 1.039154755819925849e-19 1.061963363065367473e-19
7.867434891852445617e+03 1.174073030520641903e-19 1.045740801864816582e-19
7.872440819785500935e+03 2.395546827679012276e-19 1.048801208154691689e-19
7.877446747718557162e+03 1.177847737676725876e-19 9.531204608855816202e-20
7.882452675651613390e+03 -6.667898604182079799e-20 9.915994954068437420e-20
7.887458603584667799e+03 -4.877593265469971105e-20 1.034323666936034443e-19
7.892464531517724026e+03 2.036536824420802904e-19 9.631488350235496142e-20
7.897470459450780254e+03 1.625381227903528645e-19 6.786772122476621503e-20
7.902476387383835572e+03 1.580893530560482586e-19 6.248198391890279970e-20
7.907482315316890890e+03 1.544509631675651215e-19 1.198646075732055094e-19
7.912488243249947118e+03 9.497996040863430165e-20 1.536679485672551006e-19
7.917494171183002436e+03 -3.506045265619800898e-19 1.590200151400784137e-19
7.922500099116057754e+03 -2.195054664033829616e-19 1.188111603777643657e-19
7.927506027049113982e+03 7.931926778999633068e-20 1.089480744180000686e-19
7.932511954982170209e+03 1.907096208418301929e-19 9.886156506556571310e-20
7.937517882915225528e+03 1.805935474000314732e-20 7.742602949819737469e-20
7.942523810848280846e+03 4.507123837286577581e-20 7.871475254167333821e-20
7.947529738781337073e+03 2.584424202865566596e-19 8.789397823001862773e-20
7.952535666714392391e+03 1.416540822299062505e-19 7.998503355215082238e-20
7.957541594647447710e+03 1.116656607462949337e-19 9.574991236447426008e-20
7.962547522580503937e+03 1.534719504077812611e-19 1.256376646335916712e-19
7.967553450513560165e+03 -3.275552283371427202e-21 1.185552961927297854e-19
7.972559378446615483e+03 1.125156681413377862e-19 8.983680877257264720e-20
7.977565306379670801e+03 1.055618211643393645e-19 9.353272721004192646e-20
7.982571234312727029e+03 2.199905068485787160e-19 8.925566990097656493e-20
7.987577162245782347e+03 2.463720957511862752e-20 1.119168961938950885e-19
7.992583090178837665e+03 2.719298667879563184e-19 1.264036207119103775e-19
7.997589018111893893e+03 1.022226409848085742e-20 1.095135273209807999e-19
8.002594946044950120e+03 8.616488586034923332e-20 6.166222704989264933e-20
8.007600873978005438e+03 1.868693199178195044e-20 7.037598678214914583e-20
8.012606801911060757e+03 1.206334008709816624e-19 8.281726752145260089e-20
8.017612729844116984e+03 1.651653282555974035e-19 9.441011662410673866e-20
8.022618657777172302e+03 3.063850143608890956e-20 1.148082582704611843e-19
8.027624585710227620e+03 1.029031446329699492e-19 1.156421549127029431e-19
8.032630513643283848e+03 1.914248429027957467e-19 8.174803218003452294e-20
8.037636441576340076e+03 5.698767458830095258e-20 5.794786727679501151e-20
8.042642369509394484e+03 1.641912035340718792e-20 5.955919453748812357e-20
8.047648297442450712e+03 1.150296826781808731e-19 7.582686028282867588e-20
8.052654225375506940e+03 7.879172542816398631e-20 8.361678491822326258e-20
8.057660153308562258e+03 1.683792895030177084e-19 9.964485037106286893e-20
8.062666081241617576e+03 -2.571449240299328991e-20 9.809608588561248977e-20
8.067672009174673803e+03 1.805162498191499632e-19 7.878766594508210791e-20
8.072677937107729122e+03 1.214993223610625183e-19 5.971472344566044572e-20
8.077683865040784440e+03 1.430726866901276852e-19 5.992934831672748154e-20
8.082689792973840667e+03 1.995296950481467457e-19 5.921342455262131549e-20
8.087695720906896895e+03 1.344150172337393175e-19 6.225272541513787760e-20
8.092701648839952213e+03 1.980501842844190795e-19 6.461193618711973765e-20
8.097707576773007531e+03 7.744070709860173220e-20 7.291655537814226542e-20
8.102713504706063759e+03 6.261216943615191491e-20 7.036088025836686373e-20
8.107719432639119077e+03 1.070940704375641955e-19 6.251063258924218208e-20
8.112725360572174395e+03 9.777271928846796271e-20 5.212981838629649242e-20
8.117731288505230623e+03 1.514272060305106397e-19 5.074862512197973276e-20
8.122737216438286850e+03 1.101934881291930705e-19 5.150812472272996878e-20
8.127743144371342169e+03 1.106585828489810959e-19 5.226226355967329426e-20
8.132749072304397487e+03 1.108975624332775860e-19 5.595032778944367300e-20
8.137755000237453714e+03 1.280362712278145740e-19 5.937899375722742981e-20
8.142760928170509032e+03 1.692792907178214267e-19 6.325114093731396584e-20
8.147766856103564351e+03 8.430926449230685069e-20 6.072337826793940835e-20
8.152772784036620578e+03 9.779231546926728950e-20 5.612578180179183405e-20
8.157778711969676806e+03 1.441318374105907219e-19 5.280052906370677714e-20
8.162784639902732124e+03 1.105762274964993254e-19 5.320420314084612734e-20
8.167790567835787442e+03 1.010720520844330833e-19 5.403433689262242727e-20
8.172796495768843670e+03 3.491263664833885276e-20 5.469034663572314457e-20
8.177802423701898988e+03 1.655936556200491875e-19 5.673270553144261675e-20
8.182808351634954306e+03 2.008418779766352469e-19 5.999133121919747401e-20
8.187814279568010534e+03 7.768200076412094267e-20 6.307456368200897378e-20
8.192820207501066761e+03 1.906511752573959070e-19 6.473782281957945619e-20
8.197826135434121170e+03 8.032602005621557485e-20 6.095011198923102552e-20
8.202832063367177398e+03 6.422602416234660043e-20 5.792619065817572816e-20
8.207837991300233625e+03 1.050772006401970170e-19 5.759800104172012322e-20
8.212843919233288034e+03 3.086149655737064543e-20 5.617494302410625016e-20
8.217849847166344261e+03 4.865022925348854004e-20 5.540420488092527134e-20
8.222855775099400489e+03 1.457903294106242295e-19 5.400703325261449549e-20
8.227861703032456717e+03 7.275578191286888141e-20 5.259788882520118919e-20
8.232867630965511125e+03 1.485823034644885339e-19 5.294294263003093308e-20
8.237873558898567353e+03 1.034503307270254366e-19 5.501705999939281472e-20
8.242879486831623581e+03 8.262519041501955768e-20 5.652723272299465359e-20
8.247885414764677989e+03 5.664697979544401516e-20 5.625270659720048230e-20
8.252891342697734217e+03 4.385692264050770108e-20 5.451165158325043810e-20
8.257897270630790445e+03 1.803390301333504676e-19 5.337710750800797952e-20
8.262903198563846672e+03 2.005703802847105615e-19 5.284062123368122837e-20
8.267909126496901081e+03 2.389052113597982560e-19 5.504831008889557704e-20
8.272915054429957308e+03 1.958511403312214615e-19 8.230098956125963848e-20
8.277920982363013536e+03 2.060072022407363975e-19 1.220747795393811939e-19
8.282926910296067945e+03 2.650871917485090460e-19 1.534285122952719795e-19
8.287932838229124172e+03 7.103436483101231066e-20 1.485705171578867347e-19
8.292938766162180400e+03 2.249658059038378409e-19 1.597885548871294266e-19
8.297944694095236628e+03 3.612816456473726418e-19 1.524891934209676675e-19
8.302950622028291036e+03 3.828655767297867027e-19 1.336819764015497302e-19
8.307956549961347264e+03 -2.650873670688491013e-20 1.001077760971379553e-19
8.312962477894403492e+03 -3.511941727690536937e-20 9.702266421328777598e-20
8.317968405827457900e+03 2.166333023000120325e-19 7.331077273507861292e-20
8.322974333760514128e+03 1.652156730438176573e-19 6.228009957848474089e-20
8.327980261693570355e+03 -7.264536368813950608e-21 5.799552343200766329e-20
8.332986189626626583e+03 3.855152395187421021e-20 6.525367220807038519e-20
8.337992117559680992e+03 1.941008731498052264e-19 1.570363134921386733e-19
8.342998045492737219e+03 4.786492308633975386e-19 2.009310273523373507e-19
8.348003973425793447e+03 4.403396197884404947e-19 1.995656266399741814e-19
8.353009901358847856e+03 9.103306673964796608e-20 1.306615424291067849e-19
8.358015829291904083e+03 8.671494802264584330e-20 1.062562351154385629e-19
8.363021757224960311e+03 -3.204886605724919623e-20 8.765684798068981736e-20
8.368027685158016538e+03 8.378753707425262601e-20 7.868007892936450918e-20
8.373033613091070947e+03 5.409517978312465104e-20 6.780522193082868153e-20
8.378039541024127175e+03 2.624431213660244015e-19 9.805412682102548062e-20
8.383045468957181583e+03 1.567787040051215794e-19 1.020415099431026347e-19
8.388051396890237811e+03 1.107158177372028200e-19 8.265043758264584522e-20
8.393057324823294039e+03 9.384984143008228005e-20 1.317004709673939495e-19
8.398063252756350266e+03 2.456936957520614229e-19 1.616858333254117650e-19
8.403069180689406494e+03 1.935539089388845565e-19 1.435300357151951955e-19
8.408075108622460903e+03 2.187346868118698571e-19 9.310649380305324305e-20
8.413081036555517130e+03 2.655472611482200115e-19 1.113435424947149222e-19
8.418086964488571539e+03 9.253995128492763603e-20 1.098497256464809069e-19
8.423092892421627766e+03 3.848111504877176920e-20 1.352652480469970720e-19
8.428098820354683994e+03 3.192583931142486866e-19 1.864807812015807949e-19
8.433104748287740222e+03 2.935437492431629172e-19 1.766604195338348472e-19
8.438110676220796449e+03 -1.241869885651664758e-20 9.495241359134794885e-20
8.443116604153850858e+03 1.107422706871776666e-19 7.176274376206864296e-20
8.448122532086907086e+03 1.066260770375375036e-19 1.103889987860777930e-19
8.453128460019961494e+03 1.841621275225439462e-19 1.130458020867244310e-19
8.458134387953017722e+03 1.012961178938254887e-19 1.290416677195192016e-19
8.463140315886073950e+03 1.223328810592523609e-19 1.551090573017299285e-19
8.468146243819130177e+03 -5.313719087823611437e-20 1.440023437519075624e-19
8.473152171752186405e+03 6.350688046784593450e-20 7.721449470308609133e-20
8.478158099685240813e+03 1.077865113216512299e-19 5.562798653015381789e-20
8.483164027618297041e+03 1.734550776013332493e-19 5.605424202122391779e-20
8.488169955551351450e+03 1.767422008969109029e-19 8.137728943974508589e-20
8.493175883484407677e+03 2.104424858323360851e-19 9.013007097586956003e-20
8.498181811417463905e+03 -9.388142576663239683e-21 1.057947688154190393e-19
8.503187739350520133e+03 2.421450557238890219e-19 1.141252403921099956e-19
8.508193667283574541e+03 2.369715540900941811e-19 1.046068260155390978e-19
8.513199595216630769e+03 8.905023626242355216e-20 6.200437797043935081e-20
8.518205523149686996e+03 1.505276519561048040e-19 5.324461468757743459e-20
8.523211451082741405e+03 7.208465072418455455e-20 5.314332033544142465e-20
8.528217379015797633e+03 1.435135605821947320e-19 5.297397337043652579e-20
8.533223306948853860e+03 8.664599026627384485e-20 6.605769548513673780e-20
8.538229234881910088e+03 6.614760345586575168e-20 7.408005297397889860e-20
8.543235162814964497e+03 1.414187947692783759e-20 9.084694765446707341e-20
8.548241090748020724e+03 1.046641225091206757e-19 9.289195535764339494e-20
8.553247018681076952e+03 5.131109111160761411e-20 8.401358974831317773e-20
8.558252946614131361e+03 9.436788187375041828e-20 5.939373509872188523e-20
8.563258874547187588e+03 9.316725637824229968e-20 5.805668281749073764e-20
8.568264802480243816e+03 2.173887022527138672e-20 6.154142345703478197e-20
8.573270730413300043e+03 1.379923436379844852e-19 6.424864187003123507e-20
8.578276658346354452e+03 1.043960091678476899e-19 6.273688189766760486e-20
8.583282586279410680e+03 1.063534405731127746e-19 6.838170983394608277e-20
8.588288514212466907e+03 2.261664968616666117e-19 7.278742298545084461e-20
8.593294442145521316e+03 1.429801250762387609e-19 7.773550776811683842e-20
8.598300370078577544e+03 1.732617019570381678e-19 7.354464067811085499e-20
8.603306298011633771e+03 1.760721590213182529e-19 6.440354788258170036e-20
8.608312225944689999e+03 2.751441294047216373e-19 6.685861061049658023e-20
8.613318153877744408e+03 1.583863871327610270e-19 8.421199461521389695e-20
8.618324081810800635e+03 1.036052932303490229e-19 1.048790909641245231e-19
8.623330009743856863e+03 2.291489164253286091e-19 1.228246695567033098e-19
8.628335937676911271e+03 1.712569271548574446e-19 1.285725186162973022e-19
8.633341865609967499e+03 1.218059426261158923e-19 1.215696819969123047e-19
8.638347793543023727e+03 2.384576469598074090e-19 1.040557754162206328e-19
8.643353721476079954e+03 5.518944148307077099e-20 9.577215887589900506e-20
8.648359649409134363e+03 5.828918572844439445e-20 1.097150564324788711e-19
8.653365577342190591e+03 4.183544657715997468e-20 1.259964763276831029e-19
8.658371505275246818e+03 2.478219016895789648e-19 1.305583320124211294e-19
8.663377433208301227e+03 1.293577051165752463e-19 1.271309931649596483e-19
8.668383361141357454e+03 3.838623175458456500e-20 1.196735250243921613e-19
8.673389289074413682e+03 3.646207319357197197e-19 1.093812362388108170e-19
8.678395217007469910e+03 2.808105026811882902e-19 9.682322012513351982e-20
8.683401144940524318e+03 8.308256309048395078e-20 8.652651747453853694e-20
8.688407072873580546e+03 -1.050726148161435742e-20 7.855334213243463541e-20
8.693413000806636774e+03 1.174400335678464593e-19 7.602479408534824034e-20
8.698418928739691182e+03 1.132331541511247662e-20 7.535854806867301306e-20
8.703424856672747410e+03 1.260986456549045910e-19 7.556907465780374705e-20
8.708430784605803638e+03 8.909427988839046798e-21 6.977979838548022805e-20
8.713436712538859865e+03 -4.293515333869172432e-20 6.350831602902926423e-20
8.718442640471914274e+03 3.003090150375020708e-20 6.062548936132470419e-20
8.723448568404970501e+03 1.240264982386208506e-19 6.031048171589514077e-20
8.728454496338024910e+03 1.908994324635125589e-19 5.962833744996462511e-20
8.733460424271081138e+03 -2.368728865547638360e-20 5.905136547296564418e-20
8.738466352204137365e+03 5.624206312776211422e-20 5.987815097577882180e-20
8.743472280137193593e+03 6.404806997660752492e-20 6.061778496857383627e-20
8.748478208070249821e+03 3.353823220567921096e-20 6.256946308605005514e-20
8.753484136003304229e+03 5.317888130235205584e-21 1.109070060734370032e-19
8.758490063936360457e+03 3.486522119814324018e-19 1.681712944329226361e-19
8.763495991869414866e+03 -3.835959622706737353e-19 2.075203610467617022e-19
8.768501919802471093e+03 -1.486379159982687157e-19 1.915699945914518288e-19
8.773507847735527321e+03 3.802297219183437796e-19 1.973620641059192431e-19
8.778513775668583548e+03 1.727636135939105807e-19 1.825278206316586827e-19
8.783519703601639776e+03 2.985634604673274947e-19 1.432646305121301613e-19
8.788525631534694185e+03 2.966429362133364779e-19 1.139035806981841904e-19
8.793531559467750412e+03 2.249030241183985284e-19 1.114753158573671292e-19
8.798537487400804821e+03 2.064840203992859351e-19 7.686997553479511846e-20
8.803543415333861049e+03 1.532337197900392077e-19 6.725527619801505774e-20
8.808549343266917276e+03 1.360289426980939652e-19 7.133433653005621129e-20
8.813555271199973504e+03 1.994376734301326993e-19 7.293961078352589898e-20
8.818561199133029731e+03 -1.374318837517493942e-19 1.473103344561527116e-19
8.823567127066084140e+03 -1.293809511771271578e-19 2.755558416872904020e-19
8.828573054999140368e+03 -3.531714133464430801e-19 2.986776428248313272e-19
8.833578982932194776e+03 -2.536328681274656301e-19 2.350121876536835019e-19
8.838584910865251004e+03 1.423810344935224886e-19 1.729691281055730050e-19
8.843590838798307232e+03 1.731091050690798577e-19 1.224386254084708075e-19
8.848596766731363459e+03 1.670554256417826415e-19 1.121629135737610498e-19
8.853602694664417868e+03 1.546733907342148632e-19 9.874197643436347229e-20
8.858608622597474096e+03 -7.369289229627477949e-20 9.126347670468143015e-20
8.863614550530530323e+03 1.501220617368385736e-19 1.340406137326707768e-19
8.868620478463584732e+03 1.083073342047963459e-19 1.345467168220898645e-19
8.873626406396640959e+03 7.316970006228567659e-20 9.522674764572042154e-20
8.878632334329697187e+03 3.677115687790961949e-20 1.489574439520013945e-19
8.883638262262753415e+03 4.094566100308226141e-19 2.083940634131063962e-19
8.888644190195807823e+03 1.020457900062983128e-19 1.985396376055344689e-19
8.893650118128864051e+03 -1.519362333717672556e-20 1.130787223450772025e-19
8.898656046061920279e+03 3.080006221109509621e-19 1.335590838452534722e-19
8.903661973994974687e+03 7.943562359857622933e-20 1.437684135300042836e-19
8.908667901928030915e+03 2.364565726271185576e-19 1.191393979011826241e-19
8.913673829861087142e+03 1.790943206227511519e-19 1.855206620594816344e-19
8.918679757794143370e+03 1.802890974367734301e-19 2.314667578521167121e-19
8.923685685727199598e+03 2.639632218482647721e-21 2.074355443868808771e-19
8.928691613660254006e+03 1.524891648905153867e-19 9.843682764480584951e-20
8.933697541593308415e+03 -5.558074535533155600e-20 8.277373585588395380e-20
8.938703469526364643e+03 5.272619106176342586e-20 1.370668032110299532e-19
8.943709397459420870e+03 1.505301371475234465e-19 1.527103307267587224e-19
8.948715325392477098e+03 -6.820085679807713721e-20 1.415170872871691270e-19
8.953721253325533326e+03 7.695345573818072581e-21 2.137324777676437199e-19
8.958727181258589553e+03 6.681671350921272538e-20 2.314605004732127412e-19
8.963733109191643962e+03 1.275955553485759494e-19 1.654553910014051407e-19
8.968739037124698370e+03 7.575043956685074603e-20 8.034953123343369965e-20
8.973744965057754598e+03 -4.512268974837638489e-20 7.726364044365838249e-20
8.978750892990810826e+03 -6.886242391821901887e-20 8.505886750075881209e-20
8.983756820923867053e+03 -5.152089595929915919e-20 1.236910422619536429e-19
8.988762748856923281e+03 2.292334725576514034e-19 1.288882355609257252e-19
8.993768676789977690e+03 -3.864503035148961504e-20 1.392922216181335094e-19
8.998774604723033917e+03 -1.562862906531196928e-19 1.684403153600632334e-19
9.003780532656088326e+03 2.600961450627456874e-19 1.629220495128761784e-19
9.008786460589144554e+03 1.178560710006877783e-19 9.167686190227456345e-20
9.013792388522200781e+03 7.537115046954048514e-21 6.272359414058019396e-20
9.018798316455257009e+03 -6.470690615904237728e-20 6.416767085360137680e-20
9.023804244388313236e+03 2.962542593025974671e-20 6.846013187559797357e-20
9.028810172321367645e+03 1.495619137358451677e-19 7.431525575808978967e-20
9.033816100254423873e+03 2.262539866881641163e-19 9.707037803920016256e-20
9.038822028187478281e+03 4.060475593701998922e-20 1.041495210506168701e-19
9.043827956120534509e+03 9.807827344859252260e-20 1.222900961321408961e-19
9.048833884053590737e+03 1.399002436333282900e-19 1.284002653034014693e-19
9.053839811986646964e+03 1.849452866186028507e-19 1.141542175406078343e-19
9.058845739919703192e+03 2.987393008752876747e-20 7.728271886180521744e-20
9.063851667852757600e+03 1.364940310749201430e-19 7.570877013102255690e-20
9.068857595785813828e+03 2.517457271471175348e-19 7.661978974184727644e-20
9.073863523718868237e+03 1.215249404772750195e-19 7.284671626562595239e-20
9.078869451651924464e+03 1.214133862023119412e-20 7.203650794165987866e-20
9.083875379584980692e+03 -5.420310367595402590e-20 7.805702296506042192e-20
9.088881307518036920e+03 -1.738486127471757803e-20 9.343893427780230384e-20
9.093887235451093147e+03 2.227887689167439473e-19 9.936913882965826164e-20
9.098893163384147556e+03 -4.573386248270550863e-20 1.081663746655207029e-19
9.103899091317203784e+03 1.772114868379988966e-19 1.024522781691973232e-19
9.108905019250258192e+03 1.876702559720224951e-20 8.123305615299185812e-20
9.113910947183314420e+03 2.683880555748095533e-20 6.536583387116099932e-20
9.118916875116370647e+03 7.328332529495728139e-20 6.416548037106564850e-20
9.123922803049426875e+03 1.381239439091270027e-19 6.373609737270497790e-20
9.128928730982483103e+03 1.140055587443391902e-19 6.501757357016127733e-20
9.133934658915537511e+03 -9.339378292195798762e-21 6.571889676008570884e-20
9.138940586848593739e+03 -1.171027403940806861e-20 6.668841047962286415e-20
9.143946514781648148e+03 2.099581919463044852e-19 7.130188533683036854e-20
9.148952442714704375e+03 -9.616108806301385160e-21 8.350547675845302206e-20
9.153958370647760603e+03 -4.824181737530071190e-20 9.369365243234463552e-20
9.158964298580816831e+03 1.920890057546822119e-19 9.475060281569306843e-20
9.163970226513873058e+03 1.326951544624925922e-19 8.713793447724069346e-20
9.168976154446927467e+03 -2.697774816250374884e-21 7.137561214797296613e-20
9.173982082379983694e+03 1.400464872456217033e-19 6.945701963784105435e-20
9.178988010313038103e+03 1.308084584420260669e-19 6.901308285850025287e-20
9.183993938246094331e+03 8.422498170100990310e-20 6.985962724887156601e-20
9.188999866179150558e+03 1.023124835905499776e-19 7.007603785067427020e-20
9.194005794112206786e+03 7.804918858989726364e-20 7.081193846620163120e-20
9.199011722045263014e+03 -3.830622489536381759e-20 7.223795226852459170e-20
9.204017649978317422e+03 2.415256523093094513e-19 7.485769346794865255e-20
9.209023577911373650e+03 -6.014974410300468514e-20 8.091221850147727244e-20
9.214029505844428058e+03 9.897128858389377560e-20 8.965406826216442030e-20
9.219035433777484286e+03 1.460842240960546589e-19 9.614487922648719582e-20
9.224041361710540514e+03 1.400570577993259676e-19 9.017132159842416379e-20
9.229047289643596741e+03 1.320859859346941764e-19 8.329388574830167263e-20
9.234053217576652969e+03 1.280145889429952468e-19 7.285760963906551015e-20
9.239059145509707378e+03 1.220132753653035749e-19 6.942680030538578781e-20
9.244065073442761786e+03 1.298486284234974862e-19 7.355047851780888045e-20
9.249071001375818014e+03 8.846135147846344982e-20 7.689191250603073055e-20
9.254076929308874242e+03 -5.733542774979126187e-20 7.614126978121501027e-20
9.259082857241930469e+03 2.081629117876416878e-19 7.270328552871968452e-20
9.264088785174986697e+03 2.001031657193693765e-19 7.117000043223072877e-20
9.269094713108042924e+03 1.220963656047549680e-19 6.861183707024854229e-20
9.274100641041097333e+03 1.220016377746222611e-19 6.806690348706120280e-20
9.279106568974151742e+03 5.713165051922705755e-21 7.317739990777867515e-20
9.284112496907207969e+03 9.231005819181571638e-20 8.447326763711380860e-20
9.289118424840264197e+03 2.166602831487532737e-19 9.486442709282088315e-20
9.294124352773320425e+03 7.775155056676047048e-21 9.153253739682061580e-20
9.299130280706376652e+03 3.572229955491644431e-19 1.464331419926555719e-19
9.304136208639432880e+03 1.341953388434288494e-20 2.672853960134718544e-19
9.309142136572487289e+03 1.279499999070825334e-19 3.568593044321119851e-19
9.314148064505541697e+03 8.536666068017053298e-19 3.395994814418421037e-19
9.319153992438597925e+03 3.651955266706594653e-19 3.217273941564212373e-19
9.324159920371654152e+03 5.167528415483930914e-19 2.991244365577996556e-19
9.329165848304710380e+03 4.077762537749834571e-19 2.328451782559240213e-19
9.334171776237766608e+03 -7.943984860027425009e-20 1.931295249557983755e-19
9.339177704170821016e+03 1.242977361776058696e-19 1.902267515737866499e-19
9.344183632103877244e+03 4.781904235591342705e-19 1.576340051402309438e-19
9.349189560036931653e+03 9.576883418746482985e-20 1.258743437172055992e-19
9.354195487969987880e+03 2.561898247977725597e-20 1.164598007407342138e-19
9.359201415903044108e+03 3.016844153785728789e-19 1.088617342030383650e-19
9.364207343836100335e+03 4.170227594981565346e-21 1.444404082501123059e-19
9.369213271769156563e+03 7.267908649493318637e-19 3.680995754419484555e-19
9.374219199702210972e+03 -7.221104282738792113e-19 4.712651529431348195e-19
9.379225127635267199e+03 1.985231473968966464e-19 4.082304755902006562e-19
9.384231055568321608e+03 -4.692553443549323017e-20 2.375508628233201040e-19
9.389236983501377836e+03 3.460604332727319612e-19 1.709245646601359191e-19
9.394242911434434063e+03 2.972154304410802866e-19 1.514450303273267246e-19
9.399248839367490291e+03 -2.699208347195853428e-20 1.885621007391107604e-19
9.404254767300546519e+03 3.175706758830604555e-19 1.840413074159315525e-19
9.409260695233600927e+03 7.785850303761171170e-20 1.344437761697365290e-19
9.414266623166657155e+03 -2.308809496865899321e-19 1.885104631036816474e-19
9.419272551099711563e+03 1.785230867454270518e-20 2.182701551909521215e-19
9.424278479032767791e+03 1.510435078895549511e-19 1.868641715118279026e-19
9.429284406965824019e+03 -4.003361350227383024e-21 1.364784800845377942e-19
9.434290334898880246e+03 -2.771904333530106105e-19 2.964022333125165080e-19
9.439296262831936474e+03 -4.381844085871356918e-19 3.597884755979643437e-19
9.444302190764990883e+03 -9.049741225881706822e-20 3.023594952532644250e-19
9.449308118698047110e+03 -1.491755072091337472e-20 1.786763448821545748e-19
9.454314046631101519e+03 3.796239096484681182e-19 2.556632816019945413e-19
9.459319974564157746e+03 -7.774319017251941645e-20 2.837154449037554223e-19
9.464325902497213974e+03 1.981277656253217778e-19 2.197612493922484646e-19
9.469331830430270202e+03 5.123975692783483804e-19 2.613388006692332862e-19
9.474337758363326429e+03 3.199322667335752386e-19 3.968902184916964826e-19
9.479343686296380838e+03 6.913107230105167025e-20 3.776474684444019129e-19
9.484349614229437066e+03 3.972543742866749478e-20 2.040126801834871143e-19
9.489355542162491474e+03 8.107075581134062779e-20 1.202737013149706456e-19
9.494361470095547702e+03 9.747995442108586382e-20 1.553836472090085922e-19
9.499367398028603930e+03 -1.895131562291575747e-19 2.274115938832970414e-19
9.504373325961660157e+03 5.104662779317533377e-20 2.221572947548033165e-19
9.509379253894716385e+03 5.469058337958266445e-20 1.741099948004347452e-19
9.514385181827770793e+03 -3.721080801061977373e-19 2.662461205402918661e-19
9.519391109760827021e+03 7.993662485310429106e-20 3.054593851919793068e-19
9.524397037693881430e+03 -5.069804717818483355e-20 2.430679238957300116e-19
9.529402965626937657e+03 -3.677503224305968779e-20 1.314942513246576716e-19
9.534408893559993885e+03 -1.903082308770355990e-19 1.293602452889238901e-19
9.539414821493050113e+03 1.451841005147578336e-19 1.258339670575353673e-19
9.544420749426106340e+03 1.043785019301842864e-19 1.363059831597234380e-19
9.549426677359160749e+03 -3.418334346635437085e-19 1.895491674274753578e-19
9.554432605292216977e+03 6.482519201446712550e-19 2.029110740725092035e-19
9.559438533225271385e+03 8.934754625347733271e-20 2.216677140647376545e-19
9.564444461158327613e+03 -2.620043540829857287e-20 2.952153839485863727e-19
9.569450389091383840e+03 4.021516483684659710e-19 2.839888053683486910e-19
9.574456317024440068e+03 2.531861029363707323e-19 1.779567039745578984e-19
9.579462244957496296e+03 3.490702029487057086e-20 1.104631620956560298e-19
9.584468172890550704e+03 5.016836138148185243e-20 1.109956399241813805e-19
9.589474100823605113e+03 4.178809745418332015e-20 1.168314977578631083e-19
9.594480028756661341e+03 9.190213424293896555e-20 1.168487570221408133e-19
9.599485956689717568e+03 -1.897302816152896527e-19 1.310131582249186894e-19
9.604491884622773796e+03 -1.231819762453803928e-19 1.676541510020702774e-19
9.609497812555830023e+03 1.159817567600136003e-19 1.738894872881079015e-19
9.614503740488886251e+03 -9.597841843404153696e-20 1.842195843280703851e-19
9.619509668421940660e+03 3.403319244154183786e-19 1.988374603652749649e-19
9.624515596354995068e+03 8.425689142744406652e-20 1.860578349038994323e-19
9.629521524288051296e+03 5.485684810622306912e-20 1.312239074211549210e-19
9.634527452221107524e+03 -3.783669143976980135e-20 1.122139285805561342e-19
9.639533380154163751e+03 1.565586198382205201e-19 1.046321890614357140e-19
9.644539308087219979e+03 1.693617615850705470e-19 1.030553233570925633e-19
9.649545236020274388e+03 -7.083987207196590227e-20 1.108681391798015492e-19
9.654551163953330615e+03 5.943670747638716176e-20 1.243627943633194309e-19
9.659557091886385024e+03 5.941453753923933750e-20 1.349961215713193472e-19
9.664563019819441251e+03 3.141370236954809125e-19 1.700179570386141670e-19
9.669568947752497479e+03 1.412274837248058670e-19 1.852450773044249812e-19
9.674574875685553707e+03 2.118778956235736854e-19 1.974456448554193228e-19
9.679580803618609934e+03 4.612929999643864876e-20 2.137066589714315934e-19
9.684586731551664343e+03 9.049436417316090093e-20 2.150631549779818864e-19
9.689592659484720571e+03 -9.387755198660590604e-20 1.852473500915383523e-19
9.694598587417774979e+03 -3.206387026626532229e-19 2.292500385165559125e-19
9.699604515350831207e+03 -1.092206894575161360e-19 2.380883754645791785e-19
9.704610443283887435e+03 1.895175185450736550e-19 2.121591784450339607e-19
9.709616371216943662e+03 -1.179921126850113459e-20 1.901904399064363739e-19
9.714622299149999890e+03 1.989244701817024986e-19 2.650902295910198363e-19
9.719628227083054298e+03 5.495780148003621702e-19 2.878789534776064959e-19
9.724634155016110526e+03 1.361403042284919091e-19 2.428446980465065979e-19
9.729640082949164935e+03 2.653485888366655660e-19 1.749726919858520048e-19
9.734646010882221162e+03 2.455465618732453961e-19 1.994010219749870471e-19
9.739651938815277390e+03 1.592050490643761727e-19 2.019694430664993166e-19
9.744657866748333618e+03 1.296561068455063585e-19 1.685549539812620010e-19
9.749663794681389845e+03 5.089817629976677517e-20 1.389582214040866438e-19
9.754669722614444254e+03 2.325246898461535578e-19 1.153067645570853466e-19
9.759675650547500481e+03 1.609143353588290382e-19 1.106463008181225270e-19
9.764681578480554890e+03 8.337550460214548447e-20 1.082294644020692985e-19
9.769687506413611118e+03 6.329274365921811507e-22 1.088720415886488446e-19
9.774693434346667345e+03 7.451736474200739777e-20 1.135933397691118720e-19
9.779699362279723573e+03 1.533999464181350733e-19 1.381719438542071995e-19
9.784705290212779801e+03 -3.342384158918704221e-19 2.866352206630817534e-19
9.789711218145834209e+03 1.277356629450577127e-19 3.707835007458591247e-19
9.794717146078890437e+03 1.330386931849110834e-18 3.667793072212516769e-19
9.799723074011944846e+03 5.038066074403284449e-19 2.675849696907200920e-19
9.804729001945001073e+03 -6.950825072552710922e-20 2.196657483105410185e-19
9.809734929878057301e+03 2.842618101561080236e-19 1.938189933094862057e-19
9.814740857811113528e+03 1.306184612198270835e-19 1.873653084642347902e-19
9.819746785744169756e+03 2.220764930151453902e-19 1.637336421344364609e-19
9.824752713677224165e+03 -7.370545114905856423e-21 1.541513357600948645e-19
9.829758641610280392e+03 8.672419660670528800e-20 1.530986346619868562e-19
9.834764569543334801e+03 2.204756278819238291e-19 1.454701892042978552e-19
9.839770497476391029e+03 2.039870958809643266e-19 1.554233111305219539e-19
9.844776425409447256e+03 -2.215122447767526376e-19 2.252392389136870941e-19
9.849782353342503484e+03 -1.729040696204944580e-19 2.460986653348919297e-19
9.854788281275559712e+03 -1.738072672870989578e-20 1.959381813111065716e-19
9.859794209208614120e+03 2.522684412675030007e-19 1.540646109503743708e-19
9.864800137141670348e+03 5.077864654767129782e-19 2.562620606890378358e-19
9.869806065074724756e+03 3.923903098907571303e-19 3.669670282144955115e-19
9.874811993007780984e+03 3.326002558816085692e-19 3.505304038215802655e-19
9.879817920940837212e+03 -1.765469811799446958e-21 2.153901722643927334e-19
9.884823848873893439e+03 -6.193905495524476417e-20 1.686568909770962695e-19
9.889829776806949667e+03 4.196095817408977779e-19 2.315676788977563516e-19
9.894835704740004076e+03 -5.844387302141304389e-20 2.500422366837338778e-19
9.899841632673058484e+03 -1.761022186272475049e-20 2.163393600874159819e-19
9.904847560606114712e+03 2.117756219571437726e-19 1.804695048734510448e-19
9.909853488539170939e+03 -4.309087349797116710e-19 2.960848729680221183e-19
9.914859416472227167e+03 1.818271154463240228e-21 3.425849101733746393e-19
9.919865344405283395e+03 -6.259486727468579919e-20 2.981416556955024364e-19
9.924871272338339622e+03 1.244991716299276168e-19 1.772556218317499887e-19
9.929877200271394031e+03 -2.538395570773173601e-19 1.599457378257649257e-19
9.934883128204448440e+03 -2.868192082659724081e-19 2.187939729767853420e-19
9.939889056137504667e+03 -2.355507627482499084e-19 3.696218797915143215e-19
9.944894984070560895e+03 -8.201799877535410326e-19 4.505557074077210551e-19
9.949900912003617123e+03 -6.681937375555515961e-20 4.423458133982103181e-19
9.954906839936673350e+03 6.005187789488752668e-20 4.299465030931482580e-19
9.959912767869729578e+03 1.901757039622939745e-19 4.507651265009383746e-19
9.964918695802783986e+03 5.888061197534056169e-19 3.928886312613265274e-19
9.969924623735838395e+03 1.603213509331339376e-19 3.043333285464330683e-19
9.974930551668894623e+03 -1.309232122214705090e-19 2.700638900347911060e-19
9.979936479601950850e+03 -1.002904837354474944e-19 2.212908342865238673e-19
9.984942407535007078e+03 -8.316220599644171088e-20 1.828886991757543634e-19
9.989948335468063306e+03 1.544684469170577288e-19 1.717220940227289831e-19
9.994954263401117714e+03 2.238152282202189300e-19 1.975717034411528430e-19
9.999960191334173942e+03 2.208874940787655106e-19 2.205750227286348144e-19
1.000496611926722835e+04 7.159354108687564108e-19 2.996129333411182488e-19
1.000997204720028458e+04 7.482725079157351386e-19 4.407862052857623533e-19
1.001497797513334081e+04 6.879178923461821845e-19 4.527444626689000941e-19
1.001998390306639703e+04 3.982940392895090405e-19 3.646090839260451888e-19
1.002498983099945326e+04 4.406359197544683675e-19 2.986629282095705658e-19
1.002999575893250767e+04 1.101504304308965045e-19 2.638881755462511082e-19
1.003500168686556390e+04 -3.810274725074938922e-20 2.022317807270641191e-19
1.004000761479861831e+04 9.547056101635910946e-21 2.103671165615233067e-19
1.004501354273167453e+04 5.753502596153975111e-19 2.180861793180352933e-19
1.005001947066473076e+04 3.834710443329048080e-19 1.999267330209800207e-19
1.005502539859778699e+04 6.596292484792722204e-20 2.282336290168056488e-19
1.006003132653084322e+04 2.620954595189613785e-19 2.689293027033308500e-19
1.006503725446389763e+04 -1.903450774921730830e-19 2.745836159786945093e-19
1.007004318239695385e+04 1.232091719426518979e-19 2.493073832206486726e-19
1.007504911033000826e+04 -5.808783186308145455e-19 2.703773059325869050e-19
1.008005503826306449e+04 -6.542570424213961146e-19 3.485917402828212882e-19
1.008506096619612072e+04 5.810905375567760394e-19 3.639536688915290294e-19
1.009006689412917694e+04 1.111611177777078598e-19 2.838787376685927841e-19
1.009507282206223317e+04 7.679371150912542863e-19 2.370051441988971503e-19
1.010007874999528758e+04 -3.520036687821585138e-20 2.971193399413926803e-19
1.010508467792834381e+04 -6.414891585882060279e-19 3.130553288240731518e-19
1.011009060586139822e+04 1.054820728225307252e-20 2.670845283767175866e-19
1.011509653379445444e+04 -4.127565494938652723e-19 2.466895981771458332e-19
1.012010246172751067e+04 3.143569181742177384e-20 3.763072030974294423e-19
1.012510838966056690e+04 1.251780142848385537e-19 4.129217572007255283e-19
1.013011431759362313e+04 -1.909229938672489241e-19 3.508125157120982304e-19
1.013512024552667754e+04 5.771746669536863452e-19 2.483885397398861890e-19
1.014012617345973376e+04 -5.798504142224184542e-20 2.370684529916875068e-19
1.014513210139278817e+04 1.406981857596787560e-19 2.520703312907158173e-19
1.015013802932584440e+04 -2.917303130194183841e-19 2.922967197773857306e-19
1.015514395725890063e+04 1.726438508812708756e-19 3.057267797020058443e-19
1.016014988519195686e+04 -4.066099896188198151e-19 2.865672622661276218e-19
1.016515581312501308e+04 1.690500575362138672e-19 3.197695337939837546e-19
1.017016174105806749e+04 1.152588544122024235e-18 3.910380275942291008e-19
1.017516766899112372e+04 9.063164620846522323e-19 3.928764269363953386e-19
1.018017359692417813e+04 8.744748889160937626e-19 3.163404207432823851e-19
1.018517952485723436e+04 4.144114731066624705e-19 3.216339272277005159e-19
1.019018545279029058e+04 2.208723501758690980e-19 3.390394155935025226e-19
1.019519138072334681e+04 1.453350618051684919e-19 3.218064174272031360e-19
1.020019730865640304e+04 -4.422202196770394881e-19 3.065406404621075782e-19
1.020520323658945745e+04 4.809513796290042387e-19 3.720328194955244640e-19
1.021020916452251367e+04 3.664094732141244591e-19 4.223367115795688695e-19
1.021521509245556808e+04 -5.434534486582735281e-20 3.992749830419732923e-19
1.022022102038862431e+04 1.117445129876900515e-18 3.505078169915710712e-19
1.022522694832168054e+04 5.774487893821360807e-19 3.687557505876496606e-19
1.023023287625473677e+04 3.651258791697278553e-19 3.827466114480024184e-19
1.023523880418779299e+04 4.957214945394216997e-19 3.264381874228612987e-19
1.024024473212084740e+04 -5.086900867280672918e-20 2.633321237561610070e-19
1.024525066005390181e+04 -3.700089487102136508e-19 2.474232443680680561e-19
1.025025658798695804e+04 -2.194524653319534852e-19 2.444956026727670001e-19
1.025526251592001427e+04 2.725046257055002049e-19 2.506470912832697596e-19
1.026026844385307049e+04 3.293435956286639661e-19 2.597168815213100603e-19
1.026527437178612672e+04 2.861729242828375017e-19 2.799121381546721274e-19
1.027028029971918295e+04 -1.704752911857338650e-20 3.060585080116949862e-19
1.027528622765223736e+04 -1.254359796251125185e-19 3.122621766403410944e-19
1.028029215558529177e+04 -4.703643999631455222e-20 3.846367366052681009e-19
1.028529808351834799e+04 2.811430193832414533e-19 4.859885760802643196e-19
1.029030401145140422e+04 1.154596509165828330e-19 4.732928609135815327e-19
1.029530993938446045e+04 8.220313839655187150e-19 3.888628668527790760e-19
