#  wl flam flam_err
4.803806996822357178e+03 3.186245550962539043e-19 1.332929405877188297e-18
4.808812924755412496e+03 -4.584031131912363614e-20 1.231641611061653986e-18
4.813818852688468723e+03 1.809968113888824872e-19 1.103392536819171248e-18
4.818824780621524042e+03 5.821450956790777387e-19 9.656251197857838288e-19
4.823830708554580269e+03 9.137030633219471747e-19 8.167690904583056727e-19
4.828836636487635587e+03 1.889422389310226570e-19 7.173840622007183941e-19
4.833842564420691815e+03 -2.186759035059319860e-19 6.656763306905618775e-19
4.838848492353747133e+03 -2.383235360856233017e-19 6.253148103579945318e-19
4.843854420286802451e+03 2.893064553370657312e-20 5.847038015763333793e-19
4.848860348219858679e+03 3.547197339017916444e-19 5.270069922550667846e-19
4.853866276152913997e+03 5.443809001017916288e-19 4.645834469697381345e-19
4.858872204085970225e+03 1.510987726741147481e-20 4.087443831422981230e-19
4.863878132019025543e+03 8.176913052309101234e-20 3.743971760293800205e-19
4.868884059952080861e+03 4.733707880729940199e-19 3.600002678806793409e-19
4.873889987885137089e+03 4.652652956642691567e-19 3.607277349991516203e-19
4.878895915818192407e+03 -4.188734861953974058e-20 3.625338224922789354e-19
4.883901843751248634e+03 -6.288766720170411683e-20 3.521363013103238919e-19
4.888907771684303952e+03 2.508388477356175566e-19 3.323863307785727256e-19
4.893913699617360180e+03 -2.160543693794929259e-19 3.055000549867838720e-19
4.898919627550415498e+03 5.711026610492045018e-19 2.779375751895699500e-19
4.903925555483470816e+03 -1.625899660951381895e-20 2.540858002358955540e-19
4.908931483416527044e+03 1.023424930718735703e-19 2.421050027626782901e-19
4.913937411349582362e+03 1.030685574982872831e-19 2.366404961164356205e-19
4.918943339282638590e+03 3.297195985856476619e-19 2.336082240914675506e-19
4.923949267215693908e+03 1.090791672536676345e-19 2.291050305710619772e-19
4.928955195148750136e+03 -4.842392528446819269e-20 2.198610959733477476e-19
4.933961123081805454e+03 7.013963256418285795e-20 2.077128618729360404e-19
4.938967051014860772e+03 1.091759178576619199e-19 1.936077492112654312e-19
4.943972978947916999e+03 -1.521732359790750477e-19 1.836621073119876509e-19
4.948978906880972318e+03 -2.966067976820106806e-19 1.781942459265378532e-19
4.953984834814028545e+03 1.303347078052525752e-19 1.788962980402497948e-19
4.958990762747083863e+03 6.262031483074101289e-20 1.812630931370871534e-19
4.963996690680139181e+03 1.915465816455161010e-19 1.814219827244257567e-19
4.969002618613195409e+03 -4.378807098421908880e-20 1.789670714918040594e-19
4.974008546546250727e+03 1.131884979869403422e-19 1.718985864058765863e-19
4.979014474479306955e+03 8.003685442884472392e-21 1.634433308867905383e-19
4.984020402412362273e+03 8.454597833866685573e-20 1.558301334933629943e-19
4.989026330345418501e+03 -2.846266550142683239e-20 1.534422721593659040e-19
4.994032258278473819e+03 8.755237918152787917e-20 1.543761824994306744e-19
4.999038186211529137e+03 -5.061470393784492891e-20 1.539829655747201609e-19
5.004044114144585365e+03 -1.802107324571468717e-19 1.494232677094922676e-19
5.009050042077640683e+03 -1.783286351660950322e-19 1.438827800190912185e-19
5.014055970010696910e+03 5.113708670441500365e-20 1.361779856748109443e-19
5.019061897943752228e+03 -2.530492478802706143e-20 1.290848042031476295e-19
5.024067825876807547e+03 3.462250912868724152e-20 1.216930168007784846e-19
5.029073753809863774e+03 5.389527543615551284e-20 1.167644427355293367e-19
5.034079681742919092e+03 -1.886366508463654939e-20 1.140293887366947871e-19
5.039085609675975320e+03 -3.133783213366737896e-20 1.137448504307634458e-19
5.044091537609030638e+03 7.330614853586792869e-20 1.155154577159397156e-19
5.049097465542086866e+03 1.885789870631983129e-19 1.167127510443506158e-19
5.054103393475142184e+03 -5.117782730766034988e-20 1.161898672752382475e-19
5.059109321408197502e+03 8.886810987713623526e-23 1.135281305378480720e-19
5.064115249341253730e+03 1.234162310593094011e-19 1.087738733693872617e-19
5.069121177274309048e+03 -1.810984776072724366e-19 1.027027692216978730e-19
5.074127105207365275e+03 -5.812402288946519806e-20 9.928878393391702338e-20
5.079133033140420594e+03 -6.283209012414865904e-20 9.867755156421420351e-20
5.084138961073476821e+03 1.542264156243339596e-19 1.019390912739793666e-19
5.089144889006532139e+03 -5.183698739676679454e-21 1.060244668373118466e-19
5.094150816939587457e+03 7.654444291356525317e-20 1.090345417263539604e-19
5.099156744872643685e+03 -6.595049320466728438e-20 1.098566321874219461e-19
5.104162672805699003e+03 -1.897544356925904043e-19 1.093565377266728164e-19
5.109168600738755231e+03 -7.663398984101047087e-20 1.084223885341356403e-19
5.114174528671810549e+03 -1.734900022236577582e-20 1.088244195427554787e-19
5.119180456604865867e+03 1.841452529690108340e-20 1.087537294355810551e-19
5.124186384537922095e+03 7.496456807017434554e-20 1.070880654230966943e-19
5.129192312470977413e+03 5.346616042080207468e-20 1.039071376868038521e-19
5.134198240404033641e+03 4.977345717092811562e-20 1.016772249468359145e-19
5.139204168337088959e+03 1.237633123846221668e-20 1.002414922727355991e-19
5.144210096270145186e+03 1.804975357076544112e-19 9.778926652753038692e-20
5.149216024203200504e+03 -5.446076390099756962e-20 9.520632691753433225e-20
5.154221952136255823e+03 1.862338639075945163e-20 9.124590175107834633e-20
5.159227880069312050e+03 -6.711949402896482612e-20 8.673347484735877150e-20
5.164233808002367368e+03 6.995723861629685657e-20 8.124460644984217836e-20
5.169239735935423596e+03 4.172810142499856606e-20 7.617545744971693763e-20
5.174245663868478914e+03 5.317872415497844169e-20 7.460730610950650434e-20
5.179251591801534232e+03 1.924135371898864954e-20 7.480632158288075387e-20
5.184257519734590460e+03 -6.714926281217046874e-20 7.682060172154207025e-20
5.189263447667645778e+03 -1.000766915497960335e-19 8.006462117577894677e-20
5.194269375600702006e+03 5.866685945392450059e-20 8.482305936836545360e-20
5.199275303533757324e+03 -1.745586610704785346e-20 8.634094501483841963e-20
5.204281231466813551e+03 -9.797970133694051275e-21 8.450711675784284899e-20
5.209287159399868870e+03 -7.850358639641204439e-20 8.016793141917528011e-20
5.214293087332924188e+03 5.252270369129674566e-20 7.882857145652119599e-20
5.219299015265980415e+03 1.738466639842410436e-20 7.827858251223922054e-20
5.224304943199035733e+03 1.141423563447539131e-20 7.872411233985128537e-20
5.229310871132091961e+03 -1.272250557022958385e-20 8.048405518586277711e-20
5.234316799065147279e+03 -1.631306734060238816e-20 8.309544836904848939e-20
5.239322726998203507e+03 -2.046008602522910956e-21 8.592599471520126903e-20
5.244328654931258825e+03 -9.914079278372144885e-20 8.766304991353012292e-20
5.249334582864314143e+03 -2.183570523509741785e-20 8.776714723440920985e-20
5.254340510797370371e+03 1.916965678217764298e-20 8.645597723529406342e-20
5.259346438730425689e+03 5.089178994541852564e-20 8.197275371767311932e-20
5.264352366663481916e+03 -1.485281761372802241e-20 7.674968461426789789e-20
5.269358294596537235e+03 -1.099198559801817899e-20 7.378710961875854145e-20
5.274364222529593462e+03 9.922089645596599058e-20 7.285999461950753883e-20
5.279370150462648780e+03 -3.942295361148489350e-20 7.181501123300926698e-20
5.284376078395704099e+03 1.076526333938107069e-19 7.172045977703710996e-20
5.289382006328760326e+03 4.152454658593687253e-20 7.274279347259391024e-20
5.294387934261815644e+03 -5.998381080124134068e-20 7.312277037555247763e-20
5.299393862194871872e+03 -7.498648051943209426e-20 7.421346058005855708e-20
5.304399790127927190e+03 8.073969910532852462e-21 7.429522767375809333e-20
5.309405718060982508e+03 -1.325003086315933247e-19 7.304688711937797762e-20
5.314411645994038736e+03 7.278191644115090920e-20 7.102391459355834142e-20
5.319417573927094054e+03 7.868842991791832246e-20 6.886323335003534821e-20
5.324423501860150282e+03 -5.162839323514455822e-21 6.629886289813637739e-20
5.329429429793205600e+03 -7.761763152810019548e-20 6.489723550393216759e-20
5.334435357726260918e+03 -1.570611895257324695e-19 6.463327202479155043e-20
5.339441285659317145e+03 -3.072960092308615609e-20 6.528066438208221031e-20
5.344447213592372464e+03 5.515079305545253065e-20 6.759772434911420985e-20
5.349453141525428691e+03 6.254385790930005591e-20 7.012907173442304941e-20
5.354459069458484009e+03 1.421926094760088858e-19 7.274153635375012809e-20
5.359464997391540237e+03 -5.621002664051487862e-20 7.351480485992990749e-20
5.364470925324595555e+03 5.071907345441591169e-20 7.414229871070112459e-20
5.369476853257650873e+03 -1.602700360574195285e-20 7.466281799769174515e-20
5.374482781190707101e+03 -4.960151168452116912e-20 7.508264701896813013e-20
5.379488709123762419e+03 -3.711245267192336467e-20 7.422117251779788432e-20
5.384494637056818647e+03 8.985411615185130824e-20 7.185617429238372626e-20
5.389500564989873965e+03 5.387973189748155372e-20 6.893101628106371562e-20
5.394506492922930192e+03 -2.179862436893132222e-20 6.682026566508930686e-20
5.399512420855985511e+03 3.129843420939911982e-20 6.451112017493181205e-20
5.404518348789040829e+03 3.558554155816404964e-20 6.312711196440100843e-20
5.409524276722097056e+03 -9.918689910723427737e-21 6.263310538893936056e-20
5.414530204655152374e+03 -4.455787029212689757e-20 6.285949891848242448e-20
5.419536132588208602e+03 2.981305897500479351e-20 6.332834070258596696e-20
5.424542060521263920e+03 -3.604543389317650264e-20 6.359472613465914403e-20
5.429547988454320148e+03 -3.359540296877211870e-20 6.419539666551780546e-20
5.434553916387375466e+03 -9.436841978936768437e-20 6.379579108328643270e-20
5.439559844320430784e+03 1.991378196363039468e-20 6.324427875192903211e-20
5.444565772253487012e+03 6.018668560035877001e-20 6.222258346086213042e-20
5.449571700186542330e+03 1.027331950892058397e-19 6.110977891947270080e-20
5.454577628119598558e+03 -1.697517214816139494e-20 6.023836907773062961e-20
5.459583556052653876e+03 -2.043257456333441721e-20 6.034001979940026819e-20
5.464589483985709194e+03 -4.303832686317363193e-20 6.155512952810413369e-20
5.469595411918765421e+03 1.050689998259881024e-20 6.305767406059420432e-20
5.474601339851820740e+03 -1.288166753308061066e-19 6.435892067387556158e-20
5.479607267784876967e+03 2.830393799850924581e-20 6.553294420390137502e-20
5.484613195717932285e+03 -2.392717768314584620e-20 6.723620723152169370e-20
5.489619123650987603e+03 -2.710214630006925725e-20 6.770125601301103618e-20
5.494625051584043831e+03 -4.772548412711763114e-20 6.771390444470820943e-20
5.499630979517099149e+03 8.958208671491714573e-20 6.779974394132543138e-20
5.504636907450155377e+03 6.717449544259242619e-20 6.713909740373440205e-20
5.509642835383210695e+03 1.792113791383298874e-20 6.582287579564616978e-20
5.514648763316266923e+03 7.254869151385845471e-20 6.345901739429357261e-20
5.519654691249322241e+03 -3.387145825461230583e-20 6.147137435824218443e-20
5.524660619182377559e+03 -6.562966920352434415e-20 5.893729743388790705e-20
5.529666547115433787e+03 5.752952138528287128e-20 5.782717753915101560e-20
5.534672475048489105e+03 5.749603273100271055e-20 5.728051754447677020e-20
5.539678402981545332e+03 -2.861805195368481670e-21 5.805507101982762954e-20
5.544684330914600650e+03 3.938831710845584823e-20 5.865188151088004073e-20
5.549690258847656878e+03 8.462453241767320231e-20 5.892890282319728061e-20
5.554696186780712196e+03 4.711166779125322300e-20 5.902977887114330720e-20
5.559702114713767514e+03 1.577907333428858371e-20 6.092860785641533271e-20
5.564708042646823742e+03 2.041040646337267971e-20 6.468013664005845896e-20
5.569713970579879060e+03 6.604866229365190325e-20 1.102224102278163233e-19
5.574719898512935288e+03 3.171081829439290690e-20 1.669808848312426861e-19
5.579725826445990606e+03 1.710626492028964913e-20 1.662534535055957811e-19
5.584731754379046833e+03 -5.614874820572575459e-20 1.085003312379900333e-19
5.589737682312102152e+03 1.463418977621081789e-20 6.237052549837362742e-20
5.594743610245157470e+03 -6.336095677888327600e-20 5.869004185191302608e-20
5.599749538178213697e+03 -3.853199347277910642e-20 5.808067819385499609e-20
5.604755466111269016e+03 5.883513193665519440e-20 5.788327251401038136e-20
5.609761394044325243e+03 1.836646891430284315e-20 5.763087131676556536e-20
5.614767321977380561e+03 -4.497993878530004635e-20 5.742286130595274793e-20
5.619773249910436789e+03 1.270432412320767465e-20 5.880171488566792684e-20
5.624779177843492107e+03 5.444345222574756724e-20 6.038459751398095022e-20
5.629785105776547425e+03 9.024726441128697540e-20 6.067569513066561301e-20
5.634791033709603653e+03 8.023408484878023747e-20 6.032540232319237768e-20
5.639796961642658971e+03 2.212322511287544576e-20 5.923674983280505975e-20
5.644802889575714289e+03 -4.859641568222807553e-20 5.770845987598898400e-20
5.649808817508770517e+03 1.738281407056529630e-20 5.590218861580287799e-20
5.654814745441825835e+03 6.718863684459220892e-20 5.412039434419751551e-20
5.659820673374882062e+03 -1.229829445638900042e-21 5.303030457691901997e-20
5.664826601307937381e+03 1.038088420232658523e-20 5.299938486259418691e-20
5.669832529240993608e+03 4.873219339259346843e-20 5.231971741543521082e-20
5.674838457174048926e+03 3.853807998939654691e-20 5.218521386986439847e-20
5.679844385107104245e+03 6.009026465326903190e-20 5.151562281372516078e-20
5.684850313040160472e+03 -5.991151028020094071e-20 5.099063924264504367e-20
5.689856240973215790e+03 -2.269240650483694781e-20 5.069674326118353647e-20
5.694862168906272018e+03 3.057735256565955686e-20 5.047257440991341384e-20
5.699868096839327336e+03 -4.488931913965354370e-20 5.031258144275585184e-20
5.704874024772383564e+03 -3.473205141131070863e-20 5.051304909851484882e-20
5.709879952705438882e+03 1.171157680704312240e-20 5.088590180405541637e-20
5.714885880638494200e+03 5.343688124419791784e-20 5.164242442357332487e-20
5.719891808571550428e+03 9.186278322784885020e-20 5.302216114532156547e-20
5.724897736504605746e+03 -1.566673258362624007e-20 5.409983285521102079e-20
5.729903664437661973e+03 6.448259550741859545e-20 5.524160652240420064e-20
5.734909592370717291e+03 8.363862095502290322e-20 5.562561821677369752e-20
5.739915520303773519e+03 -6.157431935447471777e-20 5.608955694088002446e-20
5.744921448236828837e+03 5.223496108414464286e-21 5.641103186424273714e-20
5.749927376169884155e+03 8.033102194078209569e-20 5.640538891139882359e-20
5.754933304102940383e+03 -2.184080859158551100e-20 5.662403329391958035e-20
5.759939232035995701e+03 1.023398713053934819e-19 5.715219077236048304e-20
5.764945159969051929e+03 9.854399890274629002e-20 5.654347343061325322e-20
5.769951087902107247e+03 6.637608271831312964e-20 5.462413618016371711e-20
5.774957015835163475e+03 -5.243283460419335801e-20 5.333971417439064371e-20
5.779962943768218793e+03 7.248833159076785013e-20 5.196452239174213115e-20
5.784968871701274111e+03 -9.930606033633461125e-20 5.084195951420056193e-20
5.789974799634330338e+03 -4.964950154333128844e-20 5.012496117349645374e-20
5.794980727567385657e+03 -1.525784184724855554e-20 4.947717270992918396e-20
5.799986655500441884e+03 1.242092881641923816e-19 4.904256666325220376e-20
5.804992583433497202e+03 8.547214868083470497e-20 4.828525933294380060e-20
5.809998511366552520e+03 -1.236542338565221680e-21 4.762558408135725361e-20
5.815004439299608748e+03 2.878486583040206124e-20 4.792155049043882225e-20
5.820010367232664066e+03 1.467014466557823784e-20 4.784102776805448935e-20
5.825016295165720294e+03 2.617341351995397018e-20 4.791638978016500254e-20
5.830022223098775612e+03 -4.427280565873337787e-22 4.804986574050114081e-20
5.835028151031830930e+03 5.506451805750514436e-20 4.896901326167123061e-20
5.840034078964887158e+03 -6.421840319871904293e-20 4.914696957783848923e-20
5.845040006897942476e+03 8.264275300314594366e-20 4.949154814419579411e-20
5.850045934830998704e+03 2.774003099969854107e-20 4.963929236057403042e-20
5.855051862764054022e+03 3.007948801698470728e-20 4.977346313733653400e-20
5.860057790697110249e+03 -5.606775529705854029e-20 5.105567550361548765e-20
5.865063718630165567e+03 6.124597119954019104e-20 5.399249892938998367e-20
5.870069646563220886e+03 7.488427139953069883e-20 5.445910776421534960e-20
5.875075574496277113e+03 1.080985820440796563e-19 5.234540259460752527e-20
5.880081502429332431e+03 1.533216601859444852e-20 5.495398733271648184e-20
5.885087430362388659e+03 -5.791312897105009876e-21 7.355983759280723535e-20
5.890093358295443977e+03 7.389437862184467857e-20 8.670416271904613206e-20
5.895099286228500205e+03 8.130192112834948801e-20 8.098512345649253583e-20
5.900105214161555523e+03 1.613025144803286994e-19 6.348600165562910642e-20
5.905111142094610841e+03 9.902148378145811894e-20 5.298160255056116779e-20
5.910117070027667069e+03 9.648771257092043330e-21 5.308796977582063780e-20
5.915122997960722387e+03 1.554328947508278606e-19 5.391809416563004005e-20
5.920128925893778614e+03 5.751550545450273851e-20 5.358961611870575423e-20
5.925134853826833933e+03 3.295304579628779132e-20 5.255751876806648304e-20
5.930140781759890160e+03 -3.439497872323042914e-20 5.335126598224200694e-20
5.935146709692945478e+03 -3.676768149970078172e-20 5.154642019102354867e-20
5.940152637626000796e+03 1.941070709930884046e-20 4.925027277988514465e-20
5.945158565559057024e+03 9.069758363993682436e-20 4.871315703398629505e-20
5.950164493492112342e+03 -5.812418361598331043e-21 5.003301641122535284e-20
5.955170421425167660e+03 -1.129280553603240630e-20 4.934298201430485385e-20
5.960176349358223888e+03 2.789370639239515799e-20 4.785608157766271087e-20
5.965182277291280116e+03 7.714140494917205441e-20 4.734116922611845896e-20
5.970188205224335434e+03 1.180159730400119578e-19 4.812133880585925919e-20
5.975194133157390752e+03 -5.374167732951485454e-20 4.881454057516780202e-20
5.980200061090446980e+03 2.923469182460626880e-20 4.818468785866564424e-20
5.985205989023502298e+03 1.739212309627413958e-20 4.673970056222349360e-20
5.990211916956557616e+03 2.283710642350278868e-20 4.623974362761209469e-20
5.995217844889613843e+03 1.249322051750629049e-20 4.706494772402960673e-20
6.000223772822669162e+03 3.956601449676404626e-20 4.757531160142398804e-20
6.005229700755725389e+03 1.370126850797124903e-20 4.715668331787273465e-20
6.010235628688780707e+03 2.403430320625592822e-21 4.675200886493220612e-20
6.015241556621836935e+03 1.116922879081304109e-20 4.678358215749502611e-20
6.020247484554892253e+03 1.099003385158339280e-19 4.661745960642321260e-20
6.025253412487947571e+03 9.448341666342118121e-21 4.581009643108415586e-20
6.030259340421003799e+03 3.324272977996486279e-20 4.590182849420329747e-20
6.035265268354059117e+03 4.384352854199131619e-20 4.524777172025871586e-20
6.040271196287115345e+03 2.847656812747694324e-20 4.410920746307999849e-20
6.045277124220170663e+03 -2.844496345908077920e-20 4.358888841236673894e-20
6.050283052153226890e+03 4.523292640493575979e-20 4.325009609481410378e-20
6.055288980086282209e+03 9.442765900163211625e-20 4.272110248017427330e-20
6.060294908019337527e+03 7.118093304975195004e-20 4.223643286845096685e-20
6.065300835952393754e+03 5.573914148247169223e-20 4.194632272053185089e-20
6.070306763885449072e+03 4.039692085746141060e-20 4.126891238373292884e-20
6.075312691818505300e+03 2.683764860659530092e-20 4.084398954441487842e-20
6.080318619751560618e+03 2.007455175196595652e-20 4.060056494460245861e-20
6.085324547684616846e+03 3.371511153222200891e-21 4.048979746475490932e-20
6.090330475617672164e+03 2.755099526947367032e-21 4.056302841782107602e-20
6.095336403550727482e+03 2.285357664848552406e-20 4.103694216616992988e-20
6.100342331483783710e+03 -4.100369570529208452e-20 4.120652384282321211e-20
6.105348259416839028e+03 2.308261215151706411e-20 4.152933867512112012e-20
6.110354187349894346e+03 -6.476178653253984603e-20 4.175776275131577950e-20
6.115360115282950574e+03 1.063251283027268615e-20 4.229082366520803019e-20
6.120366043216006801e+03 4.143431469528738951e-20 4.278040050247147601e-20
6.125371971149062119e+03 -1.379164145974884745e-20 4.358004891315661454e-20
6.130377899082117438e+03 -1.301333103451761104e-20 4.450958534954904253e-20
6.135383827015173665e+03 -8.957006738238594830e-21 4.593792122770508190e-20
6.140389754948228983e+03 3.742721421191171608e-21 4.802403775091538189e-20
6.145395682881284301e+03 -1.800907822664743729e-20 4.752755407582064084e-20
6.150401610814340529e+03 3.482338336206157293e-21 4.614022810204084709e-20
6.155407538747396757e+03 8.275984624966832950e-21 4.489067693841467364e-20
6.160413466680452075e+03 4.521532891208902551e-20 4.357304121984802187e-20
6.165419394613507393e+03 7.687640188497273104e-20 4.318500657122647712e-20
6.170425322546563621e+03 6.004209272525361789e-20 4.314521705469771594e-20
6.175431250479618939e+03 6.328948159574384627e-20 4.220125614369050676e-20
6.180437178412674257e+03 9.417286648440064964e-20 4.055915904109588083e-20
6.185443106345730484e+03 7.490149550137717892e-20 3.925433788145757426e-20
6.190449034278785803e+03 8.063468228043586305e-20 3.858179013941732435e-20
6.195454962211842030e+03 6.125136072102257727e-20 3.850977636817407631e-20
6.200460890144897348e+03 6.172591463100978537e-20 3.865180571899848993e-20
6.205466818077953576e+03 7.756428371205105904e-20 3.830774891656799315e-20
6.210472746011008894e+03 -5.919461548741308199e-20 3.725103325448137339e-20
6.215478673944064212e+03 7.064959307078811636e-20 3.788462716902025735e-20
6.220484601877120440e+03 1.441141921521971278e-20 3.837249381445592900e-20
6.225490529810175758e+03 -1.432610204919521508e-20 3.851625527501022266e-20
6.230496457743231986e+03 -3.962606493552649608e-20 4.197408005239242521e-20
6.235502385676287304e+03 5.259281341505079717e-20 4.539932620231691422e-20
6.240508313609343531e+03 -2.761886568402923378e-20 4.462024834148475095e-20
6.245514241542398850e+03 8.465434954694319791e-20 4.088388220881350901e-20
6.250520169475454168e+03 4.809579572491622591e-20 4.141734609937570840e-20
6.255526097408510395e+03 6.096456704754881095e-20 4.606719010802377456e-20
6.260532025341565713e+03 8.991007796398483217e-20 4.873672824293467909e-20
6.265537953274621032e+03 7.625763949686996498e-20 4.638773894616268550e-20
6.270543881207677259e+03 -3.296479552862661739e-21 4.532391086414866468e-20
6.275549809140733487e+03 1.963591293901462725e-21 4.432406928455590831e-20
6.280555737073788805e+03 -1.627195629411131325e-20 4.525957880851146397e-20
6.285561665006844123e+03 4.726556438583667076e-20 4.687499257153880986e-20
6.290567592939900351e+03 -7.705867226824316546e-21 5.459511839369642601e-20
6.295573520872955669e+03 1.010236778009241972e-19 9.092582635975168100e-20
6.300579448806010987e+03 1.238179239415534354e-19 9.896156460242531766e-20
6.305585376739067215e+03 8.865821953775276319e-20 7.704474950450836479e-20
6.310591304672123442e+03 4.840126214022931189e-20 4.491133729473728281e-20
6.315597232605178760e+03 2.439073689520280639e-20 3.977016329260142581e-20
6.320603160538234079e+03 5.355165012922017926e-21 4.048697828144513019e-20
6.325609088471290306e+03 2.326049686625057788e-20 4.286770316305374787e-20
6.330615016404345624e+03 5.966790950964476393e-20 4.225975176604954521e-20
6.335620944337400942e+03 -2.140456604275480698e-20 3.927648430760004271e-20
6.340626872270457170e+03 5.895873245610258084e-20 3.774501061625562140e-20
6.345632800203512488e+03 -2.246092101403764565e-20 3.887372106478322502e-20
6.350638728136568716e+03 4.213705353574386450e-20 4.094711381025412756e-20
6.355644656069624034e+03 8.107223798433319752e-20 4.850155008430636272e-20
6.360650584002680262e+03 6.132621759488564367e-20 6.261605385660890586e-20
6.365656511935735580e+03 1.767753975790344985e-19 6.176321863087518055e-20
6.370662439868790898e+03 9.031061047934273183e-20 4.692348650463812315e-20
6.375668367801847126e+03 9.332693467098906806e-20 4.027465404779520067e-20
6.380674295734902444e+03 1.128984401502541257e-19 4.196963023305095154e-20
6.385680223667958671e+03 1.043984152335263528e-19 4.235543531623814959e-20
6.390686151601013989e+03 2.213762027745337282e-20 4.184723273303336858e-20
6.395692079534070217e+03 -2.983813431883654448e-20 4.099137446681762035e-20
6.400698007467125535e+03 2.935500574555613542e-20 4.116995149836564463e-20
6.405703935400180853e+03 3.754187166322356386e-20 4.053390270540969789e-20
6.410709863333237081e+03 6.516992533523670420e-20 3.988849395049132707e-20
6.415715791266292399e+03 -1.252427859814647745e-20 3.958678393510329350e-20
6.420721719199348627e+03 8.520194742185379497e-21 3.874320905305662950e-20
6.425727647132403945e+03 4.182177500998234465e-20 3.750325124880145698e-20
6.430733575065460172e+03 5.436943472715753604e-20 3.637789517369031688e-20
6.435739502998515491e+03 -3.440096257223154440e-20 3.571635522883523519e-20
6.440745430931570809e+03 2.863313788571183650e-20 3.518908420484359815e-20
6.445751358864627036e+03 2.424162951579718437e-20 3.528463142117259179e-20
6.450757286797682355e+03 2.836938345902256190e-20 3.559755392486262140e-20
6.455763214730737673e+03 1.420205458973994294e-21 3.585268561003001293e-20
6.460769142663793900e+03 7.355199789760724184e-21 3.872334863508422346e-20
6.465775070596850128e+03 9.858757476779733916e-21 4.071888070936740706e-20
6.470780998529905446e+03 4.142957217604862678e-20 3.973102812112330615e-20
6.475786926462960764e+03 -3.283167192184137799e-20 3.713158627315129076e-20
6.480792854396016992e+03 1.288147693861643223e-20 3.487736260491968083e-20
6.485798782329072310e+03 2.176762163089202787e-20 3.423166684730635495e-20
6.490804710262127628e+03 -1.199788756449659910e-20 3.659107306113540435e-20
6.495810638195183856e+03 1.234736139053984043e-20 4.177915667168671449e-20
6.500816566128239174e+03 5.473070574266297207e-20 4.403437873083649971e-20
6.505822494061295401e+03 1.242187124857236105e-20 3.988170796073771707e-20
6.510828421994350720e+03 -3.083462120935436992e-20 3.780465936276390477e-20
6.515834349927406947e+03 1.324658510932536076e-20 3.822118999726874492e-20
6.520840277860462265e+03 -3.006733444905773289e-20 3.927437808123077128e-20
6.525846205793517584e+03 4.076470761530571431e-20 4.192775574240793732e-20
6.530852133726573811e+03 1.347374906453376201e-19 4.398416948798566285e-20
6.535858061659629129e+03 3.512954318500448371e-20 4.297814974832213948e-20
6.540863989592685357e+03 6.975569570477979529e-20 3.967220869607602696e-20
6.545869917525740675e+03 5.362324342190508941e-20 3.982257444558300415e-20
6.550875845458796903e+03 3.769087512811509951e-20 4.145529014098907897e-20
6.555881773391852221e+03 5.348335012612858304e-20 4.120762885656970084e-20
6.560887701324907539e+03 6.596880303417368168e-20 3.847996722228695984e-20
6.565893629257963767e+03 9.347781199275279829e-22 3.753338496414964415e-20
6.570899557191019085e+03 5.962583640123058240e-20 3.720621887211747465e-20
6.575905485124075312e+03 9.534172485335524912e-21 3.731468410684979002e-20
6.580911413057130630e+03 7.551207790309174421e-20 3.578516708048808613e-20
6.585917340990186858e+03 6.248002895556488602e-20 3.246529269779720855e-20
6.590923268923242176e+03 6.798076789808918840e-20 3.239450516401386408e-20
6.595929196856297494e+03 -1.379521533507241473e-21 3.331187225957328615e-20
6.600935124789353722e+03 -2.242088057732878170e-20 3.467389460111290370e-20
6.605941052722409040e+03 2.093264065877581376e-20 3.406340258911013879e-20
6.610946980655464358e+03 3.048755794916513765e-20 3.269398746250972414e-20
6.615952908588520586e+03 -9.570193534731046037e-21 3.209152611484550908e-20
6.620958836521576814e+03 6.402967126663863613e-21 3.276739615967536302e-20
6.625964764454632132e+03 3.038019211316045822e-20 3.382514109091551435e-20
6.630970692387687450e+03 7.893710784554550334e-20 3.495182058814587127e-20
6.635976620320743677e+03 3.690335715903316737e-20 3.511656412120409744e-20
6.640982548253798996e+03 2.646469754718600162e-20 3.490922310018367367e-20
6.645988476186854314e+03 5.920003006113501298e-20 3.501276992595661449e-20
6.650994404119910541e+03 2.445399063456698758e-20 3.566291529303668910e-20
6.656000332052965859e+03 -2.752797958276294946e-20 3.604102586809555927e-20
6.661006259986022087e+03 3.166452222590635845e-20 3.591247949905775856e-20
6.666012187919077405e+03 5.437556630765103537e-20 3.550850184713799176e-20
6.671018115852133633e+03 4.697799721176527305e-20 3.451431705216136130e-20
6.676024043785188951e+03 -7.140561847065802782e-21 3.348677017162821835e-20
6.681029971718244269e+03 6.740413953141718248e-20 3.297454104238219519e-20
6.686035899651300497e+03 5.523523688836541080e-20 3.243830267737898293e-20
6.691041827584355815e+03 1.095430639649739925e-20 3.204409217491597250e-20
6.696047755517412043e+03 6.134173124740363407e-20 3.202903962311649207e-20
6.701053683450467361e+03 -2.976940331748437093e-20 3.175182544875970673e-20
6.706059611383523588e+03 4.024355221871719086e-20 3.144580946800334958e-20
6.711065539316578906e+03 7.373998701781641134e-20 3.118500940272953484e-20
6.716071467249634225e+03 4.913760072166524994e-20 3.088009230739151668e-20
6.721077395182690452e+03 -6.912043932490622125e-21 3.078317871307031147e-20
6.726083323115745770e+03 3.581942972773182455e-20 3.078992827341169607e-20
6.731089251048801998e+03 3.205722850158447687e-20 3.090859079934677758e-20
6.736095178981857316e+03 2.809270393523653613e-20 3.109515253248977291e-20
6.741101106914913544e+03 5.208630418770670646e-20 3.134340804780424559e-20
6.746107034847968862e+03 1.318695344894238623e-20 3.150220004729122723e-20
6.751112962781024180e+03 -5.444812705454246081e-21 3.158756877836769296e-20
6.756118890714080408e+03 1.312860240191818078e-20 3.186032496804773753e-20
6.761124818647135726e+03 5.401210598007454747e-20 3.222335264179267232e-20
6.766130746580191044e+03 2.724598558538623123e-20 3.280798606445570911e-20
6.771136674513247272e+03 2.882765051167292751e-21 3.334477940560290514e-20
6.776142602446303499e+03 8.156485073051553807e-21 3.388432777343096907e-20
6.781148530379358817e+03 4.736354684943756717e-20 3.470114594869502710e-20
6.786154458312414135e+03 4.919629980738867856e-20 3.470252911935488544e-20
6.791160386245470363e+03 -1.767237948122005724e-20 3.389914096957828982e-20
6.796166314178525681e+03 7.303671216278182985e-21 3.341428852194258108e-20
6.801172242111580999e+03 2.664157481639111660e-20 3.270001861491083352e-20
6.806178170044637227e+03 2.649599101736759019e-20 3.237966895685148121e-20
6.811184097977693455e+03 4.507662785377256164e-20 3.175714782946601918e-20
6.816190025910748773e+03 6.695997030234003194e-20 3.160849867826798191e-20
6.821195953843804091e+03 5.630892148038296601e-20 3.553924244128950692e-20
6.826201881776860318e+03 6.068834109027827824e-20 4.328788158099836488e-20
6.831207809709915637e+03 6.698759096610474756e-21 4.663424426079194748e-20
6.836213737642970955e+03 1.785373652921935549e-20 4.152443356716670189e-20
6.841219665576027182e+03 2.792748811666391008e-20 3.455446075180384331e-20
6.846225593509082501e+03 9.750840689752284045e-20 3.190935864956061650e-20
6.851231521442138728e+03 7.383862293897231740e-20 3.071647558896089512e-20
6.856237449375194046e+03 2.259904599812978667e-20 3.619114881540475593e-20
6.861243377308250274e+03 7.589069140943540819e-20 4.810599512558959070e-20
6.866249305241305592e+03 2.682314628986407310e-20 5.005536509106503239e-20
6.871255233174360910e+03 -3.476667988447877455e-20 4.113107455280138206e-20
6.876261161107417138e+03 9.521287481207044790e-21 4.314404847538222330e-20
6.881267089040473365e+03 -1.632975610840066247e-20 4.472307231345560598e-20
6.886273016973527774e+03 3.436791619192266942e-20 4.507767250463188998e-20
6.891278944906584002e+03 3.870893104783150583e-20 4.284536637899359308e-20
6.896284872839640229e+03 2.942366752950049349e-20 4.384348154066039169e-20
6.901290800772695547e+03 -2.809995398569184972e-20 4.420515381488481598e-20
6.906296728705750866e+03 3.952747716796824141e-20 4.531657924982392930e-20
6.911302656638807093e+03 4.817576927167395839e-20 4.443868270846679284e-20
6.916308584571862411e+03 3.376690594174750852e-20 4.675350219501935333e-20
6.921314512504917730e+03 3.461503053243910733e-20 4.640715456108022745e-20
6.926320440437973957e+03 3.751836583690748338e-20 4.363349924757779259e-20
6.931326368371030185e+03 1.685388535557453849e-20 3.484452859105818669e-20
6.936332296304085503e+03 1.344998016536778785e-20 3.543667382851840119e-20
6.941338224237140821e+03 2.788085828458767586e-20 3.743123238985545407e-20
6.946344152170197049e+03 1.286096237596515900e-20 3.964694010381474053e-20
6.951350080103252367e+03 -1.803539309938098594e-21 3.820169695076163190e-20
6.956356008036307685e+03 6.602171966387997740e-20 3.107085323276025202e-20
6.961361935969363913e+03 2.362311091268368996e-20 2.967113636708571888e-20
6.966367863902420140e+03 4.584151457652298210e-21 3.095172725026249089e-20
6.971373791835475458e+03 -1.404636889836022608e-20 3.318190250042000209e-20
6.976379719768530776e+03 1.693217810848411498e-20 3.453679683158160385e-20
6.981385647701587004e+03 -1.577541929966344637e-20 3.297776971669978791e-20
6.986391575634642322e+03 -9.621619926585057966e-21 2.903445092048306928e-20
6.991397503567697640e+03 -1.454841173092895377e-20 2.840606093106533457e-20
6.996403431500753868e+03 2.952798247382063742e-20 2.910569508601532421e-20
7.001409359433810096e+03 5.431827997570626539e-20 3.043382472426534163e-20
7.006415287366865414e+03 2.853651531747372517e-20 3.224298490678482690e-20
7.011421215299920732e+03 1.746026311373496940e-20 3.183492545195545156e-20
7.016427143232976960e+03 -2.477274937069743690e-21 3.064219786134969909e-20
7.021433071166032278e+03 5.694063892295953991e-20 2.952321097400536398e-20
7.026438999099087596e+03 -5.323768698845358312e-21 3.029358653087686367e-20
7.031444927032143823e+03 1.104752042052657781e-20 3.121612506231816457e-20
7.036450854965200051e+03 3.855940088302568906e-20 3.242673485589542756e-20
7.041456782898254460e+03 2.019021213918831887e-20 3.383798793310132937e-20
7.046462710831310687e+03 2.624443210470211069e-20 3.500961550356944828e-20
7.051468638764366915e+03 1.992862718745398993e-20 3.384135175424826487e-20
7.056474566697422233e+03 -1.442300159552664636e-20 3.159656999637787999e-20
7.061480494630477551e+03 3.924289911929577257e-20 3.115851721807285082e-20
7.066486422563533779e+03 4.273403879084197489e-20 3.132995675503264408e-20
7.071492350496589097e+03 2.159455091784182533e-21 3.083063379982882933e-20
7.076498278429644415e+03 1.257133232744755102e-20 3.077669493450365949e-20
7.081504206362700643e+03 -4.302049596077370147e-20 3.067058134236755815e-20
7.086510134295756870e+03 -2.309067390156329016e-20 3.081250537385050444e-20
7.091516062228812189e+03 1.573064708165976704e-20 3.014451212684201550e-20
7.096521990161867507e+03 9.993074601031625975e-21 2.922132697054388825e-20
7.101527918094923734e+03 3.770072919094767880e-20 2.906469271748358967e-20
7.106533846027979052e+03 3.552879282428790447e-20 2.914717852394006863e-20
7.111539773961034371e+03 -2.799923849886581968e-21 2.926116959857216634e-20
7.116545701894090598e+03 5.559173506076518404e-20 2.926521648227747043e-20
7.121551629827146826e+03 5.664143128169237327e-20 2.989267934444702506e-20
7.126557557760202144e+03 -3.309769666131527160e-21 3.067631448708580189e-20
7.131563485693257462e+03 4.046350252502153974e-20 3.123475625493441705e-20
7.136569413626313690e+03 -3.920812992854812426e-21 3.169170193521754717e-20
7.141575341559369008e+03 1.325368530986772967e-20 3.298402414099094257e-20
7.146581269492424326e+03 3.081938004055535966e-20 3.375350267653166301e-20
7.151587197425480554e+03 3.729097147784774769e-20 3.311304314494416199e-20
7.156593125358536781e+03 7.596432402660352056e-20 3.364466494598823165e-20
7.161599053291592099e+03 5.104187299237031169e-20 3.444945345495515325e-20
7.166604981224647418e+03 1.438756218339224948e-20 3.447597641392958089e-20
7.171610909157703645e+03 3.434350618600099290e-20 3.389675421070502776e-20
7.176616837090758963e+03 5.233516784669045738e-20 3.300116878982040007e-20
7.181622765023814281e+03 4.600469201366319629e-20 3.176154078452372536e-20
7.186628692956870509e+03 5.691746365187713289e-20 3.033661901228716313e-20
7.191634620889926737e+03 8.202783812762975086e-20 2.941413131906098731e-20
7.196640548822981145e+03 8.367570775360489214e-20 2.910391152985761023e-20
7.201646476756037373e+03 5.160479605248606614e-20 2.842494400636136035e-20
7.206652404689093601e+03 8.882710126189961736e-21 2.809519133034301040e-20
7.211658332622148919e+03 5.562711805205882839e-21 2.776964072737875808e-20
7.216664260555204237e+03 -6.089474406949016207e-21 2.784457513369690879e-20
7.221670188488260465e+03 -1.022097823898395696e-20 2.826710593412472619e-20
7.226676116421315783e+03 1.459509075949006144e-20 2.846823674822985736e-20
7.231682044354371101e+03 2.833202770797921822e-20 3.453853146220307106e-20
7.236687972287427328e+03 8.580969301426324677e-20 4.944523673250413662e-20
7.241693900220483556e+03 5.664624477878471355e-20 5.801753599950548972e-20
7.246699828153538874e+03 -6.685071434188167636e-20 5.153257500565947974e-20
7.251705756086594192e+03 -2.668846033828205661e-20 3.945119004554753658e-20
7.256711684019650420e+03 5.059883923492765734e-20 3.401372565718775343e-20
7.261717611952705738e+03 1.133388982958547602e-19 3.141893971437586485e-20
7.266723539885761056e+03 3.176866323011472834e-20 3.484011769374572540e-20
7.271729467818817284e+03 1.094398676438319814e-19 5.465038675569342337e-20
7.276735395751873511e+03 7.014905958086245217e-20 6.136781364487808052e-20
7.281741323684928830e+03 1.050556834460292077e-19 5.676871833687509109e-20
7.286747251617984148e+03 1.094865425713359843e-18 4.705278351233907269e-20
7.291753179551040375e+03 3.221387018532874728e-18 4.501808470737814602e-20
7.296759107484095694e+03 3.013362945443935987e-18 4.568274685483642923e-20
7.301765035417151012e+03 1.397961053211855247e-18 4.427900537438689880e-20
7.306770963350207239e+03 5.537942835412744648e-19 4.349878156281899547e-20
7.311776891283263467e+03 2.999263761829463926e-19 5.299072066478599124e-20
7.316782819216318785e+03 1.027731768413859852e-19 5.294400974953367753e-20
7.321788747149374103e+03 1.153293595661905714e-19 4.501634065483771253e-20
7.326794675082430331e+03 1.212320338812060577e-19 4.101047682132051529e-20
7.331800603015485649e+03 8.070323761911276613e-20 4.387554528514651399e-20
7.336806530948540967e+03 1.228022287957686096e-19 5.295864936254415519e-20
7.341812458881597195e+03 1.684984113068358377e-19 5.295739221224344306e-20
7.346818386814653422e+03 1.208758055785014410e-19 3.973794887076133028e-20
7.351824314747707831e+03 4.433564429199593036e-20 3.534350287115548420e-20
7.356830242680764059e+03 5.654263084429445947e-21 3.840293146104774413e-20
7.361836170613820286e+03 6.585370860754310462e-20 4.379169520942013212e-20
7.366842098546875604e+03 4.745871500967581508e-20 4.773575813576902414e-20
7.371848026479930923e+03 1.543292625481671895e-19 4.622442931170113350e-20
7.376853954412987150e+03 1.558154757101659448e-19 3.266499271603587369e-20
7.381859882346043378e+03 8.513334664913139518e-20 2.954759548604702333e-20
7.386865810279097786e+03 5.943283105604974828e-20 3.433997263294944853e-20
7.391871738212154014e+03 -3.410671020616758360e-20 3.656472236770954333e-20
7.396877666145210242e+03 3.424045103367745914e-20 4.314833939543529966e-20
7.401883594078265560e+03 1.224802535100705165e-20 4.254196659350586064e-20
7.406889522011320878e+03 7.515327161949643124e-20 3.766107834830699741e-20
7.411895449944377106e+03 4.027806493200450800e-20 3.132121898108250877e-20
7.416901377877432424e+03 3.443173144491359848e-20 3.188828705806945732e-20
7.421907305810487742e+03 9.437903499146898826e-20 3.312894456654547782e-20
7.426913233743543969e+03 7.063533827526640514e-20 3.538282867116991780e-20
7.431919161676600197e+03 3.536037333846425774e-21 3.886252406624981142e-20
7.436925089609655515e+03 6.552847523797728144e-21 3.858565221451923235e-20
7.441931017542710833e+03 3.702132748932558287e-20 3.604659127413821460e-20
7.446936945475767061e+03 4.361522262151022441e-20 3.040035663392355014e-20
7.451942873408822379e+03 1.185838265483010387e-19 3.017886881812130871e-20
7.456948801341877697e+03 5.699038720464554501e-20 3.151410586744578915e-20
7.461954729274933925e+03 6.135835178814481089e-20 3.427829066961084698e-20
7.466960657207990153e+03 6.251354724220197943e-20 3.826657035585247174e-20
7.471966585141045471e+03 8.732739361913744121e-20 4.000433444260340222e-20
7.476972513074100789e+03 1.016743253976224358e-19 4.208472550091251347e-20
7.481978441007157016e+03 4.948929208823664980e-20 4.017622046761537161e-20
7.486984368940212335e+03 1.118043563742444185e-19 3.633350950957905733e-20
7.491990296873267653e+03 9.656769809718491293e-20 3.198941135177344144e-20
7.496996224806323880e+03 1.046133066221568010e-19 3.125060619395420359e-20
7.502002152739380108e+03 3.539913611538276410e-20 2.969630097545543043e-20
7.507008080672435426e+03 9.387954480354565143e-20 2.945731992944203527e-20
7.512014008605490744e+03 1.137206371073718492e-19 3.072871810891674562e-20
7.517019936538546972e+03 1.222200537481352127e-19 4.060355587802685761e-20
7.522025864471602290e+03 4.016952306101428427e-20 4.867322304026640565e-20
7.527031792404657608e+03 1.539515592539388982e-20 4.918130267481527041e-20
7.532037720337713836e+03 -3.018268508011892376e-21 3.801325459958794886e-20
7.537043648270770063e+03 3.805701402262849393e-20 3.398827512554693024e-20
7.542049576203824472e+03 1.298241514189928770e-19 3.272962360941762058e-20
7.547055504136880700e+03 8.396859620626285411e-20 3.219929596995608078e-20
7.552061432069936927e+03 4.914253413725076180e-20 3.499407215545976919e-20
7.557067360002992245e+03 9.491985330434998887e-20 3.514854090897237861e-20
7.562073287936047564e+03 1.078649392137674027e-19 3.494765628065821008e-20
7.567079215869103791e+03 5.516107628754217116e-20 4.206837503942362626e-20
7.572085143802159109e+03 1.048656954578211476e-20 4.275562055719176662e-20
7.577091071735214427e+03 -2.762115601685792979e-20 3.686119535672136868e-20
7.582096999668270655e+03 1.456590667962602807e-19 3.345878565583588995e-20
7.587102927601326883e+03 1.428167187675545357e-19 3.310499402824545289e-20
7.592108855534382201e+03 4.463987915457333585e-20 3.312184693929547323e-20
7.597114783467437519e+03 1.325895018079206310e-20 3.533606235070098097e-20
7.602120711400493747e+03 8.551421455981148188e-20 4.136642295440070235e-20
7.607126639333549065e+03 7.555883963331023541e-20 5.242789649540236764e-20
7.612132567266604383e+03 1.470646661527710851e-19 7.675976560996404351e-20
7.617138495199660611e+03 7.690207980504041137e-20 7.851792492549678087e-20
7.622144423132716838e+03 1.690742750616740944e-19 6.385412962969270001e-20
7.627150351065772156e+03 5.183400894586200287e-21 5.144837299669390382e-20
7.632156278998827474e+03 4.219049865174455938e-20 5.085127821760702578e-20
7.637162206931883702e+03 7.650356325060069990e-20 4.906970929602777610e-20
7.642168134864939020e+03 7.493011368620116702e-20 4.805316530345066936e-20
7.647174062797994338e+03 1.098311886916794802e-19 4.860094883113099632e-20
7.652179990731050566e+03 1.290656014518123543e-19 4.691785540825982872e-20
7.657185918664106794e+03 1.350608488642225715e-19 4.763073885197528437e-20
7.662191846597162112e+03 1.287966647761548518e-19 4.420327532468311244e-20
7.667197774530217430e+03 9.503803791924462403e-20 4.211668724286585287e-20
7.672203702463273657e+03 4.159669704431563693e-20 3.907819199053746895e-20
7.677209630396328976e+03 5.417738649014761790e-20 3.781743674481233720e-20
7.682215558329384294e+03 8.501194971418603870e-21 3.699327628485066195e-20
7.687221486262440521e+03 6.773870478421585110e-20 3.646386053559179897e-20
7.692227414195496749e+03 7.164888178361219018e-21 3.609167784649588664e-20
7.697233342128551158e+03 5.643760345015546353e-20 3.599294081678316852e-20
7.702239270061607385e+03 1.097762454221859768e-19 3.666569436549909747e-20
7.707245197994663613e+03 3.144017804198284374e-20 5.295380775510506440e-20
7.712251125927718931e+03 3.862646629213725031e-20 6.487180636988267575e-20
7.717257053860774249e+03 1.855925366545243008e-19 6.322879938479970980e-20
7.722262981793830477e+03 1.593800897507335615e-19 4.912861731814723662e-20
7.727268909726885795e+03 9.789593907949274234e-21 3.851936252579575029e-20
7.732274837659941113e+03 2.387463081940657390e-20 3.420540035100283178e-20
7.737280765592997341e+03 1.514087534165821072e-19 3.263975244386348650e-20
7.742286693526053568e+03 1.768668976340464185e-20 3.994986231834375934e-20
7.747292621459108886e+03 6.626550223024395711e-20 5.879948965018306228e-20
7.752298549392164205e+03 1.911433293589546756e-19 6.203355860072394217e-20
7.757304477325220432e+03 1.090560161046559676e-19 5.061636173470218722e-20
7.762310405258275750e+03 8.271041883471560754e-20 4.302681454135303425e-20
7.767316333191331069e+03 6.682985681877846441e-20 4.039483649561254061e-20
7.772322261124387296e+03 9.828487207393123543e-20 4.379819364727030640e-20
7.777328189057443524e+03 1.847622177567843255e-19 4.646844475834832543e-20
7.782334116990498842e+03 1.226848486987022350e-19 4.111775084999810638e-20
7.787340044923554160e+03 5.844439787787253790e-20 4.926870391284996993e-20
7.792345972856610388e+03 1.636279510098782956e-19 5.770421945556522996e-20
7.797351900789665706e+03 1.193179080267563279e-19 5.465940159724468644e-20
7.802357828722721024e+03 1.356238731224947916e-19 4.304074401346311461e-20
7.807363756655777252e+03 1.244596371304808392e-19 4.546222536987432746e-20
7.812369684588833479e+03 8.465671334244316300e-20 4.717512630653908441e-20
7.817375612521888797e+03 1.603027131866556993e-19 6.004760106462981078e-20
7.822381540454944115e+03 8.225893238768139117e-20 6.008373541940940114e-20
7.827387468388000343e+03 5.279097003726105368e-20 4.436325728215715407e-20
7.832393396321055661e+03 8.056946326407343340e-20 3.400863658122890598e-20
7.837399324254110979e+03 1.039224882714676720e-19 4.077845867108990322e-20
7.842405252187167207e+03 3.532265366907666466e-20 4.263736390078980867e-20
7.847411180120223435e+03 4.923418278041490425e-20 5.612632299393880144e-20
7.852417108053277843e+03 3.771630996012409868e-20 6.356443542461575802e-20
7.857423035986334071e+03 1.342717441975760319e-19 6.181855795163102070e-20
7.862428963919390299e+03 8.378603919724343144e-20 5.067017473810352570e-20
7.867434891852445617e+03 1.184636693906903169e-19 5.030812266252665856e-20
7.872440819785500935e+03 9.488662032537937450e-20 5.017496607796544693e-20
7.877446747718557162e+03 5.223584926447330563e-20 4.550726418756991799e-20
7.882452675651613390e+03 2.724122193684721823e-20 4.797614632569250486e-20
7.887458603584667799e+03 8.148473879495300813e-20 4.840545349551224823e-20
7.892464531517724026e+03 9.627851830861945603e-20 4.516799381176003949e-20
7.897470459450780254e+03 3.127182589509572846e-20 3.371794926164510583e-20
7.902476387383835572e+03 7.566741249534347256e-20 3.203617381852015136e-20
7.907482315316890890e+03 1.318750467311574660e-19 5.596334555560631701e-20
7.912488243249947118e+03 7.611135095151768943e-20 6.897020265342456708e-20
7.917494171183002436e+03 1.144583192628559470e-20 6.989975547812361898e-20
7.922500099116057754e+03 9.695960963507162920e-20 5.296676259762514805e-20
7.927506027049113982e+03 1.244845127834352375e-19 4.971242055866395443e-20
7.932511954982170209e+03 9.478017681374591782e-20 4.588353452688308558e-20
7.937517882915225528e+03 1.095500106969547431e-19 3.836301408892961309e-20
7.942523810848280846e+03 5.081404395548830909e-20 3.913488428190041554e-20
7.947529738781337073e+03 9.976813611345121147e-20 4.256781776538661312e-20
7.952535666714392391e+03 4.738522919836411470e-20 3.977477524263026041e-20
7.957541594647447710e+03 8.577481650046250270e-20 4.586229868266365681e-20
7.962547522580503937e+03 1.049640794281226766e-19 5.905148609564416468e-20
7.967553450513560165e+03 2.865494583455424002e-20 5.650388907110429057e-20
7.972559378446615483e+03 4.302026120148596037e-20 4.301992216714304474e-20
7.977565306379670801e+03 1.292752726325702059e-20 4.498402466422799425e-20
7.982571234312727029e+03 1.103273787537147630e-19 4.330497154844274285e-20
7.987577162245782347e+03 1.663917207009616987e-19 5.334674877337798029e-20
7.992583090178837665e+03 1.280208364606467421e-19 5.858406905744212098e-20
7.997589018111893893e+03 7.497292615408251330e-20 5.195881149870427166e-20
8.002594946044950120e+03 4.434052899901219352e-20 3.155519829602922558e-20
8.007600873978005438e+03 1.087346632383667340e-19 3.512498683212085095e-20
8.012606801911060757e+03 6.578147986791684169e-20 3.918308514492581276e-20
8.017612729844116984e+03 7.849349003684611514e-20 4.412108955635362501e-20
8.022618657777172302e+03 -1.582907076066270415e-20 5.249432262229206280e-20
8.027624585710227620e+03 7.629620840719086343e-20 5.299977796901137416e-20
8.032630513643283848e+03 1.317346526822199499e-19 3.974411045681666737e-20
8.037636441576340076e+03 8.186108984067232139e-20 3.148428586841896922e-20
8.042642369509394484e+03 5.403729343550766748e-20 3.234955591227649406e-20
8.047648297442450712e+03 1.612826383136907504e-20 3.876854343753338936e-20
8.052654225375506940e+03 9.861392999258393821e-20 4.159342672818889219e-20
8.057660153308562258e+03 8.332044457656153752e-20 4.908339349191110089e-20
8.062666081241617576e+03 1.086204361289297338e-19 4.843890548046073482e-20
8.067672009174673803e+03 1.884917348397599626e-19 4.088148659746948548e-20
8.072677937107729122e+03 1.865328139747895345e-20 3.386108507814369411e-20
8.077683865040784440e+03 1.059744654423859918e-20 3.378577089155842836e-20
8.082689792973840667e+03 9.585234054010585329e-20 3.331104856487233196e-20
8.087695720906896895e+03 9.679725188020998651e-20 3.402891907068078361e-20
8.092701648839952213e+03 4.928217935388929811e-20 3.397564299592091763e-20
8.097707576773007531e+03 6.560750418711933056e-20 3.680012789976558046e-20
8.102713504706063759e+03 -4.553295926886352369e-21 3.499557142388591696e-20
8.107719432639119077e+03 3.320362018050764232e-21 3.143689313449891611e-20
8.112725360572174395e+03 4.566377136159827347e-20 2.807168942709043484e-20
8.117731288505230623e+03 5.404828100923434308e-20 2.738859665415854543e-20
8.122737216438286850e+03 6.052689428402496438e-20 2.739920740509271564e-20
8.127743144371342169e+03 4.053840040507798518e-20 2.793840248988236546e-20
8.132749072304397487e+03 4.343825015212284930e-20 2.927377612517980443e-20
8.137755000237453714e+03 9.554858943406377739e-20 3.045873467501423763e-20
8.142760928170509032e+03 2.450038849792608542e-20 3.195557990234712000e-20
8.147766856103564351e+03 3.586510753651612928e-20 3.155167688747040871e-20
8.152772784036620578e+03 6.474998688072788260e-20 3.032365298138827978e-20
8.157778711969676806e+03 7.956682638693549259e-20 2.988948348877510812e-20
8.162784639902732124e+03 6.086505970473339379e-22 3.032196098739017269e-20
8.167790567835787442e+03 3.737787503754357249e-20 3.098164728394714654e-20
8.172796495768843670e+03 1.141779151548786016e-19 3.150030170057636289e-20
8.177802423701898988e+03 3.667025416923421286e-20 3.201641485138971647e-20
8.182808351634954306e+03 6.056255529765819674e-20 3.342908278136683565e-20
8.187814279568010534e+03 5.895519670163142653e-20 3.436265122074017830e-20
8.192820207501066761e+03 6.912181800201683827e-20 3.384782926066906795e-20
8.197826135434121170e+03 4.132518326403781746e-20 3.230314624968664444e-20
8.202832063367177398e+03 9.044044505815793559e-20 3.105816420342869617e-20
8.207837991300233625e+03 7.639039264600466098e-20 3.064933898308985836e-20
8.212843919233288034e+03 5.071851570701196372e-20 2.988857281009849991e-20
8.217849847166344261e+03 7.745047194126325274e-20 2.939400484399042696e-20
8.222855775099400489e+03 1.116288057462193990e-19 2.883824716106450200e-20
8.227861703032456717e+03 9.262285263327106256e-20 2.844702339061885903e-20
8.232867630965511125e+03 7.223783489018821092e-20 2.839013300277994068e-20
8.237873558898567353e+03 4.239591245389950380e-20 2.940293153621800173e-20
8.242879486831623581e+03 3.930497052055629686e-20 3.049838525624778563e-20
8.247885414764677989e+03 4.240943398841442104e-20 3.068406315833687793e-20
8.252891342697734217e+03 2.746417651200385673e-20 3.036555988031335893e-20
8.257897270630790445e+03 3.129622392148325546e-20 3.011485551001363306e-20
8.262903198563846672e+03 4.782663786880075212e-20 3.005113831056700889e-20
8.267909126496901081e+03 1.270742152722573492e-19 3.086752807647677271e-20
8.272915054429957308e+03 1.489089117732076471e-19 4.044365838188723566e-20
8.277920982363013536e+03 5.350435264473084494e-20 5.438400950348586640e-20
8.282926910296067945e+03 -5.145043836933062357e-21 6.669894345029619737e-20
8.287932838229124172e+03 4.759169040714089292e-20 6.305135797359005542e-20
8.292938766162180400e+03 3.423359361313976914e-20 6.787003991709513790e-20
8.297944694095236628e+03 2.608015462506488713e-20 6.406693151198330617e-20
8.302950622028291036e+03 1.418150451522985024e-19 5.695797497071837804e-20
8.307956549961347264e+03 1.064502539668920906e-19 4.433024713105062565e-20
8.312962477894403492e+03 -1.333005710853575619e-20 4.317653859104217973e-20
8.317968405827457900e+03 3.595025492119194366e-20 3.534728866652685273e-20
8.322974333760514128e+03 2.435974985699372490e-20 3.232161448929957253e-20
8.327980261693570355e+03 1.288311939501982088e-19 3.133376085470210831e-20
8.332986189626626583e+03 9.380139060821707687e-20 3.379523531818812721e-20
8.337992117559680992e+03 1.956022884306560178e-19 6.931355968379846739e-20
8.342998045492737219e+03 -1.507940460826740259e-20 8.738691736587043329e-20
8.348003973425793447e+03 1.354076713875659604e-19 8.830285589854983364e-20
8.353009901358847856e+03 1.621501271843088795e-19 5.842271505921617278e-20
8.358015829291904083e+03 6.554539840928903126e-20 4.960114586967619900e-20
8.363021757224960311e+03 1.089279463467829038e-19 4.175224649030174466e-20
8.368027685158016538e+03 4.227093964847533662e-20 3.877333168011884712e-20
8.373033613091070947e+03 7.411557262374566721e-20 3.427216982502671854e-20
8.378039541024127175e+03 8.076394149129231089e-20 4.542265163232435813e-20
8.383045468957181583e+03 5.191734229425361294e-20 4.651228975757259874e-20
8.388051396890237811e+03 1.113685927161090584e-19 3.883199552354670828e-20
8.393057324823294039e+03 6.740984685605372103e-20 6.007744173075921891e-20
8.398063252756350266e+03 1.208592704538332028e-19 7.101629345980165579e-20
8.403069180689406494e+03 8.911587065974543712e-20 6.483665137528650620e-20
8.408075108622460903e+03 1.238397036655994256e-19 4.327833710908526137e-20
8.413081036555517130e+03 -3.248500884829822812e-20 5.111852019216561121e-20
8.418086964488571539e+03 1.570273791424283188e-19 5.126774225301217143e-20
8.423092892421627766e+03 1.376759011840667228e-19 6.312407355319987878e-20
8.428098820354683994e+03 2.644439377973149443e-19 8.380460720095391129e-20
8.433104748287740222e+03 1.644403285714839793e-19 8.101836425507850660e-20
8.438110676220796449e+03 1.026949414614339705e-19 4.385403747024097691e-20
8.443116604153850858e+03 1.084264633754458684e-19 4.152437423434688009e-20
8.448122532086907086e+03 7.854771207325586158e-20 5.500770933326352626e-20
8.453128460019961494e+03 1.344808224821640804e-19 5.314321221816228238e-20
8.458134387953017722e+03 -3.698695962618022072e-20 5.955977286016568805e-20
8.463140315886073950e+03 1.114875257678584594e-19 6.901253626020387034e-20
8.468146243819130177e+03 8.708514870336989290e-20 6.358385601179690333e-20
8.473152171752186405e+03 1.030377317212506173e-19 3.589295702090533258e-20
8.478158099685240813e+03 1.001424995451199917e-19 2.992163119116635573e-20
8.483164027618297041e+03 1.016692069358157881e-19 2.973451621877976039e-20
8.488169955551351450e+03 1.758937364435002938e-19 3.875341516520297882e-20
8.493175883484407677e+03 1.091170331101868590e-19 4.170062634092279141e-20
8.498181811417463905e+03 4.120030053727796648e-20 4.964733589004102943e-20
8.503187739350520133e+03 7.971309838368907646e-20 5.252409240976556332e-20
8.508193667283574541e+03 1.139300952017606911e-19 4.918900920941833602e-20
8.513199595216630769e+03 6.999613142048133692e-20 3.267501183953016018e-20
8.518205523149686996e+03 2.854947945473361055e-21 3.082066135902950019e-20
8.523211451082741405e+03 7.557480843378715724e-21 3.118932936767362646e-20
8.528217379015797633e+03 5.708692501676489474e-20 3.084211109268219817e-20
8.533223306948853860e+03 6.898232477921945537e-20 3.553686927345622993e-20
8.538229234881910088e+03 6.554853390033200083e-20 3.781658822651225883e-20
8.543235162814964497e+03 1.434830613176539211e-19 4.436416926343360934e-20
8.548241090748020724e+03 1.147070406766421309e-19 4.405992363831748110e-20
8.553247018681076952e+03 1.147673767690682924e-19 3.978202362582440960e-20
8.558252946614131361e+03 5.527599464799959650e-20 3.163019147212420895e-20
8.563258874547187588e+03 6.324070197425160400e-20 3.155358955966204331e-20
8.568264802480243816e+03 9.528601040160771062e-20 3.310067641803319804e-20
8.573270730413300043e+03 5.812861013375299791e-20 3.374819041013094346e-20
8.578276658346354452e+03 7.191619383895412911e-20 3.348369993183144208e-20
8.583282586279410680e+03 4.403740611410698805e-20 3.559676459445320548e-20
8.588288514212466907e+03 1.581091536826600403e-19 3.687523798754862697e-20
8.593294442145521316e+03 2.757222355188177938e-20 3.861636391726112194e-20
8.598300370078577544e+03 6.850521242956455441e-20 3.669264858290639726e-20
8.603306298011633771e+03 6.570995697997854142e-20 3.396222625430825773e-20
8.608312225944689999e+03 -8.116072588662037470e-21 3.526002404118855129e-20
8.613318153877744408e+03 1.356559634046660604e-19 4.162697864705500708e-20
8.618324081810800635e+03 1.660109500880352029e-19 4.978247924318640449e-20
8.623330009743856863e+03 9.343825321107083659e-20 5.658834975423755656e-20
8.628335937676911271e+03 7.575600266551274903e-20 5.909276023597812542e-20
8.633341865609967499e+03 8.684214774905055757e-20 5.571382721712076240e-20
8.638347793543023727e+03 2.042566566549141843e-20 4.758662887070197439e-20
8.643353721476079954e+03 1.489149176037653627e-20 4.487129105229599337e-20
8.648359649409134363e+03 -9.573389028521917486e-20 5.080295140116144564e-20
8.653365577342190591e+03 4.406155635699455535e-20 5.838477271117758633e-20
8.658371505275246818e+03 7.316744951705021793e-20 6.034162874288917290e-20
8.663377433208301227e+03 1.775543952035372539e-19 6.008253610201550993e-20
8.668383361141357454e+03 2.583971255026765778e-20 5.745952621006528367e-20
8.673389289074413682e+03 5.803284522209078709e-20 5.355275677837271488e-20
8.678395217007469910e+03 8.171225329293530820e-20 4.897739380444426630e-20
8.683401144940524318e+03 2.797383379237173366e-20 4.451027843311404222e-20
8.688407072873580546e+03 1.049567310685966856e-19 4.181276814587306867e-20
8.693413000806636774e+03 -2.154187143580193643e-20 4.063269446607737535e-20
8.698418928739691182e+03 1.661654647461752031e-20 4.042632844265039206e-20
8.703424856672747410e+03 2.755661840480944491e-20 3.997257942436965897e-20
8.708430784605803638e+03 4.622589340138456122e-20 3.663128754722625667e-20
8.713436712538859865e+03 8.923783616049424985e-20 3.380394820087325688e-20
8.718442640471914274e+03 3.507309207188304917e-20 3.223962047642957306e-20
8.723448568404970501e+03 2.923139186811806543e-20 3.191231784500623851e-20
8.728454496338024910e+03 4.435272347699574544e-20 3.157664484813446488e-20
8.733460424271081138e+03 7.275122431224730357e-20 3.175008975842535620e-20
8.738466352204137365e+03 5.559695196638106762e-20 3.231444371225336418e-20
8.743472280137193593e+03 5.438153283932921055e-20 3.279801755712147743e-20
8.748478208070249821e+03 6.541977297725242522e-20 3.425265892529203940e-20
8.753484136003304229e+03 1.062329120187439485e-19 5.395291772390186718e-20
8.758490063936360457e+03 1.626647803997185539e-19 7.725614020239988496e-20
8.763495991869414866e+03 4.305855773067587745e-20 9.564075692245170611e-20
8.768501919802471093e+03 -2.454747146928572897e-19 8.820478346761025703e-20
8.773507847735527321e+03 -6.030976102607900256e-20 9.147725722556435986e-20
8.778513775668583548e+03 -6.577563898809890542e-20 8.385994766500045914e-20
8.783519703601639776e+03 1.772035849509160762e-19 6.454953376105821662e-20
8.788525631534694185e+03 1.576785921621165150e-19 5.377352122093558348e-20
8.793531559467750412e+03 1.300234332397165254e-19 5.199749555090914888e-20
8.798537487400804821e+03 3.088786922411373164e-21 3.749846290042448682e-20
8.803543415333861049e+03 2.567993787739775158e-20 3.528248457771445133e-20
8.808549343266917276e+03 1.393166572054357254e-19 3.724520567414879859e-20
8.813555271199973504e+03 8.899919337582705098e-20 3.844416898350096632e-20
8.818561199133029731e+03 -2.865929352527666678e-20 7.319276426577092483e-20
8.823567127066084140e+03 1.335241436203119001e-19 1.251552597889869887e-19
8.828573054999140368e+03 3.329203788393169302e-19 1.360109526331075839e-19
8.833578982932194776e+03 9.102926646595248383e-20 1.053702349249116304e-19
8.838584910865251004e+03 1.275805391255431043e-19 7.910340642691883772e-20
8.843590838798307232e+03 3.897579536329045158e-20 5.777296133955782177e-20
8.848596766731363459e+03 2.581894520626466048e-20 5.402931360156705558e-20
8.853602694664417868e+03 3.841118936882971064e-20 4.819867968903304001e-20
8.858608622597474096e+03 7.123069904077584650e-20 4.598018952796356309e-20
8.863614550530530323e+03 3.354962970219584272e-20 6.314554667870233211e-20
8.868620478463584732e+03 1.456507583589825972e-19 6.156620131331355488e-20
8.873626406396640959e+03 1.352839178907336702e-19 4.563054990051028612e-20
8.878632334329697187e+03 1.251771252112867571e-20 7.001672905511840803e-20
8.883638262262753415e+03 3.279212785701955844e-20 9.546226747050552678e-20
8.888644190195807823e+03 1.178547454954244983e-19 9.122051199376556330e-20
8.893650118128864051e+03 8.663366849939584252e-20 5.402801923464032227e-20
8.898656046061920279e+03 6.520170781105389569e-20 6.641406636515254640e-20
8.903661973994974687e+03 1.102281331604264840e-20 7.027070798963607887e-20
8.908667901928030915e+03 2.304616297544417342e-20 5.904725441914518266e-20
8.913673829861087142e+03 -3.946760579223547406e-20 9.392169128842376939e-20
8.918679757794143370e+03 -7.998040685370810983e-21 1.111062143692324452e-19
8.923685685727199598e+03 1.914207127721141956e-20 9.601178328346850332e-20
8.928691613660254006e+03 8.045479758509077167e-20 4.659578709270539182e-20
8.933697541593308415e+03 9.641079729484442199e-20 4.488005120845074545e-20
8.938703469526364643e+03 5.708491418893902603e-20 6.667330121569527399e-20
8.943709397459420870e+03 -5.474503896786500494e-20 6.972225496725464271e-20
8.948715325392477098e+03 1.512026170206707465e-19 6.727589732167034620e-20
8.953721253325533326e+03 5.530435191107877949e-20 9.726139246011404480e-20
8.958727181258589553e+03 1.549657851017255708e-19 1.022403608639783289e-19
8.963733109191643962e+03 2.376056796080109000e-19 7.302153611402372942e-20
8.968739037124698370e+03 4.580787410155260273e-20 4.271250161264614015e-20
8.973744965057754598e+03 -2.394109377941415647e-20 4.220470859882920109e-20
8.978750892990810826e+03 6.912565605274264430e-20 4.583153861464900750e-20
8.983756820923867053e+03 1.611155629318673907e-19 6.093964399149764382e-20
8.988762748856923281e+03 6.787059796540994335e-20 6.272109771662595087e-20
8.993768676789977690e+03 1.631080912164016935e-19 6.883957128146374905e-20
8.998774604723033917e+03 4.609312338150530137e-20 7.886838622003594484e-20
9.003780532656088326e+03 -3.785903440670200071e-20 7.449397656509052938e-20
9.008786460589144554e+03 1.132115710147874164e-19 4.445654075982121600e-20
9.013792388522200781e+03 1.440763999394220905e-20 3.663185330614765820e-20
9.018798316455257009e+03 4.554234793999306960e-20 3.672465594184143754e-20
9.023804244388313236e+03 7.352684105332148634e-20 3.778287598622132610e-20
9.028810172321367645e+03 3.548620278796648438e-20 4.009858905036378276e-20
9.033816100254423873e+03 6.601520174553753985e-20 4.914670045631329839e-20
9.038822028187478281e+03 6.134649579113395795e-20 5.204163346336489990e-20
9.043827956120534509e+03 6.897142756690222111e-20 5.924737683455529199e-20
9.048833884053590737e+03 6.358418737571328541e-20 6.175655054827751444e-20
9.053839811986646964e+03 1.354133641654832684e-19 5.614034801619263047e-20
9.058845739919703192e+03 5.832590603293132609e-20 4.271580401868423137e-20
9.063851667852757600e+03 4.323813245170547550e-20 4.314572439380816688e-20
9.068857595785813828e+03 1.378662370935375268e-19 4.398135362112541832e-20
9.073863523718868237e+03 2.696765073858886856e-20 4.273537234778724918e-20
9.078869451651924464e+03 4.765039345036591547e-20 4.253874323792344835e-20
9.083875379584980692e+03 1.725488267348991300e-20 4.495124798518872298e-20
9.088881307518036920e+03 1.214323063646388393e-19 5.006778875926776571e-20
9.093887235451093147e+03 6.151163815480028529e-20 5.330099670529970266e-20
9.098893163384147556e+03 5.767641474991091695e-20 5.589368917481990602e-20
9.103899091317203784e+03 1.965274946743600250e-19 5.300750675679573734e-20
9.108905019250258192e+03 1.284632267094975278e-19 4.405261981638143234e-20
9.113910947183314420e+03 4.617904885196876971e-20 3.972218771522949180e-20
9.118916875116370647e+03 5.342660813696240519e-20 4.107323570926639515e-20
9.123922803049426875e+03 5.061312612985375013e-20 3.880221853814399896e-20
9.128928730982483103e+03 6.036315783218974957e-20 3.913232955117421326e-20
9.133934658915537511e+03 7.660579405203498764e-20 3.954265249911052046e-20
9.138940586848593739e+03 9.173323048162677564e-20 3.955814476040855299e-20
9.143946514781648148e+03 6.520289233581438589e-20 4.138623443735613443e-20
9.148952442714704375e+03 8.112459805188379237e-20 4.392587004688611254e-20
9.153958370647760603e+03 5.617557067730896151e-20 4.700430428103343661e-20
9.158964298580816831e+03 1.060047911040544018e-19 4.689062771000141177e-20
9.163970226513873058e+03 -2.390009982224471377e-21 4.517699522970682795e-20
9.168976154446927467e+03 7.956658250135292888e-20 4.025802379066995058e-20
9.173982082379983694e+03 4.741631003009629633e-20 3.901975902849571550e-20
9.178988010313038103e+03 1.366517869749667583e-19 4.036912890265053886e-20
9.183993938246094331e+03 -3.549217970069165207e-20 4.202314700328153477e-20
9.188999866179150558e+03 5.478563518157761140e-20 4.312215286878146269e-20
9.194005794112206786e+03 5.693018912375669526e-20 4.387598154248210342e-20
9.199011722045263014e+03 3.003808175494526568e-20 4.427669692839643645e-20
9.204017649978317422e+03 5.955074270146681105e-20 4.526514969452706533e-20
9.209023577911373650e+03 1.159394297957047566e-19 4.758697344444538365e-20
9.214029505844428058e+03 4.948212464904342534e-20 5.019356044419093181e-20
9.219035433777484286e+03 5.343578792196895453e-20 5.258258984543722508e-20
9.224041361710540514e+03 6.808751982534391396e-20 5.054294618887060626e-20
9.229047289643596741e+03 3.724704672288301136e-20 4.552383886049436409e-20
9.234053217576652969e+03 4.654481589232821056e-20 4.091675548861928171e-20
9.239059145509707378e+03 9.629747617410980456e-20 4.097356687741541359e-20
9.244065073442761786e+03 -2.668122511734564611e-21 4.291761177103293652e-20
9.249071001375818014e+03 1.105992693572313138e-19 4.474627595608203674e-20
9.254076929308874242e+03 1.779745569565735796e-19 4.537133869314912532e-20
9.259082857241930469e+03 1.135698965515898102e-19 4.647872490433026658e-20
9.264088785174986697e+03 2.242692165099361545e-20 4.682465879300798060e-20
9.269094713108042924e+03 -6.824023067388965109e-21 4.528333547310193629e-20
9.274100641041097333e+03 6.288835302440277410e-20 4.254722385294768385e-20
9.279106568974151742e+03 5.736705289716193316e-20 4.366560468253255965e-20
9.284112496907207969e+03 5.850629160892634604e-20 4.706648729304411546e-20
9.289118424840264197e+03 1.228831931782475761e-19 4.997752980498753607e-20
9.294124352773320425e+03 7.079979828812706471e-20 5.124608217802135643e-20
9.299130280706376652e+03 6.289877150465158828e-20 8.062944816323808040e-20
9.304136208639432880e+03 3.758103437020708972e-20 1.314758772336217257e-19
9.309142136572487289e+03 -4.825521018501961326e-20 1.667941620066929442e-19
9.314148064505541697e+03 2.789545757013543231e-20 1.670562026645643307e-19
9.319153992438597925e+03 1.632547414010372496e-19 1.701327323109787301e-19
9.324159920371654152e+03 1.608937869340930039e-19 1.641185753586898876e-19
9.329165848304710380e+03 3.335086969777640426e-19 1.276917259009585767e-19
9.334171776237766608e+03 1.345201845096154629e-19 1.087200460817336353e-19
9.339177704170821016e+03 1.930664734952532958e-19 1.029766902339792816e-19
9.344183632103877244e+03 -1.301615224765895447e-20 8.782301750819338676e-20
9.349189560036931653e+03 5.353547895562420562e-20 7.767066657951681566e-20
9.354195487969987880e+03 1.077059444659186482e-19 7.272332240363987061e-20
9.359201415903044108e+03 1.277858196297894417e-20 6.891664003875632737e-20
9.364207343836100335e+03 3.158090618430199813e-20 8.657568575703241192e-20
9.369213271769156563e+03 -7.562922376146821209e-20 1.957770164373090323e-19
9.374219199702210972e+03 1.230187946797587117e-19 2.378413346211025966e-19
9.379225127635267199e+03 4.341691577681706655e-19 2.099855118036793972e-19
9.384231055568321608e+03 2.908885740862660517e-20 1.203428007067440086e-19
9.389236983501377836e+03 1.121903174514679094e-19 9.670563033865189677e-20
9.394242911434434063e+03 8.854569475832971356e-20 8.564722604485919875e-20
9.399248839367490291e+03 -4.988674405709698489e-20 9.302924517312286431e-20
9.404254767300546519e+03 1.755515730949153714e-20 8.253324050341833907e-20
9.409260695233600927e+03 8.163210074126376821e-20 6.717595797819864929e-20
9.414266623166657155e+03 3.829498133685674390e-20 9.487372045994870495e-20
9.419272551099711563e+03 2.095464030612965040e-19 1.088112915214691804e-19
9.424278479032767791e+03 7.204886126054625051e-20 9.498838281757056628e-20
9.429284406965824019e+03 -2.276208354977901840e-20 8.107739023809979677e-20
9.434290334898880246e+03 -1.942614575819548568e-19 1.586797128125720514e-19
9.439296262831936474e+03 2.079857214670603638e-20 1.865595885248806498e-19
9.444302190764990883e+03 4.600837577324474299e-19 1.603839646148080175e-19
9.449308118698047110e+03 -7.463554926436002779e-20 1.136705936756746105e-19
9.454314046631101519e+03 -3.094567759849450361e-19 1.495925268374466242e-19
9.459319974564157746e+03 1.139280523474242350e-19 1.478993963118843342e-19
9.464325902497213974e+03 2.898468508317365420e-20 1.135346440696209680e-19
9.469331830430270202e+03 -1.687788053913548132e-19 1.643874054408998361e-19
9.474337758363326429e+03 -1.878939442567526158e-19 2.120136505222869072e-19
9.479343686296380838e+03 3.371472498951501274e-19 1.857454475388660844e-19
9.484349614229437066e+03 -1.149465683875176508e-19 9.822346303075504272e-20
9.489355542162491474e+03 1.681462561179478729e-20 7.298152256125635130e-20
9.494361470095547702e+03 2.141657506552727208e-19 9.134301953371615987e-20
9.499367398028603930e+03 1.802291487330943496e-19 1.216062336702742895e-19
9.504373325961660157e+03 5.883054938123434271e-20 1.310921202220200681e-19
9.509379253894716385e+03 1.661195128752412693e-20 1.059433298165284871e-19
9.514385181827770793e+03 3.255513862714620282e-19 1.441147319505016559e-19
9.519391109760827021e+03 1.989652153311112804e-19 1.476199106341834073e-19
9.524397037693881430e+03 2.513800837020851988e-19 1.184208185171375027e-19
9.529402965626937657e+03 2.763244660549107232e-20 8.075687523436705137e-20
9.534408893559993885e+03 1.471612103686929631e-19 8.065340188903969680e-20
9.539414821493050113e+03 4.473980845544106539e-21 7.208285233793752669e-20
9.544420749426106340e+03 1.492514552350347720e-20 8.104511623743374578e-20
9.549426677359160749e+03 9.341120690229909053e-20 1.045451957385652267e-19
9.554432605292216977e+03 1.358987786092844392e-19 1.110954259284224455e-19
9.559438533225271385e+03 9.300993100836108166e-21 1.188123889987007609e-19
9.564444461158327613e+03 2.429139648226588948e-20 1.551804907197453012e-19
9.569450389091383840e+03 -1.192630095691960767e-19 1.516700690967798247e-19
9.574456317024440068e+03 2.516747796113146704e-19 1.017783205280265111e-19
9.579462244957496296e+03 5.567749956225416154e-21 7.799144753788514880e-20
9.584468172890550704e+03 1.042287168993313970e-19 7.780796214475745786e-20
9.589474100823605113e+03 8.182818125901689400e-20 8.062897133717587146e-20
9.594480028756661341e+03 4.553365014680858813e-21 8.234996667686179753e-20
9.599485956689717568e+03 -1.971944914939057641e-20 9.182978077587564161e-20
9.604491884622773796e+03 -6.116840555760785610e-20 1.071797941573109272e-19
9.609497812555830023e+03 1.243192247263596545e-19 1.036699212301132864e-19
9.614503740488886251e+03 1.701599239464643677e-19 1.060703652223103040e-19
9.619509668421940660e+03 2.589583293073422885e-19 1.129092261244728510e-19
9.624515596354995068e+03 7.088834323575339247e-20 1.041914983710159784e-19
9.629521524288051296e+03 6.404980439920693957e-20 8.152090823924566015e-20
9.634527452221107524e+03 3.451978609068570510e-20 7.560332771909136027e-20
9.639533380154163751e+03 2.808047483968961395e-19 7.557447005242720521e-20
9.644539308087219979e+03 1.984732406256342706e-19 7.520590293338684388e-20
9.649545236020274388e+03 1.879026436975252484e-19 7.963484584464604619e-20
9.654551163953330615e+03 7.102556080190136978e-20 8.286962489825356111e-20
9.659557091886385024e+03 -4.820909651139570750e-20 8.693081081189316566e-20
9.664563019819441251e+03 1.357115491477511674e-19 1.013758841193155787e-19
9.669568947752497479e+03 7.632704837579344558e-20 1.076109940896246672e-19
9.674574875685553707e+03 9.735643705959289792e-20 1.193083419025323046e-19
9.679580803618609934e+03 1.469275906455477579e-20 1.298560441644436549e-19
9.684586731551664343e+03 2.848996150204232630e-19 1.274373948589641358e-19
9.689592659484720571e+03 8.107564082448513478e-20 1.168371015891476529e-19
9.694598587417774979e+03 5.736077481392444595e-20 1.402279367371923721e-19
9.699604515350831207e+03 1.370691129404367304e-19 1.437777915583151717e-19
9.704610443283887435e+03 5.017004392422170147e-20 1.318996428894000992e-19
9.709616371216943662e+03 1.739649894607627598e-19 1.263710504517181769e-19
9.714622299149999890e+03 6.039465322166260488e-19 1.735354958773047530e-19
9.719628227083054298e+03 3.717512742649546469e-20 1.735840913463433483e-19
9.724634155016110526e+03 2.778342239553646744e-19 1.388096403992872434e-19
9.729640082949164935e+03 2.125554483085578819e-20 1.144613141151807247e-19
9.734646010882221162e+03 -2.512923299117955919e-19 1.306285263917598517e-19
9.739651938815277390e+03 1.183248569546712726e-19 1.352205861797870060e-19
9.744657866748333618e+03 2.141494550840610527e-19 1.147270325140885971e-19
9.749663794681389845e+03 1.092263944147386674e-19 1.037333141138847916e-19
9.754669722614444254e+03 5.929764435942123361e-20 9.272602125557576305e-20
9.759675650547500481e+03 5.036759480766228923e-20 9.297251700047290357e-20
9.764681578480554890e+03 -3.340606694324358990e-20 9.089229455389027319e-20
9.769687506413611118e+03 -3.542404203099241160e-20 9.624867140955373729e-20
9.774693434346667345e+03 4.091194860644156847e-20 9.655143777830393042e-20
9.779699362279723573e+03 2.639912102989890254e-19 1.129929691508191332e-19
9.784705290212779801e+03 3.656432934376999298e-19 1.923516667645996454e-19
9.789711218145834209e+03 5.948916431890485745e-19 2.355751515247581979e-19
9.794717146078890437e+03 3.103012211304688916e-19 2.312490682473122782e-19
9.799723074011944846e+03 3.089888305539073772e-20 1.763486958040373845e-19
9.804729001945001073e+03 -7.440313898521530553e-21 1.514716638597914203e-19
9.809734929878057301e+03 1.225817755206465951e-19 1.406658820751501704e-19
9.814740857811113528e+03 2.261907466712556055e-19 1.382488611899863352e-19
9.819746785744169756e+03 3.177053367386186162e-19 1.250221579059888125e-19
9.824752713677224165e+03 -3.194596061638108099e-20 1.156118751728777215e-19
9.829758641610280392e+03 5.398131017853736131e-20 1.145129050448947934e-19
9.834764569543334801e+03 2.069937733255854679e-19 1.179877489793821255e-19
9.839770497476391029e+03 -5.569883513564118411e-20 1.361812215792629658e-19
9.844776425409447256e+03 1.260888559223557247e-19 1.742961254799593387e-19
9.849782353342503484e+03 9.199917643919145573e-20 1.730663897054699060e-19
9.854788281275559712e+03 -2.282297229185950540e-19 1.402841341189611436e-19
9.859794209208614120e+03 7.631102791985813909e-20 1.223142748354400226e-19
9.864800137141670348e+03 -1.200103292921444102e-19 1.895617137537882340e-19
9.869806065074724756e+03 2.511045104737463703e-19 2.434254991833337349e-19
9.874811993007780984e+03 3.046432402658986949e-19 2.366790735648953033e-19
9.879817920940837212e+03 6.980728735202843521e-20 1.560899252219984098e-19
9.884823848873893439e+03 -7.411914014870956913e-20 1.434610668362607722e-19
9.889829776806949667e+03 -8.280259868591390446e-20 1.737189517196985408e-19
9.894835704740004076e+03 2.707476425518840068e-19 1.788994206948784441e-19
9.899841632673058484e+03 5.613496415967753644e-20 1.560329970369059342e-19
9.904847560606114712e+03 2.994449392996848897e-19 1.550329869968537005e-19
9.909853488539170939e+03 3.366699505426468932e-19 2.286753535914649745e-19
9.914859416472227167e+03 -1.330621004364259160e-21 2.658595836847313593e-19
9.919865344405283395e+03 4.166473656146409927e-20 2.276830041830738270e-19
9.924871272338339622e+03 8.231990650644102235e-20 1.509092170236068495e-19
9.929877200271394031e+03 1.955062230362580456e-19 1.511222169708767089e-19
9.934883128204448440e+03 -1.751778747471442065e-20 1.950713930735893470e-19
9.939889056137504667e+03 -5.640721371791404574e-21 2.850633763218488692e-19
9.944894984070560895e+03 5.988744588884129809e-19 3.192030028075815123e-19
9.949900912003617123e+03 -4.708146761154726413e-20 3.197948765384712360e-19
9.954906839936673350e+03 6.681750165593329680e-19 3.455538930196465629e-19
9.959912767869729578e+03 3.005330293123959001e-19 3.448257367149358526e-19
9.964918695802783986e+03 -3.098172740172321633e-20 2.813988921012371839e-19
9.969924623735838395e+03 -8.426279674198503872e-20 2.422727108715361052e-19
9.974930551668894623e+03 -4.607026983436362544e-21 2.312678420535641336e-19
9.979936479601950850e+03 1.945172653782526261e-19 2.127449236708979760e-19
9.984942407535007078e+03 -1.882849733619156823e-19 1.936984524512353279e-19
9.989948335468063306e+03 1.517345884314794507e-19 2.075615853219505635e-19
9.994954263401117714e+03 3.679695163828756931e-19 2.319397005394812675e-19
9.999960191334173942e+03 -1.996808352255809952e-19 2.166753290195131159e-19
1.000496611926722835e+04 3.470922620902368326e-19 2.949034554835420456e-19
1.000997204720028458e+04 -7.090462878226349679e-20 3.666609898346088694e-19
1.001497797513334081e+04 5.440418642226346258e-19 3.761172216168830169e-19
1.001998390306639703e+04 -5.143252326433581329e-20 3.210313016718992919e-19
1.002498983099945326e+04 1.891953852708078745e-19 2.755235400770409685e-19
1.002999575893250767e+04 7.090596421083731328e-20 2.450533746689906967e-19
1.003500168686556390e+04 3.173939000790523148e-20 2.136443573373709818e-19
1.004000761479861831e+04 5.664755305175374105e-20 2.397461994925900688e-19
1.004501354273167453e+04 -7.713523919336056295e-20 2.305678173105268765e-19
1.005001947066473076e+04 -9.845686415005675872e-21 2.138415283562167754e-19
1.005502539859778699e+04 3.412518049746728977e-19 2.397411506337324211e-19
1.006003132653084322e+04 2.665522172768428141e-19 2.861953020494823363e-19
1.006503725446389763e+04 6.976920130179554220e-20 2.790515770577004646e-19
1.007004318239695385e+04 2.205042148779421259e-19 2.657806213288609857e-19
1.007504911033000826e+04 7.248226619693043010e-20 3.066461997546790959e-19
1.008005503826306449e+04 -2.000260180988903137e-19 3.829646086673321802e-19
1.008506096619612072e+04 -6.403935869540407962e-19 3.806537074333671275e-19
1.009006689412917694e+04 5.097930557537540718e-19 2.970517930892595536e-19
1.009507282206223317e+04 3.434985194517681700e-19 2.810808709941106731e-19
1.010007874999528758e+04 4.879990877287721721e-19 3.419125138488767029e-19
1.010508467792834381e+04 1.619830251977824409e-20 3.506545856764650415e-19
1.011009060586139822e+04 -1.912859476277363715e-19 3.193947441358323751e-19
1.011509653379445444e+04 3.669871647060924603e-19 3.307858905134037054e-19
1.012010246172751067e+04 7.013821740731874840e-19 4.284220872105680135e-19
1.012510838966056690e+04 5.304402559210432756e-19 4.611987321231828875e-19
1.013011431759362313e+04 -5.077165166771256628e-19 3.900830540654048165e-19
1.013512024552667754e+04 -1.484763145738682339e-19 3.047703435505514099e-19
1.014012617345973376e+04 -1.706339798446826368e-19 3.229729721811891117e-19
1.014513210139278817e+04 2.749902631162582711e-19 3.565416687651334042e-19
1.015013802932584440e+04 4.112809557186042216e-19 4.196853234664727145e-19
1.015514395725890063e+04 -7.203630484557327556e-19 4.297693822522939732e-19
1.016014988519195686e+04 -2.715638912478819943e-19 4.514105270174870611e-19
1.016515581312501308e+04 1.875966190972903095e-19 5.280537404030742863e-19
1.017016174105806749e+04 1.052087459837261785e-18 5.855713425906497482e-19
1.017516766899112372e+04 4.072372040433494590e-19 6.081449228429890156e-19
1.018017359692417813e+04 -5.039299841732248895e-19 5.394628451774617055e-19
1.018517952485723436e+04 2.481841613820778010e-19 6.023029969579112644e-19
1.019018545279029058e+04 -3.099745369126130102e-19 5.909604827535655332e-19
1.019519138072334681e+04 2.704475786225856451e-19 5.536841256537092880e-19
1.020019730865640304e+04 -4.269831386821671244e-19 5.532633729182032377e-19
1.020520323658945745e+04 1.414158447570896185e-18 6.430656152002478095e-19
1.021020916452251367e+04 3.120172947595656385e-19 7.328075839990047152e-19
1.021521509245556808e+04 3.670541151611570796e-19 6.432446344285880770e-19
1.022022102038862431e+04 3.713431116152711013e-19 6.696635195642738129e-19
1.022522694832168054e+04 -1.189489225467825765e-18 7.079704571247745942e-19
1.023023287625473677e+04 2.127315300431167081e-20 7.457653495679279759e-19
1.023523880418779299e+04 1.539349124927470501e-18 7.357377869879561698e-19
1.024024473212084740e+04 8.194355806575216451e-19 6.503385045012227997e-19
1.024525066005390181e+04 -3.111159312674958273e-20 5.979377864617886899e-19
1.025025658798695804e+04 -1.881951666912449722e-19 5.045407124618119605e-19
1.025526251592001427e+04 1.724756786134494724e-19 5.136702730710373891e-19
1.026026844385307049e+04 3.497001633366076969e-19 4.602554293691166261e-19
1.026527437178612672e+04 9.020668612570647236e-20 5.072545599875475661e-19
1.027028029971918295e+04 -1.021981880041673092e-19 4.657031961672723883e-19
1.027528622765223736e+04 -3.161013150354493552e-20 5.348024546399874526e-19
1.028029215558529177e+04 1.024396933443403520e-18 6.869835400743854623e-19
1.028529808351834799e+04 5.928851612637598609e-19 8.297286879720246869e-19
1.029030401145140422e+04 -1.122875946010057640e-18 8.117187414740362849e-19
1.029530993938446045e+04 -7.902488580392299244e-19 8.365510363203378101e-19
