#  wl flam flam_err
4.803806996822357178e+03 -8.431062080806541986e-19 4.978885810793587008e-19
4.808812924755412496e+03 -5.931587571188895675e-20 4.879806893803008258e-19
4.813818852688468723e+03 -6.841038280645910581e-19 4.793021148235359594e-19
4.818824780621524042e+03 -6.131952772092117588e-19 4.619357856343830176e-19
4.823830708554580269e+03 -2.605874794211005157e-19 4.415600875746286087e-19
4.828836636487635587e+03 4.346092920692274376e-19 4.440184737292583460e-19
4.833842564420691815e+03 6.340889042170519394e-19 4.421181383815564970e-19
4.838848492353747133e+03 -5.932262445972708124e-19 4.409830587724263312e-19
4.843854420286802451e+03 6.072734551007323931e-19 4.328855130125050561e-19
4.848860348219858679e+03 3.851671241498799298e-19 4.259525368973233916e-19
4.853866276152913997e+03 5.923485685204883984e-19 4.163212391509611947e-19
4.858872204085970225e+03 -9.152741068922698949e-19 3.700787280539665403e-19
4.863878132019025543e+03 1.133318055260005316e-20 3.438075211575685565e-19
4.868884059952080861e+03 2.582081419767841309e-19 3.439408339294044827e-19
4.873889987885137089e+03 -1.449621758017696093e-19 3.354232959891314739e-19
4.878895915818192407e+03 -4.274120168687758669e-20 3.359326614888516802e-19
4.883901843751248634e+03 1.180434484436260159e-19 3.279593641339514049e-19
4.888907771684303952e+03 1.695369376448638569e-20 3.214992536099954566e-19
4.893913699617360180e+03 1.616005057800266733e-19 3.141270723238755762e-19
4.898919627550415498e+03 1.582934264061061948e-19 3.026697986614941786e-19
4.903925555483470816e+03 4.431644478804050998e-20 2.956708524411958437e-19
4.908931483416527044e+03 -2.037257921340928785e-19 2.812456022907712342e-19
4.913937411349582362e+03 -2.463241163496328643e-20 2.704318121987461286e-19
4.918943339282638590e+03 -3.307960687199675079e-19 2.604769726157711760e-19
4.923949267215693908e+03 -2.761811144877591202e-19 2.619321904066081862e-19
4.928955195148750136e+03 -2.253674780486997622e-19 2.602031972523288635e-19
4.933961123081805454e+03 4.542883467371921893e-21 2.604311466491630393e-19
4.938967051014860772e+03 -3.069850647145800491e-19 2.582530363016811819e-19
4.943972978947916999e+03 -7.717601974916584351e-21 2.534661540897211155e-19
4.948978906880972318e+03 -2.784672014698809902e-19 2.496288358837289734e-19
4.953984834814028545e+03 -4.361583634651532008e-19 2.454125977672635917e-19
4.958990762747083863e+03 -6.742502907330154783e-21 2.420720787824190048e-19
4.963996690680139181e+03 6.360749771300697395e-21 2.437643208324733089e-19
4.969002618613195409e+03 2.483434228503149224e-19 2.461766752247110083e-19
4.974008546546250727e+03 -1.241005061850080271e-19 2.459235127090100712e-19
4.979014474479306955e+03 -3.224698081551205074e-19 2.415006519201459107e-19
4.984020402412362273e+03 1.447288842513228842e-19 2.400147368826520565e-19
4.989026330345418501e+03 1.259404281393054221e-19 2.440915682463457457e-19
4.994032258278473819e+03 6.216089391004152579e-21 2.453108657286360747e-19
4.999038186211529137e+03 1.085415114344583909e-19 2.346488170653305951e-19
5.004044114144585365e+03 -2.686642755933933588e-19 2.191315170895529160e-19
5.009050042077640683e+03 -2.954326560841266625e-19 2.105466920538088602e-19
5.014055970010696910e+03 -3.973872042865181422e-20 2.036470034218688891e-19
5.019061897943752228e+03 9.589984351986949734e-20 1.991472386026932418e-19
5.024067825876807547e+03 -1.522883558138053843e-19 1.957820648807707226e-19
5.029073753809863774e+03 3.695740972911206018e-19 1.954536269182163063e-19
5.034079681742919092e+03 -2.664448425530596005e-20 1.906021271581864005e-19
5.039085609675975320e+03 6.522118691285151810e-20 1.875854795697491788e-19
5.044091537609030638e+03 -1.728645454946649949e-20 1.847957399063547548e-19
5.049097465542086866e+03 -8.496900153630824634e-20 1.832484376088685438e-19
5.054103393475142184e+03 2.870236505903960146e-19 1.818855462218470261e-19
5.059109321408197502e+03 3.289048993182338714e-19 1.784385847794291050e-19
5.064115249341253730e+03 5.028816790620334384e-20 1.744371000858306414e-19
5.069121177274309048e+03 -1.999949496419809286e-19 1.704389153421185581e-19
5.074127105207365275e+03 -1.001508166549483141e-19 1.676260843569410451e-19
5.079133033140420594e+03 1.010379067054607914e-20 1.685776253922037220e-19
5.084138961073476821e+03 -1.192373750915832281e-19 1.720274218445365334e-19
5.089144889006532139e+03 2.286132579644175197e-19 1.737077396021519619e-19
5.094150816939587457e+03 7.054462234337669526e-20 1.748352752945852493e-19
5.099156744872643685e+03 3.747655121783672100e-19 1.749457448681513843e-19
5.104162672805699003e+03 1.665985493477114513e-19 1.743285924924880089e-19
5.109168600738755231e+03 2.356579398908530680e-20 1.760025472980998952e-19
5.114174528671810549e+03 8.929300960561274623e-20 1.765136391696836951e-19
5.119180456604865867e+03 1.998876765989329000e-19 1.751349114712107068e-19
5.124186384537922095e+03 -6.744806696787253690e-20 1.718997338575979679e-19
5.129192312470977413e+03 3.122343051323761999e-19 1.676402714879327545e-19
5.134198240404033641e+03 -8.027079503912385388e-20 1.637401904811956338e-19
5.139204168337088959e+03 9.480912067016016187e-20 1.608663491405548325e-19
5.144210096270145186e+03 4.453501425092502751e-19 1.597214977464840388e-19
5.149216024203200504e+03 -1.206056628201500232e-20 1.546702240050809930e-19
5.154221952136255823e+03 -1.059292769769618560e-19 1.513721913300084267e-19
5.159227880069312050e+03 3.387733158186019631e-19 1.485152744465533557e-19
5.164233808002367368e+03 1.090991323943371681e-19 1.411860336223101900e-19
5.169239735935423596e+03 8.372879218555525984e-20 1.324162905280979428e-19
5.174245663868478914e+03 1.827444628760944705e-19 1.291233884484905292e-19
5.179251591801534232e+03 1.088814874452007251e-19 1.289053470507448852e-19
5.184257519734590460e+03 -3.550174240841838338e-20 1.287450703981405919e-19
5.189263447667645778e+03 1.184087646589319337e-19 1.301332904247683128e-19
5.194269375600702006e+03 3.509630532946958047e-20 1.350707292986040913e-19
5.199275303533757324e+03 5.314583955167250819e-20 1.389527215713077629e-19
5.204281231466813551e+03 -6.850905369885001580e-20 1.363329614743819826e-19
5.209287159399868870e+03 2.542072270405126944e-19 1.346261769693912358e-19
5.214293087332924188e+03 2.833982489655733560e-19 1.371498488303745444e-19
5.219299015265980415e+03 8.841948603469016610e-20 1.378775150776779885e-19
5.224304943199035733e+03 -1.215355128310890163e-20 1.387746030435970613e-19
5.229310871132091961e+03 4.308973109760884483e-20 1.383232465624625610e-19
5.234316799065147279e+03 -2.377663389831015608e-20 1.394652122353658051e-19
5.239322726998203507e+03 2.439008242519593244e-19 1.440889204419971002e-19
5.244328654931258825e+03 1.270383246905847258e-19 1.420183913792374004e-19
5.249334582864314143e+03 3.933094923013063147e-19 1.426853774612181309e-19
5.254340510797370371e+03 3.749038163573445681e-20 1.423453658904546431e-19
5.259346438730425689e+03 -1.277219294628712046e-19 1.340041629919725107e-19
5.264352366663481916e+03 4.441840716634819835e-20 1.266581677061623982e-19
5.269358294596537235e+03 5.982337391777288609e-20 1.254164498527743254e-19
5.274364222529593462e+03 -1.953129232054073210e-20 1.266017962608977406e-19
5.279370150462648780e+03 -1.180671159921518675e-19 1.255470608695591241e-19
5.284376078395704099e+03 -5.984075422110330904e-20 1.242253550733623324e-19
5.289382006328760326e+03 -5.747671064027924983e-20 1.236964977604511312e-19
5.294387934261815644e+03 2.043801343622531486e-19 1.240239016270859259e-19
5.299393862194871872e+03 -2.323750734183493001e-19 1.212042085147375044e-19
5.304399790127927190e+03 7.287024835549365134e-20 1.220470579341456610e-19
5.309405718060982508e+03 6.906707574316431393e-20 1.197598851418720452e-19
5.314411645994038736e+03 5.547584315143830547e-21 1.174053633555427327e-19
5.319417573927094054e+03 -5.745598058645403180e-20 1.143799523973554347e-19
5.324423501860150282e+03 2.491946868737520194e-20 1.130528804046932097e-19
5.329429429793205600e+03 1.129349059457801502e-19 1.140012686836750430e-19
5.334435357726260918e+03 1.959920790887962739e-19 1.139142115385727301e-19
5.339441285659317145e+03 4.691907626381145569e-20 1.134388334253961684e-19
5.344447213592372464e+03 5.173965330401469077e-20 1.149039895333729341e-19
5.349453141525428691e+03 -6.982594609126205363e-20 1.172258088918452924e-19
5.354459069458484009e+03 1.825147752517049687e-20 1.195846127762860511e-19
5.359464997391540237e+03 -2.954714150470179499e-19 1.210070180760085171e-19
5.364470925324595555e+03 -5.838142211644722025e-21 1.228127825458446093e-19
5.369476853257650873e+03 1.211552741431309188e-19 1.233243707872618315e-19
5.374482781190707101e+03 1.502071658047617417e-19 1.257219029549564330e-19
5.379488709123762419e+03 2.875104988801717299e-19 1.257591121845359063e-19
5.384494637056818647e+03 1.507654681771437705e-19 1.225862891063648986e-19
5.389500564989873965e+03 1.133760260927153144e-19 1.179388309888414136e-19
5.394506492922930192e+03 1.241952148219893763e-19 1.122247888179014451e-19
5.399512420855985511e+03 -7.318593250200490391e-20 1.082282545283669722e-19
5.404518348789040829e+03 2.149980339417348538e-19 1.059031973229295005e-19
5.409524276722097056e+03 2.416572695414203079e-19 1.036125857502061088e-19
5.414530204655152374e+03 1.653372327053188597e-19 1.024019563140821926e-19
5.419536132588208602e+03 1.879021762434846276e-19 1.023067523640159491e-19
5.424542060521263920e+03 6.432348798947666106e-21 1.009445809332268270e-19
5.429547988454320148e+03 -7.419267373946406593e-21 1.005106181459019214e-19
5.434553916387375466e+03 1.278892390482770191e-19 1.005497501913122444e-19
5.439559844320430784e+03 2.061179712916274267e-19 1.019850024348794375e-19
5.444565772253487012e+03 -2.183918047130197299e-20 1.016092697316356171e-19
5.449571700186542330e+03 1.529076871549484882e-19 1.028548441842764771e-19
5.454577628119598558e+03 7.348378945842141344e-20 1.024068091388150624e-19
5.459583556052653876e+03 -1.142592064950253889e-19 1.025316159017109681e-19
5.464589483985709194e+03 6.411992413150344293e-20 1.038132545614594227e-19
5.469595411918765421e+03 1.969075251504867907e-19 1.026919345432085807e-19
5.474601339851820740e+03 -1.234089183412576570e-20 1.018879089751678989e-19
5.479607267784876967e+03 -7.107263314414889232e-20 1.024794748797869138e-19
5.484613195717932285e+03 6.498104760556300524e-20 1.043842847485415698e-19
5.489619123650987603e+03 4.039802318389232418e-20 1.046916784310156151e-19
5.494625051584043831e+03 -2.134233716183008679e-20 1.063456882691685269e-19
5.499630979517099149e+03 -7.835173056593335067e-21 1.077942077107981760e-19
5.504636907450155377e+03 1.030936595218019601e-19 1.097330474847464864e-19
5.509642835383210695e+03 1.184618088068427764e-19 1.083030247802397246e-19
5.514648763316266923e+03 -1.302208312522060977e-19 1.053821638975192084e-19
5.519654691249322241e+03 -1.611889533888659875e-20 1.035756245133162067e-19
5.524660619182377559e+03 -1.609700183262401523e-19 1.017419693262550112e-19
5.529666547115433787e+03 -3.486807942385444794e-20 1.008766505282767685e-19
5.534672475048489105e+03 -1.057649850746598580e-19 1.004876477323055374e-19
5.539678402981545332e+03 -5.255031381579514849e-20 1.016782284018686084e-19
5.544684330914600650e+03 7.055356856746205992e-20 1.019826420218626809e-19
5.549690258847656878e+03 5.792225633541162787e-20 9.968109103239512302e-20
5.554696186780712196e+03 1.090076175787811080e-19 9.761949824618312400e-20
5.559702114713767514e+03 1.502133743830418213e-19 9.827218867887298690e-20
5.564708042646823742e+03 1.763447769473435394e-19 1.030614873065419441e-19
5.569713970579879060e+03 1.183124035986080089e-19 1.824587608585570231e-19
5.574719898512935288e+03 1.295668247164123493e-19 2.802581373647704399e-19
5.579725826445990606e+03 1.467006659525722423e-19 2.745929583166159275e-19
5.584731754379046833e+03 9.469002976930109317e-20 1.673756755264320472e-19
5.589737682312102152e+03 -9.589899213132896955e-20 9.360743040850324105e-20
5.594743610245157470e+03 -1.824483752690819653e-19 9.165720335622034369e-20
5.599749538178213697e+03 -3.708705588775826314e-20 9.245730944607069478e-20
5.604755466111269016e+03 4.463796405924382707e-21 9.382545106893870541e-20
5.609761394044325243e+03 1.149265694785748170e-19 9.408638809155041048e-20
5.614767321977380561e+03 4.727722001828276539e-20 9.359511069629041930e-20
5.619773249910436789e+03 -1.053273652101307595e-19 9.567752293963149156e-20
5.624779177843492107e+03 -4.334320586554055366e-20 9.811742408220256332e-20
5.629785105776547425e+03 -1.914897711605560483e-21 9.818872559674262258e-20
5.634791033709603653e+03 -7.682428174503116287e-20 9.762586121996504589e-20
5.639796961642658971e+03 -1.092291440573633051e-19 9.797832326326072817e-20
5.644802889575714289e+03 5.222973498629893961e-20 9.667276522133932644e-20
5.649808817508770517e+03 5.251593156864580461e-20 9.439776522717777977e-20
5.654814745441825835e+03 -3.527206566816213932e-21 9.129167986500676689e-20
5.659820673374882062e+03 -3.574426088550030145e-20 9.071142448384203574e-20
5.664826601307937381e+03 4.426744585632022225e-20 8.996663554093744146e-20
5.669832529240993608e+03 -3.794224612237320262e-20 8.948829452678720718e-20
5.674838457174048926e+03 9.902151063942976655e-20 8.921748794970590547e-20
5.679844385107104245e+03 -4.319039142712980869e-20 8.742934421250060413e-20
5.684850313040160472e+03 8.164744271996908268e-20 8.734534834141856128e-20
5.689856240973215790e+03 -7.144525960790967669e-20 8.722507346347956456e-20
5.694862168906272018e+03 -2.434856078592052179e-22 8.844915368782866428e-20
5.699868096839327336e+03 3.148892565376545687e-20 8.661942112392928458e-20
5.704874024772383564e+03 -1.040427693031432271e-19 8.555143079536883514e-20
5.709879952705438882e+03 7.227539047125254896e-20 8.586380850852324532e-20
5.714885880638494200e+03 1.473992808652984244e-21 8.605700128599899201e-20
5.719891808571550428e+03 2.166941180022026388e-19 8.696564440230047766e-20
5.724897736504605746e+03 -6.989414906754585843e-20 8.712483182092621558e-20
5.729903664437661973e+03 1.512128293714013223e-19 8.729872325053148345e-20
5.734909592370717291e+03 1.740358187673148032e-19 8.744296617369639727e-20
5.739915520303773519e+03 3.703599599602285601e-21 8.811946422196733362e-20
5.744921448236828837e+03 -1.025338540924963068e-20 8.872796164772821425e-20
5.749927376169884155e+03 2.029010242021487107e-20 8.983090763106574408e-20
5.754933304102940383e+03 -7.744584203222628733e-20 9.044384614779811762e-20
5.759939232035995701e+03 2.271139033518862626e-19 9.271523569651405953e-20
5.764945159969051929e+03 1.769143703858134996e-19 9.306958228400377287e-20
5.769951087902107247e+03 -1.823572392789164002e-19 8.994610596934344715e-20
5.774957015835163475e+03 4.404371691594177377e-20 8.830205989605567371e-20
5.779962943768218793e+03 2.331613218035996553e-19 8.549748789399978945e-20
5.784968871701274111e+03 -5.581618295533219795e-20 8.390946704698706216e-20
5.789974799634330338e+03 -2.782709573463761336e-20 8.307977183676259871e-20
5.794980727567385657e+03 -9.747967068952505713e-21 8.295791829442955807e-20
5.799986655500441884e+03 1.670264333972839605e-19 8.223964006004484515e-20
5.804992583433497202e+03 -8.757652982267695291e-21 8.129181124332827117e-20
5.809998511366552520e+03 7.588639300924213652e-20 8.148782888577797495e-20
5.815004439299608748e+03 -6.997173387958885671e-20 8.144109259875510349e-20
5.820010367232664066e+03 8.701294617363853926e-20 8.073336574754878508e-20
5.825016295165720294e+03 -5.437797936812041704e-20 8.080738569031603365e-20
5.830022223098775612e+03 -5.537055275593076435e-20 8.096333041403665955e-20
5.835028151031830930e+03 -3.052902761351241074e-21 8.088730894261272559e-20
5.840034078964887158e+03 -3.562181274194649034e-20 8.050922688751715457e-20
5.845040006897942476e+03 -1.868596588806955723e-19 8.024574362504965606e-20
5.850045934830998704e+03 -9.388223025476817112e-20 8.039207769424720713e-20
5.855051862764054022e+03 7.882621175227518677e-20 8.071209228366850160e-20
5.860057790697110249e+03 4.448039953254281285e-20 8.639095332516864231e-20
5.865063718630165567e+03 -1.171996958078376813e-19 9.388270778493345565e-20
5.870069646563220886e+03 4.604017843623170241e-20 9.511106555648585701e-20
5.875075574496277113e+03 5.285880830626220022e-20 9.115581653809982590e-20
5.880081502429332431e+03 -3.266117463002445837e-20 9.947879920305175899e-20
5.885087430362388659e+03 2.546915072247685795e-19 1.435553271629765886e-19
5.890093358295443977e+03 4.808829043907138710e-19 1.692313812397303675e-19
5.895099286228500205e+03 -1.580217732163850867e-19 1.524918999849128029e-19
5.900105214161555523e+03 -1.234179373081468375e-19 1.151620854556140365e-19
5.905111142094610841e+03 -2.056737426536143446e-20 9.112454689073927361e-20
5.910117070027667069e+03 -5.279171370504419293e-20 9.037183870763612478e-20
5.915122997960722387e+03 3.258949255389153161e-20 8.905991187755608888e-20
5.920128925893778614e+03 2.079684349301627960e-19 8.773757030158882594e-20
5.925134853826833933e+03 5.009187652459777377e-20 8.494894928367889312e-20
5.930140781759890160e+03 1.672560054780250475e-19 8.660427219361047846e-20
5.935146709692945478e+03 -2.179433330735648089e-20 8.331447550319017298e-20
5.940152637626000796e+03 1.309095704149403325e-19 7.880021775622463195e-20
5.945158565559057024e+03 -1.105502774594770978e-19 7.901950870603477272e-20
5.950164493492112342e+03 2.133234476083625969e-19 8.195654904519415254e-20
5.955170421425167660e+03 1.980681913087977873e-19 8.069608837941510805e-20
5.960176349358223888e+03 1.755133214281697280e-19 7.676960667005765039e-20
5.965182277291280116e+03 7.511560510050589572e-20 7.641772091230703118e-20
5.970188205224335434e+03 1.974447273531700688e-19 7.833062188887740628e-20
5.975194133157390752e+03 1.761803090479290597e-19 8.014369572768242901e-20
5.980200061090446980e+03 -1.154315544178818147e-19 7.840166069684591322e-20
5.985205989023502298e+03 1.014168097333066960e-19 7.689162697114309686e-20
5.990211916956557616e+03 9.358963740622640141e-20 7.669384889444539020e-20
5.995217844889613843e+03 1.331316588203312403e-19 7.878094198607204338e-20
6.000223772822669162e+03 1.674273760957389849e-19 8.029365707014440820e-20
6.005229700755725389e+03 2.131275421564230606e-19 7.985619428386404212e-20
6.010235628688780707e+03 1.507567478962506772e-19 7.975729519510306809e-20
6.015241556621836935e+03 2.957168399695505047e-20 7.904454345991472379e-20
6.020247484554892253e+03 2.240690505849087339e-19 7.919921878440052871e-20
6.025253412487947571e+03 9.146244633138525652e-20 7.739126418204791445e-20
6.030259340421003799e+03 1.243663364901100570e-19 7.695126294076465360e-20
6.035265268354059117e+03 1.232802266792127631e-19 7.544077838468216100e-20
6.040271196287115345e+03 1.932162741923969360e-19 7.348637703125096777e-20
6.045277124220170663e+03 1.582422988068784061e-19 7.249319890823269149e-20
6.050283052153226890e+03 -9.658758306427382153e-22 7.036429503805337770e-20
6.055288980086282209e+03 4.303260878686296275e-20 6.968558218781795100e-20
6.060294908019337527e+03 7.793249622732849732e-20 6.907616450614835421e-20
6.065300835952393754e+03 1.599991515533333906e-19 6.873888253340835784e-20
6.070306763885449072e+03 8.910242048109124865e-20 6.814991151771561410e-20
6.075312691818505300e+03 9.845495357231166966e-20 6.689723320557536994e-20
6.080318619751560618e+03 1.568047255790750043e-19 6.624701991329494271e-20
6.085324547684616846e+03 -8.619067106070411509e-21 6.582479115469174616e-20
6.090330475617672164e+03 -2.990525599803218851e-20 6.549066278207202163e-20
6.095336403550727482e+03 -1.790919441717950353e-20 6.632279894330715956e-20
6.100342331483783710e+03 1.006870405390654623e-19 6.680575191876451031e-20
6.105348259416839028e+03 -3.494540358183828805e-20 6.666314366984315614e-20
6.110354187349894346e+03 3.297112799957819598e-20 6.643833251308641167e-20
6.115360115282950574e+03 2.405420243575918208e-19 6.651588351462578640e-20
6.120366043216006801e+03 1.825727557287885033e-19 6.727849101897745427e-20
6.125371971149062119e+03 1.137043290872384878e-19 6.796519865555570455e-20
6.130377899082117438e+03 1.340024300958106300e-19 6.979959081168281988e-20
6.135383827015173665e+03 1.920957183125251508e-19 7.285988213560615086e-20
6.140389754948228983e+03 1.536547291059051974e-19 7.537274389416555806e-20
6.145395682881284301e+03 9.617467106319108041e-20 7.511200870818592120e-20
6.150401610814340529e+03 1.795127786054298162e-19 7.206502005976969051e-20
6.155407538747396757e+03 1.700481819125977367e-19 6.924948252913296035e-20
6.160413466680452075e+03 1.346987947613389544e-19 6.799242504554882050e-20
6.165419394613507393e+03 2.421877201925697015e-19 6.944066146329913447e-20
6.170425322546563621e+03 1.900277636331759985e-19 7.036224569168574914e-20
6.175431250479618939e+03 1.797675246287665860e-19 6.819527076973465152e-20
6.180437178412674257e+03 1.085445528619874317e-19 6.503277790182750730e-20
6.185443106345730484e+03 1.538396960278891483e-19 6.355522464925227170e-20
6.190449034278785803e+03 1.580974727187838985e-19 6.289988858889527003e-20
6.195454962211842030e+03 4.647317893100104937e-20 6.353876072123298469e-20
6.200460890144897348e+03 1.543759292127880370e-19 6.562078456942225671e-20
6.205466818077953576e+03 2.006095439989123255e-19 6.476715675936341276e-20
6.210472746011008894e+03 1.688428798726420079e-19 6.234159363212216849e-20
6.215478673944064212e+03 9.241116409303411524e-20 6.354010264001996804e-20
6.220484601877120440e+03 1.068033557577294201e-19 6.461948514096386032e-20
6.225490529810175758e+03 1.345995240585311996e-19 6.596037166482148407e-20
6.230496457743231986e+03 2.209715259423780085e-19 7.468100311996602452e-20
6.235502385676287304e+03 1.935417335239344107e-19 8.122854981515000511e-20
6.240508313609343531e+03 1.580599586044973042e-19 7.955805879577192687e-20
6.245514241542398850e+03 1.386644928373504310e-19 7.029315798531437983e-20
6.250520169475454168e+03 -1.199662117753783211e-20 7.221772509051022904e-20
6.255526097408510395e+03 2.022878725737269579e-19 8.089676944506294542e-20
6.260532025341565713e+03 1.418275943138662333e-19 8.423126499267569753e-20
6.265537953274621032e+03 1.810997528689715517e-19 7.803805553969047388e-20
6.270543881207677259e+03 2.062333873307910136e-19 7.533426239557274271e-20
6.275549809140733487e+03 1.660350743798866459e-19 7.292570415494312943e-20
6.280555737073788805e+03 9.414225169993619667e-20 7.574077226429759149e-20
6.285561665006844123e+03 2.024024304286177599e-19 7.843147114270592034e-20
6.290567592939900351e+03 -3.585450951024628275e-20 9.663778357426817041e-20
6.295573520872955669e+03 6.951553013840927792e-20 1.542510398901039504e-19
6.300579448806010987e+03 -1.036468241724283745e-20 1.620230505845221593e-19
6.305585376739067215e+03 -1.056597496305402275e-19 1.236806941832680405e-19
6.310591304672123442e+03 5.389849082130903738e-20 7.282803374894401943e-20
6.315597232605178760e+03 -3.267210571984461523e-20 6.403301816944141298e-20
6.320603160538234079e+03 2.114426988188828731e-19 6.587244818020450272e-20
6.325609088471290306e+03 1.277325323126277158e-19 7.172022333079217031e-20
6.330615016404345624e+03 2.140106149537742706e-19 6.893839852887810172e-20
6.335620944337400942e+03 3.647500106459929735e-19 6.380332986122349736e-20
6.340626872270457170e+03 3.426179943361343980e-19 6.047752851859178298e-20
6.345632800203512488e+03 1.418458512719172845e-19 6.266666834629049572e-20
6.350638728136568716e+03 4.128232758612213084e-20 6.629961831768727472e-20
6.355644656069624034e+03 -3.739855467297757659e-20 8.002364665695486614e-20
6.360650584002680262e+03 1.272001219100319756e-19 1.018967241493189495e-19
6.365656511935735580e+03 2.149843727133567462e-19 9.860627744217990810e-20
6.370662439868790898e+03 8.836786927345316463e-20 7.375554041162067582e-20
6.375668367801847126e+03 2.098367714887383991e-19 6.363969750219927266e-20
6.380674295734902444e+03 2.241559823779324324e-19 6.683317924515372908e-20
6.385680223667958671e+03 2.997404821195032217e-19 6.717948686879351080e-20
6.390686151601013989e+03 1.238976223740405269e-19 6.631758709738486454e-20
6.395692079534070217e+03 1.548035044686925783e-19 6.395745674051836157e-20
6.400698007467125535e+03 2.480646140191772315e-19 6.447492261621697325e-20
6.405703935400180853e+03 2.016090537716686937e-19 6.361863624654597092e-20
6.410709863333237081e+03 3.588167276849813376e-20 6.217991923583495277e-20
6.415715791266292399e+03 8.203537071060848323e-20 6.252124183984142832e-20
6.420721719199348627e+03 2.410737050562331065e-19 6.149601271265288052e-20
6.425727647132403945e+03 1.340365659626202831e-19 5.874807120315989614e-20
6.430733575065460172e+03 1.556372032492752793e-19 5.703124660920891700e-20
6.435739502998515491e+03 2.001559559069524150e-19 5.584846887443567144e-20
6.440745430931570809e+03 7.284949761688356330e-20 5.553518327368342941e-20
6.445751358864627036e+03 1.344517335925559860e-19 5.600151043956874046e-20
6.450757286797682355e+03 4.589424978956914225e-20 5.585528713999139218e-20
6.455763214730737673e+03 9.191115803299451360e-20 5.773344120460889450e-20
6.460769142663793900e+03 1.339928901942580390e-19 6.331093403993424239e-20
6.465775070596850128e+03 -3.333167591099105500e-21 6.770667241824783123e-20
6.470780998529905446e+03 3.315934331828718451e-20 6.496448774757517381e-20
6.475786926462960764e+03 1.025737282463956987e-19 5.976955126265341899e-20
6.480792854396016992e+03 2.456077973585376355e-19 5.584338445231921341e-20
6.485798782329072310e+03 1.970871398460043475e-19 5.444429753826867201e-20
6.490804710262127628e+03 2.479014169542266998e-19 5.996415323757715494e-20
6.495810638195183856e+03 5.507618579401935298e-20 6.966683514915316486e-20
6.500816566128239174e+03 1.266248609315118681e-19 7.299998233700394727e-20
6.505822494061295401e+03 1.683321789567676814e-19 6.480560117128393086e-20
6.510828421994350720e+03 8.505227151818514781e-20 5.988801808751880223e-20
6.515834349927406947e+03 1.433684604003527655e-19 6.068959584990814529e-20
6.520840277860462265e+03 1.492012676743082203e-19 6.297228231043306010e-20
6.525846205793517584e+03 2.811266744537943703e-20 6.882375289393581567e-20
6.530852133726573811e+03 1.139420209568327630e-19 7.180924720716813224e-20
6.535858061659629129e+03 2.700957961762080661e-19 7.037696814103667492e-20
6.540863989592685357e+03 2.073356896411445549e-19 6.375208321325721849e-20
6.545869917525740675e+03 2.995501926512439268e-19 6.575497204837337986e-20
6.550875845458796903e+03 1.208520598071329697e-19 6.798645931249907277e-20
6.555881773391852221e+03 9.791820528402549513e-20 6.845904906911536252e-20
6.560887701324907539e+03 2.407089190557029915e-19 6.341796562571875726e-20
6.565893629257963767e+03 1.011684737890680094e-19 6.095638054004545199e-20
6.570899557191019085e+03 8.429478889109801076e-20 6.016864991183219221e-20
6.575905485124075312e+03 1.359547604915315664e-19 6.055488558620098964e-20
6.580911413057130630e+03 9.323403017703345453e-20 5.710740281076643821e-20
6.585917340990186858e+03 1.251823657686089993e-19 5.083568315482155443e-20
6.590923268923242176e+03 3.001649262868147348e-19 5.112078244962262506e-20
6.595929196856297494e+03 2.671975761102628397e-19 5.343025695871662951e-20
6.600935124789353722e+03 1.581259374891085060e-19 5.576826509120835326e-20
6.605941052722409040e+03 2.453566156575072028e-19 5.437878437564075303e-20
6.610946980655464358e+03 1.147247973413646179e-19 5.130646577073976585e-20
6.615952908588520586e+03 1.231019585699739033e-19 5.033883176635033475e-20
6.620958836521576814e+03 8.881075920599276380e-20 5.129971266425071739e-20
6.625964764454632132e+03 1.997783888946934942e-19 5.305116709429841407e-20
6.630970692387687450e+03 1.516222980252924237e-19 5.443662227055534676e-20
6.635976620320743677e+03 2.216936211848519229e-19 5.505912365839299668e-20
6.640982548253798996e+03 2.680098854611630255e-19 5.367766351985639445e-20
6.645988476186854314e+03 1.769169778902772266e-19 5.412807233938222378e-20
6.650994404119910541e+03 1.676217833226602014e-19 5.526963797812612866e-20
6.656000332052965859e+03 4.729808604474335158e-20 5.604354322738293918e-20
6.661006259986022087e+03 2.770525114893002642e-19 5.644819388798916518e-20
6.666012187919077405e+03 1.745631645108009581e-19 5.549993118471413406e-20
6.671018115852133633e+03 2.302730092700863797e-19 5.414855399499575878e-20
6.676024043785188951e+03 2.508010088775752238e-19 5.243445526209631462e-20
6.681029971718244269e+03 3.116779704834294569e-19 5.151551034913877978e-20
6.686035899651300497e+03 2.826108292266837145e-19 5.076285600540414481e-20
6.691041827584355815e+03 2.813365462374230052e-19 4.994222713169415695e-20
6.696047755517412043e+03 1.452475660377983898e-19 5.030921997039173004e-20
6.701053683450467361e+03 1.538260795496395880e-19 5.027966901841231361e-20
6.706059611383523588e+03 2.125085748784230131e-19 4.962530014814215692e-20
6.711065539316578906e+03 1.027866404723333549e-19 4.866432929686949265e-20
6.716071467249634225e+03 1.277209154144980901e-19 4.848938274610585057e-20
6.721077395182690452e+03 9.110164650139776782e-20 4.812121198417079749e-20
6.726083323115745770e+03 1.854298168361324480e-19 4.804650204309362135e-20
6.731089251048801998e+03 1.187744468448512231e-19 4.830511021022901662e-20
6.736095178981857316e+03 7.253871721692352820e-20 4.869108109587275852e-20
6.741101106914913544e+03 2.114506311469661480e-20 4.887370834740437629e-20
6.746107034847968862e+03 1.091974733288147831e-19 4.948696774864204806e-20
6.751112962781024180e+03 1.547385317758983298e-19 4.916398253386744968e-20
6.756118890714080408e+03 8.932843194378694971e-20 4.983576104524870477e-20
6.761124818647135726e+03 2.042754394642852922e-19 5.041636739891801705e-20
6.766130746580191044e+03 2.183425750037517132e-19 5.082907527583536639e-20
6.771136674513247272e+03 1.184012389211668117e-19 5.148812624563773835e-20
6.776142602446303499e+03 1.580149932679847927e-19 5.252000195668141403e-20
6.781148530379358817e+03 8.116386887312583197e-20 5.302130830982586212e-20
6.786154458312414135e+03 5.370651878335218250e-20 5.290152694896849189e-20
6.791160386245470363e+03 5.453039818120743155e-20 5.145922855853732955e-20
6.796166314178525681e+03 1.844800930289791367e-19 5.039536260996170786e-20
6.801172242111580999e+03 2.067022980317335893e-19 4.940295415508765079e-20
6.806178170044637227e+03 1.739841977490698047e-19 4.851182823022543999e-20
6.811184097977693455e+03 1.889087715631475206e-19 4.792335213320469994e-20
6.816190025910748773e+03 1.286973626000942760e-19 4.773117187471180635e-20
6.821195953843804091e+03 1.545117802675089424e-19 5.641877808468969355e-20
6.826201881776860318e+03 8.387294758814663103e-20 7.029710571666706275e-20
6.831207809709915637e+03 1.019407869800071870e-19 7.597790369156700872e-20
6.836213737642970955e+03 9.883512162842738821e-20 6.687731577012195964e-20
6.841219665576027182e+03 1.307689281025321654e-19 5.411370416587525954e-20
6.846225593509082501e+03 6.207647457153321073e-20 4.876245354271481787e-20
6.851231521442138728e+03 1.659752348470140878e-19 4.653410186024608729e-20
6.856237449375194046e+03 2.957149731981844271e-19 5.873354884925292687e-20
6.861243377308250274e+03 1.378506100322130667e-19 8.854186596389389767e-20
6.866249305241305592e+03 3.218364913258868803e-19 9.838094719770005518e-20
6.871255233174360910e+03 2.180224593274736672e-19 8.036530678458606123e-20
6.876261161107417138e+03 1.636936047683874574e-19 7.045454602291624208e-20
6.881267089040473365e+03 1.652990569241627945e-19 6.798605678083769888e-20
6.886273016973527774e+03 3.057627725551533983e-19 7.312603416707272635e-20
6.891278944906584002e+03 2.721435243658394029e-19 7.304240134105198694e-20
6.896284872839640229e+03 9.921779688507948431e-20 7.436993881925401259e-20
6.901290800772695547e+03 1.039417092935884536e-19 7.448555864724249561e-20
6.906296728705750866e+03 1.278152189011538339e-19 7.413319087381660042e-20
6.911302656638807093e+03 5.236046260785792868e-20 7.343087039415572967e-20
6.916308584571862411e+03 2.437209148073760946e-19 8.137514869466418222e-20
6.921314512504917730e+03 2.001404384192694475e-19 8.030400498634433277e-20
6.926320440437973957e+03 1.504770074944278617e-19 6.945895489524728208e-20
6.931326368371030185e+03 8.468040591760041984e-20 5.445234083436148918e-20
6.936332296304085503e+03 2.054412168563022117e-19 5.731269843569528588e-20
6.941338224237140821e+03 2.408858154386453438e-19 6.457421970527132478e-20
6.946344152170197049e+03 2.243037687121065213e-19 6.800068504433582212e-20
6.951350080103252367e+03 1.047810310855618306e-19 6.403695779117197978e-20
6.956356008036307685e+03 1.692866550044192301e-19 5.039780411940315445e-20
6.961361935969363913e+03 1.646447001313383333e-19 4.820686782411741807e-20
6.966367863902420140e+03 1.288643000628343142e-19 5.122965587255286024e-20
6.971373791835475458e+03 1.901323511561066961e-19 5.568978878123287858e-20
6.976379719768530776e+03 1.394954591053027769e-19 5.725521537616733738e-20
6.981385647701587004e+03 1.708683333337533423e-19 5.510051810276261954e-20
6.986391575634642322e+03 2.201417205092448789e-20 4.628468297355438836e-20
6.991397503567697640e+03 1.861031708821621525e-19 4.525331912906772590e-20
6.996403431500753868e+03 1.531480297410013190e-19 4.678099311768039008e-20
7.001409359433810096e+03 7.596627186880936209e-20 4.906539167037086310e-20
7.006415287366865414e+03 1.188884173827075393e-19 5.296928540806364758e-20
7.011421215299920732e+03 2.307535029969946012e-19 5.230187302165121619e-20
7.016427143232976960e+03 2.628919578545849039e-19 5.011804083864249506e-20
7.021433071166032278e+03 1.191293839753315755e-19 4.717036876456007295e-20
7.026438999099087596e+03 1.809519761801902176e-19 4.834057662294934294e-20
7.031444927032143823e+03 1.808309353081817033e-19 4.977440051143632058e-20
7.036450854965200051e+03 1.753250155038278895e-19 5.216907968309938378e-20
7.041456782898254460e+03 1.759726335349781726e-19 5.602856876355753780e-20
7.046462710831310687e+03 1.275631813918739758e-19 5.795877862166698248e-20
7.051468638764366915e+03 2.204266418517237910e-19 5.558317072516400547e-20
7.056474566697422233e+03 1.054903998166073524e-19 5.110361495564480152e-20
7.061480494630477551e+03 1.469274124509116059e-19 5.058494238883755363e-20
7.066486422563533779e+03 1.903080322919179781e-19 5.042476087620522076e-20
7.071492350496589097e+03 1.110923023461702885e-19 4.968295440575147718e-20
7.076498278429644415e+03 1.021790402649474994e-19 4.904244803144717103e-20
7.081504206362700643e+03 1.836416160662125301e-19 4.941752786858332605e-20
7.086510134295756870e+03 2.345260688952036569e-19 4.948269328724530257e-20
7.091516062228812189e+03 1.088785384754160515e-19 4.722658567609717495e-20
7.096521990161867507e+03 1.336376456665108582e-19 4.540746523760177635e-20
7.101527918094923734e+03 2.262740554816286533e-19 4.500318706646746794e-20
7.106533846027979052e+03 1.183920234528731225e-19 4.492161765461143276e-20
7.111539773961034371e+03 1.607386515650519751e-19 4.435773093912519417e-20
7.116545701894090598e+03 2.340775757984103391e-19 4.397884642102752686e-20
7.121551629827146826e+03 2.355396328666165502e-19 4.457928514209474161e-20
7.126557557760202144e+03 1.039394949622371989e-19 4.589784257829619879e-20
7.131563485693257462e+03 2.141225898292340469e-19 4.646626356539587339e-20
7.136569413626313690e+03 2.517317199600327958e-19 4.767913543114606595e-20
7.141575341559369008e+03 1.311422980557220002e-19 4.917484526193754398e-20
7.146581269492424326e+03 2.060667384335330630e-19 5.041014315059052190e-20
7.151587197425480554e+03 1.427558153968852864e-19 4.971153062418980917e-20
7.156593125358536781e+03 1.783113973943784790e-19 5.006964450759802518e-20
7.161599053291592099e+03 2.198290480437018383e-19 5.202263626510779217e-20
7.166604981224647418e+03 2.001977938869412315e-19 5.254210105550400094e-20
7.171610909157703645e+03 8.735396704248618290e-20 5.194035430137431575e-20
7.176616837090758963e+03 1.485000824186379615e-19 5.118293060980849515e-20
7.181622765023814281e+03 1.800773600113548780e-19 4.925975747247898316e-20
7.186628692956870509e+03 2.057526512536506050e-19 4.680210581835802838e-20
7.191634620889926737e+03 1.022995327657983497e-19 4.564651270582347886e-20
7.196640548822981145e+03 1.436975683411752592e-19 4.550209481034286186e-20
7.201646476756037373e+03 1.898600087892896669e-19 4.511298045952707576e-20
7.206652404689093601e+03 2.257804328199548479e-19 4.433627849736042857e-20
7.211658332622148919e+03 2.169315283517528083e-19 4.417752481530917467e-20
7.216664260555204237e+03 1.653702763755710917e-19 4.462195353959324968e-20
7.221670188488260465e+03 1.825484418376979958e-19 4.543169645376478873e-20
7.226676116421315783e+03 1.916811874000589173e-19 4.652479615215139749e-20
7.231682044354371101e+03 1.952873555566682320e-19 6.026509577947659291e-20
7.236687972287427328e+03 1.929535666601303464e-19 8.814840666554226496e-20
7.241693900220483556e+03 1.386864759309224327e-20 1.017508793130480341e-19
7.246699828153538874e+03 1.079430486564062802e-19 8.899385772883564078e-20
7.251705756086594192e+03 1.789388349922577158e-19 6.602390520597839561e-20
7.256711684019650420e+03 6.893817555916562813e-20 5.449071162928758472e-20
7.261717611952705738e+03 4.907313677444930131e-20 4.905155806520574334e-20
7.266723539885761056e+03 1.409677055786451340e-19 5.797497556073999589e-20
7.271729467818817284e+03 -5.243950749842399926e-21 9.221450651196521190e-20
7.276735395751873511e+03 2.231213912755857526e-19 1.032284959716108499e-19
7.281741323684928830e+03 4.950592930518527206e-20 9.511200413518150003e-20
7.286747251617984148e+03 1.036987282369513728e-19 7.435896761024892651e-20
7.291753179551040375e+03 9.592993795487675462e-20 6.447046780063555499e-20
7.296759107484095694e+03 1.579031647337454969e-19 6.671065543503222083e-20
7.301765035417151012e+03 2.231014704338686175e-19 6.836503923969303667e-20
7.306770963350207239e+03 1.935048765782441942e-19 7.018498525556943527e-20
7.311776891283263467e+03 5.318574258009637725e-20 8.871719005342777883e-20
7.316782819216318785e+03 2.478749938473449672e-19 8.922686822912703312e-20
7.321788747149374103e+03 1.222604345188808909e-19 7.528733313694143885e-20
7.326794675082430331e+03 2.379650528392564444e-19 6.673392582169997583e-20
7.331800603015485649e+03 1.347276426042237297e-19 7.366756580198177837e-20
7.336806530948540967e+03 2.535992964390253358e-19 8.988723107684075339e-20
7.341812458881597195e+03 2.478857868259704832e-19 8.884236567785182781e-20
7.346818386814653422e+03 1.896228620401401806e-19 6.636624840757851643e-20
7.351824314747707831e+03 1.620640511186763877e-19 5.718812328815826234e-20
7.356830242680764059e+03 2.254272890753847587e-19 6.247929487157033412e-20
7.361836170613820286e+03 2.476229930076844389e-19 7.286639466580871269e-20
7.366842098546875604e+03 9.067998970694738996e-20 7.933444648362872141e-20
7.371848026479930923e+03 1.026878306448084610e-19 7.595165391257182277e-20
7.376853954412987150e+03 1.740954162511267064e-19 5.237661344434035994e-20
7.381859882346043378e+03 6.404718444969445615e-20 4.547822190804125951e-20
7.386865810279097786e+03 4.500251415619813388e-21 5.443252152578379140e-20
7.391871738212154014e+03 8.239236712676848131e-20 5.979439560963957412e-20
7.396877666145210242e+03 -1.074854515108356765e-19 7.209655028015006658e-20
7.401883594078265560e+03 -4.188313083532955970e-20 7.163882334388849103e-20
7.406889522011320878e+03 1.134859400587117459e-19 6.339634204682914525e-20
7.411895449944377106e+03 1.744745358487207903e-19 5.026643184987409159e-20
7.416901377877432424e+03 1.596094038042584662e-19 5.019862793981494810e-20
7.421907305810487742e+03 9.564423881347901855e-20 5.323171575216179025e-20
7.426913233743543969e+03 2.148135934365895091e-19 5.810961471770329441e-20
7.431919161676600197e+03 4.131005255354104097e-20 6.418240054489507126e-20
7.436925089609655515e+03 7.574008790858750066e-20 6.395361716815155007e-20
7.441931017542710833e+03 9.020281212093780269e-20 5.864428474861416837e-20
7.446936945475767061e+03 7.761231317424912305e-20 4.703007694299784448e-20
7.451942873408822379e+03 1.288742265469166725e-19 4.548216534467061573e-20
7.456948801341877697e+03 -7.146866664159862593e-20 4.806937844502781019e-20
7.461954729274933925e+03 3.312311640483726960e-20 5.378712961902723408e-20
7.466960657207990153e+03 1.020322470575542924e-19 6.043145976117382331e-20
7.471966585141045471e+03 7.691588849169566448e-20 6.342544312372652590e-20
7.476972513074100789e+03 1.703571815392539037e-19 6.677938733420831909e-20
7.481978441007157016e+03 8.045743236103665440e-20 6.287816664013514773e-20
7.486984368940212335e+03 -4.831226231671213670e-21 5.587934518939712746e-20
7.491990296873267653e+03 1.729671208294398896e-20 4.782500210530035724e-20
7.496996224806323880e+03 1.874413570524725878e-19 4.619432659222845500e-20
7.502002152739380108e+03 1.217249805802589364e-19 4.343404319355525616e-20
7.507008080672435426e+03 1.469057087602730376e-19 4.348993706374545782e-20
7.512014008605490744e+03 2.228750154338732406e-19 4.647049439077291427e-20
7.517019936538546972e+03 1.967995267549312665e-19 6.548386707506561755e-20
7.522025864471602290e+03 1.259593116509830061e-19 8.266981811620746940e-20
7.527031792404657608e+03 9.992263283804898453e-20 8.440262274031140737e-20
7.532037720337713836e+03 3.384062415187625126e-19 6.493708581085670755e-20
7.537043648270770063e+03 2.084724169683356954e-19 5.656397203574177846e-20
7.542049576203824472e+03 2.517320906051971967e-19 5.309690179923819538e-20
7.547055504136880700e+03 1.490592275017150525e-19 5.260152624881607847e-20
7.552061432069936927e+03 1.084626403224803703e-19 5.820778306507554646e-20
7.557067360002992245e+03 7.912517275996689489e-20 5.872766718461571512e-20
7.562073287936047564e+03 2.192620164704734638e-19 5.929716690564755106e-20
7.567079215869103791e+03 2.299434089047094622e-19 7.241140009425858555e-20
7.572085143802159109e+03 1.995889519995929062e-19 7.238779819040117959e-20
7.577091071735214427e+03 1.730869507700459115e-19 6.090441272615372483e-20
7.582096999668270655e+03 2.228353265684941334e-19 5.353707752337531084e-20
7.587102927601326883e+03 1.376715284202106021e-19 5.220413353194126412e-20
7.592108855534382201e+03 1.167044918709235400e-19 6.200563612717673464e-20
7.597114783467437519e+03 1.533082182781249367e-19 8.555739358464887864e-20
7.602120711400493747e+03 -1.830655648977773360e-19 1.109814303479775520e-19
7.607126639333549065e+03 -1.394191798730908618e-19 9.681352949883516408e-20
7.612132567266604383e+03 2.440451837388213221e-19 9.112304156684952628e-20
7.617138495199660611e+03 2.516865853042935378e-19 7.604255434220403707e-20
7.622144423132716838e+03 1.720397494903894300e-19 7.884480354407061537e-20
7.627150351065772156e+03 2.985280354542595490e-19 8.836731644087103257e-20
7.632156278998827474e+03 2.479776741732890898e-19 8.788388688584793628e-20
7.637162206931883702e+03 2.476130518085691276e-19 7.018624712343351794e-20
7.642168134864939020e+03 7.513096712379339510e-21 6.443489203984980956e-20
7.647174062797994338e+03 1.445988597527504435e-19 6.570683449201791951e-20
7.652179990731050566e+03 9.752328734808595404e-20 6.534400650093114244e-20
7.657185918664106794e+03 1.644566969954402624e-19 7.195611199382565633e-20
7.662191846597162112e+03 1.979441785398243710e-19 7.581515190307305848e-20
7.667197774530217430e+03 1.910817386024729447e-19 7.146290006858038482e-20
7.672203702463273657e+03 1.550395924046048722e-19 5.876339094862245788e-20
7.677209630396328976e+03 2.406607053263210217e-19 5.729338495107260868e-20
7.682215558329384294e+03 1.981164750482423612e-19 5.877815782698562480e-20
7.687221486262440521e+03 1.658909238215795694e-19 5.975301948350117510e-20
7.692227414195496749e+03 2.356980842613636349e-19 6.061046189762158778e-20
7.697233342128551158e+03 2.274005899132893687e-19 6.437760172769218763e-20
7.702239270061607385e+03 9.906653438438416330e-20 6.594906993992461030e-20
7.707245197994663613e+03 3.081779337028526127e-19 9.483396180677801485e-20
7.712251125927718931e+03 1.684542286061523178e-19 1.132500890240376735e-19
7.717257053860774249e+03 8.216598603066486074e-20 1.099137246906834074e-19
7.722262981793830477e+03 1.039663157362747333e-19 8.444697681094312754e-20
7.727268909726885795e+03 2.299942467271693545e-19 6.258862046291108873e-20
7.732274837659941113e+03 1.321757968236952029e-19 5.424358076044382473e-20
7.737280765592997341e+03 1.677318464298173222e-19 5.058002780736568923e-20
7.742286693526053568e+03 2.817161574628247431e-19 6.932716641779811947e-20
7.747292621459108886e+03 1.676793814545937425e-19 1.006058354170749788e-19
7.752298549392164205e+03 3.445840696628894324e-19 1.048624305934175557e-19
7.757304477325220432e+03 2.094358385904684876e-19 8.372723472667719466e-20
7.762310405258275750e+03 5.159111554845706248e-20 6.779707093170781653e-20
7.767316333191331069e+03 2.016988224003002530e-19 5.930755350185809461e-20
7.772322261124387296e+03 1.386416629959333997e-19 6.364507989013370619e-20
7.777328189057443524e+03 5.202027283858680853e-20 7.019483266966003499e-20
7.782334116990498842e+03 2.039786928413322549e-20 6.530592781934728711e-20
7.787340044923554160e+03 8.702907133305930448e-20 8.221232438248266178e-20
7.792345972856610388e+03 2.685048125167313157e-20 9.774480738997271359e-20
7.797351900789665706e+03 2.176698301183718473e-19 9.315283064520110158e-20
7.802357828722721024e+03 1.756832388853371247e-19 7.353512230456462760e-20
7.807363756655777252e+03 1.680766222212419829e-19 7.734986604680759705e-20
7.812369684588833479e+03 1.320993932940868202e-20 8.200545003541787472e-20
7.817375612521888797e+03 1.770512054182276973e-19 1.051048421721172229e-19
7.822381540454944115e+03 9.557385627045436037e-20 1.053308425325653164e-19
7.827387468388000343e+03 8.623349807686654281e-20 7.567050167578401486e-20
7.832393396321055661e+03 1.407854169984068531e-19 5.460622370969545842e-20
7.837399324254110979e+03 1.198980376022791419e-19 6.656789150334491814e-20
7.842405252187167207e+03 2.261117373007467875e-19 7.249240099758848353e-20
7.847411180120223435e+03 -2.866112523616301646e-20 9.611505229054271448e-20
7.852417108053277843e+03 2.616537829226819080e-19 1.077952852260474469e-19
7.857423035986334071e+03 3.499410468951093358e-19 1.034272577015347256e-19
7.862428963919390299e+03 3.796050935942664679e-19 8.548496730362316231e-20
7.867434891852445617e+03 2.999387632381858824e-19 8.336020206110660966e-20
7.872440819785500935e+03 2.813307293845428383e-19 8.324131512225960489e-20
7.877446747718557162e+03 1.683462119318620476e-19 7.659112503572471496e-20
7.882452675651613390e+03 2.082368226232557106e-19 8.010330110464785350e-20
7.887458603584667799e+03 8.451033283281678877e-20 8.350547969468680316e-20
7.892464531517724026e+03 1.885235524957927772e-19 7.727122524473543667e-20
7.897470459450780254e+03 1.597265493140690586e-19 5.703038666718237473e-20
7.902476387383835572e+03 1.105815979310556700e-19 5.411359233561406178e-20
7.907482315316890890e+03 2.000779515491076307e-19 1.022523172160074203e-19
7.912488243249947118e+03 2.223224340370647043e-19 1.278356452651035212e-19
7.917494171183002436e+03 1.159208670304276517e-20 1.309152029735044537e-19
7.922500099116057754e+03 2.138049515679596771e-19 9.728916095993216973e-20
7.927506027049113982e+03 8.369563321177937499e-21 8.838801584619343756e-20
7.932511954982170209e+03 2.643211614401580677e-19 7.904978779048369261e-20
7.937517882915225528e+03 1.341696373010091907e-19 6.302083304877965335e-20
7.942523810848280846e+03 2.425351280518858890e-19 6.537798981001838594e-20
7.947529738781337073e+03 1.829646662088844385e-19 7.056486072437822283e-20
7.952535666714392391e+03 1.401605928207202993e-19 6.470015952487952965e-20
7.957541594647447710e+03 2.517066252421169527e-19 7.963883353330125391e-20
7.962547522580503937e+03 2.090428294379140195e-19 1.017772549821459885e-19
7.967553450513560165e+03 -1.950624967928430593e-20 9.679852691407473084e-20
7.972559378446615483e+03 3.142895761930370741e-19 7.474910462185561274e-20
7.977565306379670801e+03 3.735035553216840899e-19 7.721435898188628808e-20
7.982571234312727029e+03 2.673720375119710263e-19 7.474941926122446009e-20
7.987577162245782347e+03 1.522412322588781831e-19 9.460552796928080606e-20
7.992583090178837665e+03 2.340879444247209199e-19 1.046489348656687944e-19
7.997589018111893893e+03 1.399107559254824413e-19 9.041473602235403307e-20
8.002594946044950120e+03 1.594435270608132661e-19 5.235030129282283854e-20
8.007600873978005438e+03 1.143301988693488721e-19 5.935768202023026246e-20
8.012606801911060757e+03 2.426704567806951813e-19 6.751708857293797629e-20
8.017612729844116984e+03 2.098916366751393336e-19 7.755688076317065323e-20
8.022618657777172302e+03 1.061681770764872527e-19 9.171394657644614201e-20
8.027624585710227620e+03 2.421725534339894300e-19 9.153064849139328964e-20
8.032630513643283848e+03 2.840014074566093888e-19 6.585134051570943447e-20
8.037636441576340076e+03 9.521548808568623328e-20 4.797796524565837596e-20
8.042642369509394484e+03 8.451896332401380406e-20 4.953513114722841306e-20
8.047648297442450712e+03 6.741800764014109685e-20 6.143883631450243881e-20
8.052654225375506940e+03 1.705817031556709709e-19 6.787734799112529988e-20
8.057660153308562258e+03 1.447850625991540377e-19 8.146847766918794299e-20
8.062666081241617576e+03 2.256873532280522621e-19 8.018306572965159297e-20
8.067672009174673803e+03 1.638219502434281599e-19 6.562862994772037030e-20
8.072677937107729122e+03 5.007841125078164797e-20 5.048278823471987603e-20
8.077683865040784440e+03 1.422084124376292811e-19 5.073458981234489509e-20
8.082689792973840667e+03 8.982373934643629682e-20 5.014738784180220888e-20
8.087695720906896895e+03 1.682448039024155031e-19 5.270235775147227685e-20
8.092701648839952213e+03 4.837421214481367363e-20 5.372420775006004638e-20
8.097707576773007531e+03 8.802713549502768643e-20 5.926159228788323222e-20
8.102713504706063759e+03 1.949238588760673831e-19 5.662551191375021325e-20
8.107719432639119077e+03 2.669068470692915997e-20 5.046214185968041989e-20
8.112725360572174395e+03 9.992381684722593138e-20 4.340080194701537990e-20
8.117731288505230623e+03 7.293393883083032248e-20 4.230513947617252864e-20
8.122737216438286850e+03 1.514795456892350662e-19 4.315840082681146822e-20
8.127743144371342169e+03 2.083056632527784058e-19 4.450266784077270779e-20
8.132749072304397487e+03 1.216301628713994416e-19 4.769070296336376684e-20
8.137755000237453714e+03 9.217492228702473003e-20 5.024594847417903013e-20
8.142760928170509032e+03 2.937469639935375220e-19 5.374013065340223025e-20
8.147766856103564351e+03 1.620200318994544448e-19 5.134621334730439087e-20
8.152772784036620578e+03 1.182977405066883697e-19 4.782118918681308510e-20
8.157778711969676806e+03 1.210803510965179503e-19 4.532940212817156681e-20
8.162784639902732124e+03 2.185867192738784338e-19 4.572191800241597290e-20
8.167790567835787442e+03 1.463256833115955255e-19 4.623668162346667299e-20
8.172796495768843670e+03 1.655937597795806742e-19 4.676352791226031067e-20
8.177802423701898988e+03 1.414410287102643843e-19 4.736286191704606244e-20
8.182808351634954306e+03 1.052745261498500424e-19 4.918020936268285640e-20
8.187814279568010534e+03 2.216909146139243285e-19 5.125932484714481378e-20
8.192820207501066761e+03 2.200016763380711013e-19 5.165782547949676069e-20
8.197826135434121170e+03 1.134928306184266754e-19 4.928348309384743273e-20
8.202832063367177398e+03 1.307814076848401596e-19 4.789851683792190808e-20
8.207837991300233625e+03 1.889788384651487739e-19 4.795197371867220619e-20
8.212843919233288034e+03 1.815425009610975771e-19 4.700587966669950472e-20
8.217849847166344261e+03 1.440364749239366273e-19 4.658197498653023212e-20
8.222855775099400489e+03 1.319493251634758477e-19 4.509366519577207853e-20
8.227861703032456717e+03 1.357973747393017050e-19 4.418340037381992976e-20
8.232867630965511125e+03 1.124229707986669854e-19 4.407778728389824284e-20
8.237873558898567353e+03 1.944432126863967381e-19 4.555205110892893588e-20
8.242879486831623581e+03 1.162647094480385632e-19 4.677652293561541838e-20
8.247885414764677989e+03 9.668145360763563549e-20 4.609933164374542297e-20
8.252891342697734217e+03 2.042892714510879288e-19 4.446980432785424800e-20
8.257897270630790445e+03 1.741936200995844649e-19 4.299856207464482879e-20
8.262903198563846672e+03 1.076021743560342042e-19 4.241333720305407381e-20
8.267909126496901081e+03 9.324270512324145318e-20 4.479530029047506615e-20
8.272915054429957308e+03 9.627216132077805994e-20 6.670443883550915670e-20
8.277920982363013536e+03 -1.806335335436786015e-20 9.531913405470037718e-20
8.282926910296067945e+03 1.758132694225150187e-19 1.195575443064704530e-19
8.287932838229124172e+03 3.296766306865076067e-19 1.183450453175478714e-19
8.292938766162180400e+03 2.474563431095246444e-19 1.290555609378233369e-19
8.297944694095236628e+03 1.913933627989115047e-19 1.220939336734923142e-19
8.302950622028291036e+03 9.997739257267166844e-20 1.075502762938927366e-19
8.307956549961347264e+03 1.837551539860387239e-19 8.098595725478419575e-20
8.312962477894403492e+03 1.601406236591393567e-19 7.703212109333309778e-20
8.317968405827457900e+03 7.925344086405534687e-20 5.807444570923394504e-20
8.322974333760514128e+03 1.707155049377510729e-19 4.979025259649760568e-20
8.327980261693570355e+03 1.874905701574704943e-19 4.714376666178566096e-20
8.332986189626626583e+03 1.872623076746120279e-19 5.766633233156719094e-20
8.337992117559680992e+03 1.384239867546729119e-19 1.267094527933471603e-19
8.342998045492737219e+03 -3.028809668604527890e-19 1.579332998013912445e-19
8.348003973425793447e+03 2.099820030020940876e-19 1.560743012539760206e-19
8.353009901358847856e+03 3.767629148140777940e-19 1.053115395207496010e-19
8.358015829291904083e+03 2.422655919482788590e-19 8.642531820902612566e-20
8.363021757224960311e+03 2.679300278727427527e-19 6.996115436131421190e-20
8.368027685158016538e+03 1.573666820153201313e-19 6.402640677276457230e-20
8.373033613091070947e+03 2.199578110798628062e-19 5.745103076003341477e-20
8.378039541024127175e+03 5.482695837727270415e-20 8.053140395774034444e-20
8.383045468957181583e+03 3.105574395203948682e-19 8.161460222026095023e-20
8.388051396890237811e+03 2.621018419488407539e-19 6.940833924740140070e-20
8.393057324823294039e+03 2.148383142686029247e-19 1.108235821312971694e-19
8.398063252756350266e+03 -1.179261570108150389e-20 1.277695371023787911e-19
8.403069180689406494e+03 3.710514230106225294e-20 1.121684901256684499e-19
8.408075108622460903e+03 2.149785428299031224e-19 7.566250873441840195e-20
8.413081036555517130e+03 3.174156679575475808e-19 8.783726304352271636e-20
8.418086964488571539e+03 1.290490202503128469e-19 8.862725379427298454e-20
8.423092892421627766e+03 3.083132286010003912e-19 1.123203907262179070e-19
8.428098820354683994e+03 1.500343592160508551e-20 1.490336486426093874e-19
8.433104748287740222e+03 -3.330179624495376471e-21 1.434144566417182664e-19
8.438110676220796449e+03 7.526532385955426151e-20 7.523201839888083504e-20
8.443116604153850858e+03 2.663159712556752876e-19 6.426664226663542426e-20
8.448122532086907086e+03 1.991846791280968407e-19 9.271736298433124567e-20
8.453128460019961494e+03 1.632054125975032726e-19 9.251142421639311524e-20
8.458134387953017722e+03 7.315011716066038463e-20 1.083270916613000844e-19
8.463140315886073950e+03 6.474816513419001339e-20 1.240998429413972608e-19
8.468146243819130177e+03 2.799543759311295747e-19 1.126662162704215167e-19
8.473152171752186405e+03 9.145316712932794761e-20 6.113110786684107951e-20
8.478158099685240813e+03 2.053415158453363577e-19 4.556510117026469401e-20
8.483164027618297041e+03 2.020915596872403150e-19 4.635414446881762540e-20
8.488169955551351450e+03 3.605660908129894391e-20 6.453623905532834161e-20
8.493175883484407677e+03 1.536784635363779189e-19 7.163790054861912742e-20
8.498181811417463905e+03 1.578683123060030103e-19 8.719909592227003728e-20
8.503187739350520133e+03 1.711404229884551457e-19 9.244338389470188719e-20
8.508193667283574541e+03 1.368694622688515453e-19 8.399542861942599307e-20
8.513199595216630769e+03 1.157503574977326799e-19 5.031730703210040278e-20
8.518205523149686996e+03 1.933470541743489868e-19 4.399291288258181501e-20
8.523211451082741405e+03 1.398794203093872144e-19 4.415425671063244124e-20
8.528217379015797633e+03 1.615691521065435158e-19 4.384722297908222035e-20
8.533223306948853860e+03 1.418095708451688161e-19 5.329789261711054325e-20
8.538229234881910088e+03 3.136170982422755500e-19 5.884911784074608006e-20
8.543235162814964497e+03 1.164293952587226750e-19 7.062490561598021005e-20
8.548241090748020724e+03 9.506404414352637736e-20 7.077182666774322782e-20
8.553247018681076952e+03 9.501819430232961884e-20 6.419771924477054304e-20
8.558252946614131361e+03 1.156440059410001218e-19 4.701955221878521986e-20
8.563258874547187588e+03 7.459860174810023723e-20 4.666799945976437433e-20
8.568264802480243816e+03 3.327051618969994064e-20 4.946932621050857467e-20
8.573270730413300043e+03 1.960571672540740804e-19 5.217768907644670517e-20
8.578276658346354452e+03 1.434308859417860733e-19 5.142482766137167650e-20
8.583282586279410680e+03 9.258367453442330808e-20 5.492764416645924481e-20
8.588288514212466907e+03 9.388171155150430188e-20 5.866393795862056000e-20
8.593294442145521316e+03 1.016479756334119840e-19 6.121796724040955051e-20
8.598300370078577544e+03 1.805624495074623608e-19 5.649905663322749507e-20
8.603306298011633771e+03 5.528537695303150615e-20 4.980551124266543579e-20
8.608312225944689999e+03 6.811393168652869808e-20 5.198937970337021577e-20
8.613318153877744408e+03 1.299172895380833875e-19 6.387295151093085014e-20
8.618324081810800635e+03 1.331097103581984515e-19 7.947736113745748615e-20
8.623330009743856863e+03 1.236580603215466235e-19 9.228932892410573765e-20
8.628335937676911271e+03 2.720343892747905734e-19 9.831177700324914819e-20
8.633341865609967499e+03 1.734076314782875676e-19 9.377374425977772133e-20
8.638347793543023727e+03 2.903941482610008614e-19 8.092776631065180031e-20
8.643353721476079954e+03 1.973426084001851182e-19 7.703538122699294676e-20
8.648359649409134363e+03 2.422312351997862297e-19 8.748129371516777299e-20
8.653365577342190591e+03 4.356771752800999498e-22 9.977055483616417503e-20
8.658371505275246818e+03 5.378249456147602303e-20 1.017189394626680021e-19
8.663377433208301227e+03 2.134584854428891129e-19 9.840043456155837661e-20
8.668383361141357454e+03 1.827717190633206733e-19 9.039176473670591107e-20
8.673389289074413682e+03 -3.624210157648190610e-20 8.190967045601414941e-20
8.678395217007469910e+03 1.606668205514607314e-20 7.292152290814877939e-20
8.683401144940524318e+03 1.122765157684771126e-19 6.497984430696021925e-20
8.688407072873580546e+03 1.081235072603889410e-19 5.961788159657099189e-20
8.693413000806636774e+03 1.109301398629675569e-19 5.859142482171070181e-20
8.698418928739691182e+03 8.417454044962502848e-20 5.879649442399859947e-20
8.703424856672747410e+03 2.173634297475492651e-19 5.997171007614897912e-20
8.708430784605803638e+03 1.967879840874881993e-19 5.486795179353521344e-20
8.713436712538859865e+03 2.472360568032718260e-19 4.999301713088303660e-20
8.718442640471914274e+03 1.734059468902157209e-19 4.791662015325267376e-20
8.723448568404970501e+03 1.664554623587293446e-19 4.736275437809291573e-20
8.728454496338024910e+03 1.357026155791430371e-19 4.607026465645663294e-20
8.733460424271081138e+03 2.304328093918694078e-19 4.560655141643655638e-20
8.738466352204137365e+03 3.183234752055021318e-20 4.529378482608481425e-20
8.743472280137193593e+03 1.374445776672047306e-19 4.584844297472626535e-20
8.748478208070249821e+03 1.400772908566714734e-19 4.928938782843856153e-20
8.753484136003304229e+03 2.429906405485446229e-19 8.777266940288495999e-20
8.758490063936360457e+03 1.351895107612714696e-19 1.283393260636240586e-19
8.763495991869414866e+03 2.323986550473012320e-19 1.578157927742245056e-19
8.768501919802471093e+03 1.364004525897790346e-19 1.472018993589555482e-19
8.773507847735527321e+03 3.598622230272469315e-20 1.540680720033409323e-19
8.778513775668583548e+03 1.996209456168638814e-19 1.391205717838521261e-19
8.783519703601639776e+03 5.872527687563001563e-20 1.085698173120461032e-19
8.788525631534694185e+03 1.663462342778919822e-19 8.525127459332653115e-20
8.793531559467750412e+03 2.966570676123070782e-19 8.158985764954341762e-20
8.798537487400804821e+03 1.910704884510267005e-19 5.606297705181287536e-20
8.803543415333861049e+03 2.620255660009635158e-19 5.046484288485983610e-20
8.808549343266917276e+03 1.643735328319243931e-19 5.372032845637047051e-20
8.813555271199973504e+03 1.077847207622283142e-19 5.594994673924069340e-20
8.818561199133029731e+03 3.482879111294939663e-19 1.214374344095244294e-19
8.823567127066084140e+03 4.959031232393989228e-19 2.142748108829141142e-19
8.828573054999140368e+03 3.896871490361592777e-19 2.314558481022830932e-19
8.833578982932194776e+03 -2.640741716360977193e-21 1.813929588870525070e-19
8.838584910865251004e+03 -1.296740190655231755e-20 1.330445971275225812e-19
8.843590838798307232e+03 2.572846994550073131e-19 9.526966525854583098e-20
8.848596766731363459e+03 3.011007886778188505e-20 8.489291929478293011e-20
8.853602694664417868e+03 1.158647729735669407e-19 7.427530768963466800e-20
8.858608622597474096e+03 1.060720730305459164e-19 7.308457292595973548e-20
8.863614550530530323e+03 6.597289037119319411e-20 1.019306462170924664e-19
8.868620478463584732e+03 7.151207429329378350e-21 1.011663828915779074e-19
8.873626406396640959e+03 1.906122598077962477e-20 7.544304347924723153e-20
8.878632334329697187e+03 8.480168941430886424e-20 1.199558597578192999e-19
8.883638262262753415e+03 1.179096969092286319e-19 1.657845157403993301e-19
8.888644190195807823e+03 4.227596802385431316e-19 1.587986475548425001e-19
8.893650118128864051e+03 2.442647637100903324e-19 9.275556666934005360e-20
8.898656046061920279e+03 2.589104833853753764e-19 1.114807547714185918e-19
8.903661973994974687e+03 1.465660988566378837e-19 1.176373904324347134e-19
8.908667901928030915e+03 7.927613798207335300e-20 9.972855113400468310e-20
8.913673829861087142e+03 1.353049394778341524e-19 1.572135003234382678e-19
8.918679757794143370e+03 1.982037233075668644e-19 1.829430567552364460e-19
8.923685685727199598e+03 6.482200825915469287e-20 1.585084514923233952e-19
8.928691613660254006e+03 4.892176868305926346e-20 7.485237520393622960e-20
8.933697541593308415e+03 1.769196404715309400e-20 6.838611246028183663e-20
8.938703469526364643e+03 2.122100445725993362e-20 1.091143010669260461e-19
8.943709397459420870e+03 1.801351371047132118e-19 1.191218417489572536e-19
8.948715325392477098e+03 2.713668928577999340e-19 1.200444582418091843e-19
8.953721253325533326e+03 5.852122365646149324e-19 1.775940056084811771e-19
8.958727181258589553e+03 2.608994520192177376e-19 1.889844678804963775e-19
8.963733109191643962e+03 4.520584395817956056e-19 1.319488952568488641e-19
8.968739037124698370e+03 4.089608419709835435e-20 6.554210697707573326e-20
8.973744965057754598e+03 4.967954863924774148e-20 6.376541549118894177e-20
8.978750892990810826e+03 1.184387530377907146e-19 7.110398202342001974e-20
8.983756820923867053e+03 1.492395566560463475e-19 9.939082460108796922e-20
8.988762748856923281e+03 2.718531814097630910e-19 1.021464709510768900e-19
8.993768676789977690e+03 1.473500858468149151e-19 1.129736172695663866e-19
8.998774604723033917e+03 -5.128891121835291731e-20 1.291980473533600185e-19
9.003780532656088326e+03 5.705032059262143498e-20 1.229938937102511421e-19
9.008786460589144554e+03 1.563377058055668811e-19 7.169282958157213360e-20
9.013792388522200781e+03 1.633705416835551712e-19 5.145775863864457689e-20
9.018798316455257009e+03 1.061935446985682431e-19 5.307776590053693764e-20
9.023804244388313236e+03 1.723098868564978507e-19 5.526639082664981985e-20
9.028810172321367645e+03 1.409818650765251332e-19 5.994806058867757122e-20
9.033816100254423873e+03 2.257911597913947988e-19 7.782662506210950414e-20
9.038822028187478281e+03 3.915118515652467621e-19 8.350093003351524101e-20
9.043827956120534509e+03 1.447999757764059014e-19 9.729157614408651210e-20
9.048833884053590737e+03 1.651359356444752391e-19 9.979965094320314993e-20
9.053839811986646964e+03 1.797779732638705907e-19 9.022338189607066427e-20
9.058845739919703192e+03 1.941973475394345448e-19 6.287267899842364987e-20
9.063851667852757600e+03 1.524417111976834773e-19 6.204924374457143425e-20
9.068857595785813828e+03 1.429042699579882097e-19 6.308778256885474495e-20
9.073863523718868237e+03 5.120220683333721024e-20 6.043405480155406983e-20
9.078869451651924464e+03 2.173324611183763261e-20 5.947413849877175109e-20
9.083875379584980692e+03 3.526129648517147330e-20 6.513738734038713558e-20
9.088881307518036920e+03 6.270156562929048593e-20 7.563988605581504083e-20
9.093887235451093147e+03 1.921789202501708212e-19 8.030307890088600694e-20
9.098893163384147556e+03 1.122781081200912705e-19 8.472743194083775959e-20
9.103899091317203784e+03 2.085013221003103194e-19 7.869087202684879165e-20
9.108905019250258192e+03 1.456634282858494980e-19 6.250881400714249604e-20
9.113910947183314420e+03 1.649787844808784405e-19 5.136128233378489011e-20
9.118916875116370647e+03 6.543754557075014945e-20 5.069789040984025099e-20
9.123922803049426875e+03 1.248279154491884470e-19 5.006572663621226280e-20
9.128928730982483103e+03 7.835506236824440929e-20 5.049008400746418197e-20
9.133934658915537511e+03 1.331465187989060492e-19 5.129660861629796600e-20
9.138940586848593739e+03 1.869695117488976137e-19 5.209572905079022155e-20
9.143946514781648148e+03 1.703936984690265551e-19 5.609911473340078305e-20
9.148952442714704375e+03 1.780031780418804316e-19 6.303629157055440303e-20
9.153958370647760603e+03 1.702424199961852461e-21 6.955336774462386917e-20
9.158964298580816831e+03 2.237558255307648865e-19 6.892270225749559013e-20
9.163970226513873058e+03 1.929734648134997310e-19 6.383910024411206063e-20
9.168976154446927467e+03 1.287734087905650614e-19 5.407789291143944307e-20
9.173982082379983694e+03 7.342237505468332571e-20 5.149005234662997646e-20
9.178988010313038103e+03 1.758063156007043685e-19 5.211679362628654645e-20
9.183993938246094331e+03 8.103209169943544637e-20 5.317095307256716855e-20
9.188999866179150558e+03 1.334968533218119054e-19 5.380409402099286404e-20
9.194005794112206786e+03 6.747330214440972720e-20 5.419207138466302238e-20
9.199011722045263014e+03 1.066250818033634635e-19 5.604009353670132494e-20
9.204017649978317422e+03 1.624477459259944113e-19 5.718514222334764637e-20
9.209023577911373650e+03 1.724784394819322829e-19 6.168788439797389038e-20
9.214029505844428058e+03 1.509424390033613787e-20 6.723702561623765331e-20
9.219035433777484286e+03 1.731581708330659310e-19 7.230444369494270128e-20
9.224041361710540514e+03 6.693532670579092311e-20 6.878423076549119285e-20
9.229047289643596741e+03 6.929494869223163394e-20 6.297194853673068332e-20
9.234053217576652969e+03 2.197523724552993114e-19 5.445867405262181400e-20
9.239059145509707378e+03 7.381324566027209790e-20 5.305404589710068306e-20
9.244065073442761786e+03 1.022634931214124730e-19 5.604510280511708092e-20
9.249071001375818014e+03 1.916809137232684302e-19 5.857637181172019777e-20
9.254076929308874242e+03 1.146954654678488235e-19 5.659339152721351215e-20
9.259082857241930469e+03 1.406325004209938132e-19 5.487581631943682674e-20
9.264088785174986697e+03 2.663441038552184731e-19 5.414730462111366615e-20
9.269094713108042924e+03 1.914373457187283124e-19 5.097688796445861155e-20
9.274100641041097333e+03 2.129499985343050001e-19 4.996734657477617491e-20
9.279106568974151742e+03 1.446056985754823587e-19 5.466710081810112707e-20
9.284112496907207969e+03 1.268143909407774485e-19 6.361464673150639596e-20
9.289118424840264197e+03 1.012432070658154982e-19 7.027045467712670972e-20
9.294124352773320425e+03 1.183185357498061175e-19 7.190534272011554132e-20
9.299130280706376652e+03 2.863150880116394109e-19 1.211739753888591967e-19
9.304136208639432880e+03 -5.392016762489465516e-21 2.084371273152987530e-19
9.309142136572487289e+03 -3.240805587914661106e-19 2.792735555373235435e-19
9.314148064505541697e+03 7.123805606512682743e-19 2.735897817962267260e-19
9.319153992438597925e+03 -4.233445541495841485e-19 2.732301911375518073e-19
9.324159920371654152e+03 -6.450133719752665652e-21 2.527101954975962693e-19
9.329165848304710380e+03 4.686632378405062779e-19 1.984240625458307442e-19
9.334171776237766608e+03 1.304152586792257211e-19 1.589580932573841717e-19
9.339177704170821016e+03 2.610790596580658670e-19 1.570345468562912742e-19
9.344183632103877244e+03 1.168010852688508401e-19 1.288782103954452381e-19
9.349189560036931653e+03 1.680059034441307412e-19 9.984825865500146113e-20
9.354195487969987880e+03 1.265754245473279941e-19 9.692100272104869605e-20
9.359201415903044108e+03 1.099093565426982882e-19 8.956438228801555048e-20
9.364207343836100335e+03 4.123540658225241641e-19 1.125407140693850698e-19
9.369213271769156563e+03 -6.686979002015831031e-20 2.818723763155315080e-19
9.374219199702210972e+03 4.860846982527453891e-19 3.458365678574708235e-19
9.379225127635267199e+03 4.408517882007953721e-19 3.215142181739178814e-19
9.384231055568321608e+03 2.345347412241540390e-19 1.790054425165938901e-19
9.389236983501377836e+03 8.938119629148010857e-21 1.220326079865639521e-19
9.394242911434434063e+03 6.398148380017627735e-20 1.015443192017381217e-19
9.399248839367490291e+03 1.137643859172294725e-19 1.240173459541112724e-19
9.404254767300546519e+03 -1.121482500193308511e-19 1.226960094335103517e-19
9.409260695233600927e+03 1.634871488804114435e-19 9.612299742060789020e-20
9.414266623166657155e+03 -4.137935988036981693e-20 1.393451025471296135e-19
9.419272551099711563e+03 2.897206670440428466e-22 1.592738210341040626e-19
9.424278479032767791e+03 -2.341214944286925155e-21 1.459017929008943743e-19
9.429284406965824019e+03 2.618735492434114484e-19 1.168171899079686035e-19
9.434290334898880246e+03 -1.156542762522718751e-19 2.441671296036666098e-19
9.439296262831936474e+03 -3.149098929276498021e-20 3.096404506894862197e-19
9.444302190764990883e+03 2.028995347534204097e-19 2.665078039437233990e-19
9.449308118698047110e+03 1.805333347233355614e-19 1.410881300410062995e-19
9.454314046631101519e+03 2.012728278486397562e-19 2.076336144359506604e-19
9.459319974564157746e+03 -1.085231394068023983e-19 2.259144477766015784e-19
9.464325902497213974e+03 3.273243443895126377e-19 1.721011129617861055e-19
9.469331830430270202e+03 1.940991288757445353e-19 2.097082669902783176e-19
9.474337758363326429e+03 -7.302726328360727212e-19 2.936893359693234587e-19
9.479343686296380838e+03 -2.189096835188738939e-19 2.836995880282210594e-19
9.484349614229437066e+03 7.194605931181087715e-20 1.625060466620381408e-19
9.489355542162491474e+03 -5.320518489560752733e-20 9.434121171911495097e-20
9.494361470095547702e+03 1.082642310579982320e-19 1.266014315889746084e-19
9.499367398028603930e+03 1.801742053995992812e-19 1.886561999637029569e-19
9.504373325961660157e+03 -2.381343626530989869e-19 1.796798425730431592e-19
9.509379253894716385e+03 6.749411127753675752e-20 1.404224618047318728e-19
9.514385181827770793e+03 4.351367585490289853e-19 2.173391850877259201e-19
9.519391109760827021e+03 2.641192764085240046e-19 2.434577304937091059e-19
9.524397037693881430e+03 5.075298693165480416e-19 1.941847703584557106e-19
9.529402965626937657e+03 1.453275910618193345e-19 1.014552939464435049e-19
9.534408893559993885e+03 4.235261183473586615e-20 9.506562907059674949e-20
9.539414821493050113e+03 2.107266488287778414e-19 9.151000216856970633e-20
9.544420749426106340e+03 3.298250725383433361e-19 1.071040937241690225e-19
9.549426677359160749e+03 3.718252535050095515e-19 1.543739572655692604e-19
9.554432605292216977e+03 5.017023491687989544e-19 1.649906734423229610e-19
9.559438533225271385e+03 1.159538885541527587e-19 1.694966183194536449e-19
9.564444461158327613e+03 2.224181909947914146e-19 2.307346907943095426e-19
9.569450389091383840e+03 2.267140883515293593e-19 2.291280711166418400e-19
9.574456317024440068e+03 -4.817666253728384111e-21 1.434622017921332756e-19
9.579462244957496296e+03 4.533795221931599602e-20 8.751268847212127347e-20
9.584468172890550704e+03 2.737841474136942872e-19 8.659517652030935403e-20
9.589474100823605113e+03 6.311821559402402950e-20 9.328746471205988421e-20
9.594480028756661341e+03 3.847201259203115313e-20 9.468456834478180501e-20
9.599485956689717568e+03 2.624415003714226261e-19 1.058115723892696868e-19
9.604491884622773796e+03 6.187633066617682086e-20 1.389334177910479738e-19
9.609497812555830023e+03 -2.093958674542468540e-20 1.406318905263140541e-19
9.614503740488886251e+03 9.722838258633405040e-22 1.496945995489134584e-19
9.619509668421940660e+03 1.896159488686062529e-19 1.648934481165852388e-19
9.624515596354995068e+03 1.331354618518107804e-19 1.525982321699140029e-19
9.629521524288051296e+03 -3.790408622591401716e-22 1.015591087957330386e-19
9.634527452221107524e+03 1.334797204384956914e-20 8.833566752270311341e-20
9.639533380154163751e+03 1.344872320158017413e-19 8.408729778560819527e-20
9.644539308087219979e+03 1.183009808027348043e-19 8.384287532692184408e-20
9.649545236020274388e+03 1.907696046213977168e-19 9.268666317934860442e-20
9.654551163953330615e+03 1.270867132295202476e-19 1.007168075943262653e-19
9.659557091886385024e+03 8.896509988346389663e-20 1.101140963423940540e-19
9.664563019819441251e+03 1.358848069761611319e-19 1.405406016768010028e-19
9.669568947752497479e+03 -9.480562638462518916e-20 1.525242338908497844e-19
9.674574875685553707e+03 4.206446652359081298e-20 1.678113391555878390e-19
9.679580803618609934e+03 3.771204223283706228e-19 1.845881978488554250e-19
9.684586731551664343e+03 2.375753973679656691e-19 1.854247580360198449e-19
9.689592659484720571e+03 4.312475382177132931e-19 1.542813894917873502e-19
9.694598587417774979e+03 5.021583835873595741e-20 1.919403899307685686e-19
9.699604515350831207e+03 2.543300228267955913e-19 2.107037571586117042e-19
9.704610443283887435e+03 3.035013409829548978e-19 2.042971637726534351e-19
9.709616371216943662e+03 4.505671547497403171e-20 1.773621340749487402e-19
9.714622299149999890e+03 9.008853125101187434e-19 2.486008392724528912e-19
9.719628227083054298e+03 1.083845062005820549e-19 2.605519579796935051e-19
9.724634155016110526e+03 4.127219718673418199e-20 2.278293290161520615e-19
9.729640082949164935e+03 1.134254069379670488e-19 1.555758701938374613e-19
9.734646010882221162e+03 -1.808476092326682609e-19 1.838466840982198449e-19
9.739651938815277390e+03 2.874906463550895378e-19 1.948027045343511360e-19
9.744657866748333618e+03 2.123539034643242542e-19 1.637796682753810122e-19
9.749663794681389845e+03 -9.715564519494443536e-20 1.274350805886098949e-19
9.754669722614444254e+03 -1.464112370251168356e-20 1.046762164925908051e-19
9.759675650547500481e+03 1.453579458196039462e-19 1.001878156160469260e-19
9.764681578480554890e+03 2.192673860253923378e-19 9.828196913197473426e-20
9.769687506413611118e+03 2.052013206230976277e-19 9.816199798103104025e-20
9.774693434346667345e+03 1.126606307762819957e-19 9.848355551620349228e-20
9.779699362279723573e+03 1.745185488152729110e-19 1.206492338390018736e-19
9.784705290212779801e+03 8.266163300133722821e-20 2.617616093155541145e-19
9.789711218145834209e+03 3.981323296470709669e-19 3.650788542808554287e-19
9.794717146078890437e+03 1.511496221727907426e-19 3.776648393269451543e-19
9.799723074011944846e+03 2.257573438065324086e-19 2.690287322283278436e-19
9.804729001945001073e+03 1.244954502122151234e-19 2.175631766758291254e-19
9.809734929878057301e+03 1.932142994109019902e-19 1.847718678637008364e-19
9.814740857811113528e+03 3.787327317260109401e-19 1.797012036291549524e-19
9.819746785744169756e+03 -4.554957868599261685e-20 1.544909265763212424e-19
9.824752713677224165e+03 1.768598839742257323e-19 1.441162271207040759e-19
9.829758641610280392e+03 1.493097156699378500e-19 1.388852499478020900e-19
9.834764569543334801e+03 2.884162045792059556e-19 1.330773687293964561e-19
9.839770497476391029e+03 1.250329211060289861e-19 1.404218894232394000e-19
9.844776425409447256e+03 1.721646502936559783e-19 2.214763976777125372e-19
9.849782353342503484e+03 5.749949970463042647e-20 2.423111872283605635e-19
9.854788281275559712e+03 2.955032082336117886e-19 1.998953581473928680e-19
9.859794209208614120e+03 -5.864864559087548495e-20 1.399937111946759999e-19
9.864800137141670348e+03 2.324259632282602867e-19 2.290626938464020296e-19
9.869806065074724756e+03 1.199795573491905531e-18 3.527220708286723677e-19
9.874811993007780984e+03 4.619504276371860923e-20 3.612014104051972631e-19
9.879817920940837212e+03 2.275443271542465142e-19 2.537669672743624869e-19
9.884823848873893439e+03 2.304363441486121452e-19 1.627457343617646707e-19
9.889829776806949667e+03 4.266464000758757691e-19 2.265467141998446399e-19
9.894835704740004076e+03 2.076005255788997163e-19 2.577632438694499708e-19
9.899841632673058484e+03 -1.187003417059536800e-19 2.413940606178247113e-19
9.904847560606114712e+03 3.623155727527840188e-19 1.925364516979810578e-19
9.909853488539170939e+03 1.275388710998564574e-19 3.352248515160244402e-19
9.914859416472227167e+03 3.259989590793230220e-19 4.023845128697534006e-19
9.919865344405283395e+03 5.140539153382216467e-19 3.546210237932852758e-19
9.924871272338339622e+03 2.534047290076271482e-19 2.030606133052364952e-19
9.929877200271394031e+03 3.172401757807747274e-20 1.698695235314906971e-19
9.934883128204448440e+03 1.662099814060409429e-19 2.159622876012275234e-19
9.939889056137504667e+03 1.314439254655146746e-19 3.954437106175614927e-19
9.944894984070560895e+03 9.668884493639449271e-19 4.977331325440483066e-19
9.949900912003617123e+03 1.439202014019708376e-19 5.079914973002716772e-19
9.954906839936673350e+03 -3.094305205457926282e-19 4.848786890418629413e-19
9.959912767869729578e+03 -4.422487812311529233e-20 5.113354094776183530e-19
9.964918695802783986e+03 3.838612187686489197e-19 4.556903116631182668e-19
9.969924623735838395e+03 -1.535953268169726248e-19 3.696076475462703828e-19
9.974930551668894623e+03 2.882934949008029009e-19 3.254971028796293366e-19
9.979936479601950850e+03 4.147111405252312664e-19 2.773956496631652898e-19
9.984942407535007078e+03 4.608199287560981496e-19 2.240145418152111718e-19
9.989948335468063306e+03 2.246185996415759087e-19 2.002076670825936737e-19
9.994954263401117714e+03 2.855157131485740464e-19 2.345959018303653354e-19
9.999960191334173942e+03 1.952731302850391234e-19 2.672071710204249212e-19
1.000496611926722835e+04 -3.208276497174258847e-20 3.444695206756543624e-19
1.000997204720028458e+04 5.348186603950073504e-19 5.218383857889814846e-19
1.001497797513334081e+04 5.024347291399395226e-19 5.543213569008183282e-19
1.001998390306639703e+04 4.901695597606827504e-19 4.765464622833088958e-19
1.002498983099945326e+04 -3.849190001144308964e-19 3.721549465768254717e-19
1.002999575893250767e+04 -1.624949910844198239e-19 3.511803842848619015e-19
1.003500168686556390e+04 5.362720839897901256e-20 2.630300206104916003e-19
1.004000761479861831e+04 4.127919289464691893e-19 2.657993697333197919e-19
1.004501354273167453e+04 6.499293831886284090e-19 2.710822280866500170e-19
1.005001947066473076e+04 2.462858356652437630e-19 2.591593148735045685e-19
1.005502539859778699e+04 3.548592806410504452e-19 2.746231547925456074e-19
1.006003132653084322e+04 9.304297539388374961e-21 3.559444440755082742e-19
1.006503725446389763e+04 1.250869561120243715e-19 3.793008605983384377e-19
1.007004318239695385e+04 1.018843268615311752e-19 3.400954382793936959e-19
1.007504911033000826e+04 -1.848194367791985381e-19 3.466658616370472205e-19
1.008005503826306449e+04 2.317572262600428021e-19 4.861926615899920936e-19
1.008506096619612072e+04 1.768754402823888970e-19 5.315192782937182373e-19
1.009006689412917694e+04 4.248613738043676487e-19 4.431953732284814155e-19
1.009507282206223317e+04 2.514801768719268311e-19 3.188385669135341405e-19
1.010007874999528758e+04 3.427163740944555099e-20 3.944933331640990732e-19
1.010508467792834381e+04 7.225517019163729577e-19 4.550720111876670391e-19
1.011009060586139822e+04 4.461879891257266855e-19 4.032359975869928868e-19
1.011509653379445444e+04 -3.803560225425599290e-19 3.306146201764892266e-19
1.012010246172751067e+04 -1.880502481054706400e-19 5.179658950774023770e-19
1.012510838966056690e+04 1.137529041577556897e-18 6.248395457915924397e-19
1.013011431759362313e+04 7.776796152687213046e-19 5.780553444168165724e-19
1.013512024552667754e+04 3.205332821584003691e-19 3.673520707858271618e-19
1.014012617345973376e+04 1.470678479257280703e-19 3.324406687381076730e-19
1.014513210139278817e+04 3.503704940810277877e-19 3.681127478538490436e-19
1.015013802932584440e+04 1.145458193205522093e-18 4.587264634533887842e-19
1.015514395725890063e+04 8.506384709133813828e-19 5.257379782361739349e-19
1.016014988519195686e+04 -6.552843920736454361e-19 5.085245796315611978e-19
1.016515581312501308e+04 4.819083167922380215e-19 5.152448739366483475e-19
1.017016174105806749e+04 2.388386017803808160e-19 6.848716166647548867e-19
1.017516766899112372e+04 9.568568465153385346e-19 6.959293597648573141e-19
1.018017359692417813e+04 6.613387762989977240e-19 6.279788365051654117e-19
1.018517952485723436e+04 7.442959266870662568e-19 5.451254899485959489e-19
1.019018545279029058e+04 1.615356246944825174e-19 6.431312048692744761e-19
1.019519138072334681e+04 1.510880478187381284e-18 6.341368160073115008e-19
1.020019730865640304e+04 9.950885192172749163e-19 5.567699866671897111e-19
1.020520323658945745e+04 1.103960562740030530e-18 6.475711891182280966e-19
1.021020916452251367e+04 9.446556721905752884e-19 8.150100310667700691e-19
1.021521509245556808e+04 3.281685045256678346e-21 8.178911617323137863e-19
1.022022102038862431e+04 1.195881584297963398e-18 7.271990481888999609e-19
1.022522694832168054e+04 7.113795660615083622e-20 7.589717660686128340e-19
1.023023287625473677e+04 1.325708631444296438e-18 8.389358777073873179e-19
1.023523880418779299e+04 3.236400706048626214e-19 6.958328977740677826e-19
1.024024473212084740e+04 -1.194263502298696455e-19 5.210156778120384234e-19
1.024525066005390181e+04 7.124650951802270745e-20 4.540582675177477485e-19
1.025025658798695804e+04 3.268198617320313773e-19 4.476292972116817833e-19
1.025526251592001427e+04 -1.450478349026431060e-19 4.719871117267989712e-19
1.026026844385307049e+04 -2.980377544071966705e-19 4.839290516833115887e-19
1.026527437178612672e+04 1.679173460978993131e-19 5.107828981444174381e-19
1.027028029971918295e+04 -6.947683982071647116e-19 5.277990766414596189e-19
1.027528622765223736e+04 1.462085977073724985e-19 5.505228125115257402e-19
1.028029215558529177e+04 3.374503427041166747e-19 7.045937316612661412e-19
1.028529808351834799e+04 1.468692729889155068e-18 1.118754159121149649e-18
1.029030401145140422e+04 7.303179913974323000e-19 1.243590981007702273e-18
1.029530993938446045e+04 1.826503902760502855e-19 1.164891819815055280e-18
