#  wl flam flam_err
4.803806996822357178e+03 1.041024298775430940e-19 8.807663054755169481e-19
4.808812924755412496e+03 1.036178832895090256e-19 8.010402612338486477e-19
4.813818852688468723e+03 1.031481384618803946e-19 7.372193371421482832e-19
4.818824780621524042e+03 1.026928917950204676e-19 6.687425242417786317e-19
4.823830708554580269e+03 1.022518432838921070e-19 5.965697070096131700e-19
4.828836636487635587e+03 1.018246965009101448e-19 5.316589543029928013e-19
4.833842564420691815e+03 1.014111585758757450e-19 4.843388565464525291e-19
4.838848492353747133e+03 1.010109401753249575e-19 4.575222632685215882e-19
4.843854420286802451e+03 1.006237554856557781e-19 4.205728261060828358e-19
4.848860348219858679e+03 1.002493221927165894e-19 3.695397196337209016e-19
4.853866276152913997e+03 9.988736146225539621e-20 3.242873470495271550e-19
4.858872204085970225e+03 9.953759792213050361e-20 2.950079516785843019e-19
4.863878132019025543e+03 9.919975964022976665e-20 2.871872231495034425e-19
4.868884059952080861e+03 9.887119113608740441e-20 2.822652811447790162e-19
4.873889987885137089e+03 9.855578264246370002e-20 2.749926084285067384e-19
4.878895915818192407e+03 9.825234667787590611e-20 2.664272644081672589e-19
4.883901843751248634e+03 9.795977418387059049e-20 2.511624317830448558e-19
4.888907771684303952e+03 9.767781029464378101e-20 2.426414034270703236e-19
4.893913699617360180e+03 9.740620347029089225e-20 2.308993324399180871e-19
4.898919627550415498e+03 9.714470547769425418e-20 2.210902397673489938e-19
4.903925555483470816e+03 9.689307136894211614e-20 2.037303378445211455e-19
4.908931483416527044e+03 9.665105946578314226e-20 1.926068766601092940e-19
4.913937411349582362e+03 9.641843133722220077e-20 1.828869755480040713e-19
4.918943339282638590e+03 9.619495178291485160e-20 1.814392783301893235e-19
4.923949267215693908e+03 9.598038881104335854e-20 1.779511860477605014e-19
4.928955195148750136e+03 9.577451362220668249e-20 1.697399476741314983e-19
4.933961123081805454e+03 9.557710058769841111e-20 1.611998753972780803e-19
4.938967051014860772e+03 9.538792723209607531e-20 1.561773889178559111e-19
4.943972978947916999e+03 9.520677421214118479e-20 1.554711496167517438e-19
4.948978906880972318e+03 9.503342529944402805e-20 1.537178593941056532e-19
4.953984834814028545e+03 9.486766735959764831e-20 1.504307408450348051e-19
4.958990762747083863e+03 9.470929033517066627e-20 1.433890112528121356e-19
4.963996690680139181e+03 9.455808722297953740e-20 1.384790463928828451e-19
4.969002618613195409e+03 9.441385405898617966e-20 1.392676783125387219e-19
4.974008546546250727e+03 8.611448752293056832e-20 1.414588992378483577e-19
4.979014474479306955e+03 6.362356218324003637e-20 1.398805494031685847e-19
4.984020402412362273e+03 5.919283020985892492e-20 1.345214440175383873e-19
4.989026330345418501e+03 9.456128459904219423e-20 1.308511335646318556e-19
4.994032258278473819e+03 9.037844433014474727e-20 1.300307700511320758e-19
4.999038186211529137e+03 3.291134885207205998e-20 1.297157218394260911e-19
5.004044114144585365e+03 2.008729511347522411e-19 1.271111415871030066e-19
5.009050042077640683e+03 -5.686216101535360399e-20 1.200833631831393787e-19
5.014055970010696910e+03 1.037863468452184330e-19 1.119472423305142325e-19
5.019061897943752228e+03 2.807159546477101029e-20 1.051503926554687255e-19
5.024067825876807547e+03 1.966712001058451295e-19 1.035654560460483031e-19
5.029073753809863774e+03 1.070791180730986730e-19 1.056015117920374053e-19
5.034079681742919092e+03 9.868051309085084002e-20 1.047160393608989905e-19
5.039085609675975320e+03 2.745381978384822228e-19 1.007428639311675158e-19
5.044091537609030638e+03 2.010753567803180137e-19 9.525495541609200122e-20
5.049097465542086866e+03 2.624296564916295410e-19 9.364723380122330913e-20
5.054103393475142184e+03 3.146804590224442819e-19 9.600068630959920274e-20
5.059109321408197502e+03 6.380492466311996225e-20 9.709460905122000548e-20
5.064115249341253730e+03 2.684572449749350210e-19 9.635716873874816095e-20
5.069121177274309048e+03 1.430088234732635408e-19 9.228484411783232795e-20
5.074127105207365275e+03 1.605657161429053146e-19 8.767728944593951907e-20
5.079133033140420594e+03 4.834956116064449726e-20 8.681388807847078880e-20
5.084138961073476821e+03 1.609772870450372001e-21 8.998663597296447633e-20
5.089144889006532139e+03 1.149428958880946293e-19 9.446579780573181191e-20
5.094150816939587457e+03 3.002507477758404014e-19 9.566505816088216933e-20
5.099156744872643685e+03 1.589953425800412937e-19 9.285571878648410834e-20
5.104162672805699003e+03 2.644494673008168110e-19 9.120450239431889966e-20
5.109168600738755231e+03 1.182305322370857248e-19 9.170302981399935705e-20
5.114174528671810549e+03 3.609942112849212400e-20 9.816098665375566625e-20
5.119180456604865867e+03 1.039366692955584181e-19 1.028275121310962019e-19
5.124186384537922095e+03 -5.362192470370226453e-21 1.017570706617970772e-19
5.129192312470977413e+03 5.986954017561867527e-20 9.560802776602909377e-20
5.134198240404033641e+03 5.923858534418152250e-20 9.143005738915001463e-20
5.139204168337088959e+03 -1.307347435697044017e-20 9.054996460524584083e-20
5.144210096270145186e+03 1.762638636848489604e-20 9.324781903621348475e-20
5.149216024203200504e+03 1.748431818396859534e-19 9.475362593124758179e-20
5.154221952136255823e+03 1.478960249055609264e-19 9.428688607880614379e-20
5.159227880069312050e+03 1.501090922639432484e-19 8.937992939857657053e-20
5.164233808002367368e+03 3.077897130423384505e-20 8.340844557766550736e-20
5.169239735935423596e+03 9.709574330718372350e-20 8.027863964598464952e-20
5.174245663868478914e+03 9.517775503353433158e-20 8.133627146448613692e-20
5.179251591801534232e+03 1.642958441750622925e-19 8.495355452399075194e-20
5.184257519734590460e+03 1.548406332410512865e-19 8.686171239223002913e-20
5.189263447667645778e+03 9.828156429591105036e-20 8.657266306468487417e-20
5.194269375600702006e+03 1.333713590073911973e-19 8.646965195590322912e-20
5.199275303533757324e+03 1.225822780508564117e-19 8.528533209833391533e-20
5.204281231466813551e+03 1.873299783509165939e-19 8.471856484508703544e-20
5.209287159399868870e+03 2.495172689265180629e-19 8.443285031518884583e-20
5.214293087332924188e+03 1.070330678548076879e-19 8.479267472527632681e-20
5.219299015265980415e+03 2.865806503203351707e-19 8.439463811708327807e-20
5.224304943199035733e+03 3.171637126432200487e-19 8.358252481526500318e-20
5.229310871132091961e+03 2.001382069744385188e-19 8.395501317829986386e-20
5.234316799065147279e+03 1.984824574846517227e-19 8.949733542701612513e-20
5.239322726998203507e+03 1.465875806067382814e-19 1.015737799880320997e-19
5.244328654931258825e+03 1.452290279456729790e-19 1.173544594809107778e-19
5.249334582864314143e+03 1.438670935166790696e-19 1.340108273162376230e-19
5.254340510797370371e+03 1.424965218917020553e-19 1.525017105542913898e-19
5.259346438730425689e+03 1.411362600464534734e-19 1.729524714329642176e-19
5.264352366663481916e+03 1.397752740141269811e-19 1.968455387755073185e-19
5.269358294596537235e+03 1.384134959721885499e-19 2.420192691731691448e-19
5.274364222529593462e+03 1.370508642053552124e-19 2.933700894734460540e-19
5.279370150462648780e+03 1.356873229413826200e-19 3.504517444773533160e-19
5.284376078395704099e+03 1.343228221876438923e-19 3.891954431203500006e-19
5.289382006328760326e+03 1.329573175648345226e-19 4.383545264094449216e-19
5.294387934261815644e+03 1.315907701535209961e-19 4.662320140597055088e-19
5.299393862194871872e+03 1.302231463283564032e-19 4.893192903340520105e-19
5.304399790127927190e+03 1.288544176063812938e-19 4.894103950659455533e-19
5.309405718060982508e+03 1.274845604878501652e-19 4.558396724861826745e-19
5.314411645994038736e+03 1.261135563052166712e-19 3.884198603333593965e-19
5.319417573927094054e+03 1.247413910682114080e-19 2.863805145767018640e-19
5.324423501860150282e+03 1.233680553169335191e-19 1.817090701685352230e-19
5.329429429793205600e+03 1.219935439700454781e-19 1.097796495146573456e-19
5.334435357726260918e+03 1.366549356482874587e-19 8.261826417648396659e-20
5.339441285659317145e+03 2.317855711309487445e-19 7.861804881502978395e-20
5.344447213592372464e+03 1.952955621950245709e-19 7.733261334019957374e-20
5.349453141525428691e+03 2.293427229007656105e-19 7.659504194723574400e-20
5.354459069458484009e+03 2.098393815254715115e-19 7.457913533252500967e-20
5.359464997391540237e+03 2.364944091566163985e-19 7.271009651454208736e-20
5.364470925324595555e+03 2.055570192222451656e-19 7.241567247711519138e-20
5.369476853257650873e+03 2.809596275506512129e-19 7.315811505827988693e-20
5.374482781190707101e+03 1.212158959696343434e-19 7.598475337122572789e-20
5.379488709123762419e+03 1.420072510331721193e-19 7.683446152384739953e-20
5.384494637056818647e+03 2.743237242148513330e-19 7.455727212337998770e-20
5.389500564989873965e+03 1.301045367998956627e-19 7.036971167715333014e-20
5.394506492922930192e+03 2.564387989632416825e-19 6.651202599412960382e-20
5.399512420855985511e+03 3.176024320675591021e-20 6.327693341902604344e-20
5.404518348789040829e+03 -1.086904015318148476e-20 6.177756448898382481e-20
5.409524276722097056e+03 4.920548169545558389e-21 6.199168710763431431e-20
5.414530204655152374e+03 1.412748778800617195e-19 6.277184766586188880e-20
5.419536132588208602e+03 1.864462865690189848e-19 6.261607756844140107e-20
5.424542060521263920e+03 2.296291522997889203e-19 6.153757292545937255e-20
5.429547988454320148e+03 1.811167427510872563e-19 6.021314289539458909e-20
5.434553916387375466e+03 2.174643579607577116e-19 5.965883887003380666e-20
5.439559844320430784e+03 1.359739671894540040e-19 6.001779829346573269e-20
5.444565772253487012e+03 8.531044750289469161e-20 6.106949243755375016e-20
5.449571700186542330e+03 1.151219871985950077e-19 6.223278087801899363e-20
5.454577628119598558e+03 5.191605885617530448e-20 6.332441935041830210e-20
5.459583556052653876e+03 1.933086312122853980e-19 6.345827661137375264e-20
5.464589483985709194e+03 1.553601846529132822e-19 6.314913243714935419e-20
5.469595411918765421e+03 1.249038371932061058e-19 6.203384696419970365e-20
5.474601339851820740e+03 1.922799955039455240e-19 6.215284061255236567e-20
5.479607267784876967e+03 1.070204952322453083e-19 6.249516793794874498e-20
5.484613195717932285e+03 7.064684719233241869e-20 6.443046679396484417e-20
5.489619123650987603e+03 1.101506697843193702e-19 6.583821702541346973e-20
5.494625051584043831e+03 -5.998571771365848943e-20 6.611165490379504133e-20
5.499630979517099149e+03 1.766820832869845209e-19 6.646926640921013233e-20
5.504636907450155377e+03 1.451510120304300653e-19 6.589185037809532498e-20
5.509642835383210695e+03 1.884535654013042520e-19 6.456457768651253704e-20
5.514648763316266923e+03 9.105968883456036212e-20 6.293259487528018800e-20
5.519654691249322241e+03 1.646571704431882698e-19 6.228195843452542258e-20
5.524660619182377559e+03 1.870936373778631184e-19 6.153301205406916376e-20
5.529666547115433787e+03 2.012434260199595334e-19 6.097067711716460181e-20
5.534672475048489105e+03 1.660813779210441940e-19 6.055410659504341282e-20
5.539678402981545332e+03 1.434243665295819188e-19 6.088979386354876937e-20
5.544684330914600650e+03 1.889912325431922352e-19 6.097716619261920854e-20
5.549690258847656878e+03 2.729282376842121009e-19 6.023523885725120987e-20
5.554696186780712196e+03 1.612899128881078699e-19 5.945738247550107364e-20
5.559702114713767514e+03 1.683012112056634768e-19 6.041635335435241211e-20
5.564708042646823742e+03 2.766339983304735857e-19 6.958230878972467425e-20
5.569713970579879060e+03 8.910977713511924152e-20 1.348092196730446319e-19
5.574719898512935288e+03 1.563871390768865323e-19 2.193268231830222919e-19
5.579725826445990606e+03 2.025311048306858516e-19 2.266482898012274499e-19
5.584731754379046833e+03 2.065542040485825358e-19 1.479876533732360925e-19
5.589737682312102152e+03 1.675345530128794482e-19 7.231573604273681801e-20
5.594743610245157470e+03 1.426559795560205797e-19 6.023031926300930668e-20
5.599749538178213697e+03 2.133862080605027418e-19 6.067092013458046357e-20
5.604755466111269016e+03 -2.842851073133925281e-20 6.165389968888784614e-20
5.609761394044325243e+03 8.880268722935759808e-20 6.158011338166272638e-20
5.614767321977380561e+03 1.833251384443730174e-19 6.110450558788790456e-20
5.619773249910436789e+03 2.453705492258464878e-19 6.131889109358916645e-20
5.624779177843492107e+03 7.077413495013784606e-20 6.143162816670172520e-20
5.629785105776547425e+03 1.279163300479618759e-19 6.063337137981014640e-20
5.634791033709603653e+03 -8.318978774910181991e-21 5.983785269235397320e-20
5.639796961642658971e+03 3.612269252720914990e-20 5.900720013251589093e-20
5.644802889575714289e+03 2.848138951674765568e-19 5.870083116750566020e-20
5.649808817508770517e+03 1.975648807020304363e-19 5.764214953839898465e-20
5.654814745441825835e+03 1.601051362789049964e-19 5.618713800241400387e-20
5.659820673374882062e+03 2.291557158921431784e-19 5.549466884377927171e-20
5.664826601307937381e+03 6.052476003831905688e-20 5.472859519097475594e-20
5.669832529240993608e+03 6.082839209421232023e-20 5.423660076522686175e-20
5.674838457174048926e+03 1.416066067611203499e-19 5.364153772607658146e-20
5.679844385107104245e+03 9.709786039242464507e-20 5.349097486723749959e-20
5.684850313040160472e+03 2.138529912903676398e-19 5.378043593620318400e-20
5.689856240973215790e+03 2.267623288394308312e-19 5.490401031713844006e-20
5.694862168906272018e+03 1.854086468046057081e-19 5.592269950672053480e-20
5.699868096839327336e+03 1.510323241081086104e-19 5.598951014356972279e-20
5.704874024772383564e+03 -9.676853181984398649e-20 5.514359483153542604e-20
5.709879952705438882e+03 7.305235235087122664e-20 5.469357229276433571e-20
5.714885880638494200e+03 7.275205695540413570e-20 5.416933905479553638e-20
5.719891808571550428e+03 5.484720895965546310e-20 5.401964700407805180e-20
5.724897736504605746e+03 1.482202572733605414e-19 5.451596561426917078e-20
5.729903664437661973e+03 1.532017201928492832e-19 5.499951290395428763e-20
5.734909592370717291e+03 1.218622823691599606e-19 5.634183257098912464e-20
5.739915520303773519e+03 1.707475904554482228e-19 5.783707746406444882e-20
5.744921448236828837e+03 6.109997548346952729e-20 5.917422902542272168e-20
5.749927376169884155e+03 2.111036886858952470e-19 5.993690090217972509e-20
5.754933304102940383e+03 8.379785264266525123e-20 6.019602101522725424e-20
5.759939232035995701e+03 9.343083427552348471e-20 6.044963055683992682e-20
5.764945159969051929e+03 1.209710175171352332e-19 5.948029505641477276e-20
5.769951087902107247e+03 -2.404980371993262700e-21 5.776439659264740074e-20
5.774957015835163475e+03 1.107119467664544002e-19 5.665806873810548545e-20
5.779962943768218793e+03 3.406742201555603237e-20 5.587755159961813986e-20
5.784968871701274111e+03 1.433127982455552344e-19 5.569724485809596301e-20
5.789974799634330338e+03 8.747095917150080768e-20 5.518861203778518252e-20
5.794980727567385657e+03 1.192630166235040251e-19 5.457054414811397476e-20
5.799986655500441884e+03 1.604947907696985055e-19 5.323675981347629546e-20
5.804992583433497202e+03 6.806868404100439477e-20 5.183016775212124135e-20
5.809998511366552520e+03 1.758763665879905337e-20 5.020132846912238893e-20
5.815004439299608748e+03 1.392471192558479855e-19 4.964265461589136363e-20
5.820010367232664066e+03 1.075538814329238945e-19 4.919831552672890344e-20
5.825016295165720294e+03 5.509739507876795511e-20 4.957642145149865872e-20
5.830022223098775612e+03 6.370739529904175258e-20 5.030646990956419426e-20
5.835028151031830930e+03 8.309540173579826854e-20 5.145788766466009858e-20
5.840034078964887158e+03 5.383937591041516039e-20 5.157585012170573234e-20
5.845040006897942476e+03 1.011181690836064885e-19 5.172801669980398706e-20
5.850045934830998704e+03 1.163645628216412096e-19 5.128578940377020410e-20
5.855051862764054022e+03 5.614648880831952213e-20 5.113614892074632316e-20
5.860057790697110249e+03 6.452352601909425497e-20 5.239763154016106266e-20
5.865063718630165567e+03 1.494678069283571972e-20 5.632438454253784848e-20
5.870069646563220886e+03 1.231316476313334699e-19 5.839067745167669783e-20
5.875075574496277113e+03 4.427103085385155853e-21 5.777714532784706324e-20
5.880081502429332431e+03 1.018167819978535012e-19 6.545115550354578046e-20
5.885087430362388659e+03 6.993291463712279191e-20 9.640108701778505096e-20
5.890093358295443977e+03 6.202352823402997030e-20 1.181881604034679370e-19
5.895099286228500205e+03 1.822851110297893259e-19 1.117017679643414532e-19
5.900105214161555523e+03 8.377566251558476447e-20 8.391607998376621072e-20
5.905111142094610841e+03 2.116822464422546237e-19 6.210307093103705047e-20
5.910117070027667069e+03 4.482579262033601501e-19 5.844936765271541815e-20
5.915122997960722387e+03 1.173958053054744621e-18 5.923793953533447283e-20
5.920128925893778614e+03 1.175611097443715862e-18 5.844322028906043070e-20
5.925134853826833933e+03 7.881099625888172817e-19 5.759047321594946956e-20
5.930140781759890160e+03 2.752061412156797762e-19 5.832425319604307002e-20
5.935146709692945478e+03 3.428578978910727033e-19 5.757995796166288315e-20
5.940152637626000796e+03 2.029339703404005432e-19 5.507133976373141259e-20
5.945158565559057024e+03 1.684157791127713028e-19 5.405005069343819326e-20
5.950164493492112342e+03 8.932027911989220416e-20 5.472749029585383370e-20
5.955170421425167660e+03 3.977861286364668791e-20 5.332206010842477678e-20
5.960176349358223888e+03 1.499271827333739284e-19 5.019075845476359307e-20
5.965182277291280116e+03 1.830814939362303134e-19 4.858559963653128420e-20
5.970188205224335434e+03 6.190790578827847068e-20 4.918221073660618932e-20
5.975194133157390752e+03 1.341747438024440358e-19 5.067480993869529307e-20
5.980200061090446980e+03 6.308446456628225501e-20 5.064957932961208602e-20
5.985205989023502298e+03 5.050738055464684921e-20 5.055212696232610504e-20
5.990211916956557616e+03 1.377238846099386892e-19 5.123663689080922677e-20
5.995217844889613843e+03 1.426524292989432230e-19 5.232236864479336394e-20
6.000223772822669162e+03 1.625843894704404296e-19 5.344123993855141345e-20
6.005229700755725389e+03 1.055711700863746861e-19 5.315806897767122930e-20
6.010235628688780707e+03 1.363284389755018576e-19 5.173277073468709715e-20
6.015241556621836935e+03 1.139837513086163554e-19 5.078052270267775221e-20
6.020247484554892253e+03 1.210192068981966631e-19 4.979058787000050301e-20
6.025253412487947571e+03 2.188802555575442008e-19 4.903398752554081505e-20
6.030259340421003799e+03 1.906233705028928606e-19 4.930148553030417438e-20
6.035265268354059117e+03 1.273961787154270319e-19 4.924385611731977078e-20
6.040271196287115345e+03 1.580722684006206110e-19 4.915299630718081062e-20
6.045277124220170663e+03 1.541854305787505297e-19 4.894431636137696995e-20
6.050283052153226890e+03 2.034814922797755511e-19 4.826745210631792531e-20
6.055288980086282209e+03 2.214169066155628926e-19 4.742271833085988807e-20
6.060294908019337527e+03 2.188218375031307841e-19 4.634373340036845375e-20
6.065300835952393754e+03 2.724863160772650665e-19 4.491422608844422888e-20
6.070306763885449072e+03 1.642561877998504410e-19 4.302835807964910546e-20
6.075312691818505300e+03 2.658749998310717646e-19 4.161712122627200382e-20
6.080318619751560618e+03 2.612658322523666297e-19 4.072820897572960183e-20
6.085324547684616846e+03 1.405331452090611074e-19 4.093980721350617016e-20
6.090330475617672164e+03 1.938755441998280874e-19 4.174148128231830145e-20
6.095336403550727482e+03 1.846590750283742203e-19 4.293588170044173719e-20
6.100342331483783710e+03 1.565249644271126195e-19 4.412523093584147830e-20
6.105348259416839028e+03 1.132295774351748493e-19 4.472875287616638250e-20
6.110354187349894346e+03 1.719579289600222090e-19 4.489331875705123523e-20
6.115360115282950574e+03 2.063386740709268642e-19 4.468106075267490450e-20
6.120366043216006801e+03 1.457715121637570703e-19 4.439169813557824405e-20
6.125371971149062119e+03 1.175388233807141926e-19 4.396770004333119266e-20
6.130377899082117438e+03 5.138370474775851718e-20 4.388677811092962066e-20
6.135383827015173665e+03 2.239442387397119878e-19 4.509955051102280685e-20
6.140389754948228983e+03 1.964206647152263134e-19 4.696198911564016324e-20
6.145395682881284301e+03 2.620299872430136049e-19 4.738270155464717958e-20
6.150401610814340529e+03 2.442702940270477594e-19 4.657042459260254636e-20
6.155407538747396757e+03 2.533909267016569205e-19 4.621647512672363411e-20
6.160413466680452075e+03 3.146642916799134394e-19 4.596526876132569789e-20
6.165419394613507393e+03 2.256868725018490507e-19 4.702776763898211361e-20
6.170425322546563621e+03 1.320019997104930664e-19 4.732021914462643324e-20
6.175431250479618939e+03 2.671244612393738174e-19 4.620815220717815221e-20
6.180437178412674257e+03 1.951902842319115372e-19 4.378277333757093962e-20
6.185443106345730484e+03 2.243641535292120526e-19 4.189221896598077321e-20
6.190449034278785803e+03 1.905806398621040830e-19 4.037621936624835571e-20
6.195454962211842030e+03 2.114291906795194215e-19 3.936083541027755702e-20
6.200460890144897348e+03 1.688292527938526480e-19 3.940677699592007407e-20
6.205466818077953576e+03 1.790894092308147813e-19 3.924751743022731070e-20
6.210472746011008894e+03 1.541009199636724758e-19 3.909420927018746893e-20
6.215478673944064212e+03 1.459488810634123957e-19 4.024645868915466210e-20
6.220484601877120440e+03 1.486134669924083888e-19 4.186783883530357088e-20
6.225490529810175758e+03 2.047131683172136807e-19 4.309301590925302156e-20
6.230496457743231986e+03 1.999541881077416097e-19 4.814791579950538180e-20
6.235502385676287304e+03 1.841956108778970498e-19 5.300571736018598908e-20
6.240508313609343531e+03 1.822176240694660471e-19 5.139044909768258438e-20
6.245514241542398850e+03 2.229409431316385020e-19 4.581337036947143022e-20
6.250520169475454168e+03 1.192730074873169694e-19 4.500648261584423928e-20
6.255526097408510395e+03 2.740692149569855568e-19 4.951117728882613480e-20
6.260532025341565713e+03 2.482775442930198040e-19 5.165813945565198119e-20
6.265537953274621032e+03 1.833072725555131783e-19 4.853652285518389853e-20
6.270543881207677259e+03 1.852715173512776017e-19 4.699545822909706538e-20
6.275549809140733487e+03 1.401914220065900851e-19 4.605925152759083921e-20
6.280555737073788805e+03 2.088235970954573011e-19 4.807486861005632111e-20
6.285561665006844123e+03 1.884181693958125010e-19 5.088678090598078168e-20
6.290567592939900351e+03 2.361954614975766360e-19 5.973643881107702444e-20
6.295573520872955669e+03 3.860072550615952220e-20 9.245550782163238171e-20
6.300579448806010987e+03 1.471541321938477664e-19 1.020482922922513527e-19
6.305585376739067215e+03 1.109413833209845594e-19 8.176798159193629484e-20
6.310591304672123442e+03 1.462436965807849580e-19 5.022177855950843470e-20
6.315597232605178760e+03 1.336550782508358407e-19 4.250126929906588306e-20
6.320603160538234079e+03 1.350541373662749737e-19 4.196262524177336288e-20
6.325609088471290306e+03 1.806846617243646099e-19 4.412738613036265625e-20
6.330615016404345624e+03 1.615857707108496310e-19 4.305548789285126675e-20
6.335620944337400942e+03 1.582175864659323497e-19 3.937774284025454986e-20
6.340626872270457170e+03 1.773111193293258377e-19 3.742782955889782211e-20
6.345632800203512488e+03 1.861664113161858984e-19 3.906386426665053265e-20
6.350638728136568716e+03 1.865982077777066927e-19 4.202020541330163136e-20
6.355644656069624034e+03 1.865610092245004625e-19 4.990893082476502611e-20
6.360650584002680262e+03 2.009126589185412642e-19 6.245795775445673605e-20
6.365656511935735580e+03 1.853750404593010910e-19 6.340461915220311021e-20
6.370662439868790898e+03 1.538664058719281185e-19 4.992029608828391191e-20
6.375668367801847126e+03 2.516257961247188618e-19 4.326095928021069582e-20
6.380674295734902444e+03 2.017945169318373682e-19 4.478678518270000581e-20
6.385680223667958671e+03 2.954978693733214368e-19 4.516663357148690837e-20
6.390686151601013989e+03 2.591080373768258384e-19 4.357003844785293229e-20
6.395692079534070217e+03 2.874978542164961390e-19 4.167384564673932034e-20
6.400698007467125535e+03 1.798364508986218479e-19 4.056887631956201542e-20
6.405703935400180853e+03 1.908870491068746993e-19 3.936321094630320581e-20
6.410709863333237081e+03 1.113274637164234768e-19 3.867803313117913520e-20
6.415715791266292399e+03 1.734489320677079330e-19 3.851897523926180996e-20
6.420721719199348627e+03 1.912278417711167328e-19 3.806858662391850850e-20
6.425727647132403945e+03 1.890293808401065451e-19 3.723907879364738775e-20
6.430733575065460172e+03 1.095297295943159312e-19 3.681522780705574240e-20
6.435739502998515491e+03 1.397460749024888357e-19 3.682372935717143870e-20
6.440745430931570809e+03 1.804322259970902718e-19 3.713508116194102679e-20
6.445751358864627036e+03 2.209011106652711117e-19 3.757648168817878010e-20
6.450757286797682355e+03 1.467078215243629429e-19 3.749723242311869837e-20
6.455763214730737673e+03 1.198518989252115279e-19 3.812225900609976981e-20
6.460769142663793900e+03 1.103154252588058377e-19 4.089056460485246009e-20
6.465775070596850128e+03 2.061886326968097579e-19 4.319515452207687635e-20
6.470780998529905446e+03 1.622292274525298004e-19 4.138545871683358922e-20
6.475786926462960764e+03 1.246326759758882466e-19 3.748360492488643645e-20
6.480792854396016992e+03 1.294021494726730540e-19 3.442704145295465637e-20
6.485798782329072310e+03 8.718368768950582603e-20 3.319064485396512885e-20
6.490804710262127628e+03 6.619335027491633645e-20 3.567660764477320564e-20
6.495810638195183856e+03 1.596805868620260445e-19 4.176323458607410256e-20
6.500816566128239174e+03 2.910394647319049826e-19 4.444525942130643314e-20
6.505822494061295401e+03 1.966284947657316271e-19 4.098148191554520513e-20
6.510828421994350720e+03 1.651427195988111175e-19 3.863448773726489061e-20
6.515834349927406947e+03 1.603080149717884196e-19 3.947234354834224433e-20
6.520840277860462265e+03 1.441610235966314720e-19 4.169162831117316873e-20
6.525846205793517584e+03 1.431624585370112446e-19 4.538367616009298406e-20
6.530852133726573811e+03 2.035330842876452083e-19 4.808888717367805148e-20
6.535858061659629129e+03 1.967565797374895866e-19 4.687981681510794216e-20
6.540863989592685357e+03 2.182919804411810207e-19 4.307232664982398233e-20
6.545869917525740675e+03 2.070763003871046674e-19 4.297613515901568817e-20
6.550875845458796903e+03 1.913605592711068921e-19 4.449300392652546788e-20
6.555881773391852221e+03 2.022372252065473477e-19 4.335540008017585749e-20
6.560887701324907539e+03 1.325130599898512639e-19 3.928089091907178890e-20
6.565893629257963767e+03 1.590155475724877346e-19 3.719322005443244311e-20
6.570899557191019085e+03 1.470306758224658131e-19 3.735705336781771275e-20
6.575905485124075312e+03 1.077252158379419989e-19 3.759406664059106908e-20
6.580911413057130630e+03 1.550676607837783763e-19 3.580006353065722926e-20
6.585917340990186858e+03 2.113685832078185112e-19 3.249890742077716450e-20
6.590923268923242176e+03 1.640152762475760874e-19 3.257163915207230602e-20
6.595929196856297494e+03 2.012331469380285245e-19 3.408987354376925318e-20
6.600935124789353722e+03 1.791091436560395391e-19 3.594748996060096112e-20
6.605941052722409040e+03 1.585965907943268036e-19 3.587166375000247398e-20
6.610946980655464358e+03 1.945402512859929683e-19 3.428529940444573039e-20
6.615952908588520586e+03 1.979724022353777398e-19 3.399592779494442160e-20
6.620958836521576814e+03 2.060166571202403601e-19 3.489198593125657905e-20
6.625964764454632132e+03 1.416969806330507316e-19 3.591474762958159372e-20
6.630970692387687450e+03 1.846218234332190937e-19 3.717960740008219282e-20
6.635976620320743677e+03 2.125696454082463943e-19 3.683289108505724418e-20
6.640982548253798996e+03 9.567897427742734111e-20 3.591765157674551773e-20
6.645988476186854314e+03 2.041277850452202411e-19 3.609300071221523050e-20
6.650994404119910541e+03 1.381977417428682059e-19 3.611397740910939353e-20
6.656000332052965859e+03 1.728157071100338000e-19 3.620304012438707263e-20
6.661006259986022087e+03 1.418668300958823616e-19 3.580952541794777283e-20
6.666012187919077405e+03 1.546326158838857418e-19 3.500203013604127933e-20
6.671018115852133633e+03 1.170424556337917324e-19 3.364319814273974854e-20
6.676024043785188951e+03 4.406310170234610810e-20 3.246185738076134101e-20
6.681029971718244269e+03 1.413256689931939081e-19 3.214516693129826252e-20
6.686035899651300497e+03 1.994441807163627492e-19 3.214327045078193739e-20
6.691041827584355815e+03 1.645308505260117545e-19 3.209441260716700005e-20
6.696047755517412043e+03 2.219330757396772689e-19 3.255235676003227910e-20
6.701053683450467361e+03 1.837139073129612607e-19 3.293668816955366536e-20
6.706059611383523588e+03 1.453023185843432674e-19 3.268945118416876774e-20
6.711065539316578906e+03 1.404570206742879674e-19 3.266762209142285247e-20
6.716071467249634225e+03 1.927613455747277849e-19 3.247517368062926534e-20
6.721077395182690452e+03 1.733811390964556444e-19 3.240200731079121016e-20
6.726083323115745770e+03 1.525855703948072775e-19 3.217248539423272796e-20
6.731089251048801998e+03 1.519960042121967764e-19 3.218525898257270405e-20
6.736095178981857316e+03 2.208802613334612298e-19 3.220643956539928154e-20
6.741101106914913544e+03 1.598230972580879671e-19 3.242377993308585746e-20
6.746107034847968862e+03 1.419463829720846159e-19 3.218148686267617178e-20
6.751112962781024180e+03 1.293960705664719395e-19 3.195401346782448080e-20
6.756118890714080408e+03 1.091465514271695333e-19 3.175316608468810644e-20
6.761124818647135726e+03 1.290387934400952809e-19 3.177854862485555216e-20
6.766130746580191044e+03 1.508093397131432366e-19 3.196373428776977090e-20
6.771136674513247272e+03 1.057522112993987392e-19 3.237463505237200114e-20
6.776142602446303499e+03 4.200771470015116402e-20 3.280363384438695267e-20
6.781148530379358817e+03 1.220340742020496357e-19 3.353022922770670569e-20
6.786154458312414135e+03 1.664785006550740291e-19 3.361587740888421195e-20
6.791160386245470363e+03 1.745581288345566345e-19 3.296371358035096002e-20
6.796166314178525681e+03 1.721750539260605290e-19 3.229444389114582437e-20
6.801172242111580999e+03 2.010223885428247788e-19 3.233443134373265408e-20
6.806178170044637227e+03 1.323702457670486462e-19 3.182794203402023826e-20
6.811184097977693455e+03 1.242836560734303295e-19 3.152045626123376190e-20
6.816190025910748773e+03 7.316014321636255511e-20 3.143431061551087979e-20
6.821195953843804091e+03 7.202027649795789157e-20 3.661141440315402303e-20
6.826201881776860318e+03 1.108661417320464768e-19 4.596668570382544401e-20
6.831207809709915637e+03 2.440198748872009176e-19 5.037098837237725473e-20
6.836213737642970955e+03 2.038789902782520920e-19 4.459158480914121079e-20
6.841219665576027182e+03 1.901392391255197338e-19 3.681564779686699096e-20
6.846225593509082501e+03 1.631397588784412246e-19 3.302856235278850650e-20
6.851231521442138728e+03 1.658104666432166717e-19 3.119653945097225627e-20
6.856237449375194046e+03 1.711452590222787849e-19 3.754334483819061057e-20
6.861243377308250274e+03 2.350752612067068480e-19 5.050088697065089742e-20
6.866249305241305592e+03 1.706226742512764627e-19 5.395196143167193006e-20
6.871255233174360910e+03 1.195228342612195241e-19 4.266706215269162584e-20
6.876261161107417138e+03 1.343756168171108655e-19 4.130283950805024211e-20
6.881267089040473365e+03 2.276653479915729390e-19 3.827753830298866118e-20
6.886273016973527774e+03 1.094519578972333854e-19 4.160520420536274277e-20
6.891278944906584002e+03 1.908025031717705334e-19 4.007881412838860847e-20
6.896284872839640229e+03 1.264289933739140578e-19 3.925250293682809727e-20
6.901290800772695547e+03 2.031470959697856408e-19 3.929617398366816168e-20
6.906296728705750866e+03 9.149713857661796508e-20 4.413452145637379355e-20
6.911302656638807093e+03 1.995732739799247287e-19 4.262321503877915689e-20
6.916308584571862411e+03 1.848227500938375781e-19 4.676845134229774042e-20
6.921314512504917730e+03 8.903298137308710513e-20 4.547334159701121581e-20
6.926320440437973957e+03 1.457806802925732948e-19 4.390692729292185261e-20
6.931326368371030185e+03 1.837168170666467931e-19 3.446618600350565106e-20
6.936332296304085503e+03 1.789430857402599406e-19 3.669853268397188338e-20
6.941338224237140821e+03 1.212377174038912047e-19 4.153355392954826705e-20
6.946344152170197049e+03 2.167437832839627457e-19 4.322643998646239250e-20
6.951350080103252367e+03 1.995583269835519809e-19 4.141054430702129657e-20
6.956356008036307685e+03 2.103247170769957362e-19 3.369069650793445826e-20
6.961361935969363913e+03 1.678929767000113368e-19 3.186262856887361079e-20
6.966367863902420140e+03 1.696993342062129853e-19 3.376199697198912567e-20
6.971373791835475458e+03 1.156689012878206762e-19 3.688639800454684880e-20
6.976379719768530776e+03 1.198489930907761952e-19 3.829068519137829429e-20
6.981385647701587004e+03 1.400652047499323196e-19 3.675059101791752872e-20
6.986391575634642322e+03 1.456855855580351717e-19 3.164887172599478859e-20
6.991397503567697640e+03 1.358383657756208050e-19 3.081830881198173699e-20
6.996403431500753868e+03 1.194649913479215159e-19 3.161185685916148928e-20
7.001409359433810096e+03 1.538886338763040457e-19 3.304684189272378457e-20
7.006415287366865414e+03 1.233635612756916804e-19 3.516926111945036540e-20
7.011421215299920732e+03 1.642664614420830815e-19 3.477248495006361390e-20
7.016427143232976960e+03 1.043689570898388045e-19 3.312370022461609223e-20
7.021433071166032278e+03 1.424499203020053851e-19 3.117862039659522365e-20
7.026438999099087596e+03 1.335554617144372062e-19 3.204201835544000801e-20
7.031444927032143823e+03 2.454310653729955583e-19 3.283485082075970903e-20
7.036450854965200051e+03 1.422298627161024871e-19 3.395026202931230052e-20
7.041456782898254460e+03 7.011107029679010940e-20 3.616725601413148290e-20
7.046462710831310687e+03 1.657561106870740724e-19 3.773608481744658714e-20
7.051468638764366915e+03 1.404385938639906411e-19 3.624203308580360510e-20
7.056474566697422233e+03 1.755234148624819158e-19 3.326868628559281590e-20
7.061480494630477551e+03 1.816877971902751417e-19 3.267442773769136199e-20
7.066486422563533779e+03 1.466465120315177661e-19 3.268105466024434240e-20
7.071492350496589097e+03 1.368884640418385950e-19 3.221123658940482751e-20
7.076498278429644415e+03 1.623398460077343511e-19 3.166104052629810790e-20
7.081504206362700643e+03 1.309447491941574973e-19 3.175966263942260160e-20
7.086510134295756870e+03 1.291761028345625315e-19 3.164116879726811981e-20
7.091516062228812189e+03 1.550112712807106058e-19 3.077814993665004594e-20
7.096521990161867507e+03 1.580714004462887834e-19 2.939364249564672120e-20
7.101527918094923734e+03 1.966095034206133463e-19 2.925068288969544514e-20
7.106533846027979052e+03 1.926913540915158062e-19 2.922732906374355853e-20
7.111539773961034371e+03 2.249298414105022376e-19 2.940248448420141740e-20
7.116545701894090598e+03 1.420217517174638387e-19 2.923945977177111434e-20
7.121551629827146826e+03 1.799954167204727074e-19 3.002144719019242863e-20
7.126557557760202144e+03 1.606024242449738053e-19 3.095262822919093785e-20
7.131563485693257462e+03 1.357970359128210680e-19 3.147848017409484161e-20
7.136569413626313690e+03 1.241695824471361392e-19 3.229301535499295564e-20
7.141575341559369008e+03 1.503926057428493872e-19 3.424933375166409304e-20
7.146581269492424326e+03 1.705480827056946892e-19 3.518973666560290669e-20
7.151587197425480554e+03 1.363023344665958515e-19 3.418585812722716943e-20
7.156593125358536781e+03 1.910249353094894515e-19 3.468350645645765628e-20
7.161599053291592099e+03 1.283523208582250918e-19 3.567104657687794586e-20
7.166604981224647418e+03 1.326490722440882850e-19 3.579160871231265800e-20
7.171610909157703645e+03 1.626261185720398931e-19 3.534979424732952708e-20
7.176616837090758963e+03 1.166223073423096869e-19 3.440303871379157707e-20
7.181622765023814281e+03 1.179927383189291155e-19 3.295886346259400361e-20
7.186628692956870509e+03 1.387604274123118645e-19 3.105337106431800373e-20
7.191634620889926737e+03 9.851763875202890651e-20 3.030657234660200962e-20
7.196640548822981145e+03 1.542353260870217681e-19 2.976985601012977723e-20
7.201646476756037373e+03 1.724339949376784382e-19 2.963255140706209099e-20
7.206652404689093601e+03 1.580260408730649434e-19 2.912846641642027435e-20
7.211658332622148919e+03 1.086431117469053976e-19 2.898424948121972899e-20
7.216664260555204237e+03 1.214658334739922562e-19 2.936595116426724883e-20
7.221670188488260465e+03 1.411819342928823304e-19 2.987085793704280316e-20
7.226676116421315783e+03 1.099903942940094168e-19 3.026140590675135018e-20
7.231682044354371101e+03 1.463118715682396936e-19 3.638086293145380467e-20
7.236687972287427328e+03 1.810323377901254965e-19 5.477161345200322479e-20
7.241693900220483556e+03 1.683839029821289807e-19 6.532191356181827121e-20
7.246699828153538874e+03 1.442731250392084904e-19 5.785735129903986607e-20
7.251705756086594192e+03 1.686675640935164443e-19 4.372050109881617165e-20
7.256711684019650420e+03 1.145547837477322857e-19 3.619626537291628497e-20
7.261717611952705738e+03 1.231679029336954086e-19 3.262350630713357799e-20
7.266723539885761056e+03 1.100942742837688914e-19 3.636482463088015230e-20
7.271729467818817284e+03 5.222273866317208245e-20 5.837962372194567170e-20
7.276735395751873511e+03 2.296004528535361401e-19 6.597137632063148021e-20
7.281741323684928830e+03 2.723988213805517520e-19 6.101253480591200833e-20
7.286747251617984148e+03 1.843775881904815527e-19 4.799116567509339307e-20
7.291753179551040375e+03 1.390431903174349446e-19 4.106427738321064542e-20
7.296759107484095694e+03 1.287377543937548239e-19 4.186535914389907736e-20
7.301765035417151012e+03 1.592522771454710145e-19 4.299153413000005199e-20
7.306770963350207239e+03 1.872614010790473864e-19 4.358377996684431199e-20
7.311776891283263467e+03 2.684919861617304639e-19 5.486677944520194515e-20
7.316782819216318785e+03 9.768212577261685869e-20 5.505238567303635871e-20
7.321788747149374103e+03 9.447918250762036801e-20 4.627693028589075937e-20
7.326794675082430331e+03 1.170585724326800599e-19 4.174960135483658935e-20
7.331800603015485649e+03 1.013170472376475530e-19 4.536309435413567798e-20
7.336806530948540967e+03 1.189424480306330296e-19 5.567290782429287833e-20
7.341812458881597195e+03 1.189424480306330296e-19 5.622287328646143233e-20
7.346818386814653422e+03 1.161013555231170851e-19 4.218112822331523865e-20
7.351824314747707831e+03 1.383587321861152969e-19 3.689968481388108267e-20
7.356830242680764059e+03 1.721462013040247246e-19 4.071973658335719932e-20
7.361836170613820286e+03 1.059894602789581288e-19 4.697209246323281285e-20
7.366842098546875604e+03 3.132752595759696110e-20 5.236847608409685344e-20
7.371848026479930923e+03 1.204002751134344872e-19 5.078654746018306120e-20
7.376853954412987150e+03 1.821411702896368025e-19 3.525965838991925118e-20
7.381859882346043378e+03 6.066908268409372615e-20 3.149907863233259182e-20
7.386865810279097786e+03 1.591137827623113778e-19 3.755169557038558016e-20
7.391871738212154014e+03 1.453402449202406325e-19 4.073562461863110071e-20
7.396877666145210242e+03 1.671810879661603143e-19 4.895983629827005513e-20
7.401883594078265560e+03 8.541967466107330481e-20 4.890798597963249299e-20
7.406889522011320878e+03 1.903569875254471051e-19 4.253853828748058085e-20
7.411895449944377106e+03 8.569132549865466717e-20 3.430392278774049933e-20
7.416901377877432424e+03 1.168377335377730683e-19 3.463464471570656440e-20
7.421907305810487742e+03 1.008624391275233942e-20 3.618265775029038988e-20
7.426913233743543969e+03 3.509923313494865626e-20 3.925271853210619610e-20
7.431919161676600197e+03 1.004305159987165256e-19 4.352035440370720678e-20
7.436925089609655515e+03 9.221368891555733136e-20 4.309636824238102847e-20
7.441931017542710833e+03 7.610428311940883865e-20 4.017610264317849198e-20
7.446936945475767061e+03 6.245451364745483329e-20 3.247973447994919552e-20
7.451942873408822379e+03 1.194159874331496246e-19 3.145154712745297351e-20
7.456948801341877697e+03 2.415536662521403886e-19 3.307259470485862244e-20
7.461954729274933925e+03 1.745862243427299749e-19 3.609514162260554436e-20
7.466960657207990153e+03 7.828289553349893802e-20 4.065243617128541863e-20
7.471966585141045471e+03 7.641867576390298972e-20 4.274342249015025991e-20
7.476972513074100789e+03 2.257757757428875472e-19 4.530513295672691427e-20
7.481978441007157016e+03 2.086622611918188791e-20 4.312142639527816743e-20
7.486984368940212335e+03 7.244133918789174089e-20 3.844419059734168823e-20
7.491990296873267653e+03 1.500922078044554123e-19 3.321532309326933013e-20
7.496996224806323880e+03 7.130966409539128068e-20 3.217392376282391535e-20
7.502002152739380108e+03 1.296989692064973913e-19 3.030506488262348217e-20
7.507008080672435426e+03 1.562617817629149521e-19 3.013675253454603368e-20
7.512014008605490744e+03 1.514875464075121742e-19 3.169025100775778573e-20
7.517019936538546972e+03 9.094233105903888282e-20 4.229077154429727922e-20
7.522025864471602290e+03 8.160270170024916468e-20 5.302820556082087614e-20
7.527031792404657608e+03 6.934409717507347371e-20 5.454009336435063498e-20
7.532037720337713836e+03 1.304153211183052042e-19 4.176008998720188595e-20
7.537043648270770063e+03 5.159466205094796156e-20 3.661405979195921712e-20
7.542049576203824472e+03 1.102662873544123097e-19 3.512772397957134199e-20
7.547055504136880700e+03 1.406892632080893814e-19 3.449009161423266265e-20
7.552061432069936927e+03 1.033928166402301338e-19 3.730259367784685435e-20
7.557067360002992245e+03 1.482488994714921917e-19 3.787173581094633613e-20
7.562073287936047564e+03 1.782155710306650361e-19 3.756123664160878071e-20
7.567079215869103791e+03 1.529796983229262054e-19 4.567804920332710126e-20
7.572085143802159109e+03 1.190186801950939987e-19 4.675120724893402155e-20
7.577091071735214427e+03 1.491820966678707699e-19 3.966266477405707127e-20
7.582096999668270655e+03 1.822113996701944606e-19 3.492353079827571818e-20
7.587102927601326883e+03 1.675178134491479118e-19 3.413745872017730321e-20
7.592108855534382201e+03 1.152520066689169292e-19 4.144645496285562329e-20
7.597114783467437519e+03 1.320147221618845766e-19 5.662106695143092424e-20
7.602120711400493747e+03 1.276961382141333265e-19 8.048574571994250892e-20
7.607126639333549065e+03 1.275262514354369350e-19 6.608308175553816575e-20
7.612132567266604383e+03 1.482806414941040561e-19 6.048398273390986314e-20
7.617138495199660611e+03 2.099328910353937509e-19 4.667466171057162933e-20
7.622144423132716838e+03 1.094612702291435440e-19 4.484763455863367351e-20
7.627150351065772156e+03 7.372295688472130994e-20 5.577649971266271144e-20
7.632156278998827474e+03 1.538627857968482715e-19 5.322813924911074764e-20
7.637162206931883702e+03 8.850217354414724556e-20 4.336780721462101296e-20
7.642168134864939020e+03 1.652637928605001204e-19 4.290399622081059492e-20
7.647174062797994338e+03 1.742394021808545791e-19 4.103255028490172897e-20
7.652179990731050566e+03 1.520560767138903991e-19 3.840173696914398429e-20
7.657185918664106794e+03 1.725133311645235249e-19 4.189920417058489773e-20
7.662191846597162112e+03 1.214890301633514932e-19 4.090150787229430061e-20
7.667197774530217430e+03 1.245574629224677850e-19 3.925563664076118988e-20
7.672203702463273657e+03 1.298128322958050063e-19 3.598558748474230050e-20
7.677209630396328976e+03 1.241711537352594462e-19 3.496248145742293770e-20
7.682215558329384294e+03 1.526087270100562423e-19 3.768672836873293863e-20
7.687221486262440521e+03 9.154144710997187893e-20 3.627666951279456485e-20
7.692227414195496749e+03 1.635018125310541688e-19 3.775806720888911591e-20
7.697233342128551158e+03 1.470271454160278860e-19 3.717158118733292847e-20
7.702239270061607385e+03 1.612875819711359606e-19 3.731565982936016804e-20
7.707245197994663613e+03 1.806803890366424300e-19 5.680288723550483466e-20
7.712251125927718931e+03 1.713538521424958173e-19 7.263425846962317823e-20
7.717257053860774249e+03 -8.627781880467229442e-21 6.941320394443138285e-20
7.722262981793830477e+03 1.190543118547173097e-19 5.234915762561947790e-20
7.727268909726885795e+03 8.650109018822519856e-20 3.983131451824798574e-20
7.732274837659941113e+03 1.107905806014941859e-19 3.423729954434511601e-20
7.737280765592997341e+03 1.557106162354686261e-19 3.209875209829053591e-20
7.742286693526053568e+03 3.734185134450306861e-20 4.183807845499769521e-20
7.747292621459108886e+03 7.849799588600117998e-20 6.257945032317236752e-20
7.752298549392164205e+03 1.324485741861829413e-19 6.618924895851744672e-20
7.757304477325220432e+03 1.436922044559127871e-19 5.270449805582434705e-20
7.762310405258275750e+03 8.832368431985185974e-20 4.379401243575009154e-20
7.767316333191331069e+03 1.585157345759123737e-19 3.831266374885250449e-20
7.772322261124387296e+03 2.186060657020085265e-19 4.145483797714233942e-20
7.777328189057443524e+03 9.434697918001673632e-20 4.586622826183560587e-20
7.782334116990498842e+03 1.445288247202878806e-19 4.301795429277885233e-20
7.787340044923554160e+03 4.328844361027339745e-20 5.285063190899003908e-20
7.792345972856610388e+03 7.683694499174122363e-20 6.335939886269244738e-20
7.797351900789665706e+03 1.748405648626185618e-19 5.964693648417189467e-20
7.802357828722721024e+03 6.088380120583846267e-20 4.643063266733292315e-20
7.807363756655777252e+03 7.163138126016963392e-20 4.991349671764037151e-20
7.812369684588833479e+03 1.605491017970487551e-19 5.203157052087811497e-20
7.817375612521888797e+03 1.448667937619265521e-19 6.597247965526146592e-20
7.822381540454944115e+03 2.230528240065718883e-19 6.615532693103491385e-20
7.827387468388000343e+03 9.769580697001672342e-20 4.684548019636554150e-20
7.832393396321055661e+03 1.338054395362418970e-19 3.495519203596004531e-20
7.837399324254110979e+03 1.579483484864422662e-19 4.259288898915556572e-20
7.842405252187167207e+03 7.389623039871617195e-20 4.511433062656312606e-20
7.847411180120223435e+03 1.349929778682168524e-19 5.965698169898807776e-20
7.852417108053277843e+03 1.482506464704252775e-19 6.840772539601420184e-20
7.857423035986334071e+03 2.191163178280754011e-19 6.542886541669504109e-20
7.862428963919390299e+03 7.712731975851714023e-20 5.297504091838226558e-20
7.867434891852445617e+03 7.879616301334450974e-20 5.216117002041310581e-20
7.872440819785500935e+03 1.029361467519768695e-19 5.259294444285825255e-20
7.877446747718557162e+03 1.282545241607845945e-19 4.841590105464105182e-20
7.882452675651613390e+03 1.962849491995325089e-19 5.162668382215181708e-20
7.887458603584667799e+03 1.701919864040225006e-19 5.372650535131667096e-20
7.892464531517724026e+03 1.784835535717735179e-19 5.051682177017354855e-20
7.897470459450780254e+03 1.891614467219064446e-19 3.651347816680683092e-20
7.902476387383835572e+03 1.557072291882338908e-19 3.418817747872940701e-20
7.907482315316890890e+03 1.488883133910201098e-19 6.142405664549523046e-20
7.912488243249947118e+03 1.790503510247692439e-19 7.720406661941112567e-20
7.917494171183002436e+03 1.323549935566074808e-19 7.970341034752411763e-20
7.922500099116057754e+03 1.542588175600771135e-19 6.022868700184980047e-20
7.927506027049113982e+03 1.583051961818088873e-19 5.554428469984697944e-20
7.932511954982170209e+03 1.182869244955876297e-19 5.183281653163550138e-20
7.937517882915225528e+03 7.567445859796727820e-20 4.129927954836917796e-20
7.942523810848280846e+03 1.276216419845734136e-19 4.158700934540909986e-20
7.947529738781337073e+03 1.638488269116221427e-19 4.539500681188398428e-20
7.952535666714392391e+03 1.036886481418027238e-19 4.154187699059694372e-20
7.957541594647447710e+03 8.762966764404479378e-20 4.911065164751015193e-20
7.962547522580503937e+03 1.719704393749364152e-19 6.316926498718904369e-20
7.967553450513560165e+03 1.924042124732813498e-19 6.011878511010554161e-20
7.972559378446615483e+03 1.097478780617006043e-19 4.557120760296124504e-20
7.977565306379670801e+03 1.545893342221798103e-19 4.756399394318207252e-20
7.982571234312727029e+03 7.344219371760994577e-20 4.547838567545327482e-20
7.987577162245782347e+03 1.781615587165777235e-19 5.688394037943174397e-20
7.992583090178837665e+03 1.678924587143787926e-19 6.393068245596233968e-20
7.997589018111893893e+03 7.237979095449294476e-20 5.623096025723359727e-20
8.002594946044950120e+03 1.328250182903437983e-19 3.342421673306820306e-20
8.007600873978005438e+03 1.557057067801306000e-19 3.736917072494544380e-20
8.012606801911060757e+03 1.066810838794123983e-19 4.269867846371123828e-20
8.017612729844116984e+03 1.610576929516044961e-19 4.820519300618537669e-20
8.022618657777172302e+03 1.211313588869838223e-19 5.830192498579372582e-20
8.027624585710227620e+03 2.869482361527919029e-20 5.904088560930380325e-20
8.032630513643283848e+03 9.302280079830121176e-20 4.291183071575503414e-20
8.037636441576340076e+03 7.839011273927220908e-20 3.267723371436695070e-20
8.042642369509394484e+03 9.483600596402183479e-20 3.334328144641361179e-20
8.047648297442450712e+03 6.500294563824662464e-20 4.042791695061007971e-20
8.052654225375506940e+03 1.288255856771484631e-19 4.326864532696046436e-20
8.057660153308562258e+03 5.848154391071998142e-20 5.159335495451363613e-20
8.062666081241617576e+03 4.789937827032542577e-20 5.077086770221562484e-20
8.067672009174673803e+03 9.429106862701576757e-20 4.216563613279842403e-20
8.072677937107729122e+03 8.237851160512489105e-20 3.361952016796667676e-20
8.077683865040784440e+03 1.215348338245728656e-19 3.396865789279418633e-20
8.082689792973840667e+03 9.699982906923810200e-20 3.370132547186778646e-20
8.087695720906896895e+03 8.300794414387783268e-20 3.492271300018031913e-20
8.092701648839952213e+03 1.408874440762741540e-19 3.535367932381221322e-20
8.097707576773007531e+03 1.672499847405185355e-19 3.934091503544755491e-20
8.102713504706063759e+03 5.530148023310712649e-20 3.842326798530878600e-20
8.107719432639119077e+03 8.347389872254342034e-20 3.487620721180079522e-20
8.112725360572174395e+03 1.009060288373283203e-19 3.021585373208305381e-20
8.117731288505230623e+03 9.483631094143367799e-20 2.977849816076145471e-20
8.122737216438286850e+03 6.360547722967611686e-20 3.017375553992471271e-20
8.127743144371342169e+03 7.931577350683586107e-20 3.075974197112450545e-20
8.132749072304397487e+03 7.773453522200636576e-20 3.236998273726631130e-20
8.137755000237453714e+03 7.561854858107100952e-20 3.365221220575987980e-20
8.142760928170509032e+03 1.139800456801079674e-19 3.565191924983838358e-20
8.147766856103564351e+03 1.142155040025010051e-19 3.411255304800811967e-20
8.152772784036620578e+03 1.148252808896134560e-19 3.214270290033423671e-20
8.157778711969676806e+03 6.160809464731522797e-20 3.086543112879340853e-20
8.162784639902732124e+03 1.036337858318504799e-19 3.122345708691919397e-20
8.167790567835787442e+03 6.327834072978961743e-20 3.176287877424439310e-20
8.172796495768843670e+03 4.587364075896801979e-20 3.212872409947779235e-20
8.177802423701898988e+03 6.182319407401337621e-20 3.299384676609606162e-20
8.182808351634954306e+03 8.370393551221496534e-20 3.458165338671891525e-20
8.187814279568010534e+03 9.255921740364470813e-20 3.621798375146940060e-20
8.192820207501066761e+03 1.514510902838045412e-19 3.631632636032779538e-20
8.197826135434121170e+03 1.075715318491417879e-19 3.480836778989322416e-20
8.202832063367177398e+03 1.387160741994868258e-19 3.379048544257509685e-20
8.207837991300233625e+03 1.453896714314795899e-19 3.362492322608039566e-20
8.212843919233288034e+03 1.727616389829117128e-19 3.290054902242168684e-20
8.217849847166344261e+03 1.748544767411763411e-19 3.221453701864249598e-20
8.222855775099400489e+03 1.132073670908778329e-19 3.114448626694212709e-20
8.227861703032456717e+03 8.804785795661800120e-20 3.029848665818619995e-20
8.232867630965511125e+03 1.382157577861544948e-19 3.029171885121810202e-20
8.237873558898567353e+03 1.407569648197945034e-19 3.135283698794360450e-20
8.242879486831623581e+03 1.618039962567971788e-19 3.246312890786616245e-20
8.247885414764677989e+03 1.315929272433199142e-19 3.223154118373046734e-20
8.252891342697734217e+03 1.404272378495660558e-19 3.153358564544454099e-20
8.257897270630790445e+03 9.203543133115934191e-20 3.070467515538386257e-20
8.262903198563846672e+03 1.034840769933937070e-19 3.041721850889364272e-20
8.267909126496901081e+03 7.352625621265321185e-20 3.127206284105111817e-20
8.272915054429957308e+03 1.762118361897986875e-19 4.437606144456031939e-20
8.277920982363013536e+03 8.867581299126923883e-20 6.180530715356586015e-20
8.282926910296067945e+03 1.155425501432697604e-19 7.728018160947302558e-20
8.287932838229124172e+03 4.963661264114196366e-20 7.369137307793557837e-20
8.292938766162180400e+03 9.565361390302829436e-20 8.017948051221120803e-20
8.297944694095236628e+03 -4.886580452946897525e-21 7.618215112170544704e-20
8.302950622028291036e+03 1.959726509936928161e-19 6.638436235577128984e-20
8.307956549961347264e+03 1.806068332132364620e-19 5.075795270616658750e-20
8.312962477894403492e+03 5.026026337987564390e-20 4.946771951030264733e-20
8.317968405827457900e+03 1.271730111366060515e-19 3.816499816907981324e-20
8.322974333760514128e+03 1.181156231016743133e-19 3.410272969059685969e-20
8.327980261693570355e+03 1.408400242284541272e-19 3.218346787840129805e-20
8.332986189626626583e+03 1.127022662247146866e-19 3.549869824778442789e-20
8.337992117559680992e+03 1.422642399860104992e-19 8.076513037677201735e-20
8.342998045492737219e+03 1.752229913617295585e-19 9.894598808969372285e-20
8.348003973425793447e+03 1.638490734819987037e-19 9.733280444581861281e-20
8.353009901358847856e+03 1.918504286245773701e-19 6.354997815159014419e-20
8.358015829291904083e+03 4.148304366084831713e-20 5.273224923029922535e-20
8.363021757224960311e+03 9.691853452154112950e-20 4.449709006137671041e-20
8.368027685158016538e+03 8.202460756393676734e-20 4.026478273963297689e-20
8.373033613091070947e+03 1.227747955141778986e-19 3.536900586558632170e-20
8.378039541024127175e+03 3.319044632048207490e-20 4.919992913855974172e-20
8.383045468957181583e+03 7.986219284147779418e-20 5.086181792285408478e-20
8.388051396890237811e+03 1.106014829365687957e-19 4.220475654825467972e-20
8.393057324823294039e+03 1.532628959126148771e-19 6.680585328656359615e-20
8.398063252756350266e+03 1.357252691108731049e-19 8.101727341837869140e-20
8.403069180689406494e+03 5.436317263205107480e-20 7.326647648393507967e-20
8.408075108622460903e+03 6.361315934885382662e-20 4.669527970766439189e-20
8.413081036555517130e+03 1.384399835231512917e-19 5.671741411533639674e-20
8.418086964488571539e+03 2.561222557389172473e-19 5.687491097965567269e-20
8.423092892421627766e+03 2.025564485413265618e-19 6.885832923607930211e-20
8.428098820354683994e+03 2.139260587686953199e-19 9.464043249204820300e-20
8.433104748287740222e+03 1.070715961060765205e-19 9.153800228319340583e-20
8.438110676220796449e+03 1.419377340399384438e-19 4.690326331345266328e-20
8.443116604153850858e+03 4.987449011661970079e-21 4.029500303939523070e-20
8.448122532086907086e+03 -5.024416559067857799e-20 5.909108647939372679e-20
8.453128460019961494e+03 1.184446911235572659e-19 5.958422926637577527e-20
8.458134387953017722e+03 8.959247494733113285e-20 6.738444718147250113e-20
8.463140315886073950e+03 2.572779759399633175e-19 8.157104040739790439e-20
8.468146243819130177e+03 2.650245874927576278e-19 7.653841234373977601e-20
8.473152171752186405e+03 1.484043045516151183e-19 3.986510639924538545e-20
8.478158099685240813e+03 9.403717849372373921e-20 3.275762885092864837e-20
8.483164027618297041e+03 9.187855014559402777e-20 3.234049016781019868e-20
8.488169955551351450e+03 1.401700607693883715e-19 4.497842211805507643e-20
8.493175883484407677e+03 1.145163990630496258e-19 4.828696418628783045e-20
8.498181811417463905e+03 6.101657700247941001e-20 5.730348177091271959e-20
8.503187739350520133e+03 1.816405800144732353e-19 6.047290497799450350e-20
8.508193667283574541e+03 2.003838741635689944e-19 5.532097121315310515e-20
8.513199595216630769e+03 1.529228424832097473e-19 3.310045002599014579e-20
8.518205523149686996e+03 1.043093128080270358e-19 3.065593842928336107e-20
8.523211451082741405e+03 1.010874874174006142e-19 3.069504098305966774e-20
8.528217379015797633e+03 1.117757928377851220e-19 3.028243161388252792e-20
8.533223306948853860e+03 9.744218034148999244e-20 3.637102095543991032e-20
8.538229234881910088e+03 9.616062083655133547e-20 3.915064945263933732e-20
8.543235162814964497e+03 4.831451353514841029e-20 4.702340151446630475e-20
8.548241090748020724e+03 1.218792229268833774e-19 4.716918622409123502e-20
8.553247018681076952e+03 1.115201440786183899e-19 4.195007035098399046e-20
8.558252946614131361e+03 1.409441283055522499e-19 3.192953780476218074e-20
8.563258874547187588e+03 1.186056438508813588e-19 3.192541051198454674e-20
8.568264802480243816e+03 7.831175793817299654e-20 3.376152497863428399e-20
8.573270730413300043e+03 6.306078592506203435e-20 3.466417222588579997e-20
8.578276658346354452e+03 1.557458242976627696e-19 3.402472966791763185e-20
8.583282586279410680e+03 1.878030473980126661e-19 3.596714358822428059e-20
8.588288514212466907e+03 6.759056333953522998e-20 3.734193063238904619e-20
8.593294442145521316e+03 1.388361986188725373e-19 3.895909780216698020e-20
8.598300370078577544e+03 8.077049037016743847e-20 3.687529125117602611e-20
8.603306298011633771e+03 1.012868494724668571e-19 3.347664526654423477e-20
8.608312225944689999e+03 1.576721212437834950e-19 3.685042225697873196e-20
8.613318153877744408e+03 1.478977086255070432e-19 4.744015489383619054e-20
8.618324081810800635e+03 5.564559733356720898e-20 6.012322032703395329e-20
8.623330009743856863e+03 2.356502917746766306e-19 7.109737787853039883e-20
8.628335937676911271e+03 1.675324902282126620e-20 7.477742624712915951e-20
8.633341865609967499e+03 8.987375204437288538e-20 7.049762773191567410e-20
8.638347793543023727e+03 1.520954820820390214e-19 5.962477030003856590e-20
8.643353721476079954e+03 9.118730959817297054e-20 5.487298199222371738e-20
8.648359649409134363e+03 1.629976607122403473e-19 6.377282312384950549e-20
8.653365577342190591e+03 1.069844753993836333e-19 7.578703194380091556e-20
8.658371505275246818e+03 2.754989649560606564e-20 8.128848601503527696e-20
8.663377433208301227e+03 1.266202922222793621e-19 8.363787389873028457e-20
8.668383361141357454e+03 1.912461662274249471e-19 7.620963084301628712e-20
8.673389289074413682e+03 1.620315744167713210e-19 6.698214418357577537e-20
8.678395217007469910e+03 1.710288015597275913e-20 5.929383071455180050e-20
8.683401144940524318e+03 1.063304757299747376e-19 5.242717986647546221e-20
8.688407072873580546e+03 6.857295062882433694e-20 4.782000606974528715e-20
8.693413000806636774e+03 7.147037554555295970e-20 4.477862768815688114e-20
8.698418928739691182e+03 1.458386798473086156e-19 4.371704440751128622e-20
8.703424856672747410e+03 1.894278119512672945e-19 4.325094977127407477e-20
8.708430784605803638e+03 1.472490997597950443e-19 3.977478604689228735e-20
8.713436712538859865e+03 1.146856929160147603e-19 3.588726156714148859e-20
8.718442640471914274e+03 1.142925690666982713e-19 3.412736794013912354e-20
8.723448568404970501e+03 1.198374104526408401e-19 3.399017641187649152e-20
8.728454496338024910e+03 1.601665089998603804e-19 3.337996617456892391e-20
8.733460424271081138e+03 7.010732321139155755e-20 3.336531170377609542e-20
8.738466352204137365e+03 1.047781271017177703e-19 3.342049807791056686e-20
8.743472280137193593e+03 1.090780571096143770e-19 3.320476174448246364e-20
8.748478208070249821e+03 8.480540463312561800e-20 3.425883855604790646e-20
8.753484136003304229e+03 8.381929718830200772e-20 5.961822333436380430e-20
8.758490063936360457e+03 6.380090838116309332e-21 8.425160407477602264e-20
8.763495991869414866e+03 1.038034913205411266e-19 1.014324077332136998e-19
8.768501919802471093e+03 4.568959197570107906e-20 9.284262623554122556e-20
8.773507847735527321e+03 -7.872840329299367984e-20 9.433442145623455609e-20
8.778513775668583548e+03 9.873602976516861805e-20 8.739679680566975942e-20
8.783519703601639776e+03 1.367892649225822292e-19 6.664902686166255241e-20
8.788525631534694185e+03 1.632204796095145429e-19 5.492830511355546754e-20
8.793531559467750412e+03 8.726455759727998175e-20 5.330401257987414148e-20
8.798537487400804821e+03 2.508724378997392704e-20 3.733651523387359935e-20
8.803543415333861049e+03 8.734338661348453879e-20 3.694441244487634513e-20
8.808549343266917276e+03 2.253854875028980663e-20 4.016860740903849415e-20
8.813555271199973504e+03 1.096849950018922934e-19 3.826447034696220181e-20
8.818561199133029731e+03 2.079775565740551850e-19 8.219435829988694115e-20
8.823567127066084140e+03 1.086027416837124682e-19 1.629618951721969757e-19
8.828573054999140368e+03 3.218974304713407164e-19 1.493680116288348176e-19
8.833578982932194776e+03 1.706234078297285477e-19 1.172644492071638323e-19
8.838584910865251004e+03 2.216183832725787913e-19 8.683890144474763027e-20
8.843590838798307232e+03 5.085380560692729074e-20 6.304930273541083635e-20
8.848596766731363459e+03 7.040047038208218398e-20 6.195689019461057428e-20
8.853602694664417868e+03 7.954777601102258455e-20 5.250950547646983592e-20
8.858608622597474096e+03 1.369308819511780033e-19 4.904581993705581369e-20
8.863614550530530323e+03 2.002725319985195879e-19 7.287594920470135202e-20
8.868620478463584732e+03 1.293812038671178058e-19 7.180299248369001398e-20
8.873626406396640959e+03 1.020717235978725139e-19 5.171871305315697116e-20
8.878632334329697187e+03 9.406609380391861960e-20 8.092829631667958337e-20
8.883638262262753415e+03 4.704750587684885004e-20 1.107627006593297805e-19
8.888644190195807823e+03 4.259073778403729593e-20 1.045589432605954540e-19
8.893650118128864051e+03 1.211404266382189252e-19 6.003182863230708350e-20
8.898656046061920279e+03 2.760897149196690041e-19 7.352347824983554224e-20
8.903661973994974687e+03 7.341126015324744696e-21 7.820512008719572589e-20
8.908667901928030915e+03 1.966055966399498127e-20 6.444182545347662522e-20
8.913673829861087142e+03 1.882298914108597378e-19 1.124781777852010263e-19
8.918679757794143370e+03 3.632530483398881141e-20 1.212759696684391953e-19
8.923685685727199598e+03 1.769893135001633655e-19 1.003109875949952932e-19
8.928691613660254006e+03 1.778113294040892429e-19 5.043178768105058557e-20
8.933697541593308415e+03 1.226053180099522564e-19 4.774354726640637442e-20
8.938703469526364643e+03 2.752612402368285264e-19 7.622175530217457269e-20
8.943709397459420870e+03 8.345251117127774859e-20 7.499487055023311010e-20
8.948715325392477098e+03 1.094714856225169146e-19 7.742909614864408676e-20
8.953721253325533326e+03 1.375308687444577618e-19 1.194611417968312754e-19
8.958727181258589553e+03 1.852516705861280444e-19 1.272141321296317179e-19
8.963733109191643962e+03 1.863529572326898561e-20 7.835004974607221864e-20
8.968739037124698370e+03 1.442327496272908286e-20 4.708088000989716589e-20
8.973744965057754598e+03 5.695350259301422838e-20 4.697560229757307219e-20
8.978750892990810826e+03 1.055575076093327306e-19 4.867559189420087056e-20
8.983756820923867053e+03 2.317057698706346486e-19 6.586582763285294966e-20
8.988762748856923281e+03 -1.328375244707345925e-20 6.981026206358444415e-20
8.993768676789977690e+03 1.804094437079011806e-19 7.520014328385860237e-20
8.998774604723033917e+03 1.165543322570793723e-19 8.694464424335719522e-20
9.003780532656088326e+03 5.231229246384273700e-20 8.193115321025316907e-20
9.008786460589144554e+03 5.203970499957129892e-20 4.934272174742025539e-20
9.013792388522200781e+03 1.394555690823558183e-19 3.645625990839049017e-20
9.018798316455257009e+03 1.072316005091274584e-19 3.790710143680330355e-20
9.023804244388313236e+03 1.641982608071639379e-19 4.035270793058679676e-20
9.028810172321367645e+03 4.886921813849013238e-20 4.257656870953198921e-20
9.033816100254423873e+03 1.212571581912418598e-19 5.446730890971878506e-20
9.038822028187478281e+03 7.147194146922847098e-20 5.847043576099381421e-20
9.043827956120534509e+03 1.107516072932035602e-19 7.233407068047755929e-20
9.048833884053590737e+03 4.810487446220300263e-20 7.697020039895982778e-20
9.053839811986646964e+03 1.273203816101357176e-19 6.375515724757340000e-20
9.058845739919703192e+03 5.467312908662393404e-20 4.470981638599267949e-20
9.063851667852757600e+03 8.042739908154310115e-20 4.650845240794304026e-20
9.068857595785813828e+03 5.716669318066806073e-20 4.648455641564357349e-20
9.073863523718868237e+03 7.868982870690102221e-20 4.342469559096427183e-20
9.078869451651924464e+03 1.061993697290568884e-19 4.086310098747651446e-20
9.083875379584980692e+03 7.525890460258800914e-20 4.514118444406692157e-20
9.088881307518036920e+03 5.866923216913369058e-20 4.970584981943882208e-20
9.093887235451093147e+03 1.525150163370254678e-19 5.351751670558359227e-20
9.098893163384147556e+03 2.182457645490523356e-20 5.680404005591374211e-20
9.103899091317203784e+03 -1.295763532859876334e-20 5.327022880095940190e-20
9.108905019250258192e+03 2.288184823793834264e-20 4.167823991349443098e-20
9.113910947183314420e+03 3.842830716551172528e-20 3.719270525078901554e-20
9.118916875116370647e+03 5.931071512402375355e-20 3.620568967214416477e-20
9.123922803049426875e+03 1.106860921751306038e-19 3.596234441702290587e-20
9.128928730982483103e+03 1.167459649669389208e-19 3.789474137392582376e-20
9.133934658915537511e+03 9.661891855230709402e-20 3.849107159860050565e-20
9.138940586848593739e+03 6.468908007050226041e-20 3.773312826056054040e-20
9.143946514781648148e+03 1.640561664966433624e-20 4.095780609010619572e-20
9.148952442714704375e+03 1.219672563748497913e-19 4.992781029617952126e-20
9.153958370647760603e+03 1.991072108423925677e-19 5.614411262218397893e-20
9.158964298580816831e+03 1.810724084813494591e-19 5.317558358350884447e-20
9.163970226513873058e+03 1.176532325693633185e-19 5.031903260513766158e-20
9.168976154446927467e+03 7.199515022720575774e-20 4.296732727552102362e-20
9.173982082379983694e+03 1.167587573017260429e-19 4.292441547938587989e-20
9.178988010313038103e+03 1.111139591518802053e-19 4.430852399922148210e-20
9.183993938246094331e+03 1.219093015896276952e-19 4.181444067962079131e-20
9.188999866179150558e+03 1.448040534367845781e-19 4.076366504269530696e-20
9.194005794112206786e+03 8.008190324044757951e-20 4.230330088182294992e-20
9.199011722045263014e+03 1.172022958552248620e-19 4.334163561122498797e-20
9.204017649978317422e+03 1.319785319210660316e-19 4.524509023533261538e-20
9.209023577911373650e+03 1.366259572169935509e-19 4.781388763768203411e-20
9.214029505844428058e+03 1.442043881741597466e-19 4.946164053856033121e-20
9.219035433777484286e+03 3.739692938763069501e-21 5.412189889267995931e-20
9.224041361710540514e+03 2.385182690615207097e-20 5.179825948983468704e-20
9.229047289643596741e+03 -1.346154635355998998e-20 6.134227154781128529e-20
9.234053217576652969e+03 9.255691858638816395e-20 4.190946935659359196e-20
9.239059145509707378e+03 1.817682614193118543e-19 3.942907031979760918e-20
9.244065073442761786e+03 1.572934732304549515e-19 4.236579652941940170e-20
9.249071001375818014e+03 5.154903334944369532e-20 4.477837299987155346e-20
9.254076929308874242e+03 1.175607612510594742e-19 4.169753522937208882e-20
9.259082857241930469e+03 1.226213376766674597e-19 4.123609866378477202e-20
9.264088785174986697e+03 1.130711466205645347e-19 4.125295679958899707e-20
9.269094713108042924e+03 1.644240608235124515e-19 4.005443181208819537e-20
9.274100641041097333e+03 1.857608580350591322e-19 3.977563826260103269e-20
9.279106568974151742e+03 9.534850971543728378e-20 4.337340131099997849e-20
9.284112496907207969e+03 1.339849649626708158e-19 5.036647909471910204e-20
9.289118424840264197e+03 6.874896035526955161e-20 5.738484872899407853e-20
9.294124352773320425e+03 8.328717525914460004e-20 5.742010359536282356e-20
9.299130280706376652e+03 8.063548850963782865e-20 1.071983870962830484e-19
9.304136208639432880e+03 4.774983766087943889e-20 1.787292002903525649e-19
9.309142136572487289e+03 4.785960716106461681e-20 2.124962623364309919e-19
9.314148064505541697e+03 7.277297901619246415e-20 1.921332626719452628e-19
9.319153992438597925e+03 6.319720438260793564e-20 1.853694609305579482e-19
9.324159920371654152e+03 1.497709025362782923e-19 1.777882862848003138e-19
9.329165848304710380e+03 8.775328727636997137e-20 1.414916751468207546e-19
9.334171776237766608e+03 1.238071872284331640e-19 1.215813824310351176e-19
9.339177704170821016e+03 9.767558915561058408e-20 1.202485126298915859e-19
9.344183632103877244e+03 7.328523668370161168e-20 1.061437097553398350e-19
9.349189560036931653e+03 5.879781500276692992e-20 8.037496919352977282e-20
9.354195487969987880e+03 5.777760435401426318e-20 7.750023359911875802e-20
9.359201415903044108e+03 6.013872477950581258e-20 7.416601799696960132e-20
9.364207343836100335e+03 1.269551182358032600e-19 9.167732844881441856e-20
9.369213271769156563e+03 8.510375062938858077e-20 2.216897741223190063e-19
9.374219199702210972e+03 7.701407085906199060e-20 2.389415385322365391e-19
9.379225127635267199e+03 7.701407085906201467e-20 2.025189281991606434e-19
9.384231055568321608e+03 7.701407085906200264e-20 1.224450912902625168e-19
9.389236983501377836e+03 7.701407085906199060e-20 8.554685877016012793e-20
9.394242911434434063e+03 7.701407085906200264e-20 7.372262264093008009e-20
9.399248839367490291e+03 7.701407085906200264e-20 8.347636772044213977e-20
9.404254767300546519e+03 7.701407085906201467e-20 8.884368424208104196e-20
9.409260695233600927e+03 7.701407085906199060e-20 7.631731805780284794e-20
9.414266623166657155e+03 7.701407085906199060e-20 1.153472246171356122e-19
9.419272551099711563e+03 7.701407085906200264e-20 1.213520238129980992e-19
9.424278479032767791e+03 7.701407085906200264e-20 1.181094192718030394e-19
9.429284406965824019e+03 7.701407085906200264e-20 1.028500481957609361e-19
9.434290334898880246e+03 7.701407085906200264e-20 1.960576833721628353e-19
9.439296262831936474e+03 7.701407085906201467e-20 2.605463670551031126e-19
9.444302190764990883e+03 7.701407085906201467e-20 1.931906450458121958e-19
9.449308118698047110e+03 7.701407085906201467e-20 1.077026480241891941e-19
9.454314046631101519e+03 7.701407085906201467e-20 1.593107368040779144e-19
9.459319974564157746e+03 7.701407085906200264e-20 1.680397547618000757e-19
9.464325902497213974e+03 7.701407085906200264e-20 1.260563189809969255e-19
9.469331830430270202e+03 7.701407085906200264e-20 1.596577090411929113e-19
9.474337758363326429e+03 7.701407085906201467e-20 2.732125890865574541e-19
9.479343686296380838e+03 7.701407085906200264e-20 2.264809637904434842e-19
9.484349614229437066e+03 7.701407085906200264e-20 1.184011781100519328e-19
9.489355542162491474e+03 7.701407085906201467e-20 7.284738943060769927e-20
9.494361470095547702e+03 7.701407085906201467e-20 1.036934493408643607e-19
9.499367398028603930e+03 7.701407085906201467e-20 1.428829938118073222e-19
9.504373325961660157e+03 7.701407085906199060e-20 1.344733854459209048e-19
9.509379253894716385e+03 7.701407085906201467e-20 1.046709776829335288e-19
9.514385181827770793e+03 7.701407085906200264e-20 1.494277662539728727e-19
9.519391109760827021e+03 7.701407085906199060e-20 2.000225905227311961e-19
9.524397037693881430e+03 7.701407085906200264e-20 1.444032599240890267e-19
9.529402965626937657e+03 7.701407085906199060e-20 8.717643520338780125e-20
9.534408893559993885e+03 7.701407085906199060e-20 7.643306798946192803e-20
9.539414821493050113e+03 7.701407085906199060e-20 7.878572919512212244e-20
9.544420749426106340e+03 7.701407085906200264e-20 9.551510535780677242e-20
9.549426677359160749e+03 7.701407085906200264e-20 1.469496727993418746e-19
9.554432605292216977e+03 7.701407085906200264e-20 1.370338703125312284e-19
9.559438533225271385e+03 7.701407085906200264e-20 1.493708198445910166e-19
9.564444461158327613e+03 7.701407085906200264e-20 1.625178227215346464e-19
9.569450389091383840e+03 7.701407085906200264e-20 1.708553092127827565e-19
9.574456317024440068e+03 7.701407085906200264e-20 1.128576634382140865e-19
9.579462244957496296e+03 7.701407085906201467e-20 7.522492875835032904e-20
9.584468172890550704e+03 7.701407085906200264e-20 7.784600887172790549e-20
9.589474100823605113e+03 7.701407085906200264e-20 7.923807521145188116e-20
9.594480028756661341e+03 7.701407085906199060e-20 7.950901542631546498e-20
9.599485956689717568e+03 7.701407085906199060e-20 9.376644350329127559e-20
9.604491884622773796e+03 7.701407085906199060e-20 1.120966377688021909e-19
9.609497812555830023e+03 7.701407085906199060e-20 1.061819113236148449e-19
9.614503740488886251e+03 7.701407085906200264e-20 1.175354729986065315e-19
9.619509668421940660e+03 7.701407085906200264e-20 1.296633827053549055e-19
9.624515596354995068e+03 7.701407085906201467e-20 1.106274534373192673e-19
9.629521524288051296e+03 7.701407085906199060e-20 8.906154623923750469e-20
9.634527452221107524e+03 7.701407085906199060e-20 7.593285823408517536e-20
9.639533380154163751e+03 7.701407085906200264e-20 7.622989023568293802e-20
9.644539308087219979e+03 7.701407085906200264e-20 7.567908001292862994e-20
9.649545236020274388e+03 7.701407085906200264e-20 8.128882398006097951e-20
9.654551163953330615e+03 7.701407085906200264e-20 8.571396791463144745e-20
9.659557091886385024e+03 7.701407085906201467e-20 9.336384521556320963e-20
9.664563019819441251e+03 7.701407085906200264e-20 1.152269461874394038e-19
9.669568947752497479e+03 7.701407085906200264e-20 1.139358450360036622e-19
9.674574875685553707e+03 7.701407085906200264e-20 1.356796872154469812e-19
9.679580803618609934e+03 7.701407085906200264e-20 1.411591818707409496e-19
9.684586731551664343e+03 7.701407085906200264e-20 1.332714388168565260e-19
9.689592659484720571e+03 7.701407085906200264e-20 1.151545353697489657e-19
9.694598587417774979e+03 7.701407085906201467e-20 1.366746209313778774e-19
9.699604515350831207e+03 7.701407085906200264e-20 1.579478179621364675e-19
9.704610443283887435e+03 7.701407085906200264e-20 1.357485211054015568e-19
9.709616371216943662e+03 7.701407085906200264e-20 1.366213380154721036e-19
9.714622299149999890e+03 7.701407085906200264e-20 1.944892899600141909e-19
9.719628227083054298e+03 7.701407085906199060e-20 1.866076599673443965e-19
9.724634155016110526e+03 7.701407085906200264e-20 1.542330182969226373e-19
9.729640082949164935e+03 7.701407085906201467e-20 1.323341708829969751e-19
9.734646010882221162e+03 7.701407085906200264e-20 1.515117486285394761e-19
9.739651938815277390e+03 7.701407085906200264e-20 1.650636252951325212e-19
9.744657866748333618e+03 7.701407085906200264e-20 1.356390476878477890e-19
9.749663794681389845e+03 7.701407085906201467e-20 1.168929343748275061e-19
9.754669722614444254e+03 7.701407085906199060e-20 1.006413953033937503e-19
9.759675650547500481e+03 7.701407085906199060e-20 9.390509713198064168e-20
9.764681578480554890e+03 7.701407085906201467e-20 9.708992428665769211e-20
9.769687506413611118e+03 7.701407085906200264e-20 9.452167248028399141e-20
9.774693434346667345e+03 7.701407085906199060e-20 9.139391785514121314e-20
9.779699362279723573e+03 7.701407085906200264e-20 1.184088312102384970e-19
9.784705290212779801e+03 7.701407085906201467e-20 2.810553926225099052e-19
9.789711218145834209e+03 7.701407085906199060e-20 3.688045038387178077e-19
9.794717146078890437e+03 7.701407085906199060e-20 2.874631235069856496e-19
9.799723074011944846e+03 7.701407085906200264e-20 1.933636641340060723e-19
9.804729001945001073e+03 7.701407085906200264e-20 1.750526235718869592e-19
9.809734929878057301e+03 7.701407085906200264e-20 1.463473068789661866e-19
9.814740857811113528e+03 7.701407085906200264e-20 1.404580382998260883e-19
9.819746785744169756e+03 7.701407085906201467e-20 1.308953923569116891e-19
9.824752713677224165e+03 7.701407085906201467e-20 1.461410460404460961e-19
9.829758641610280392e+03 7.701407085906200264e-20 1.256843804925505370e-19
9.834764569543334801e+03 7.701407085906201467e-20 1.328141632586231583e-19
9.839770497476391029e+03 7.701407085906200264e-20 1.379401161139428615e-19
9.844776425409447256e+03 7.701407085906200264e-20 1.808994975366668598e-19
9.849782353342503484e+03 7.701407085906200264e-20 1.949983051976573387e-19
9.854788281275559712e+03 7.701407085906201467e-20 1.560847138327026693e-19
9.859794209208614120e+03 7.701407085906200264e-20 1.514110742519424867e-19
9.864800137141670348e+03 7.701407085906200264e-20 3.107690817706918962e-19
9.869806065074724756e+03 7.701407085906201467e-20 3.462556218002238648e-19
9.874811993007780984e+03 7.701407085906200264e-20 2.746017851953808452e-19
9.879817920940837212e+03 7.701407085906201467e-20 1.660242797786587722e-19
9.884823848873893439e+03 7.701407085906201467e-20 1.682326414795845414e-19
9.889829776806949667e+03 7.701407085906201467e-20 2.010573713186115538e-19
9.894835704740004076e+03 7.701407085906200264e-20 2.059243467507164379e-19
9.899841632673058484e+03 7.701407085906200264e-20 1.856291747214696981e-19
9.904847560606114712e+03 7.701407085906199060e-20 1.772612067225202620e-19
9.909853488539170939e+03 7.701407085906199060e-20 2.611816963942215653e-19
9.914859416472227167e+03 7.701407085906199060e-20 2.916285567983814400e-19
9.919865344405283395e+03 7.701407085906199060e-20 2.389010176242536565e-19
9.924871272338339622e+03 7.701407085906200264e-20 1.841880610471694762e-19
9.929877200271394031e+03 7.701407085906200264e-20 1.830097960815211405e-19
9.934883128204448440e+03 7.701407085906200264e-20 2.591451226825217624e-19
9.939889056137504667e+03 7.701407085906200264e-20 2.721716129242881594e-19
9.944894984070560895e+03 7.701407085906200264e-20 3.418094159692681675e-19
9.949900912003617123e+03 7.701407085906200264e-20 4.927252276096585491e-19
9.954906839936673350e+03 7.701407085906200264e-20 3.382459469878942200e-19
9.959912767869729578e+03 7.701407085906201467e-20 4.361097919803339245e-19
9.964918695802783986e+03 7.701407085906200264e-20 3.595780155621039595e-19
9.969924623735838395e+03 7.701407085906200264e-20 3.041742581328369906e-19
9.974930551668894623e+03 7.701407085906199060e-20 2.712239693688563709e-19
9.979936479601950850e+03 7.701407085906200264e-20 2.162445212875843491e-19
9.984942407535007078e+03 7.701407085906199060e-20 2.355016916402801885e-19
9.989948335468063306e+03 7.701407085906200264e-20 2.143198373578325709e-19
9.994954263401117714e+03 7.701407085906200264e-20 2.396758254138848289e-19
9.999960191334173942e+03 7.701407085906200264e-20 2.368471154486743079e-19
1.000496611926722835e+04 7.701407085906201467e-20 3.471145331251555932e-19
1.000997204720028458e+04 7.701407085906199060e-20 4.120392237857833087e-19
1.001497797513334081e+04 7.701407085906199060e-20 5.483693186207721134e-19
1.001998390306639703e+04 7.701407085906199060e-20 4.123930053545046802e-19
1.002498983099945326e+04 7.701407085906200264e-20 3.780560088436124141e-19
1.002999575893250767e+04 7.701407085906200264e-20 3.236734215383636799e-19
1.003500168686556390e+04 7.701407085906200264e-20 2.666190480934781554e-19
1.004000761479861831e+04 7.701407085906201467e-20 2.319900044407787087e-19
1.004501354273167453e+04 7.701407085906199060e-20 2.743892361445738925e-19
1.005001947066473076e+04 7.701407085906199060e-20 2.627507377998244637e-19
1.005502539859778699e+04 7.701407085906199060e-20 2.723266872663650125e-19
1.006003132653084322e+04 7.701407085906200264e-20 3.430854503851994362e-19
1.006503725446389763e+04 7.701407085906200264e-20 3.154206689938422838e-19
1.007004318239695385e+04 7.701407085906200264e-20 3.206353024288430200e-19
1.007504911033000826e+04 7.701407085906201467e-20 3.519094519241603043e-19
1.008005503826306449e+04 7.701407085906201467e-20 4.386185221648322204e-19
1.008506096619612072e+04 7.701407085906201467e-20 3.873663264176613236e-19
1.009006689412917694e+04 7.701407085906201467e-20 3.923779860052572445e-19
1.009507282206223317e+04 7.701407085906201467e-20 3.310899969631153112e-19
1.010007874999528758e+04 7.701407085906200264e-20 3.780222494905490642e-19
1.010508467792834381e+04 7.701407085906200264e-20 4.696479728838038228e-19
1.011009060586139822e+04 7.701407085906201467e-20 3.912127198774769339e-19
1.011509653379445444e+04 7.701407085906200264e-20 4.256835694698800513e-19
1.012010246172751067e+04 7.701407085906200264e-20 7.730752412407076787e-19
1.012510838966056690e+04 7.701407085906200264e-20 7.333243086355971597e-19
1.013011431759362313e+04 7.701407085906200264e-20 5.563410794020893248e-19
1.013512024552667754e+04 7.701407085906201467e-20 4.812701778223674730e-19
1.014012617345973376e+04 7.701407085906201467e-20 4.452179733927015055e-19
1.014513210139278817e+04 7.701407085906201467e-20 5.717596955082002975e-19
1.015013802932584440e+04 7.701407085906200264e-20 5.634804002862654918e-19
1.015514395725890063e+04 7.701407085906200264e-20 5.547693621257500177e-19
1.016014988519195686e+04 7.701407085906200264e-20 6.619124678340216973e-19
1.016515581312501308e+04 7.701407085906200264e-20 6.102797276699967027e-19
1.017016174105806749e+04 7.701407085906199060e-20 6.567096887141559529e-19
1.017516766899112372e+04 7.701407085906199060e-20 6.647558163512808772e-19
1.018017359692417813e+04 7.701407085906200264e-20 6.550902008429461337e-19
1.018517952485723436e+04 7.701407085906200264e-20 9.570807836993174773e-19
1.019018545279029058e+04 7.701407085906200264e-20 8.092933730586166429e-19
1.019519138072334681e+04 7.701407085906200264e-20 8.166028432562220498e-19
1.020019730865640304e+04 7.701407085906200264e-20 8.269823150936315378e-19
1.020520323658945745e+04 7.701407085906200264e-20 6.154362221262080630e-19
1.021020916452251367e+04 7.701407085906201467e-20 9.448172703002921448e-19
1.021521509245556808e+04 7.701407085906201467e-20 6.979901627263282866e-19
1.022022102038862431e+04 7.701407085906200264e-20 7.995977162988593033e-19
1.022522694832168054e+04 7.701407085906200264e-20 9.060513466171062492e-19
1.023023287625473677e+04 7.701407085906199060e-20 8.167972729482472806e-19
1.023523880418779299e+04 7.701407085906200264e-20 9.012021453843705085e-19
1.024024473212084740e+04 7.701407085906199060e-20 7.015668433835260058e-19
1.024525066005390181e+04 7.701407085906200264e-20 7.818509485926448759e-19
1.025025658798695804e+04 7.701407085906200264e-20 6.125392649238612885e-19
1.025526251592001427e+04 7.701407085906200264e-20 6.153684041857682390e-19
1.026026844385307049e+04 7.701407085906200264e-20 8.115111414539279065e-19
1.026527437178612672e+04 7.701407085906200264e-20 7.788543010785469233e-19
1.027028029971918295e+04 7.701407085906201467e-20 7.285442146949663920e-19
1.027528622765223736e+04 7.701407085906199060e-20 8.857861290507916690e-19
1.028029215558529177e+04 7.701407085906200264e-20 6.597688265532954439e-19
1.028529808351834799e+04 7.701407085906200264e-20 1.460596761191335085e-18
1.029030401145140422e+04 7.701407085906200264e-20 7.065053743231881882e-19
1.029530993938446045e+04 7.701407085906200264e-20 1.092519038974792691e-18
