#  wl flam flam_err
4.803806996822357178e+03 5.508769836945667695e-19 5.866976226157188838e-19
4.808812924755412496e+03 -4.093980965341081307e-19 5.732204062899518426e-19
4.813818852688468723e+03 -1.042815835745554416e-18 5.660315815390767805e-19
4.818824780621524042e+03 -7.389091139778788031e-19 5.529117964792194274e-19
4.823830708554580269e+03 -7.117809274705693059e-19 5.268924869758576968e-19
4.828836636487635587e+03 -3.298649421152912469e-19 5.252733082471880159e-19
4.833842564420691815e+03 8.711638466153178401e-20 5.124523306785386683e-19
4.838848492353747133e+03 -4.127748844724160969e-19 5.039836601013128387e-19
4.843854420286802451e+03 5.388104625126401099e-20 5.000409513464901709e-19
4.848860348219858679e+03 -1.683495762675552928e-20 4.901647245464398027e-19
4.853866276152913997e+03 -1.693592619860894060e-19 4.812951882090503031e-19
4.858872204085970225e+03 -7.105508820753041499e-19 4.399275462434734878e-19
4.863878132019025543e+03 3.678183283755538686e-19 4.116961827490593676e-19
4.868884059952080861e+03 1.904585754598073516e-19 4.051094742002094347e-19
4.873889987885137089e+03 -7.210636930792764035e-19 3.933973846737871184e-19
4.878895915818192407e+03 -5.374499400313835876e-19 3.860063977917627979e-19
4.883901843751248634e+03 1.457625537024126045e-21 3.764701349669807574e-19
4.888907771684303952e+03 4.479679741816744587e-20 3.675341436234128614e-19
4.893913699617360180e+03 -5.500088570679437773e-19 3.642579542456550608e-19
4.898919627550415498e+03 -3.694227516238386857e-19 3.585302080832811927e-19
4.903925555483470816e+03 1.728346867553328765e-19 3.504535308775452182e-19
4.908931483416527044e+03 4.559841459468977300e-20 3.325641698873708722e-19
4.913937411349582362e+03 7.318615790967907126e-21 3.183970832984171594e-19
4.918943339282638590e+03 4.154787325303258392e-19 3.092586541017799174e-19
4.923949267215693908e+03 6.533442435266962104e-20 3.039100106495659420e-19
4.928955195148750136e+03 1.911659171834625686e-20 3.008911119035172219e-19
4.933961123081805454e+03 2.728724913582966316e-19 2.998988739921729060e-19
4.938967051014860772e+03 1.086014739809881323e-19 2.997961323796088308e-19
4.943972978947916999e+03 -1.260663540487247033e-19 2.974173565351840637e-19
4.948978906880972318e+03 -3.587675374608323692e-19 2.922108943271701878e-19
4.953984834814028545e+03 -4.369141758817873891e-20 2.897720990716531034e-19
4.958990762747083863e+03 -3.813914189639250364e-19 2.820533675851417038e-19
4.963996690680139181e+03 -1.801327305405502662e-19 2.857964194880903858e-19
4.969002618613195409e+03 -1.393117282536079939e-19 2.891077629158854482e-19
4.974008546546250727e+03 1.577530544464774048e-19 2.905325754967169390e-19
4.979014474479306955e+03 -3.991108201610419905e-20 2.793552163913204675e-19
4.984020402412362273e+03 5.873543900560529920e-20 2.776563200071425845e-19
4.989026330345418501e+03 -2.123069050377417159e-20 2.817189821473343339e-19
4.994032258278473819e+03 -1.459609760539661227e-19 2.823729186697909158e-19
4.999038186211529137e+03 8.824935430898039808e-20 2.694663573545465411e-19
5.004044114144585365e+03 -5.109993991893968292e-19 2.560735210960535485e-19
5.009050042077640683e+03 -1.809448216356549919e-19 2.492692488928130482e-19
5.014055970010696910e+03 1.301416505797228148e-19 2.426893274042056982e-19
5.019061897943752228e+03 -2.312402143753677391e-19 2.337162050205637272e-19
5.024067825876807547e+03 -1.291558027785618105e-19 2.288764634470111886e-19
5.029073753809863774e+03 -1.573219664405526302e-19 2.250058672433779875e-19
5.034079681742919092e+03 -1.161777941241170423e-19 2.193935306142257705e-19
5.039085609675975320e+03 -3.717117035996503999e-20 2.150521013194990737e-19
5.044091537609030638e+03 2.925573730141682866e-19 2.110855192444429922e-19
5.049097465542086866e+03 -8.076700351443914400e-20 2.099495303204596869e-19
5.054103393475142184e+03 -1.435466102904584364e-19 2.103400452700276266e-19
5.059109321408197502e+03 -2.664206479772795912e-19 2.078949017298204886e-19
5.064115249341253730e+03 -7.078989741346421001e-20 2.074408786798365510e-19
5.069121177274309048e+03 2.314988390996942061e-19 2.022703737498878219e-19
5.074127105207365275e+03 1.069739291182216224e-20 1.973581202682658085e-19
5.079133033140420594e+03 -8.224366117709597359e-20 1.945773106232846295e-19
5.084138961073476821e+03 -1.704877810472115391e-20 1.982546934078868902e-19
5.089144889006532139e+03 -1.219164373871286793e-19 2.002284967099992885e-19
5.094150816939587457e+03 -4.427254532574457886e-20 1.999972549196484506e-19
5.099156744872643685e+03 -6.303636658732102862e-20 2.062324752318859374e-19
5.104162672805699003e+03 5.056968697647307225e-20 2.052870800097418174e-19
5.109168600738755231e+03 2.616508908276196384e-20 2.082514113946212167e-19
5.114174528671810549e+03 -7.139841899816585764e-20 2.088863449324271689e-19
5.119180456604865867e+03 2.759377910960438475e-19 2.093421878010583142e-19
5.124186384537922095e+03 -1.945463717133145882e-20 2.043720241618830021e-19
5.129192312470977413e+03 -2.392264099204329154e-19 1.969860748108668529e-19
5.134198240404033641e+03 -1.677485308705132737e-19 1.940859994020862992e-19
5.139204168337088959e+03 -1.584810705980904684e-19 1.904429787658487069e-19
5.144210096270145186e+03 2.998548162565716133e-19 1.878338663700755722e-19
5.149216024203200504e+03 1.808938788426015984e-20 1.822629176652886361e-19
5.154221952136255823e+03 1.340395234140208960e-20 1.761183550844448439e-19
5.159227880069312050e+03 1.027677969488780297e-19 1.724791822065791385e-19
5.164233808002367368e+03 8.842840058601220836e-20 1.641627932641475865e-19
5.169239735935423596e+03 -1.063929684447637038e-19 1.541571696174107427e-19
5.174245663868478914e+03 -3.837378928449148386e-20 1.508981037387769577e-19
5.179251591801534232e+03 1.257910060010032355e-19 1.522155581180473048e-19
5.184257519734590460e+03 -4.654731306673192595e-20 1.528262245455742080e-19
5.189263447667645778e+03 -6.295074853288066527e-20 1.568826151769811508e-19
5.194269375600702006e+03 -1.462142689750667217e-19 1.641271150406492772e-19
5.199275303533757324e+03 -2.347416337476344151e-19 1.671111461816121506e-19
5.204281231466813551e+03 -1.090678427648791906e-19 1.629847034454629698e-19
5.209287159399868870e+03 8.900822500489273202e-21 1.572275057734441194e-19
5.214293087332924188e+03 1.147562301075473914e-19 1.577783078411114609e-19
5.219299015265980415e+03 -1.149404021401203651e-19 1.606009887643428686e-19
5.224304943199035733e+03 1.683410050265633121e-20 1.605390513265862764e-19
5.229310871132091961e+03 -7.480071091385116268e-20 1.615189775605747807e-19
5.234316799065147279e+03 -3.890356132664394057e-20 1.650488592694805307e-19
5.239322726998203507e+03 -1.251157528786239592e-19 1.702314563115437031e-19
5.244328654931258825e+03 -8.232857048745315226e-20 1.713942556960865154e-19
5.249334582864314143e+03 -6.512281277754794697e-20 1.719918917323418682e-19
5.254340510797370371e+03 -1.040113078908327277e-19 1.729653266282398947e-19
5.259346438730425689e+03 -3.658525093259199964e-20 1.617226484055458900e-19
5.264352366663481916e+03 -5.837634663102382743e-20 1.512026938804142035e-19
5.269358294596537235e+03 -4.906533999707830396e-20 1.491232124332489217e-19
5.274364222529593462e+03 1.730156676808772690e-19 1.491459642157693235e-19
5.279370150462648780e+03 -3.669546441191634662e-20 1.472860402993499705e-19
5.284376078395704099e+03 -3.011370204993950678e-19 1.442403277722354781e-19
5.289382006328760326e+03 5.885811024861715090e-20 1.457439083550750742e-19
5.294387934261815644e+03 -1.274799321860527394e-19 1.446864330326316202e-19
5.299393862194871872e+03 -2.329172802053437414e-19 1.434311212266661629e-19
5.304399790127927190e+03 -9.094380373903660139e-21 1.426861005831498447e-19
5.309405718060982508e+03 -9.516660882673770812e-20 1.413702040715443063e-19
5.314411645994038736e+03 -2.280497520837972072e-19 1.388894411865497559e-19
5.319417573927094054e+03 -2.218223670906107925e-19 1.368203938031110736e-19
5.324423501860150282e+03 -6.223466694171802940e-20 1.345931738631542390e-19
5.329429429793205600e+03 1.223249433729378249e-19 1.361559597759138815e-19
5.334435357726260918e+03 -6.960220921270919907e-20 1.353546660637569059e-19
5.339441285659317145e+03 -1.254197741851177280e-19 1.362915807523301756e-19
5.344447213592372464e+03 -4.213319868269916146e-20 1.385517880932400362e-19
5.349453141525428691e+03 7.318035730054271688e-20 1.414982509570304264e-19
5.354459069458484009e+03 -1.238628746504170819e-19 1.432690558158118991e-19
5.359464997391540237e+03 -1.301117031009301869e-19 1.430139849017122674e-19
5.364470925324595555e+03 8.274481062168516601e-20 1.436303057287618963e-19
5.369476853257650873e+03 1.949120976649448620e-20 1.445374318406186529e-19
5.374482781190707101e+03 -1.293965787286855296e-19 1.455164307056831885e-19
5.379488709123762419e+03 -1.163045846067515945e-19 1.453514004420820242e-19
5.384494637056818647e+03 -1.924023753319237499e-19 1.430704611642049896e-19
5.389500564989873965e+03 1.273927024489151161e-19 1.396411363703501171e-19
5.394506492922930192e+03 3.747311925893040335e-20 1.326139947575163029e-19
5.399512420855985511e+03 8.626712780172408126e-20 1.299303655774708068e-19
5.404518348789040829e+03 1.776898521724093530e-19 1.280955862946498332e-19
5.409524276722097056e+03 -6.963688232596332108e-20 1.260053648249482175e-19
5.414530204655152374e+03 -4.502179822105400959e-20 1.257183515644489855e-19
5.419536132588208602e+03 -1.260869131373621397e-19 1.246702594852692600e-19
5.424542060521263920e+03 1.048988719267842582e-19 1.219982469384233572e-19
5.429547988454320148e+03 -1.849138262528831878e-20 1.201818608164047446e-19
5.434553916387375466e+03 1.400554248125793604e-20 1.193707588752967820e-19
5.439559844320430784e+03 -8.290686821505228918e-21 1.200260674590415759e-19
5.444565772253487012e+03 1.914541201699492811e-20 1.199204785470367775e-19
5.449571700186542330e+03 -9.168856466169483455e-20 1.180793015384919710e-19
5.454577628119598558e+03 -1.474456419174531328e-19 1.196365125202146306e-19
5.459583556052653876e+03 -1.808691391845677985e-19 1.203779296157855450e-19
5.464589483985709194e+03 1.147035901957880411e-19 1.231771075503134021e-19
5.469595411918765421e+03 1.175031781225990582e-19 1.227989751922004736e-19
5.474601339851820740e+03 3.137977726814418074e-20 1.214017881137407022e-19
5.479607267784876967e+03 1.259568793437717493e-19 1.235540997987118515e-19
5.484613195717932285e+03 9.182785694309433914e-21 1.237003966348839796e-19
5.489619123650987603e+03 2.047236564591998023e-20 1.261945630956903314e-19
5.494625051584043831e+03 1.007395583754792176e-19 1.281710864758701864e-19
5.499630979517099149e+03 -1.118587777704961125e-19 1.295161094877867163e-19
5.504636907450155377e+03 -1.686333605897817090e-19 1.312477487591564777e-19
5.509642835383210695e+03 5.601133842944397165e-20 1.307724107873274118e-19
5.514648763316266923e+03 -8.269515068382685366e-20 1.286657624149590746e-19
5.519654691249322241e+03 1.286895188352416020e-19 1.255797646371440811e-19
5.524660619182377559e+03 1.007717875449189320e-20 1.230758716565329176e-19
5.529666547115433787e+03 2.840772872386357076e-20 1.212290700922789176e-19
5.534672475048489105e+03 1.752960158276104129e-20 1.210032044083236753e-19
5.539678402981545332e+03 -9.116679521931311667e-20 1.220784754205966441e-19
5.544684330914600650e+03 -3.932569784153965216e-20 1.215606466299373050e-19
5.549690258847656878e+03 2.158587376286794881e-20 1.173744959049344963e-19
5.554696186780712196e+03 -2.747699795468884039e-20 1.137554240719260521e-19
5.559702114713767514e+03 -6.599342937960047838e-20 1.140593369062595044e-19
5.564708042646823742e+03 7.026369801197184998e-21 1.186244064151167780e-19
5.569713970579879060e+03 9.243296594628547065e-20 2.075955128537582710e-19
5.574719898512935288e+03 -6.465013360291279447e-20 3.345147079571109515e-19
5.579725826445990606e+03 1.840859677165403923e-19 3.328912234115355980e-19
5.584731754379046833e+03 6.146424314060198224e-20 1.962320670046855339e-19
5.589737682312102152e+03 -4.532408225269343986e-20 1.113028329328908663e-19
5.594743610245157470e+03 1.053112318702215766e-19 1.110676956397523983e-19
5.599749538178213697e+03 1.076778565171699722e-19 1.136451743824318135e-19
5.604755466111269016e+03 -6.221387345723741939e-21 1.153877852548514763e-19
5.609761394044325243e+03 4.536395652228050950e-20 1.160150550870905046e-19
5.614767321977380561e+03 1.826748040320642560e-19 1.150809022564589524e-19
5.619773249910436789e+03 2.137014300691753603e-19 1.180532382985645524e-19
5.624779177843492107e+03 2.769584293405603428e-19 1.212355061741309585e-19
5.629785105776547425e+03 5.513803193422923020e-20 1.206895514362245308e-19
5.634791033709603653e+03 1.576478587151064610e-19 1.191964587583026519e-19
5.639796961642658971e+03 -3.942194892004518499e-21 1.183970520305711998e-19
5.644802889575714289e+03 2.469631046030801504e-20 1.151335281916126738e-19
5.649808817508770517e+03 -8.364457034137048329e-20 1.125341824931315127e-19
5.654814745441825835e+03 -4.338254320862714092e-20 1.086849227215545359e-19
5.659820673374882062e+03 8.192828941553845712e-20 1.064086117137160173e-19
5.664826601307937381e+03 2.770976926761879874e-19 1.075194872539195774e-19
5.669832529240993608e+03 1.292654359446540573e-19 1.067300786908405214e-19
5.674838457174048926e+03 5.318170622216728940e-20 1.059877167697811050e-19
5.679844385107104245e+03 1.005675758502373954e-19 1.045719655834062480e-19
5.684850313040160472e+03 4.413556008546910745e-20 1.040136207444765246e-19
5.689856240973215790e+03 -1.844272659043689548e-19 1.041226798690393154e-19
5.694862168906272018e+03 -3.339167128173173571e-20 1.048062356014492232e-19
5.699868096839327336e+03 -2.641628409375329122e-20 1.042441060512954322e-19
5.704874024772383564e+03 -5.286787426817068679e-20 1.026254022834536379e-19
5.709879952705438882e+03 4.483003934232228876e-20 1.030675751566907860e-19
5.714885880638494200e+03 6.485828661333313955e-20 1.037676260123853615e-19
5.719891808571550428e+03 -1.255551855487972550e-19 1.057781832335893655e-19
5.724897736504605746e+03 -3.665783607241384696e-21 1.050045980898664659e-19
5.729903664437661973e+03 4.760256318144464040e-20 1.066445962225542712e-19
5.734909592370717291e+03 -1.500843415499598728e-19 1.068140170295742941e-19
5.739915520303773519e+03 8.129784898867080805e-20 1.072174201647770991e-19
5.744921448236828837e+03 1.542524227333771683e-19 1.100253932493249079e-19
5.749927376169884155e+03 -1.134806048962831301e-19 1.116765857688777637e-19
5.754933304102940383e+03 -1.555866234026335788e-19 1.127467068816774779e-19
5.759939232035995701e+03 6.496156557758205510e-20 1.152247528999906314e-19
5.764945159969051929e+03 2.675883158918179145e-20 1.166462800264479739e-19
5.769951087902107247e+03 3.739015625558787367e-20 1.125322472818147024e-19
5.774957015835163475e+03 1.900833748733314497e-21 1.096882880605561378e-19
5.779962943768218793e+03 1.220195250584008426e-19 1.066794612129078289e-19
5.784968871701274111e+03 8.191151013408829952e-20 1.036391982255988614e-19
5.789974799634330338e+03 2.129980383148810305e-19 1.039478716095810317e-19
5.794980727567385657e+03 -2.018611798819883836e-20 1.014268115227756497e-19
5.799986655500441884e+03 1.196957283317747629e-20 9.939854966309486179e-20
5.804992583433497202e+03 6.139501201603256374e-20 9.904302373399527940e-20
5.809998511366552520e+03 2.794040578868044379e-20 9.790295334192184985e-20
5.815004439299608748e+03 9.207932255919575193e-20 9.682956730739149355e-20
5.820010367232664066e+03 7.981370407616975054e-20 9.675460881264932715e-20
5.825016295165720294e+03 1.968307423459889333e-20 9.640962353044286296e-20
5.830022223098775612e+03 8.049359140691551748e-20 9.733848282851482960e-20
5.835028151031830930e+03 1.797510576241753362e-19 9.742720157873101298e-20
5.840034078964887158e+03 4.045084296903661533e-20 9.676498346544324515e-20
5.845040006897942476e+03 -7.036050198022646158e-20 9.735864715782953133e-20
5.850045934830998704e+03 1.708722108554787469e-20 9.774351993285616568e-20
5.855051862764054022e+03 7.306285466008023827e-20 9.976533822259529710e-20
5.860057790697110249e+03 -8.961668438730664708e-20 1.048726579132111961e-19
5.865063718630165567e+03 5.066505883236085704e-20 1.153612501691194456e-19
5.870069646563220886e+03 2.084336240872422643e-20 1.174304675581806250e-19
5.875075574496277113e+03 4.993863504487677652e-20 1.113418183172746128e-19
5.880081502429332431e+03 5.368535510430714381e-20 1.179279522194080892e-19
5.885087430362388659e+03 2.513189876151691444e-19 1.750085701331003485e-19
5.890093358295443977e+03 2.000454721969986598e-20 2.078041410584508666e-19
5.895099286228500205e+03 3.361157321766987692e-19 1.920696724264820449e-19
5.900105214161555523e+03 1.876975701767424165e-19 1.415744287990930071e-19
5.905111142094610841e+03 3.276496707619201871e-20 1.106360548845016617e-19
5.910117070027667069e+03 -2.464481595136682385e-20 1.109098028430050567e-19
5.915122997960722387e+03 8.638975088606503301e-20 1.097049630043986316e-19
5.920128925893778614e+03 6.882810111103616572e-20 1.071944006091552755e-19
5.925134853826833933e+03 -7.739625231812630688e-21 1.043170696758529015e-19
5.930140781759890160e+03 -1.127344860497850954e-19 1.066032421526496537e-19
5.935146709692945478e+03 6.311204275360702727e-20 1.042421381206013880e-19
5.940152637626000796e+03 -3.286878110174520361e-20 9.790453828215343740e-20
5.945158565559057024e+03 2.696078373786063759e-20 9.849845443237683815e-20
5.950164493492112342e+03 1.311661867369077146e-19 1.029714500934566868e-19
5.955170421425167660e+03 5.553203938836864238e-20 1.006931764174145245e-19
5.960176349358223888e+03 7.286187730903433159e-20 9.663568873115744604e-20
5.965182277291280116e+03 9.988847942779365475e-21 9.586828514211713189e-20
5.970188205224335434e+03 -7.913876671967575724e-20 9.907585972379610097e-20
5.975194133157390752e+03 5.251034199076974382e-20 1.008762236535326739e-19
5.980200061090446980e+03 4.205918611158253044e-20 9.948458263604171832e-20
5.985205989023502298e+03 5.656006278656315762e-21 9.659205018646176092e-20
5.990211916956557616e+03 2.953217856658834234e-20 9.646281196634930018e-20
5.995217844889613843e+03 1.330700450837679336e-19 9.874317184698938655e-20
6.000223772822669162e+03 9.122006978122441914e-20 1.006718404024934688e-19
6.005229700755725389e+03 1.266051016997292884e-19 1.013202972475826455e-19
6.010235628688780707e+03 -2.699586583964787877e-21 9.906879647847110016e-20
6.015241556621836935e+03 5.637472129672417441e-20 9.910734811045539358e-20
6.020247484554892253e+03 -4.429185585936052099e-20 9.699344927145518787e-20
6.025253412487947571e+03 -6.177817820324188954e-20 9.560733687307116017e-20
6.030259340421003799e+03 1.483211318963302073e-20 9.508389087657885568e-20
6.035265268354059117e+03 3.541184702742387635e-21 9.274341986774673192e-20
6.040271196287115345e+03 -1.168793799206852963e-19 8.949686778807425275e-20
6.045277124220170663e+03 7.855895415097155995e-20 8.792254872863817762e-20
6.050283052153226890e+03 1.390075458006840571e-19 8.621078407499409547e-20
6.055288980086282209e+03 4.861685035360425919e-20 8.486299702777300489e-20
6.060294908019337527e+03 8.479591540723175638e-20 8.529502489658695842e-20
6.065300835952393754e+03 2.704111601317599004e-20 8.412696330843617777e-20
6.070306763885449072e+03 -5.158072246868352197e-20 8.305931843847950145e-20
6.075312691818505300e+03 1.459317908345120560e-19 8.224995577817517164e-20
6.080318619751560618e+03 1.397004112491530738e-19 8.157906694603040426e-20
6.085324547684616846e+03 1.379966371848745490e-19 8.156837661749194687e-20
6.090330475617672164e+03 5.225310936638013334e-20 8.093755694288706795e-20
6.095336403550727482e+03 -7.816472088325466684e-21 8.171759664172863084e-20
6.100342331483783710e+03 2.478455013520955312e-20 8.280206421682953607e-20
6.105348259416839028e+03 7.215010375953989919e-20 8.308157437599660661e-20
6.110354187349894346e+03 3.652939628390948494e-19 8.242678267271064354e-20
6.115360115282950574e+03 1.914795861334125644e-19 8.239744421496259725e-20
6.120366043216006801e+03 1.270624318835965476e-19 8.302632336113537913e-20
6.125371971149062119e+03 1.522859107239458972e-19 8.398076820706988647e-20
6.130377899082117438e+03 1.951145419236664776e-19 8.629142881877530109e-20
6.135383827015173665e+03 2.378933189238085509e-19 8.959183077082260666e-20
6.140389754948228983e+03 7.410824970154036704e-20 9.273157888522127900e-20
6.145395682881284301e+03 1.534589257761948155e-19 9.286883347352163653e-20
6.150401610814340529e+03 -3.299020704039858478e-20 8.816346777578084242e-20
6.155407538747396757e+03 -1.146134025126756686e-20 8.456785964076410280e-20
6.160413466680452075e+03 6.681913857126394748e-20 8.203358972737077608e-20
6.165419394613507393e+03 1.077141885619822021e-19 8.412595063449851432e-20
6.170425322546563621e+03 1.240315098825715863e-19 8.592001207393614872e-20
6.175431250479618939e+03 6.736208537721824762e-21 8.247369960686161751e-20
6.180437178412674257e+03 6.901332654898103056e-21 7.886946297032085201e-20
6.185443106345730484e+03 1.059473179437099024e-19 7.762696908588518240e-20
6.190449034278785803e+03 -3.867565875332602331e-20 7.662335388587849995e-20
6.195454962211842030e+03 8.125251474495824132e-20 7.755254284709996206e-20
6.200460890144897348e+03 1.311932642760410026e-19 7.838435449301453809e-20
6.205466818077953576e+03 6.908620993326702935e-20 7.811328100002160868e-20
6.210472746011008894e+03 1.310558853496164918e-19 7.625472202945978601e-20
6.215478673944064212e+03 1.492683269860314918e-19 7.777063173267111088e-20
6.220484601877120440e+03 1.911679663672802113e-19 7.985340913058657606e-20
6.225490529810175758e+03 1.251984788676605496e-19 7.970259278388622398e-20
6.230496457743231986e+03 -1.373460667135750328e-19 8.991485898602891220e-20
6.235502385676287304e+03 1.856836958009944892e-19 9.888266215013457110e-20
6.240508313609343531e+03 2.252891258471028374e-19 9.721161017651430381e-20
6.245514241542398850e+03 4.709910424137741809e-20 8.625021320285680457e-20
6.250520169475454168e+03 4.774378167667110858e-20 8.800293621775566839e-20
6.255526097408510395e+03 6.380632303958556053e-20 9.938543127894016215e-20
6.260532025341565713e+03 2.003622841434412242e-19 1.046296667382519895e-19
6.265537953274621032e+03 4.478809507098751201e-20 9.585739786160152223e-20
6.270543881207677259e+03 1.114678125969726304e-19 9.285567698362173093e-20
6.275549809140733487e+03 2.187118451482433254e-19 9.023505865013260285e-20
6.280555737073788805e+03 4.146102957287800110e-20 9.379991886095463917e-20
6.285561665006844123e+03 1.600080848720537476e-20 9.707351843551500775e-20
6.290567592939900351e+03 1.574374978609124230e-20 1.145028731192986809e-19
6.295573520872955669e+03 2.075151530609492937e-20 1.882553560556092793e-19
6.300579448806010987e+03 -1.303820927257195797e-19 2.006203612879797209e-19
6.305585376739067215e+03 2.333393544434280719e-19 1.553700703656606913e-19
6.310591304672123442e+03 4.248849292183977775e-20 9.079465148822952745e-20
6.315597232605178760e+03 3.676973131354836854e-20 7.907233799451078428e-20
6.320603160538234079e+03 4.341371180100422163e-20 8.126522569011078528e-20
6.325609088471290306e+03 1.904189576835156994e-20 8.797388038816187052e-20
6.330615016404345624e+03 1.518469415024729910e-19 8.601158365499959752e-20
6.335620944337400942e+03 1.682011728506116677e-19 7.824153345293777571e-20
6.340626872270457170e+03 2.218560791406503667e-19 7.386790120598873472e-20
6.345632800203512488e+03 1.915107264109565906e-19 7.688378419397211794e-20
6.350638728136568716e+03 1.675965266521517176e-19 8.186262336965818081e-20
6.355644656069624034e+03 4.649909071051228170e-20 9.682525451032999108e-20
6.360650584002680262e+03 4.709779476747565891e-20 1.239381360747430344e-19
6.365656511935735580e+03 1.237925681379474229e-19 1.217023508290532183e-19
6.370662439868790898e+03 8.844422282309644979e-20 9.060235934038318086e-20
6.375668367801847126e+03 8.149238194355060652e-20 7.736352842105349922e-20
6.380674295734902444e+03 1.099554919189086001e-19 8.105056558965191262e-20
6.385680223667958671e+03 -2.616981424238661887e-20 8.244406500723527174e-20
6.390686151601013989e+03 1.292143356530309256e-19 8.101760735446516533e-20
6.395692079534070217e+03 2.531653558287321008e-19 7.893624034940698642e-20
6.400698007467125535e+03 2.018509747996278320e-19 7.893772666600659533e-20
6.405703935400180853e+03 8.843043071223788308e-20 7.808564932628372937e-20
6.410709863333237081e+03 1.654561843454721510e-20 7.608861327955818121e-20
6.415715791266292399e+03 7.531631154330079512e-21 7.645897713947189565e-20
6.420721719199348627e+03 2.134296395639712299e-19 7.475797406970386862e-20
6.425727647132403945e+03 1.723010046638419999e-19 7.214019187687308551e-20
6.430733575065460172e+03 3.973030941142091843e-20 6.967867431186509018e-20
6.435739502998515491e+03 1.468100591311759412e-19 6.888557519671465136e-20
6.440745430931570809e+03 2.911472278045740193e-19 6.824978904046891163e-20
6.445751358864627036e+03 6.909477235484832265e-20 6.788320393699814284e-20
6.450757286797682355e+03 5.135040557935526447e-21 6.869184441628843138e-20
6.455763214730737673e+03 1.538066149696676427e-20 7.110115733282883575e-20
6.460769142663793900e+03 9.207739488429036827e-20 7.731453614001446409e-20
6.465775070596850128e+03 1.335639485864767336e-19 8.372313419322718300e-20
6.470780998529905446e+03 1.747482910178368284e-19 8.103499311158818894e-20
6.475786926462960764e+03 9.156073304032461587e-20 7.398396733555074553e-20
6.480792854396016992e+03 1.176869116090192330e-19 6.888893312275565105e-20
6.485798782329072310e+03 3.976987504098739496e-20 6.761678385742907640e-20
6.490804710262127628e+03 4.977177805407069942e-20 7.336589156099516185e-20
6.495810638195183856e+03 1.165025086131331982e-20 8.696991032544922658e-20
6.500816566128239174e+03 1.019837144431952983e-19 9.182365935839984190e-20
6.505822494061295401e+03 8.814576852352686354e-20 8.127278199507301182e-20
6.510828421994350720e+03 1.619701475917853056e-20 7.544849527733036835e-20
6.515834349927406947e+03 -1.526320357299228056e-20 7.639921586626191001e-20
6.520840277860462265e+03 -4.772201940757284568e-20 7.880903435483044728e-20
6.525846205793517584e+03 4.458641731942155592e-20 8.630000404652056173e-20
6.530852133726573811e+03 3.539360590366967476e-20 9.147189801252474473e-20
6.535858061659629129e+03 -5.571755670612375670e-20 8.849312694791261601e-20
6.540863989592685357e+03 1.484663932525309440e-19 8.100194435887757550e-20
6.545869917525740675e+03 1.810165402919144118e-19 8.405792906097238588e-20
6.550875845458796903e+03 1.735638068071790898e-20 8.697537770514971247e-20
6.555881773391852221e+03 1.559183049715854830e-19 8.755300111256143361e-20
6.560887701324907539e+03 8.915061138108823389e-20 8.061803794932524753e-20
6.565893629257963767e+03 1.509196882843261070e-19 7.897168688253336814e-20
6.570899557191019085e+03 7.695892456952910817e-20 7.801940954472226494e-20
6.575905485124075312e+03 9.439117153359686741e-20 7.870514252368684151e-20
6.580911413057130630e+03 -7.568179196979255631e-22 7.341961458678302598e-20
6.585917340990186858e+03 9.093202598004229474e-20 6.529798291764418695e-20
6.590923268923242176e+03 1.160910402501214818e-19 6.584631564230931029e-20
6.595929196856297494e+03 6.460121613843715054e-20 6.843180378646393992e-20
6.600935124789353722e+03 1.510363522783488665e-19 7.169939738118507271e-20
6.605941052722409040e+03 1.654477283443999176e-19 6.967964022379705023e-20
6.610946980655464358e+03 1.909737817219136732e-19 6.591085949107126365e-20
6.615952908588520586e+03 1.039478788985005179e-19 6.452768805538447406e-20
6.620958836521576814e+03 1.650295797945742057e-20 6.558540463569472660e-20
6.625964764454632132e+03 8.589858692073881852e-20 6.795911092347627476e-20
6.630970692387687450e+03 1.133621801268010289e-19 7.055245734094336793e-20
6.635976620320743677e+03 9.023962405444862054e-20 7.022787654025554057e-20
6.640982548253798996e+03 9.661657249177765524e-20 6.862027963255290701e-20
6.645988476186854314e+03 1.245839132973145160e-19 6.940509238070434811e-20
6.650994404119910541e+03 1.755387421121638286e-19 7.102999830470810004e-20
6.656000332052965859e+03 2.485117110666754603e-19 7.268549440074888711e-20
6.661006259986022087e+03 5.360942432889429470e-20 7.186550248664119836e-20
6.666012187919077405e+03 3.435384227547066965e-20 6.986287720165100402e-20
6.671018115852133633e+03 1.285092199988856971e-19 6.826925485722464808e-20
6.676024043785188951e+03 1.663655214575111304e-19 6.660368180344537579e-20
6.681029971718244269e+03 6.724404163631872677e-20 6.500645443599994753e-20
6.686035899651300497e+03 4.692991854100611989e-20 6.427871679635159572e-20
6.691041827584355815e+03 1.436944981304770876e-20 6.326563759023014321e-20
6.696047755517412043e+03 2.441850224380276161e-20 6.363571498916302408e-20
6.701053683450467361e+03 1.065524238769520403e-19 6.325522224038359952e-20
6.706059611383523588e+03 9.518586009980468063e-20 6.253651151552939981e-20
6.711065539316578906e+03 2.208302534882354331e-19 6.215131344466062314e-20
6.716071467249634225e+03 1.666577289874605321e-19 6.151733481424371253e-20
6.721077395182690452e+03 1.138892502031723457e-19 6.074508757360341373e-20
6.726083323115745770e+03 2.574912392607860769e-20 6.068056731110061487e-20
6.731089251048801998e+03 6.137391394676457801e-20 6.072454835763634825e-20
6.736095178981857316e+03 -2.393138513533653641e-20 6.129297126640949956e-20
6.741101106914913544e+03 1.791892020983037684e-20 6.165740527626670390e-20
6.746107034847968862e+03 4.224123701281094262e-20 6.174284395551386031e-20
6.751112962781024180e+03 2.142029111356722027e-21 6.246912675227026861e-20
6.756118890714080408e+03 6.488072926701816399e-20 6.243433468479993885e-20
6.761124818647135726e+03 -1.316504821234969603e-20 6.330248523811244778e-20
6.766130746580191044e+03 6.369103393612699867e-20 6.400884672484944481e-20
6.771136674513247272e+03 1.337524808524156330e-19 6.563872618775292792e-20
6.776142602446303499e+03 7.421016759231124494e-20 6.630920396871467132e-20
6.781148530379358817e+03 1.750077435837264353e-20 6.810030981332583947e-20
6.786154458312414135e+03 -1.820809414358044565e-20 6.806103537279333709e-20
6.791160386245470363e+03 -4.755285273733139143e-20 6.859678492672939429e-20
6.796166314178525681e+03 -4.504715177533157473e-20 6.484055117667629786e-20
6.801172242111580999e+03 2.427380513287626707e-20 6.342081362981144609e-20
6.806178170044637227e+03 9.826590117333016779e-20 6.257934384463145143e-20
6.811184097977693455e+03 6.554941327561694716e-20 6.137289466318876982e-20
6.816190025910748773e+03 2.233444502716700274e-20 6.171692212524941306e-20
6.821195953843804091e+03 -2.935363725122870903e-20 7.273591761508749124e-20
6.826201881776860318e+03 -1.045427204843742757e-19 9.207547014531954842e-20
6.831207809709915637e+03 1.335846648699037280e-19 1.001475793859870603e-19
6.836213737642970955e+03 1.606200134099895977e-19 8.671726579437389718e-20
6.841219665576027182e+03 8.742055729833878270e-21 6.967019462410320840e-20
6.846225593509082501e+03 1.519303672945011327e-19 6.334915836927367758e-20
6.851231521442138728e+03 1.165587680353912414e-19 5.982796527350940153e-20
6.856237449375194046e+03 -4.761721766573580030e-20 7.564236990385164977e-20
6.861243377308250274e+03 -2.795636250938545070e-20 1.137792616462584837e-19
6.866249305241305592e+03 -1.048365568690026593e-19 1.266064190439261792e-19
6.871255233174360910e+03 6.297281211180153651e-20 1.007710387153408909e-19
6.876261161107417138e+03 7.453374259097882028e-20 8.945028655297879597e-20
6.881267089040473365e+03 -2.962934507809759660e-21 8.633101305083765523e-20
6.886273016973527774e+03 -3.374709068897875331e-20 9.197690797916056304e-20
6.891278944906584002e+03 -7.403875803721175434e-20 9.169156436875795692e-20
6.896284872839640229e+03 1.220828072662266572e-19 9.401608077827099172e-20
6.901290800772695547e+03 1.341155234758302369e-20 9.377232778786875571e-20
6.906296728705750866e+03 -8.421086472559253885e-21 9.351927608123364253e-20
6.911302656638807093e+03 3.187833536397130469e-20 9.209440322005334315e-20
6.916308584571862411e+03 -2.001779312029414520e-20 1.018557036178524614e-19
6.921314512504917730e+03 -3.042164087314418261e-20 1.002436365483530600e-19
6.926320440437973957e+03 -1.242751921060996410e-19 8.722720538178123908e-20
6.931326368371030185e+03 3.549839698391767978e-20 6.808094072317070405e-20
6.936332296304085503e+03 1.471914199757739394e-19 7.225489690073723773e-20
6.941338224237140821e+03 6.101223164469051296e-20 7.995247181155935540e-20
6.946344152170197049e+03 1.175230782926215080e-19 8.567465934458051794e-20
6.951350080103252367e+03 1.454161173999124065e-19 8.214977430287430727e-20
6.956356008036307685e+03 1.379334213863698922e-19 6.354707341642276907e-20
6.961361935969363913e+03 1.474155857395399552e-20 6.061743252499777138e-20
6.966367863902420140e+03 9.524178599380825590e-21 6.494359634737965956e-20
6.971373791835475458e+03 6.717729356281638951e-20 7.161169266674595259e-20
6.976379719768530776e+03 8.750646492314354446e-20 7.412648767063380968e-20
6.981385647701587004e+03 9.780122764149387332e-20 7.024961099417845865e-20
6.986391575634642322e+03 1.402470479737718569e-19 6.002081732005264588e-20
6.991397503567697640e+03 6.744702741362282368e-20 5.789829959278960389e-20
6.996403431500753868e+03 1.719885335030694942e-20 5.997410249861222264e-20
7.001409359433810096e+03 1.045296307427039119e-19 6.323509800063580504e-20
7.006415287366865414e+03 1.622517342358007427e-20 6.816425811145199048e-20
7.011421215299920732e+03 9.069221942197830209e-21 6.694229931362432876e-20
7.016427143232976960e+03 -1.900226116825015229e-20 6.334343700534955619e-20
7.021433071166032278e+03 -3.632515101816049427e-21 6.012501823807904890e-20
7.026438999099087596e+03 1.045224519758490193e-19 6.178560480363886564e-20
7.031444927032143823e+03 -2.571846345259883712e-20 6.308438689311080256e-20
7.036450854965200051e+03 8.181623042495039091e-20 6.627937009860331625e-20
7.041456782898254460e+03 -5.759500731494501856e-20 7.023570583670255579e-20
7.046462710831310687e+03 7.598339638907438607e-20 7.346641771433522254e-20
7.051468638764366915e+03 8.515512493374042636e-20 7.051471639073274245e-20
7.056474566697422233e+03 5.517714120654183336e-20 6.417496916452317727e-20
7.061480494630477551e+03 3.857054221894242995e-20 6.307980608803333166e-20
7.066486422563533779e+03 5.640821367070772966e-20 6.305433622539210111e-20
7.071492350496589097e+03 -3.629445310774507699e-20 6.175702115700906663e-20
7.076498278429644415e+03 5.906046539033170999e-20 6.169715008243173180e-20
7.081504206362700643e+03 6.813325665056413545e-20 6.174287663549346483e-20
7.086510134295756870e+03 9.592439573101186993e-20 6.170797732481290775e-20
7.091516062228812189e+03 1.107933622376833580e-19 6.006502552290908082e-20
7.096521990161867507e+03 3.589787677517138865e-20 5.713897484933671720e-20
7.101527918094923734e+03 2.678185361682077572e-20 5.650062816575371942e-20
7.106533846027979052e+03 1.012740299896432488e-20 5.631590892668627942e-20
7.111539773961034371e+03 -2.636319726307389125e-20 5.640901693725130069e-20
7.116545701894090598e+03 -4.109683164718643510e-20 5.651399675523113467e-20
7.121551629827146826e+03 8.441811715171262240e-20 5.765261788441384212e-20
7.126557557760202144e+03 8.871986744314329296e-20 5.963239645210088243e-20
7.131563485693257462e+03 8.551466931632244556e-19 6.366438194834545602e-20
7.136569413626313690e+03 2.876164897986462843e-18 7.277299105045382091e-20
7.141575341559369008e+03 3.120727539407778347e-18 7.621929340837368896e-20
7.146581269492424326e+03 1.895368736827758709e-18 7.348606523892701264e-20
7.151587197425480554e+03 9.234890187138028151e-19 6.839211323312866634e-20
7.156593125358536781e+03 5.175035012041638798e-19 6.755840006885429722e-20
7.161599053291592099e+03 3.378274484823790379e-19 6.864682424558563862e-20
7.166604981224647418e+03 1.950169235345405566e-19 6.877681088980589327e-20
7.171610909157703645e+03 2.183258896768559014e-19 6.840165011452344193e-20
7.176616837090758963e+03 2.867550294568971922e-19 6.667467718895797974e-20
7.181622765023814281e+03 2.319898240719971240e-19 6.371364596647025325e-20
7.186628692956870509e+03 3.206591093547225683e-19 6.116946842699956925e-20
7.191634620889926737e+03 1.953579618291814286e-19 5.934028053748799949e-20
7.196640548822981145e+03 2.035955769733461926e-19 5.826676033646910886e-20
7.201646476756037373e+03 2.644042166498587396e-19 5.761068128432161543e-20
7.206652404689093601e+03 2.677794545767406408e-19 5.737276493515834966e-20
7.211658332622148919e+03 1.514438383086959521e-19 5.678723860021635118e-20
7.216664260555204237e+03 1.268461753037246433e-19 5.741473006574037664e-20
7.221670188488260465e+03 2.213156788615597603e-19 5.799657668956433797e-20
7.226676116421315783e+03 2.017283644608360906e-19 5.916304371880261813e-20
7.231682044354371101e+03 1.780764072897384631e-19 7.723445812113345377e-20
7.236687972287427328e+03 1.154323232806841337e-19 1.146239401529566927e-19
7.241693900220483556e+03 2.340023950141306239e-19 1.331166464449619234e-19
7.246699828153538874e+03 1.373058976911399684e-19 1.153632720349678165e-19
7.251705756086594192e+03 5.350035481787995467e-21 8.531482120904972562e-20
7.256711684019650420e+03 1.077642365820713460e-19 7.144846442664050435e-20
7.261717611952705738e+03 5.424497735898973467e-20 6.407501507882717713e-20
7.266723539885761056e+03 2.240622941112687811e-19 7.422798529661620325e-20
7.271729467818817284e+03 7.540180799178274609e-20 1.211675235151352282e-19
7.276735395751873511e+03 1.806232460419987311e-19 1.352698467466096290e-19
7.281741323684928830e+03 6.789347991409129022e-20 1.215774161308599314e-19
7.286747251617984148e+03 2.964770189179622401e-19 9.648414671612249768e-20
7.291753179551040375e+03 1.122961579093849669e-19 8.212956522593813759e-20
7.296759107484095694e+03 2.324708166170900170e-19 8.590735104474243981e-20
7.301765035417151012e+03 2.901157822405745265e-19 8.743646549607168811e-20
7.306770963350207239e+03 2.597615095685380626e-19 8.917321066339501186e-20
7.311776891283263467e+03 2.127649586173004299e-19 1.127074297639871581e-19
7.316782819216318785e+03 1.398890721437040926e-19 1.125701266229636405e-19
7.321788747149374103e+03 2.046950551071769401e-19 9.486208864484898912e-20
7.326794675082430331e+03 2.077847180152451459e-19 8.465714721586144550e-20
7.331800603015485649e+03 2.702459972930764245e-19 9.201778113324645032e-20
7.336806530948540967e+03 3.148925732927572150e-19 1.146109408311433023e-19
7.341812458881597195e+03 3.519152466648027895e-19 1.142670887415649384e-19
7.346818386814653422e+03 1.248923714934971673e-19 8.471758260897804270e-20
7.351824314747707831e+03 1.484387818928620834e-19 7.293593034753790494e-20
7.356830242680764059e+03 1.635638609580968999e-19 8.102825968692795762e-20
7.361836170613820286e+03 1.439153331131396963e-19 9.400816811498887568e-20
7.366842098546875604e+03 8.224787073741112769e-20 1.045859865550351662e-19
7.371848026479930923e+03 2.378483407237002272e-19 1.007880718259835707e-19
7.376853954412987150e+03 2.097723198367670916e-19 6.916940438013048964e-20
7.381859882346043378e+03 1.578277193038189825e-19 6.033095970712055316e-20
7.386865810279097786e+03 2.720870840280450044e-19 7.270135214033985097e-20
7.391871738212154014e+03 2.929396790783431100e-19 7.930701712292996916e-20
7.396877666145210242e+03 2.463306981946944542e-19 9.576090662567194004e-20
7.401883594078265560e+03 3.205122945648196256e-19 9.414191070070885769e-20
7.406889522011320878e+03 2.308485834408595364e-19 8.245957706976740667e-20
7.411895449944377106e+03 2.518269523422100991e-19 6.453409294284581939e-20
7.416901377877432424e+03 2.848080305355290024e-19 6.509383984495316312e-20
7.421907305810487742e+03 1.418703419281104539e-19 6.887041736032289046e-20
7.426913233743543969e+03 3.367474562984722755e-19 7.461722316736001422e-20
7.431919161676600197e+03 2.883361773364542278e-19 8.318301494102480983e-20
7.436925089609655515e+03 6.307002952493892120e-20 8.115724746389145097e-20
7.441931017542710833e+03 3.037517877198667098e-19 7.450227301261798609e-20
7.446936945475767061e+03 1.721668156161542517e-19 5.966883523610427127e-20
7.451942873408822379e+03 2.347603326725786636e-19 5.860074141512153444e-20
7.456948801341877697e+03 2.286756568741843864e-19 6.197520031567356324e-20
7.461954729274933925e+03 2.312212868860470530e-19 6.916315130616251031e-20
7.466960657207990153e+03 2.389479822280934129e-19 7.839318717213075178e-20
7.471966585141045471e+03 3.071106091862215346e-19 8.296004336731733757e-20
7.476972513074100789e+03 4.255698029983495816e-19 8.744984200510595997e-20
7.481978441007157016e+03 1.699821941210400987e-19 8.259988319508797630e-20
7.486984368940212335e+03 1.293554357071627470e-19 7.347028730262761981e-20
7.491990296873267653e+03 1.753292564623179755e-19 6.270654036395750838e-20
7.496996224806323880e+03 1.736988463269273910e-19 6.059924837866102276e-20
7.502002152739380108e+03 1.429931477706906351e-19 5.651608899754682692e-20
7.507008080672435426e+03 1.787273403094649159e-19 5.563073002577101228e-20
7.512014008605490744e+03 1.507662870002693227e-19 5.956837684735212298e-20
7.517019936538546972e+03 2.379863177794463061e-19 8.532936626723109153e-20
7.522025864471602290e+03 1.253049031305809780e-19 1.071946867781958360e-19
7.527031792404657608e+03 2.626916156219906979e-19 1.089382173240492727e-19
7.532037720337713836e+03 2.165805188539771621e-19 8.213235935966661269e-20
7.537043648270770063e+03 1.594414099463758364e-19 7.155868359538208899e-20
7.542049576203824472e+03 2.154248339190050451e-19 6.835485031511370252e-20
7.547055504136880700e+03 2.015720375125431301e-19 6.679765661513479864e-20
7.552061432069936927e+03 2.766630527071887336e-19 7.436848466241154960e-20
7.557067360002992245e+03 2.339847919514536487e-19 7.562856050072471007e-20
7.562073287936047564e+03 1.266538259419463233e-19 7.607385936119275631e-20
7.567079215869103791e+03 1.182585191040286533e-19 9.406807788385041389e-20
7.572085143802159109e+03 9.867983552415844414e-20 9.594478439026136205e-20
7.577091071735214427e+03 2.729435323454938346e-19 8.011974702659274854e-20
7.582096999668270655e+03 2.621781361758170760e-19 7.070870537806826044e-20
7.587102927601326883e+03 1.408359043337636951e-19 6.919835582436219163e-20
7.592108855534382201e+03 2.507851029505824334e-19 8.282919603075262141e-20
7.597114783467437519e+03 2.198248285551254605e-19 1.132930229190326585e-19
7.602120711400493747e+03 2.626068648635530487e-19 1.448793824042901542e-19
7.607126639333549065e+03 1.414325909270306773e-19 1.252385708751942332e-19
7.612132567266604383e+03 2.772361271600238808e-19 1.194769654923064913e-19
7.617138495199660611e+03 2.825706024516083119e-19 9.867204746297386833e-20
7.622144423132716838e+03 2.444019128898445110e-19 1.013831604961463997e-19
7.627150351065772156e+03 3.638369938252847047e-19 1.129374439807100268e-19
7.632156278998827474e+03 3.494544706522716106e-19 1.110160282950402209e-19
7.637162206931883702e+03 3.054123988909746310e-19 8.833645871773684348e-20
7.642168134864939020e+03 1.407150539296302984e-19 8.153522783857937740e-20
7.647174062797994338e+03 1.737400248729915568e-19 8.257195327304078577e-20
7.652179990731050566e+03 2.307723655050441480e-19 8.310066003553261372e-20
7.657185918664106794e+03 4.382540050727071025e-19 9.231728310693074377e-20
7.662191846597162112e+03 1.614600218340973792e-19 9.774266135441010001e-20
7.667197774530217430e+03 3.847166062747382364e-19 9.393174198878192958e-20
7.672203702463273657e+03 3.178780522855678247e-19 7.643993269043580406e-20
7.677209630396328976e+03 3.077358231899094028e-19 7.520255709568832490e-20
7.682215558329384294e+03 2.836375901436251298e-19 7.749165044080776041e-20
7.687221486262440521e+03 1.675548138134699571e-19 7.868641595688338112e-20
7.692227414195496749e+03 2.310802929827972530e-19 8.082550803561126006e-20
7.697233342128551158e+03 3.220635826062132478e-19 8.481445752762415001e-20
7.702239270061607385e+03 2.103429212801051232e-19 8.536404263909405245e-20
7.707245197994663613e+03 7.465088177241473911e-20 1.246406692855742150e-19
7.712251125927718931e+03 1.717430688264967961e-19 1.487832427772264299e-19
7.717257053860774249e+03 1.911877163279769283e-19 1.427314959371220340e-19
7.722262981793830477e+03 2.381265987318812051e-19 1.068320432968715570e-19
7.727268909726885795e+03 1.294185016972591611e-19 8.114026745995499150e-20
7.732274837659941113e+03 1.829015175899831930e-19 6.902143746311443144e-20
7.737280765592997341e+03 2.244503964250657790e-19 6.448655778520083698e-20
7.742286693526053568e+03 2.523935981166236471e-19 8.823162748832871150e-20
7.747292621459108886e+03 2.303757828910460220e-19 1.290586418364027546e-19
7.752298549392164205e+03 5.670561729467848810e-21 1.349077037428897440e-19
7.757304477325220432e+03 1.889228012192549876e-19 1.085360247335007170e-19
7.762310405258275750e+03 2.968811217467677238e-19 8.908768307056607206e-20
7.767316333191331069e+03 1.310734695606502459e-19 7.691707476764996596e-20
7.772322261124387296e+03 1.696126853481377836e-19 8.328909008175164047e-20
7.777328189057443524e+03 1.946450807252219771e-19 9.214655944432584032e-20
7.782334116990498842e+03 2.062133890087631248e-19 8.597978508065328397e-20
7.787340044923554160e+03 3.382929426116182180e-19 1.074434630648294406e-19
7.792345972856610388e+03 3.190339522468176506e-19 1.282868812648393661e-19
7.797351900789665706e+03 4.173570793712165201e-19 1.197186243315129031e-19
7.802357828722721024e+03 9.814069652103641221e-20 9.337683192991591669e-20
7.807363756655777252e+03 8.617580397025700290e-20 9.947788655885613953e-20
7.812369684588833479e+03 1.390254406402566002e-19 1.052493804383959418e-19
7.817375612521888797e+03 1.960164617451754526e-20 1.344763147132541081e-19
7.822381540454944115e+03 6.490047352889536168e-20 1.338188514808655526e-19
7.827387468388000343e+03 1.447421592204016120e-19 9.592733016342699276e-20
7.832393396321055661e+03 1.002289389610481886e-19 7.010332327226315213e-20
7.837399324254110979e+03 2.104861808623330113e-19 8.548858008677556971e-20
7.842405252187167207e+03 2.170337087595432272e-19 9.244550764541180888e-20
7.847411180120223435e+03 3.045122201485515394e-19 1.253910122942214290e-19
7.852417108053277843e+03 2.648155180920495136e-19 1.425458383317649376e-19
7.857423035986334071e+03 3.145954556599071398e-19 1.365495950005361296e-19
7.862428963919390299e+03 3.001560113405887380e-19 1.124484011349340811e-19
7.867434891852445617e+03 7.484064721085152594e-20 1.101937127957723142e-19
7.872440819785500935e+03 1.404976388127267310e-19 1.104303693829286181e-19
7.877446747718557162e+03 1.094168433499792539e-19 9.894855793750517440e-20
7.882452675651613390e+03 1.297224261899791184e-19 1.049909541572428450e-19
7.887458603584667799e+03 2.334562358742411401e-19 1.073880667400715781e-19
7.892464531517724026e+03 1.364752239834980954e-19 9.912316545224345058e-20
7.897470459450780254e+03 6.681528215943481425e-20 7.112714123845073685e-20
7.902476387383835572e+03 2.020458695125612532e-19 6.800711226023028361e-20
7.907482315316890890e+03 2.149864043932123644e-19 1.290138751483953944e-19
7.912488243249947118e+03 3.921336664651798437e-20 1.602389519235007318e-19
7.917494171183002436e+03 3.673298558179899706e-19 1.657353829797339494e-19
7.922500099116057754e+03 2.398724541521818424e-19 1.221196003948763322e-19
7.927506027049113982e+03 9.193201621650062015e-20 1.130039031640641444e-19
7.932511954982170209e+03 1.741272297020268321e-19 1.019515549422407089e-19
7.937517882915225528e+03 1.196500249949676001e-19 8.171904280330800149e-20
7.942523810848280846e+03 2.768845551074328116e-19 8.466541028087167814e-20
7.947529738781337073e+03 2.463503273548629870e-19 9.340409230559460595e-20
7.952535666714392391e+03 2.109128878628629414e-19 8.601815024232170533e-20
7.957541594647447710e+03 1.000166422328936925e-19 1.043101547881145550e-19
7.962547522580503937e+03 2.945130740264825053e-19 1.321637621334153779e-19
7.967553450513560165e+03 1.587391090477479280e-19 1.252823828690717495e-19
7.972559378446615483e+03 2.522312943211836743e-19 9.514689958711376693e-20
7.977565306379670801e+03 1.958087979235521581e-19 9.798735079063184267e-20
7.982571234312727029e+03 1.956586395984427368e-19 9.468577907820095007e-20
7.987577162245782347e+03 5.817853441623572852e-20 1.212397144934512094e-19
7.992583090178837665e+03 2.159200920719068398e-19 1.329826694455822260e-19
7.997589018111893893e+03 3.191106748110908559e-19 1.149639145941960263e-19
8.002594946044950120e+03 1.813067436358876650e-19 6.539033427326520361e-20
8.007600873978005438e+03 2.293693331967310917e-19 7.589847820216478643e-20
8.012606801911060757e+03 4.810079405299475298e-20 8.679061020800091141e-20
8.017612729844116984e+03 2.924967891382572840e-20 9.928982402885025086e-20
8.022618657777172302e+03 3.302546680135341906e-19 1.197828336698126980e-19
8.027624585710227620e+03 1.214980122440805331e-19 1.187744415515752898e-19
8.032630513643283848e+03 2.589602045122293117e-19 8.510210141344151406e-20
8.037636441576340076e+03 1.835853441644302092e-19 6.225360869004972348e-20
8.042642369509394484e+03 1.996823747966650059e-19 6.489795592659880766e-20
8.047648297442450712e+03 2.486243591910460975e-19 7.971667497337824011e-20
8.052654225375506940e+03 2.499254228889251769e-19 8.682525240006905604e-20
8.057660153308562258e+03 2.216064103276174371e-19 1.043636765916684125e-19
8.062666081241617576e+03 2.148830290594284660e-19 1.031015619507212888e-19
8.067672009174673803e+03 7.648326374089487054e-20 8.231317123810038123e-20
8.072677937107729122e+03 1.266505092544786051e-19 6.418230644955523443e-20
8.077683865040784440e+03 1.182800970410264120e-19 6.445479792307685035e-20
8.082689792973840667e+03 1.699369266742190642e-19 6.393308747881767028e-20
8.087695720906896895e+03 2.166093418851409862e-19 6.814184145383479306e-20
8.092701648839952213e+03 1.593824611016459493e-19 6.942783316922115812e-20
8.097707576773007531e+03 1.439088863091410762e-19 7.798044010552888994e-20
8.102713504706063759e+03 2.165138204347258407e-19 7.479808632719966959e-20
8.107719432639119077e+03 2.410379033046708497e-19 6.663435509180556870e-20
8.112725360572174395e+03 1.156663710281071393e-19 5.661972308939135203e-20
8.117731288505230623e+03 1.453037689731741268e-19 5.606761996594544725e-20
8.122737216438286850e+03 1.038331323664515013e-19 5.563636064137062763e-20
8.127743144371342169e+03 9.736743977753969515e-20 5.703458079743521820e-20
8.132749072304397487e+03 1.339667158741940567e-19 6.068038905418719492e-20
8.137755000237453714e+03 1.469968000993257010e-19 6.339246921829833165e-20
8.142760928170509032e+03 1.847574922331494829e-19 6.676008657033136620e-20
8.147766856103564351e+03 1.817755628694693715e-19 6.396840359792440924e-20
8.152772784036620578e+03 1.666222972898205759e-19 5.996791294163274771e-20
8.157778711969676806e+03 1.207257178602054133e-19 5.740550108910995589e-20
8.162784639902732124e+03 1.011448693679478836e-19 5.798663109418567793e-20
8.167790567835787442e+03 1.333273564646069146e-19 5.907770900003049700e-20
8.172796495768843670e+03 7.667383264152127922e-20 5.982694490273377768e-20
8.177802423701898988e+03 7.861885370593835094e-21 6.144540141366931195e-20
8.182808351634954306e+03 1.395636887333171925e-19 6.481009764369318571e-20
8.187814279568010534e+03 1.099597037615857580e-19 6.774907681202506891e-20
8.192820207501066761e+03 1.906209136573497545e-19 6.823154926123824676e-20
8.197826135434121170e+03 5.935907397406610341e-20 6.442850870769099687e-20
8.202832063367177398e+03 1.447104711394033544e-19 6.244890255592083369e-20
8.207837991300233625e+03 1.579882824525473716e-19 6.217693623568984779e-20
8.212843919233288034e+03 1.797340832782797665e-19 5.984485653797778627e-20
8.217849847166344261e+03 9.659880733962721483e-20 5.790970970550076449e-20
8.222855775099400489e+03 8.451685235644066092e-20 5.685529027191738330e-20
8.227861703032456717e+03 5.294148542975065143e-20 5.509362828260260999e-20
8.232867630965511125e+03 1.441202844383652371e-19 5.515467353690208524e-20
8.237873558898567353e+03 1.900126968685621297e-19 5.702204970362454041e-20
8.242879486831623581e+03 1.894221247088187844e-19 5.873293771954132889e-20
8.247885414764677989e+03 1.695645620547543793e-19 5.826419607951006153e-20
8.252891342697734217e+03 -4.706313868662841427e-22 5.681739470378261258e-20
8.257897270630790445e+03 -8.982405338822516955e-20 5.605737965153299447e-20
8.262903198563846672e+03 -4.400520967938796115e-21 5.554514973017659496e-20
8.267909126496901081e+03 1.454886513863076922e-19 5.817538970225662544e-20
8.272915054429957308e+03 2.248498579397837626e-19 8.590962970725513196e-20
8.277920982363013536e+03 2.109118331033965218e-19 1.218096499901655293e-19
8.282926910296067945e+03 3.183224034432894869e-19 1.539019770594869839e-19
8.287932838229124172e+03 4.319747395213515303e-19 1.472843643389187606e-19
8.292938766162180400e+03 1.133097602152578878e-19 1.611800163352494173e-19
8.297944694095236628e+03 3.028421743124006852e-19 1.518689817748421478e-19
8.302950622028291036e+03 7.874774954064770614e-20 1.346731809705842876e-19
8.307956549961347264e+03 7.995063851743500691e-20 1.008942212802897912e-19
8.312962477894403492e+03 2.105489679920837877e-19 9.691348467463111743e-20
8.317968405827457900e+03 1.605798726930858337e-19 7.355202541537161032e-20
8.322974333760514128e+03 1.792675140734125531e-19 6.351970332290237434e-20
8.327980261693570355e+03 1.034338129046407441e-19 6.063050513477800333e-20
8.332986189626626583e+03 5.560183330964256924e-20 6.921998744840724268e-20
8.337992117559680992e+03 -8.825167261671679534e-20 1.624977724493805708e-19
8.342998045492737219e+03 -1.091577751929049385e-19 2.004217027036078820e-19
8.348003973425793447e+03 2.486718178722551078e-19 1.993931161959075005e-19
8.353009901358847856e+03 3.053934318355563493e-19 1.297965384837680828e-19
8.358015829291904083e+03 1.930125811027176052e-21 1.062835323096725001e-19
8.363021757224960311e+03 1.607599009884032498e-19 8.751794291038962465e-20
8.368027685158016538e+03 1.774138933424476205e-19 8.036708798409265296e-20
8.373033613091070947e+03 1.943144879910103684e-19 6.973557613545138085e-20
8.378039541024127175e+03 1.018098460813801531e-19 9.976122567409495951e-20
8.383045468957181583e+03 1.179469003757111915e-19 1.022518022125722874e-19
8.388051396890237811e+03 1.932772508135496153e-19 8.479496951674215264e-20
8.393057324823294039e+03 8.424450816664816056e-20 1.383644779822924426e-19
8.398063252756350266e+03 4.645915499861669991e-20 1.648119009650409258e-19
8.403069180689406494e+03 1.837369872956521129e-19 1.467134056774787918e-19
8.408075108622460903e+03 2.796703377681538709e-19 9.562158130125559915e-20
8.413081036555517130e+03 1.795177697786469544e-19 1.118307541270164792e-19
8.418086964488571539e+03 1.084886787638004946e-19 1.108726358012122159e-19
8.423092892421627766e+03 2.692999800866456797e-19 1.400701137204083100e-19
8.428098820354683994e+03 -7.229472387952861593e-21 1.839163237589804796e-19
8.433104748287740222e+03 1.656874198620407135e-19 1.751308843462173373e-19
8.438110676220796449e+03 2.189270331302523196e-19 8.908106376045331717e-20
8.443116604153850858e+03 1.491627427290964358e-19 7.710885710144838329e-20
8.448122532086907086e+03 1.913137314598854318e-19 1.119664839752993387e-19
8.453128460019961494e+03 1.857435468860747232e-19 1.126902830708047314e-19
8.458134387953017722e+03 1.597146824768038282e-19 1.315108288982222519e-19
8.463140315886073950e+03 3.433985639085637408e-19 1.559163006011318237e-19
8.468146243819130177e+03 -1.134167121642217040e-19 1.448130500663888669e-19
8.473152171752186405e+03 1.194997301220361470e-19 7.641461544267198752e-20
8.478158099685240813e+03 8.296713639643180831e-20 5.857256567311056632e-20
8.483164027618297041e+03 8.632584341991032717e-20 5.800065543150156487e-20
8.488169955551351450e+03 1.499225597815655599e-19 8.386367139387987473e-20
8.493175883484407677e+03 3.539026483355568763e-20 8.951241399558078780e-20
8.498181811417463905e+03 7.878592149216011032e-20 1.079335107668727261e-19
8.503187739350520133e+03 1.775035572366564010e-19 1.128480360690221976e-19
8.508193667283574541e+03 2.414554105446477778e-19 1.028587039497754504e-19
8.513199595216630769e+03 1.557993412483999933e-19 6.052834974771045318e-20
8.518205523149686996e+03 1.105721523123256357e-19 5.426127848600100334e-20
8.523211451082741405e+03 1.568878819102589389e-19 5.382631406850951233e-20
8.528217379015797633e+03 1.939468186893005180e-19 5.411274482490110334e-20
8.533223306948853860e+03 2.126781654280927510e-19 6.609957720651578111e-20
8.538229234881910088e+03 9.046783679856609017e-20 7.200782936888484639e-20
8.543235162814964497e+03 1.093730681116669671e-19 8.870971702940931742e-20
8.548241090748020724e+03 2.372370952412367920e-19 8.925336533599355680e-20
8.553247018681076952e+03 1.422563916806624496e-19 8.043541419151668007e-20
8.558252946614131361e+03 6.317610589530381934e-20 5.926669643636756329e-20
8.563258874547187588e+03 1.405556178856370720e-19 5.872556855943242535e-20
8.568264802480243816e+03 1.195012913754675018e-19 6.197843217222092950e-20
8.573270730413300043e+03 9.428935417823226726e-20 6.380744834780258219e-20
8.578276658346354452e+03 5.489888202440869303e-20 6.239963793690920399e-20
8.583282586279410680e+03 1.540290100758157152e-19 6.797798655208877642e-20
8.588288514212466907e+03 1.149685464856909901e-19 7.159515660102038790e-20
8.593294442145521316e+03 1.043140755595648453e-19 7.472445274341208481e-20
8.598300370078577544e+03 1.523448088200625156e-19 6.959171841997283513e-20
8.603306298011633771e+03 1.059307733087385348e-19 6.167094379133587336e-20
8.608312225944689999e+03 2.317084526136360148e-19 6.454905220439847894e-20
8.613318153877744408e+03 2.017136774246889231e-19 7.913917368161435270e-20
8.618324081810800635e+03 2.239551703767532521e-19 9.820632088898689492e-20
8.623330009743856863e+03 1.515728610526847348e-19 1.136222997573047816e-19
8.628335937676911271e+03 2.193513211704756025e-19 1.204286657353762375e-19
8.633341865609967499e+03 8.768665570943027279e-20 1.142099390296610462e-19
8.638347793543023727e+03 7.319293377454841861e-20 9.779808741351050528e-20
8.643353721476079954e+03 2.738151321055172424e-19 9.183789450642195575e-20
8.648359649409134363e+03 3.052985924966044435e-19 1.045115068867252584e-19
8.653365577342190591e+03 1.517858704460936703e-19 1.210363193430902603e-19
8.658371505275246818e+03 2.710245385747239981e-20 1.238651869887139840e-19
8.663377433208301227e+03 1.263008537671920633e-19 1.209655668639152176e-19
8.668383361141357454e+03 3.340399216172470181e-19 1.127203471764931721e-19
8.673389289074413682e+03 1.608314468825896286e-19 1.032706804839032928e-19
8.678395217007469910e+03 -6.175925673087212634e-20 9.076235123921879621e-20
8.683401144940524318e+03 7.563013119376895877e-20 8.138382215480378759e-20
8.688407072873580546e+03 2.073746933466966527e-19 7.424655833900328427e-20
8.693413000806636774e+03 2.095150636427095270e-20 7.142069456173849783e-20
8.698418928739691182e+03 6.875737220858244652e-20 7.093823200476402222e-20
8.703424856672747410e+03 8.768291643800014241e-20 7.145073182250884692e-20
8.708430784605803638e+03 6.615758873339096239e-20 6.589856382350687043e-20
8.713436712538859865e+03 1.535410744322553074e-19 6.002745312625196344e-20
8.718442640471914274e+03 1.082319561971419204e-19 5.735445454977008233e-20
8.723448568404970501e+03 1.306598139371912086e-19 5.747026617616769338e-20
8.728454496338024910e+03 2.545738036601523884e-19 5.720906908557697478e-20
8.733460424271081138e+03 1.253746940290234653e-19 5.664842134285030832e-20
8.738466352204137365e+03 1.294248676388398207e-19 5.799709484718265483e-20
8.743472280137193593e+03 1.302594703953344604e-19 5.721761741038379491e-20
8.748478208070249821e+03 1.452535159334308196e-19 6.102291503266426568e-20
8.753484136003304229e+03 1.656500505692387602e-19 1.091656692950489877e-19
8.758490063936360457e+03 8.434416115000167231e-20 1.560479806643358870e-19
8.763495991869414866e+03 -1.631590178233813057e-21 1.913440702726932817e-19
8.768501919802471093e+03 1.764834119897707696e-19 1.753187224331664365e-19
8.773507847735527321e+03 2.076052496603246941e-19 1.794136186950976840e-19
8.778513775668583548e+03 -1.534464802098089531e-19 1.624690531407651773e-19
8.783519703601639776e+03 6.124164705379726007e-21 1.279723089364419529e-19
8.788525631534694185e+03 1.152453893126535547e-19 1.034203199067240510e-19
8.793531559467750412e+03 1.270490678315082237e-19 1.007459588827285644e-19
8.798537487400804821e+03 1.397735400733602709e-19 6.911702290265004510e-20
8.803543415333861049e+03 1.731658844464907472e-19 6.311628049785579004e-20
8.808549343266917276e+03 9.377418877643245451e-20 6.647820800664482494e-20
8.813555271199973504e+03 2.355729450987147289e-20 6.916825316218534518e-20
8.818561199133029731e+03 1.607194385281208779e-19 1.432162935871850953e-19
8.823567127066084140e+03 1.246729303289105629e-19 2.568584267451749899e-19
8.828573054999140368e+03 -3.766932853265543968e-20 2.767160493745544357e-19
8.833578982932194776e+03 3.489358615705630001e-19 2.156931231036968733e-19
8.838584910865251004e+03 3.416566130047098424e-19 1.614913112751295691e-19
8.843590838798307232e+03 1.525824332231788199e-19 1.122611696788161327e-19
8.848596766731363459e+03 -1.243579201246672920e-20 1.036113504800342445e-19
8.853602694664417868e+03 1.099462629007574168e-19 9.182228022488301171e-20
8.858608622597474096e+03 9.513074484673634666e-20 8.637864415659522362e-20
8.863614550530530323e+03 2.229987464636620088e-19 1.272515076319900107e-19
8.868620478463584732e+03 2.158491434815723251e-19 1.261023105552049457e-19
8.873626406396640959e+03 2.667351165780618374e-19 9.115725164396796673e-20
8.878632334329697187e+03 3.748026747116191391e-20 1.430445599488686471e-19
8.883638262262753415e+03 -9.267235490589737516e-20 1.989137750323453131e-19
8.888644190195807823e+03 4.994075528849692973e-20 1.915541026464017321e-19
8.893650118128864051e+03 7.623997627609133260e-20 1.073671214915370738e-19
8.898656046061920279e+03 6.962017476421047824e-20 1.314457542202250571e-19
8.903661973994974687e+03 6.445533836960238700e-20 1.395562193939898627e-19
8.908667901928030915e+03 2.963637965872835893e-19 1.155327271402068120e-19
8.913673829861087142e+03 1.932793303132735914e-19 1.871873902623643600e-19
8.918679757794143370e+03 6.093802914074035949e-19 2.253994669765273343e-19
8.923685685727199598e+03 2.583752432703633047e-19 1.989503045387960521e-19
8.928691613660254006e+03 1.896829279781940156e-19 9.098327848130817358e-20
8.933697541593308415e+03 1.254602306346776586e-19 8.133935857004928516e-20
8.938703469526364643e+03 1.174477162471228868e-19 1.321371280059792593e-19
8.943709397459420870e+03 6.518784181208410092e-20 1.422635834009450149e-19
8.948715325392477098e+03 1.170723264432485690e-19 1.385270522638467766e-19
8.953721253325533326e+03 1.291710948766367904e-19 2.128422258487555301e-19
8.958727181258589553e+03 8.475104122484981705e-20 2.260127413507738316e-19
8.963733109191643962e+03 -2.980565272571701296e-20 1.597760486951560204e-19
8.968739037124698370e+03 1.115922932035314753e-19 7.836709965365957220e-20
8.973744965057754598e+03 9.701550109046660071e-20 7.718696774874681136e-20
8.978750892990810826e+03 1.485513494946866266e-19 8.431464149080984378e-20
8.983756820923867053e+03 1.119705642398962676e-19 1.227841845553862207e-19
8.988762748856923281e+03 1.546996555994274923e-19 1.258701953008429843e-19
8.993768676789977690e+03 -2.554862896722281597e-19 1.344225864940959404e-19
8.998774604723033917e+03 1.684592014062092537e-19 1.570661446300457146e-19
9.003780532656088326e+03 1.788316542750821645e-19 1.471341106027803914e-19
9.008786460589144554e+03 8.479744079501089859e-20 8.346196535919715609e-20
9.013792388522200781e+03 6.531145471591507559e-20 6.029225887462576426e-20
9.018798316455257009e+03 1.280648985051595068e-19 6.233889043638475535e-20
9.023804244388313236e+03 1.006747789782785007e-19 6.573082217225685977e-20
9.028810172321367645e+03 -2.487142689644286814e-20 6.986445406690363383e-20
9.033816100254423873e+03 1.254815088191041989e-19 9.276996223367413512e-20
9.038822028187478281e+03 -5.511091937746649446e-20 9.896860287763710896e-20
9.043827956120534509e+03 5.664595061501412196e-20 1.190085524456046159e-19
9.048833884053590737e+03 -4.713213617037311210e-20 1.232905298169151442e-19
9.053839811986646964e+03 1.061488585002279342e-19 1.121784193014759023e-19
9.058845739919703192e+03 6.004529843115561237e-20 7.456436400581268162e-20
9.063851667852757600e+03 -7.274511672215546680e-21 7.449746905690060947e-20
9.068857595785813828e+03 -1.781546482920728349e-20 7.533729796355778905e-20
9.073863523718868237e+03 5.547389016075068678e-20 7.192522018284828632e-20
9.078869451651924464e+03 -2.759977589795017958e-20 7.028329104310925776e-20
9.083875379584980692e+03 5.128644874637227025e-20 7.588726015757468977e-20
9.088881307518036920e+03 7.944322088604171697e-21 8.911530793170594055e-20
9.093887235451093147e+03 5.956502279147443636e-20 9.509746163827533657e-20
9.098893163384147556e+03 7.286214720072448679e-20 1.019959546847644931e-19
9.103899091317203784e+03 1.563675860736882717e-19 9.640193728217579803e-20
9.108905019250258192e+03 2.701257195835421650e-19 7.638909323549245004e-20
9.113910947183314420e+03 1.727087808261641620e-19 6.252208185512497391e-20
9.118916875116370647e+03 1.521326356338255060e-19 6.117178944869935235e-20
9.123922803049426875e+03 1.052653358216138376e-19 6.072359436638413482e-20
9.128928730982483103e+03 1.835143213822932041e-19 6.128084574039379262e-20
9.133934658915537511e+03 1.659085158268474510e-19 6.189942936237492904e-20
9.138940586848593739e+03 1.156452625629965654e-19 6.220014623074317505e-20
9.143946514781648148e+03 9.750395468187746550e-20 6.611376982684823204e-20
9.148952442714704375e+03 5.249064657886896395e-20 7.517167316156623721e-20
9.153958370647760603e+03 1.112716265264830193e-19 8.417252504877436999e-20
9.158964298580816831e+03 2.368764921741256897e-19 8.424879555991477827e-20
9.163970226513873058e+03 1.755594661803348585e-19 7.827273577027126582e-20
9.168976154446927467e+03 6.011772924458027539e-20 6.412169976636029251e-20
9.173982082379983694e+03 -6.446256340071074923e-21 6.180027875013975481e-20
9.178988010313038103e+03 1.037146797894278758e-19 6.315481905710037658e-20
9.183993938246094331e+03 1.070594668310599440e-19 6.336434895140357372e-20
9.188999866179150558e+03 1.643200873659980560e-19 6.405027496913173764e-20
9.194005794112206786e+03 1.358750588707536615e-19 6.495391470739171224e-20
9.199011722045263014e+03 1.405534217318566152e-19 6.665432430841633820e-20
9.204017649978317422e+03 6.432097391555827307e-20 6.873305761100450197e-20
9.209023577911373650e+03 -4.902676150035966305e-21 7.482400162016746379e-20
9.214029505844428058e+03 1.332534860739634841e-19 8.248270019806599347e-20
9.219035433777484286e+03 1.491234060409559276e-19 8.818038749163344109e-20
9.224041361710540514e+03 2.433569474538475013e-19 8.338205978354679008e-20
9.229047289643596741e+03 1.658109548624447544e-19 7.570510419410135133e-20
9.234053217576652969e+03 7.053267632312245936e-20 6.436114853528169403e-20
9.239059145509707378e+03 1.279328235322126812e-19 6.256151235352731487e-20
9.244065073442761786e+03 1.033787538790874707e-19 6.617174946668651792e-20
9.249071001375818014e+03 1.239835605178169960e-19 6.841474651790363136e-20
9.254076929308874242e+03 4.331271805410707446e-20 6.675138594102724539e-20
9.259082857241930469e+03 1.290471995997619330e-19 6.605626433372282204e-20
9.264088785174986697e+03 1.198693081804935212e-19 6.647892248106415674e-20
9.269094713108042924e+03 1.766416325907651763e-19 6.291006991673556466e-20
9.274100641041097333e+03 6.125602335184138441e-20 6.205084677139223918e-20
9.279106568974151742e+03 1.154215150650091663e-19 6.812217095016555886e-20
9.284112496907207969e+03 1.745459108658698871e-19 7.668468367818650297e-20
9.289118424840264197e+03 1.930156998434176384e-19 8.535830656210513404e-20
9.294124352773320425e+03 1.230561261878745770e-19 8.533440411316656907e-20
9.299130280706376652e+03 2.423125143721681105e-19 1.369641845843963627e-19
9.304136208639432880e+03 1.268318229158892377e-19 2.375918387333114170e-19
9.309142136572487289e+03 6.518764492641988238e-20 3.270692078164589509e-19
9.314148064505541697e+03 2.854810779031895988e-19 3.192415551480069182e-19
9.319153992438597925e+03 -2.164491356526226321e-19 3.314713927257694828e-19
9.324159920371654152e+03 3.674292744969454561e-19 3.071029796469614414e-19
9.329165848304710380e+03 1.216685438980849968e-19 2.392038804222763886e-19
9.334171776237766608e+03 -2.076637274174143677e-19 1.916848156633943491e-19
9.339177704170821016e+03 1.495138831811949461e-20 1.916193505975005064e-19
9.344183632103877244e+03 9.737190180484641440e-20 1.537614966093711024e-19
9.349189560036931653e+03 1.316365066846377159e-19 1.190936351224176643e-19
9.354195487969987880e+03 1.321912477304880713e-19 1.159415726892867339e-19
9.359201415903044108e+03 4.809419482845158034e-20 1.064636061153751081e-19
9.364207343836100335e+03 5.835532207624525500e-20 1.268735121440756403e-19
9.369213271769156563e+03 8.552561667493388862e-19 3.272546338571246864e-19
9.374219199702210972e+03 7.595691535157215063e-19 4.131027481179813519e-19
9.379225127635267199e+03 4.450014352318290663e-21 3.903484809961661764e-19
9.384231055568321608e+03 3.255607796550696756e-20 2.076455413266772964e-19
9.389236983501377836e+03 -3.868851006563097729e-20 1.445704294610042961e-19
9.394242911434434063e+03 1.856761873743154599e-20 1.205498415291054684e-19
9.399248839367490291e+03 1.158113659038927695e-19 1.483442232264673725e-19
9.404254767300546519e+03 -3.566022416613810968e-19 1.465545624910087134e-19
9.409260695233600927e+03 6.555978502654476225e-20 1.121003810763520667e-19
9.414266623166657155e+03 4.451486343775379265e-20 1.637118276238168125e-19
9.419272551099711563e+03 2.856087562555901915e-19 1.900935042822014467e-19
9.424278479032767791e+03 -7.576045496513970755e-20 1.753252220136192861e-19
9.429284406965824019e+03 -1.441131090304499442e-20 1.333018395822471180e-19
9.434290334898880246e+03 7.209412868732803453e-19 2.887370298242859941e-19
9.439296262831936474e+03 3.117955672679573546e-19 3.615584584824994895e-19
9.444302190764990883e+03 7.810069122937220696e-20 3.073155102219154886e-19
9.449308118698047110e+03 2.502858370089772069e-19 1.602906883897024742e-19
9.454314046631101519e+03 2.310026849158903352e-19 2.433759552422080169e-19
9.459319974564157746e+03 -7.572129246456095264e-20 2.692871542700908569e-19
9.464325902497213974e+03 3.714183879448121703e-20 2.035081123380251921e-19
9.469331830430270202e+03 5.110473604661908546e-20 2.431466950554279498e-19
9.474337758363326429e+03 6.060632192190709189e-19 3.558031758759715316e-19
9.479343686296380838e+03 -1.250981189986566336e-19 3.525148577502679190e-19
9.484349614229437066e+03 -3.054501411478917098e-20 1.909143767307785624e-19
9.489355542162491474e+03 -5.392115903875624918e-21 1.138041178298435443e-19
9.494361470095547702e+03 1.094751548757658337e-20 1.503602282785979377e-19
9.499367398028603930e+03 -4.557919393247481762e-21 2.226466661418512854e-19
9.504373325961660157e+03 8.017277657773861368e-20 2.092450459902153611e-19
9.509379253894716385e+03 3.264989117797356033e-19 1.598672051752556454e-19
9.514385181827770793e+03 5.189624265505515432e-20 2.519516280179181270e-19
9.519391109760827021e+03 4.803126637035544698e-19 2.888103523914793460e-19
9.524397037693881430e+03 5.704260553339311567e-19 2.352400766255250303e-19
9.529402965626937657e+03 1.468298525173038822e-19 1.217178217631544404e-19
9.534408893559993885e+03 1.341588494802111940e-19 1.170223161049030167e-19
9.539414821493050113e+03 1.319481477549379574e-19 1.120070041182918936e-19
9.544420749426106340e+03 2.440348934551410998e-19 1.297272597734374912e-19
9.549426677359160749e+03 4.128494998583652208e-19 1.825041966085459396e-19
9.554432605292216977e+03 2.527907811445111727e-19 1.891017900966100758e-19
9.559438533225271385e+03 3.030946431435179723e-19 1.925088597653023132e-19
9.564444461158327613e+03 1.960320654200414431e-19 2.723260351250796613e-19
9.569450389091383840e+03 1.910783513130447430e-19 2.729192719534440346e-19
9.574456317024440068e+03 1.706325233957756479e-19 1.731119184671997549e-19
9.579462244957496296e+03 1.345330013302133618e-19 1.083831277619390153e-19
9.584468172890550704e+03 1.648865925993998887e-19 1.075774671248466344e-19
9.589474100823605113e+03 -6.395043415677794023e-20 1.154284334532978102e-19
9.594480028756661341e+03 1.162998846982189887e-19 1.176925753702118901e-19
9.599485956689717568e+03 -7.072713436944927840e-20 1.267395013266084406e-19
9.604491884622773796e+03 -7.881148182424088724e-20 1.617381669492688480e-19
9.609497812555830023e+03 9.743006436970596303e-20 1.613298402252395532e-19
9.614503740488886251e+03 3.946257983895734509e-21 1.753493698100255918e-19
9.619509668421940660e+03 -8.951974272819668758e-21 1.953826232106628041e-19
9.624515596354995068e+03 3.847901404747427871e-19 1.849204585302313535e-19
9.629521524288051296e+03 1.209682748638042527e-19 1.232375118056683969e-19
9.634527452221107524e+03 1.682995906307005548e-19 1.086474088061740140e-19
9.639533380154163751e+03 1.340302544503208886e-19 1.036517212805974514e-19
9.644539308087219979e+03 1.715415089651778653e-19 1.032875580106030284e-19
9.649545236020274388e+03 1.060033865497508569e-19 1.133723692045896309e-19
9.654551163953330615e+03 5.775742707794964152e-20 1.210198566609584608e-19
9.659557091886385024e+03 2.408789616803992151e-20 1.303400621332522209e-19
9.664563019819441251e+03 1.228542678556455946e-19 1.640220908297885265e-19
9.669568947752497479e+03 3.713631774145749762e-19 1.802242734407516380e-19
9.674574875685553707e+03 7.857762393658920170e-20 1.996704272503323016e-19
9.679580803618609934e+03 -3.058717132747103458e-20 2.225968790760478200e-19
9.684586731551664343e+03 2.818898504733787449e-19 2.219341780634328612e-19
9.689592659484720571e+03 -7.573288494138452787e-20 1.781114045368263880e-19
9.694598587417774979e+03 3.594183964492248146e-19 2.306784849456387289e-19
9.699604515350831207e+03 1.538139920366469833e-19 2.493527400913115348e-19
9.704610443283887435e+03 2.465657844870776274e-19 2.395102454504596246e-19
9.709616371216943662e+03 3.224779437718135204e-20 2.041147967545720673e-19
9.714622299149999890e+03 1.106837303917085489e-19 2.913110811406922230e-19
9.719628227083054298e+03 1.976853872496585341e-19 3.102809280706684292e-19
9.724634155016110526e+03 3.017093897120896728e-19 2.702064957053394655e-19
9.729640082949164935e+03 -1.148960325386992111e-19 1.845770183422321500e-19
9.734646010882221162e+03 6.334337271237460306e-20 2.199899266701625786e-19
9.739651938815277390e+03 6.448534683369874985e-20 2.272370130320612376e-19
9.744657866748333618e+03 1.460059028717888426e-19 1.869742389239411167e-19
9.749663794681389845e+03 2.379257419629074759e-19 1.514192935621725970e-19
9.754669722614444254e+03 6.821362033645358383e-20 1.226508837630063174e-19
9.759675650547500481e+03 1.710337541450291314e-20 1.199318173279985642e-19
9.764681578480554890e+03 -1.363080907260209645e-21 1.178988579063554398e-19
9.769687506413611118e+03 9.929795210993470931e-20 1.197999479871414409e-19
9.774693434346667345e+03 1.352240024828008577e-19 1.218934633331948608e-19
9.779699362279723573e+03 1.297709835735877705e-19 1.457946485096845302e-19
9.784705290212779801e+03 -2.547181734781476541e-20 3.586428379777904450e-19
9.789711218145834209e+03 -2.800277708180336405e-19 7.289596799362866327e-19
9.794717146078890437e+03 -2.499182396958738796e-19 6.785831852162631038e-19
9.799723074011944846e+03 1.500145904258376192e-19 3.062534105546215410e-19
9.804729001945001073e+03 -2.395360924707860060e-20 2.511063722203467424e-19
9.809734929878057301e+03 -1.464955147747090785e-19 2.123387079195049738e-19
9.814740857811113528e+03 1.462190289952007543e-19 2.124901900027969521e-19
9.819746785744169756e+03 4.049068727461913865e-19 1.830920734193825442e-19
9.824752713677224165e+03 2.339444928972892466e-19 1.751050909259851413e-19
9.829758641610280392e+03 3.614076754572746619e-19 1.688579454177066970e-19
9.834764569543334801e+03 1.827732548574332811e-19 1.590340029148667267e-19
9.839770497476391029e+03 8.558291509939861859e-20 1.685342102641448680e-19
9.844776425409447256e+03 2.986255878939562328e-19 2.630667891669122403e-19
9.849782353342503484e+03 2.855714749495309452e-19 2.862407359936620646e-19
9.854788281275559712e+03 -2.843755402796203826e-19 2.310756062612505545e-19
9.859794209208614120e+03 2.372054684015159211e-20 1.644800097234334683e-19
9.864800137141670348e+03 -4.924427404682564698e-19 2.746423804907515299e-19
9.869806065074724756e+03 5.099946571887528584e-20 4.244993770509014693e-19
9.874811993007780984e+03 1.260761426900907744e-19 4.267758101575972634e-19
9.879817920940837212e+03 -1.180648498552404814e-19 2.809123773370357341e-19
9.884823848873893439e+03 4.029702219793247888e-19 1.939113291989003826e-19
9.889829776806949667e+03 5.317179681972705960e-19 2.747354059109752492e-19
9.894835704740004076e+03 3.539913225150025524e-19 3.094340356904872635e-19
9.899841632673058484e+03 -1.945311211069168817e-19 2.820635493541423245e-19
9.904847560606114712e+03 1.696918235199193455e-20 2.253040319152129512e-19
9.909853488539170939e+03 6.997659186624165188e-19 4.067083997614551185e-19
9.914859416472227167e+03 1.001636241429224830e-19 4.728537225584817988e-19
9.919865344405283395e+03 1.567009365945545403e-19 4.081942721623861410e-19
9.924871272338339622e+03 1.885270559347118365e-19 2.281514821249910677e-19
9.929877200271394031e+03 -3.656981295821131524e-20 2.018778953980181162e-19
9.934883128204448440e+03 2.218653999266111981e-19 2.616422505869686054e-19
9.939889056137504667e+03 5.290096171442326225e-20 4.788024401229066295e-19
9.944894984070560895e+03 -1.623742476763487935e-19 5.915018319919453030e-19
9.949900912003617123e+03 4.806817384736581881e-19 5.991971837383059717e-19
9.954906839936673350e+03 -4.125170519245000540e-19 5.727801873877810610e-19
9.959912767869729578e+03 4.967343572998566121e-21 6.103894737740955730e-19
9.964918695802783986e+03 5.214678167847326699e-19 5.273078327528935562e-19
9.969924623735838395e+03 -5.239968976937241753e-19 4.191160841973776913e-19
9.974930551668894623e+03 4.666851171219339989e-19 3.840436789346607077e-19
9.979936479601950850e+03 1.325542164063860990e-19 3.148381855888385609e-19
9.984942407535007078e+03 3.177349284460244033e-19 2.641128425133091947e-19
9.989948335468063306e+03 3.343612945205803739e-19 2.368016152338718426e-19
9.994954263401117714e+03 1.978361554987393275e-19 2.846436334785113264e-19
9.999960191334173942e+03 2.102514023274002328e-19 3.214973684809706858e-19
1.000496611926722835e+04 -4.660838471619400389e-19 4.166987521782922960e-19
1.000997204720028458e+04 -2.826968902347270497e-19 6.370025066040035649e-19
1.001497797513334081e+04 -4.422531264463643479e-19 6.533402242622820772e-19
1.001998390306639703e+04 3.011134417939208691e-19 5.392632777643118340e-19
1.002498983099945326e+04 7.233516999937137504e-19 4.341991722693497211e-19
1.002999575893250767e+04 6.217281709387255525e-19 4.079679977202885581e-19
1.003500168686556390e+04 3.990001399591986150e-21 2.993090117355413100e-19
1.004000761479861831e+04 -4.576119884511882362e-19 3.164880424888454925e-19
1.004501354273167453e+04 -6.930351906610241973e-20 3.208045491011369989e-19
1.005001947066473076e+04 3.695509827154235823e-19 3.068243357227417925e-19
1.005502539859778699e+04 2.018873855497727059e-19 3.337438733580429476e-19
1.006003132653084322e+04 6.721570929352436913e-19 4.224252447196746562e-19
1.006503725446389763e+04 5.113705367392639761e-19 4.465146619440588854e-19
1.007004318239695385e+04 6.087357963598670753e-20 3.903650862837863895e-19
1.007504911033000826e+04 -3.011212864642685972e-19 4.130854795761785338e-19
1.008005503826306449e+04 4.022167775965158625e-19 5.789603960803518612e-19
1.008506096619612072e+04 -8.930034406000314799e-19 6.095878372356885537e-19
1.009006689412917694e+04 -2.770236015868517439e-19 4.861273350631823929e-19
1.009507282206223317e+04 4.493245052418939219e-19 3.755459928057058573e-19
1.010007874999528758e+04 5.262073712669989755e-19 4.879985430502469350e-19
1.010508467792834381e+04 1.122422189765764660e-18 5.475479827358023355e-19
1.011009060586139822e+04 4.791393554880678078e-19 4.672105929817033906e-19
1.011509653379445444e+04 6.617440319751480027e-19 3.950696241270602829e-19
1.012010246172751067e+04 1.029308345106263686e-20 6.288293450566213163e-19
1.012510838966056690e+04 1.312702557239295736e-18 7.285933574621741403e-19
1.013011431759362313e+04 -5.009380347237772473e-19 6.432661312779106515e-19
1.013512024552667754e+04 -5.710161269616557619e-19 4.119183172443889962e-19
1.014012617345973376e+04 3.926732601734097522e-19 4.023528109923594049e-19
1.014513210139278817e+04 9.486203591425510947e-19 4.451442770612766151e-19
1.015013802932584440e+04 8.696836830428396392e-19 5.510669427221175022e-19
1.015514395725890063e+04 1.283071963243034527e-18 6.256747423975950878e-19
1.016014988519195686e+04 -3.737307942704316571e-19 5.970859122710682767e-19
1.016515581312501308e+04 8.136435797570797201e-19 6.325687698961867108e-19
1.017016174105806749e+04 2.596821945973883371e-19 8.275371911010209707e-19
1.017516766899112372e+04 -5.485885764514216981e-20 8.239067380500157669e-19
1.018017359692417813e+04 6.100744867385313140e-19 6.963790477787359872e-19
1.018517952485723436e+04 7.272112363905460158e-19 6.645325237815158731e-19
1.019018545279029058e+04 -2.398915873209670982e-19 7.627226170738785736e-19
1.019519138072334681e+04 4.652548256889474182e-19 7.529503223071494432e-19
1.020019730865640304e+04 1.041002231371008843e-18 6.595972668172854030e-19
1.020520323658945745e+04 3.252969733973584164e-19 7.943506855201344704e-19
1.021020916452251367e+04 -3.881961683254957519e-19 9.588897795522977498e-19
1.021521509245556808e+04 4.843533501686079726e-19 9.630329354530032110e-19
1.022022102038862431e+04 -5.083253517154516587e-19 8.286939275504759847e-19
1.022522694832168054e+04 1.604223351743855172e-18 9.275141223192987980e-19
1.023023287625473677e+04 9.226050370479864156e-20 9.926593296585189900e-19
1.023523880418779299e+04 -5.364601298684175312e-19 7.925472991671446740e-19
1.024024473212084740e+04 -1.967799638903092911e-19 5.935428927258486233e-19
1.024525066005390181e+04 -6.224523278881926164e-19 5.337401456266897295e-19
1.025025658798695804e+04 1.203450806885689674e-18 5.309361612413339546e-19
1.025526251592001427e+04 -3.353317278566568771e-19 5.543108066601052119e-19
1.026026844385307049e+04 -4.746048304551211436e-19 5.742631989102155405e-19
1.026527437178612672e+04 8.641439100388186938e-19 6.130401252150017582e-19
1.027028029971918295e+04 -1.023463666729191994e-19 6.260994119418925250e-19
1.027528622765223736e+04 1.487068712656518014e-19 6.489705892385410100e-19
1.028029215558529177e+04 -5.902350427117844100e-19 8.978873571722027366e-19
1.028529808351834799e+04 1.337761861841681895e-18 1.367632016343355731e-18
1.029030401145140422e+04 9.741917486444447698e-19 1.466810644512208308e-18
1.029530993938446045e+04 3.570991191272616322e-19 1.310222290795883443e-18
