#  wl flam flam_err
4.803806996822357178e+03 0.000000000000000000e+00 0.000000000000000000e+00
4.808812924755412496e+03 0.000000000000000000e+00 0.000000000000000000e+00
4.813818852688468723e+03 0.000000000000000000e+00 0.000000000000000000e+00
4.818824780621524042e+03 0.000000000000000000e+00 0.000000000000000000e+00
4.823830708554580269e+03 0.000000000000000000e+00 0.000000000000000000e+00
4.828836636487635587e+03 0.000000000000000000e+00 0.000000000000000000e+00
4.833842564420691815e+03 0.000000000000000000e+00 0.000000000000000000e+00
4.838848492353747133e+03 0.000000000000000000e+00 0.000000000000000000e+00
4.843854420286802451e+03 0.000000000000000000e+00 0.000000000000000000e+00
4.848860348219858679e+03 0.000000000000000000e+00 0.000000000000000000e+00
4.853866276152913997e+03 0.000000000000000000e+00 0.000000000000000000e+00
4.858872204085970225e+03 0.000000000000000000e+00 0.000000000000000000e+00
4.863878132019025543e+03 0.000000000000000000e+00 0.000000000000000000e+00
4.868884059952080861e+03 0.000000000000000000e+00 0.000000000000000000e+00
4.873889987885137089e+03 0.000000000000000000e+00 0.000000000000000000e+00
4.878895915818192407e+03 0.000000000000000000e+00 0.000000000000000000e+00
4.883901843751248634e+03 0.000000000000000000e+00 0.000000000000000000e+00
4.888907771684303952e+03 0.000000000000000000e+00 0.000000000000000000e+00
4.893913699617360180e+03 0.000000000000000000e+00 0.000000000000000000e+00
4.898919627550415498e+03 0.000000000000000000e+00 0.000000000000000000e+00
4.903925555483470816e+03 0.000000000000000000e+00 0.000000000000000000e+00
4.908931483416527044e+03 2.592453641071019564e-21 0.000000000000000000e+00
4.913937411349582362e+03 3.123138757801621847e-20 3.184378214533099564e-20
4.918943339282638590e+03 7.132436527522082287e-20 4.366843328663279438e-20
4.923949267215693908e+03 1.110042971214048477e-19 4.179336950908844565e-20
4.928955195148750136e+03 1.502863666170599464e-19 3.873193320304781185e-20
4.933961123081805454e+03 1.891852129575001943e-19 1.079727247100154662e-19
4.938967051014860772e+03 2.277149458158237696e-19 1.808447701596238058e-19
4.943972978947916999e+03 2.667972941345131939e-19 1.706111141498412064e-19
4.948978906880972318e+03 1.931138305698166590e-19 1.657772393650837947e-19
4.953984834814028545e+03 6.242882891934939277e-19 1.636261377802678729e-19
4.958990762747083863e+03 5.534064554120933580e-19 1.649553110345809156e-19
4.963996690680139181e+03 -9.169715007034887751e-20 1.651755467155791190e-19
4.969002618613195409e+03 5.316217370442777382e-19 1.633090041500768681e-19
4.974008546546250727e+03 5.345077963463570254e-19 1.574457812319775970e-19
4.979014474479306955e+03 8.465261372568662143e-20 1.481285452446356711e-19
4.984020402412362273e+03 2.247399595501927888e-19 1.495549481437497736e-19
4.989026330345418501e+03 5.383230615704195458e-19 1.505662551440566646e-19
4.994032258278473819e+03 1.797541097505805947e-19 1.483222769595227510e-19
4.999038186211529137e+03 3.888221636729476195e-19 1.417375431035150901e-19
5.004044114144585365e+03 1.383871298526512550e-19 1.384934347709113610e-19
5.009050042077640683e+03 3.876317051234642360e-19 1.353130811558841347e-19
5.014055970010696910e+03 4.635635229443921791e-19 1.258203015505953139e-19
5.019061897943752228e+03 7.626756437260182542e-19 1.206168903072264170e-19
5.024067825876807547e+03 7.518971405345699777e-19 1.246813361126898326e-19
5.029073753809863774e+03 7.101157301610976165e-19 1.302847870435762788e-19
5.034079681742919092e+03 6.657136777937389135e-19 1.276196866967727340e-19
5.039085609675975320e+03 5.617524640046508608e-19 1.213122578851111026e-19
5.044091537609030638e+03 5.955412939856650742e-19 1.166525892156453860e-19
5.049097465542086866e+03 8.647269655135156426e-19 1.172486504128407266e-19
5.054103393475142184e+03 7.750183802134938059e-19 1.177709959556963167e-19
5.059109321408197502e+03 6.870548776949219588e-19 1.144379302771070602e-19
5.064115249341253730e+03 5.495312549571864256e-19 1.087112017434723531e-19
5.069121177274309048e+03 5.988097604871856300e-19 1.049956770832091379e-19
5.074127105207365275e+03 5.315876206518042758e-19 1.046480020700197261e-19
5.079133033140420594e+03 5.201615319927971733e-19 1.040211287270994837e-19
5.084138961073476821e+03 2.925574738601507133e-19 1.047010595466965413e-19
5.089144889006532139e+03 3.620111516831593942e-19 1.012115503513888779e-19
5.094150816939587457e+03 4.808647175701453824e-19 1.017909563327261390e-19
5.099156744872643685e+03 6.093727955395583225e-19 1.039317137970684015e-19
5.104162672805699003e+03 5.591175889835335116e-19 1.089153153381871710e-19
5.109168600738755231e+03 5.664567476392348985e-19 1.105021824606549451e-19
5.114174528671810549e+03 3.865327441396144668e-19 1.090757821593782481e-19
5.119180456604865867e+03 3.142196247568452611e-20 1.100813432381509708e-19
5.124186384537922095e+03 2.715677937502342539e-20 1.130223459861716610e-19
5.129192312470977413e+03 3.459330848793082775e-19 1.151118501301625939e-19
5.134198240404033641e+03 4.646337578138175915e-19 1.100931966988064334e-19
5.139204168337088959e+03 5.161168699150617668e-19 1.042250968961764149e-19
5.144210096270145186e+03 5.441513610899885143e-19 1.018989007977149378e-19
5.149216024203200504e+03 4.209500950212430071e-19 1.035038228688726696e-19
5.154221952136255823e+03 2.716284739818385086e-19 1.008308895257460435e-19
5.159227880069312050e+03 3.951732064932577091e-19 9.164982842790351772e-20
5.164233808002367368e+03 3.839697503715887057e-19 8.024849267638375636e-20
5.169239735935423596e+03 5.678603416893714131e-19 7.661411643294226279e-20
5.174245663868478914e+03 3.638733330112072318e-19 7.990289860997099643e-20
5.179251591801534232e+03 4.784139223121693510e-19 8.174478032648137267e-20
5.184257519734590460e+03 5.946666078063623242e-19 8.229589362027209999e-20
5.189263447667645778e+03 5.568181793981821972e-19 8.336307958076082172e-20
5.194269375600702006e+03 2.993383878478515163e-19 8.587218066205475183e-20
5.199275303533757324e+03 4.819959406295633365e-19 9.015212606119710658e-20
5.204281231466813551e+03 5.397721499645648614e-19 9.030450580915446337e-20
5.209287159399868870e+03 6.485584337316221743e-19 8.960476416289188246e-20
5.214293087332924188e+03 6.133472737328056932e-19 8.876779480007484258e-20
5.219299015265980415e+03 6.968517330131303213e-19 8.839554362232439042e-20
5.224304943199035733e+03 6.153720381000109282e-19 8.858283814368906086e-20
5.229310871132091961e+03 6.135412042288203493e-19 9.008520531908111402e-20
5.234316799065147279e+03 4.349979769768891869e-19 9.158313372196152749e-20
5.239322726998203507e+03 5.166399960259915008e-19 9.020013752801515463e-20
5.244328654931258825e+03 3.233257034470355548e-19 8.763503801752364058e-20
5.249334582864314143e+03 5.430095395406298235e-19 8.964551123551466225e-20
5.254340510797370371e+03 5.287523215126773959e-19 8.991284871998961011e-20
5.259346438730425689e+03 3.140297925769873115e-19 8.474438425894672468e-20
5.264352366663481916e+03 4.523188270505940503e-19 7.873855862576972548e-20
5.269358294596537235e+03 4.359876582521753333e-19 7.642580774594936093e-20
5.274364222529593462e+03 5.342860584596045557e-19 7.728125598767583246e-20
5.279370150462648780e+03 4.975731255973935967e-19 7.794931643429769341e-20
5.284376078395704099e+03 5.660525231112354038e-19 8.088439233759471082e-20
5.289382006328760326e+03 5.349237911397851123e-19 8.339361284007501932e-20
5.294387934261815644e+03 4.228388490585011638e-19 8.055154154042189012e-20
5.299393862194871872e+03 6.691313692626298133e-19 8.018187100433581278e-20
5.304399790127927190e+03 4.951728492867309936e-19 8.195010866806990694e-20
5.309405718060982508e+03 5.117572671324662297e-19 8.321181840600432653e-20
5.314411645994038736e+03 2.688402024826821991e-19 8.148656010494239519e-20
5.319417573927094054e+03 5.411389159591051943e-19 7.871010649932495595e-20
5.324423501860150282e+03 5.998919939593301057e-19 7.732145037762913373e-20
5.329429429793205600e+03 4.975516614028068972e-19 7.759471067138301126e-20
5.334435357726260918e+03 4.737096457217689370e-19 7.830002349219177611e-20
5.339441285659317145e+03 4.357412419901897768e-19 7.724203032245125739e-20
5.344447213592372464e+03 3.273124703367481744e-19 7.723324182530261754e-20
5.349453141525428691e+03 4.189748321825736960e-19 7.805281138137392105e-20
5.354459069458484009e+03 3.226255301316521342e-19 7.928159128208988750e-20
5.359464997391540237e+03 4.743639134005051668e-19 8.000641775159717184e-20
5.364470925324595555e+03 2.084491782731633389e-19 7.984268573061006034e-20
5.369476853257650873e+03 3.760879304698374651e-19 8.048477917756265380e-20
5.374482781190707101e+03 4.581508424921730990e-19 8.227498794486062266e-20
5.379488709123762419e+03 4.635388037737394022e-19 8.352363876835669126e-20
5.384494637056818647e+03 3.328697320675388993e-19 8.503923595704757172e-20
5.389500564989873965e+03 2.628835883528247980e-19 8.583082600397818305e-20
5.394506492922930192e+03 5.097905769270449742e-19 8.542785852285346567e-20
5.399512420855985511e+03 5.201675212131179227e-19 8.398388023632920200e-20
5.404518348789040829e+03 5.575972527714768583e-19 8.319469701246478019e-20
5.409524276722097056e+03 2.917311118590864073e-19 8.333011929830646297e-20
5.414530204655152374e+03 4.917070153284263554e-19 8.480480702306349549e-20
5.419536132588208602e+03 5.817618422840739461e-19 8.380528810220159344e-20
5.424542060521263920e+03 4.902097784100604802e-19 8.059542225233001190e-20
5.429547988454320148e+03 6.397635037439029073e-19 7.831029657939095482e-20
5.434553916387375466e+03 4.994451944186669250e-19 7.957235707350075928e-20
5.439559844320430784e+03 3.525506121614017590e-19 8.801370672563139069e-20
5.444565772253487012e+03 3.952194637143279860e-19 9.127017640366942604e-20
5.449571700186542330e+03 2.841864887631764648e-19 8.723844462597839288e-20
5.454577628119598558e+03 3.563327688129756564e-19 8.039978259655218175e-20
5.459583556052653876e+03 5.347056282290522606e-19 7.978771689027538015e-20
5.464589483985709194e+03 6.138426480427123129e-19 8.027485632810635400e-20
5.469595411918765421e+03 3.395838609087688297e-19 8.190925583370995204e-20
5.474601339851820740e+03 4.257930499279285165e-19 8.465713816219645036e-20
5.479607267784876967e+03 4.275737102141326116e-19 8.717655430437988840e-20
5.484613195717932285e+03 3.842526293287557881e-19 8.907493537306231453e-20
5.489619123650987603e+03 4.646794508344113616e-19 9.321686122242637088e-20
5.494625051584043831e+03 4.370067784039352399e-19 1.046965024079040687e-19
5.499630979517099149e+03 5.028158757421278161e-19 1.213079297293389976e-19
5.504636907450155377e+03 5.174673376993972271e-19 1.414594465026666874e-19
5.509642835383210695e+03 4.129809376792556907e-19 1.709363968597763372e-19
5.514648763316266923e+03 8.353122358654904430e-19 1.888127884502341717e-19
5.519654691249322241e+03 2.629293524508117344e-19 2.182577435332959691e-19
5.524660619182377559e+03 3.678551826627537529e-19 2.802773245301291079e-19
5.529666547115433787e+03 3.801834234825233005e-19 3.205628357702124066e-19
5.534672475048489105e+03 5.450444348540192186e-19 3.871442206898794816e-19
5.539678402981545332e+03 5.613310668152522139e-19 5.116468881428336485e-19
5.544684330914600650e+03 5.581957418283101554e-19 7.122643004887982222e-19
5.549690258847656878e+03 5.550693210019311633e-19 7.654477121820531540e-19
5.554696186780712196e+03 5.519518534700675042e-19 8.935268958268495305e-19
5.559702114713767514e+03 5.488433912473464919e-19 9.918534871701288524e-19
5.564708042646823742e+03 5.457439890836109696e-19 9.140728191580853180e-19
5.569713970579879060e+03 5.378749661915552609e-19 4.975539042031320285e-19
5.574719898512935288e+03 8.300084475912885200e-19 3.486570497745327636e-19
5.579725826445990606e+03 6.249616318891129457e-19 2.412358846925709874e-19
5.584731754379046833e+03 3.715948972410942961e-19 1.175196481075443395e-19
5.589737682312102152e+03 4.418953354029671825e-19 8.243708554327983669e-20
5.594743610245157470e+03 4.765687814775098224e-19 8.030466915091433544e-20
5.599749538178213697e+03 3.732284428344833220e-19 7.882018567062083067e-20
5.604755466111269016e+03 4.760302247671671710e-19 7.534567259132238306e-20
5.609761394044325243e+03 4.834435133135430124e-19 7.057826132874013265e-20
5.614767321977380561e+03 4.293773798207889589e-19 6.916015596155905505e-20
5.619773249910436789e+03 4.955215617489314742e-19 7.225610528759203574e-20
5.624779177843492107e+03 4.926833921339528522e-19 7.563635355762734558e-20
5.629785105776547425e+03 4.803629282002463339e-19 7.614924742638878817e-20
5.634791033709603653e+03 4.148849341080454311e-19 7.462670490978684118e-20
5.639796961642658971e+03 4.810673976866827603e-19 7.123314017755566877e-20
5.644802889575714289e+03 5.486670267557034034e-19 6.800618277697478955e-20
5.649808817508770517e+03 4.613708662501329607e-19 6.707720080522154243e-20
5.654814745441825835e+03 4.512169265078995453e-19 6.813069798551792142e-20
5.659820673374882062e+03 5.094358554317999531e-19 6.914150271861918244e-20
5.664826601307937381e+03 5.572089320005633561e-19 6.803324908993335406e-20
5.669832529240993608e+03 4.433781415869791781e-19 6.509446624958302673e-20
5.674838457174048926e+03 4.573074630781119784e-19 6.199545329751254348e-20
5.679844385107104245e+03 4.788276508361346937e-19 6.074479584903752914e-20
5.684850313040160472e+03 5.503831149230629956e-19 6.273743119499045040e-20
5.689856240973215790e+03 4.336226593567150531e-19 6.539486074247948396e-20
5.694862168906272018e+03 3.474554548160248358e-19 6.683571446335112950e-20
5.699868096839327336e+03 3.717246515731297554e-19 6.553649951258424502e-20
5.704874024772383564e+03 2.899209738993369980e-19 6.227802811365375373e-20
5.709879952705438882e+03 2.925689160540279457e-19 6.100170773790508326e-20
5.714885880638494200e+03 3.522021810700329747e-19 6.262068177098750384e-20
5.719891808571550428e+03 2.973367809971816377e-19 6.592574622834608246e-20
5.724897736504605746e+03 4.053975945378059730e-19 6.859434042178673600e-20
5.729903664437661973e+03 4.182726598954695639e-19 6.950192107766979054e-20
5.734909592370717291e+03 5.518327921730646504e-19 6.768541616771101070e-20
5.739915520303773519e+03 2.854243742469855445e-19 6.545465226174931147e-20
5.744921448236828837e+03 3.852979729980583573e-19 6.476578273427682744e-20
5.749927376169884155e+03 4.216653537928855875e-19 6.752981571349508611e-20
5.754933304102940383e+03 3.314091689810384913e-19 7.281776012593636071e-20
5.759939232035995701e+03 3.916457335855659760e-19 7.676210325338176068e-20
5.764945159969051929e+03 2.901482188320837657e-19 7.716234454517359979e-20
5.769951087902107247e+03 4.744434712679246668e-19 7.402352618195593701e-20
5.774957015835163475e+03 4.804119134720879119e-19 6.983096599739406359e-20
5.779962943768218793e+03 5.612509654191488982e-19 6.802094423082851876e-20
5.784968871701274111e+03 3.463515901664733651e-19 6.924113798309012273e-20
5.789974799634330338e+03 3.816887489200796215e-19 7.201330573893021661e-20
5.794980727567385657e+03 4.409512082225071444e-19 7.364172442531514512e-20
5.799986655500441884e+03 3.871177857632488648e-19 7.309754612464615130e-20
5.804992583433497202e+03 3.446749281602568910e-19 7.159274862533257676e-20
5.809998511366552520e+03 5.154152634623302728e-19 7.030471318327767441e-20
5.815004439299608748e+03 4.227120547992562243e-19 7.021716837074485329e-20
5.820010367232664066e+03 5.487463618390390931e-19 7.119269304628794941e-20
5.825016295165720294e+03 3.874390626055786148e-19 7.173022073983332496e-20
5.830022223098775612e+03 4.483441711889395886e-19 7.193180844861092907e-20
5.835028151031830930e+03 4.417713526421254505e-19 7.034546534936953360e-20
5.840034078964887158e+03 4.004830743619350254e-19 6.748657495652379794e-20
5.845040006897942476e+03 4.375691719453498777e-19 6.514832203589385276e-20
5.850045934830998704e+03 3.087062984323745772e-19 6.383476781788526016e-20
5.855051862764054022e+03 2.145045493344225920e-19 6.523842174144949998e-20
5.860057790697110249e+03 2.143300899697849039e-19 7.273657491149686161e-20
5.865063718630165567e+03 8.737174318018302341e-20 7.934624616439522396e-20
5.870069646563220886e+03 2.371639986574634888e-19 7.873883854184535123e-20
5.875075574496277113e+03 4.571478058348706077e-19 7.284402070660128995e-20
5.880081502429332431e+03 3.776443736797548691e-19 8.049208026611373962e-20
5.885087430362388659e+03 6.259083274471974410e-19 1.180587247758609485e-19
5.890093358295443977e+03 3.559959089181424654e-19 1.377403239567920366e-19
5.895099286228500205e+03 4.453685198062153269e-19 1.220048350368601351e-19
5.900105214161555523e+03 4.618652251076597086e-19 9.553841054035140232e-20
5.905111142094610841e+03 3.309475514888905464e-19 7.749201684452381245e-20
5.910117070027667069e+03 3.303738902598458510e-19 7.745771876388348190e-20
5.915122997960722387e+03 1.676779425709701889e-19 7.447153472424087962e-20
5.920128925893778614e+03 3.354991698419550427e-19 7.071464163967733717e-20
5.925134853826833933e+03 5.397217448723303330e-19 7.161401183627881189e-20
5.930140781759890160e+03 2.530094485287519662e-19 7.467292422372742195e-20
5.935146709692945478e+03 1.409873169258010648e-19 7.417635250906408687e-20
5.940152637626000796e+03 -5.499782680601744531e-21 7.227682933033864775e-20
5.945158565559057024e+03 1.031934877160526743e-19 7.378384605443816587e-20
5.950164493492112342e+03 3.102335742000997438e-19 7.408870872521515056e-20
5.955170421425167660e+03 3.219158814353560970e-19 6.924583147317065026e-20
5.960176349358223888e+03 2.859911125807926218e-19 6.368890079272433834e-20
5.965182277291280116e+03 3.786390145752006700e-19 6.346688600613209457e-20
5.970188205224335434e+03 2.824356465643323514e-19 6.570781777867149033e-20
5.975194133157390752e+03 3.616816401989583462e-19 6.705576150124702454e-20
5.980200061090446980e+03 3.620185778451362695e-19 6.485979611780140134e-20
5.985205989023502298e+03 4.728337377112453714e-19 6.123720317041069483e-20
5.990211916956557616e+03 3.923021840425891156e-19 5.940935368568409311e-20
5.995217844889613843e+03 3.614367829738090974e-19 5.879277933031136791e-20
6.000223772822669162e+03 4.281288180445214405e-19 5.918749653176475154e-20
6.005229700755725389e+03 3.223404988198082617e-19 5.876681720954509416e-20
6.010235628688780707e+03 4.092487895551682246e-19 5.896419244191631807e-20
6.015241556621836935e+03 3.565682447273633331e-19 5.907472427939380499e-20
6.020247484554892253e+03 5.060633877589854510e-19 5.802487991501349528e-20
6.025253412487947571e+03 3.697662714773246468e-19 5.646730837793906782e-20
6.030259340421003799e+03 3.667061267234830609e-19 5.501087930195553822e-20
6.035265268354059117e+03 4.065961683736394113e-19 5.311160082571821960e-20
6.040271196287115345e+03 4.179692200284550859e-19 5.172818077622741750e-20
6.045277124220170663e+03 4.812105836801170402e-19 5.145531166607614304e-20
6.050283052153226890e+03 3.806763008345986883e-19 5.186523597159328941e-20
6.055288980086282209e+03 3.670480553906116454e-19 5.198739542576304838e-20
6.060294908019337527e+03 4.137609385828807553e-19 5.151050735777652137e-20
6.065300835952393754e+03 4.917620063939711076e-19 5.038727281938595476e-20
6.070306763885449072e+03 3.980960668549706841e-19 4.851033840243256793e-20
6.075312691818505300e+03 4.404079450496444753e-19 4.670125650638825921e-20
6.080318619751560618e+03 4.394713928538584835e-19 4.627599005058726353e-20
6.085324547684616846e+03 4.184563665225202391e-19 4.676544141597989646e-20
6.090330475617672164e+03 4.784963222680086884e-19 4.784024763471300066e-20
6.095336403550727482e+03 4.599045857882546979e-19 4.875536471007155123e-20
6.100342331483783710e+03 3.158755145771918705e-19 4.883510426778784742e-20
6.105348259416839028e+03 4.487737847812919446e-19 4.828230669455275436e-20
6.110354187349894346e+03 4.831191119101778928e-19 4.738293024222675806e-20
6.115360115282950574e+03 3.918843594242403132e-19 4.645077718679496791e-20
6.120366043216006801e+03 3.987187277836998353e-19 4.649098079399998435e-20
6.125371971149062119e+03 2.993816285752416881e-19 4.739376656372395493e-20
6.130377899082117438e+03 3.498364156118958693e-19 4.976815847567041834e-20
6.135383827015173665e+03 3.920345957067172597e-19 5.276427673047613903e-20
6.140389754948228983e+03 3.644595970089311558e-19 5.428468859489557641e-20
6.145395682881284301e+03 3.181289826294810590e-19 5.265509187687155701e-20
6.150401610814340529e+03 3.706168229073674881e-19 4.988630623064234695e-20
6.155407538747396757e+03 4.106943095416832938e-19 4.723330443959120919e-20
6.160413466680452075e+03 3.234436174373454260e-19 4.602282803418371260e-20
6.165419394613507393e+03 3.982592434672651190e-19 4.785973554129602115e-20
6.170425322546563621e+03 3.456010963644548201e-19 4.914797278278907152e-20
6.175431250479618939e+03 1.738186106824401795e-19 4.782377895297147785e-20
6.180437178412674257e+03 2.472724515591944630e-19 4.670190754123239443e-20
6.185443106345730484e+03 3.598043957995201106e-19 4.589602627019474449e-20
6.190449034278785803e+03 3.952242467756803868e-19 4.497088776684923520e-20
6.195454962211842030e+03 4.200754047887106703e-19 4.486152589293863333e-20
6.200460890144897348e+03 4.005593541522131400e-19 4.511107844834894143e-20
6.205466818077953576e+03 4.149545264193795841e-19 4.483225406632614608e-20
6.210472746011008894e+03 4.296615812067455688e-19 4.438458729678363787e-20
6.215478673944064212e+03 5.028739486140830969e-19 4.628474776725573765e-20
6.220484601877120440e+03 4.338264400134417611e-19 4.694332125273385174e-20
6.225490529810175758e+03 3.214533660731592571e-19 4.759287983117699623e-20
6.230496457743231986e+03 3.827300349928816422e-19 5.429459154206059983e-20
6.235502385676287304e+03 3.932906367832405821e-19 5.820757050697967732e-20
6.240508313609343531e+03 4.632286844788400389e-19 5.441556547589350383e-20
6.245514241542398850e+03 3.296008959894172685e-19 4.862201786869146884e-20
6.250520169475454168e+03 3.488852613118984968e-19 5.168701552809687332e-20
6.255526097408510395e+03 4.016202374481232715e-19 5.867460017468601614e-20
6.260532025341565713e+03 3.331566462012167508e-19 6.109469101597031536e-20
6.265537953274621032e+03 4.361911903673675509e-19 5.692422676380667627e-20
6.270543881207677259e+03 5.035503776374408032e-19 5.522534772305407846e-20
6.275549809140733487e+03 3.242024165919769702e-19 5.335950061009576089e-20
6.280555737073788805e+03 3.004833344405311756e-19 5.560670698527590750e-20
6.285561665006844123e+03 4.068241467330485029e-19 5.762372023553858067e-20
6.290567592939900351e+03 3.341595672974792827e-19 7.100840443667521782e-20
6.295573520872955669e+03 5.410676564561559720e-19 1.064734872374509851e-19
6.300579448806010987e+03 3.729655242186898539e-19 1.122510066253956344e-19
6.305585376739067215e+03 3.541897755565106640e-19 8.097695710404611289e-20
6.310591304672123442e+03 4.123093115348090790e-19 5.375119974263052903e-20
6.315597232605178760e+03 4.126150755516686133e-19 4.828293429357055821e-20
6.320603160538234079e+03 4.288712919599034382e-19 4.973193638752980202e-20
6.325609088471290306e+03 4.951919853930397415e-19 5.287148531697503102e-20
6.330615016404345624e+03 5.313961774376349887e-19 5.054652185780963534e-20
6.335620944337400942e+03 3.456364071901798801e-19 4.500677072963139876e-20
6.340626872270457170e+03 3.294207828943218839e-19 4.358526412008124638e-20
6.345632800203512488e+03 3.448795893247282563e-19 4.555120700075049999e-20
6.350638728136568716e+03 2.863934842651290205e-19 4.911524537180693994e-20
6.355644656069624034e+03 3.713701116797290992e-19 5.908363846110132697e-20
6.360650584002680262e+03 3.956953015073390032e-19 7.088056963504076350e-20
6.365656511935735580e+03 4.236514596077606903e-19 6.689568990514663902e-20
6.370662439868790898e+03 3.863167210673474641e-19 4.977139642948608295e-20
6.375668367801847126e+03 3.944216326394113238e-19 4.517170186175122666e-20
6.380674295734902444e+03 3.453175673750891352e-19 4.751857390477541747e-20
6.385680223667958671e+03 3.501216181866527604e-19 4.823270485331807984e-20
6.390686151601013989e+03 4.587748628554271941e-19 4.738685418187140272e-20
6.395692079534070217e+03 4.376322518820286952e-19 4.687422132972707338e-20
6.400698007467125535e+03 2.610752679147501631e-19 4.679804984852424798e-20
6.405703935400180853e+03 2.075894869032087431e-19 4.633097848120063374e-20
6.410709863333237081e+03 1.752532939167092729e-19 4.572091591387337834e-20
6.415715791266292399e+03 1.545403807060427389e-19 4.530367108681504219e-20
6.420721719199348627e+03 3.094475847906568947e-19 4.377573297420725204e-20
6.425727647132403945e+03 3.258905721199782985e-19 4.181437843887428405e-20
6.430733575065460172e+03 3.731111312380394928e-19 4.072114590303040843e-20
6.435739502998515491e+03 3.837965833179115745e-19 4.030219382329967280e-20
6.440745430931570809e+03 4.319761216095068337e-19 3.998055220776729877e-20
6.445751358864627036e+03 3.811244783653950799e-19 4.051632608088136193e-20
6.450757286797682355e+03 3.756221211038655163e-19 4.108749323614620860e-20
6.455763214730737673e+03 4.508141802249633858e-19 4.235539968724824704e-20
6.460769142663793900e+03 3.672054723475050043e-19 4.619301878057419513e-20
6.465775070596850128e+03 4.258062150286342645e-19 4.865016475104516699e-20
6.470780998529905446e+03 4.685384697696071486e-19 4.608110771248808608e-20
6.475786926462960764e+03 3.734153530137227378e-19 4.182135032766247321e-20
6.480792854396016992e+03 3.992654552070058671e-19 3.906411304452172451e-20
6.485798782329072310e+03 4.373029134706885089e-19 3.841790022230642254e-20
6.490804710262127628e+03 4.402683169856872309e-19 4.356147589942123820e-20
6.495810638195183856e+03 4.347327121907748277e-19 5.132646632622561480e-20
6.500816566128239174e+03 3.785045060053512801e-19 5.299949647622343822e-20
6.505822494061295401e+03 3.480030516586713816e-19 4.670411420411007476e-20
6.510828421994350720e+03 4.432798467718964135e-19 4.336772842276293285e-20
6.515834349927406947e+03 3.085332896288634394e-19 4.394148630603695788e-20
6.520840277860462265e+03 2.956580800259051541e-19 4.518204965792474154e-20
6.525846205793517584e+03 3.323932272128270846e-19 4.966586121058141361e-20
6.530852133726573811e+03 4.010578022675993647e-19 5.233992614562577971e-20
6.535858061659629129e+03 3.486256605452637652e-19 5.117541195928173244e-20
6.540863989592685357e+03 4.461752257184376614e-19 5.190186655869703459e-20
6.545869917525740675e+03 4.508097940006556280e-19 6.238657733989624044e-20
6.550875845458796903e+03 4.755674780625710082e-19 5.811365921179422229e-20
6.555881773391852221e+03 4.085499216701213050e-19 4.589537670169433223e-20
6.560887701324907539e+03 2.602526656778825364e-19 3.695502754554151284e-20
6.565893629257963767e+03 2.966274099219497988e-19 3.790738468371345133e-20
6.570899557191019085e+03 4.153138750699040665e-19 4.232814634256082010e-20
6.575905485124075312e+03 4.236492876184799806e-19 4.455817985981046191e-20
6.580911413057130630e+03 4.863643230333248066e-19 4.158859497401492787e-20
6.585917340990186858e+03 3.306268339655860995e-19 3.726685254852819128e-20
6.590923268923242176e+03 3.421533408677593160e-19 3.797577896079085237e-20
6.595929196856297494e+03 3.971288325318399540e-19 3.994337115240861442e-20
6.600935124789353722e+03 4.247417196658837767e-19 4.184236743275906527e-20
6.605941052722409040e+03 4.370326481826907065e-19 4.074606641720732470e-20
6.610946980655464358e+03 3.871579576881487075e-19 3.785918934836571911e-20
6.615952908588520586e+03 3.482846340309489302e-19 3.712856936419672426e-20
6.620958836521576814e+03 3.276672500710828005e-19 3.783915266533833758e-20
6.625964764454632132e+03 3.786329555183329879e-19 3.890125181600542951e-20
6.630970692387687450e+03 3.394044522841139184e-19 4.014058193628842740e-20
6.635976620320743677e+03 3.264238056033776912e-19 4.007850624281980481e-20
6.640982548253798996e+03 2.921414262581025743e-19 3.932094457001292278e-20
6.645988476186854314e+03 4.016441002556755950e-19 3.993528566490157348e-20
6.650994404119910541e+03 3.753279211117669224e-19 4.102092265154670828e-20
6.656000332052965859e+03 4.181674785276621657e-19 4.187298716373634286e-20
6.661006259986022087e+03 3.092264845677347985e-19 4.197044601338233080e-20
6.666012187919077405e+03 3.993017305939297476e-19 4.119169203768334046e-20
6.671018115852133633e+03 3.605594191885466366e-19 3.957241225959326676e-20
6.676024043785188951e+03 2.855811425487278668e-19 3.799727261120884954e-20
6.681029971718244269e+03 3.711808818641555335e-19 3.730087193756213474e-20
6.686035899651300497e+03 3.135384323315646476e-19 3.664506863405121103e-20
6.691041827584355815e+03 3.662137460663914665e-19 3.619531419970422407e-20
6.696047755517412043e+03 4.104598564467205639e-19 3.650567419149919791e-20
6.701053683450467361e+03 3.357566344290337522e-19 3.656980184901905716e-20
6.706059611383523588e+03 3.647973754231116488e-19 3.604070803692661934e-20
6.711065539316578906e+03 4.138829432332054399e-19 3.587062663419742358e-20
6.716071467249634225e+03 3.138248413766049553e-19 3.573830751376569011e-20
6.721077395182690452e+03 3.686295703103009044e-19 3.541554449377623963e-20
6.726083323115745770e+03 3.062936922696166019e-19 3.521340027459314170e-20
6.731089251048801998e+03 3.205478136327528951e-19 3.514689999561912049e-20
6.736095178981857316e+03 2.821314327233295806e-19 3.522405313909393669e-20
6.741101106914913544e+03 3.501933008221367950e-19 3.538028828362936348e-20
6.746107034847968862e+03 3.661294970797742145e-19 3.542940596698358952e-20
6.751112962781024180e+03 3.188257671669832463e-19 3.535889555450092189e-20
6.756118890714080408e+03 3.935545628469887837e-19 3.580780170596041657e-20
6.761124818647135726e+03 3.018304769275472292e-19 3.646800507868877074e-20
6.766130746580191044e+03 3.103709570463998280e-19 3.694895512107804097e-20
6.771136674513247272e+03 3.021166761091944783e-19 3.775727316312414935e-20
6.776142602446303499e+03 2.364027895103568069e-19 3.850754699351742674e-20
6.781148530379358817e+03 4.076849658241912902e-19 3.937824240301062911e-20
6.786154458312414135e+03 3.335662768066295795e-19 3.918410139149773839e-20
6.791160386245470363e+03 3.646670487074999087e-19 3.798310826533756191e-20
6.796166314178525681e+03 3.229728083805500261e-19 3.671818538195250204e-20
6.801172242111580999e+03 3.446824027354908177e-19 3.601045384174178425e-20
6.806178170044637227e+03 3.151196715820509994e-19 3.536984718047464049e-20
6.811184097977693455e+03 2.592932529514853394e-19 3.500036544333704438e-20
6.816190025910748773e+03 3.389095537506287563e-19 3.513024232142812429e-20
6.821195953843804091e+03 3.103590616244288221e-19 4.295804937144805860e-20
6.826201881776860318e+03 2.979067262007526481e-19 5.462732389510451319e-20
6.831207809709915637e+03 2.669652941004718812e-19 5.815746001423267835e-20
6.836213737642970955e+03 2.560642941412447148e-19 5.023254924931280789e-20
6.841219665576027182e+03 3.040340351626229087e-19 4.046348300128836357e-20
6.846225593509082501e+03 3.347413660017312263e-19 3.622895785931284115e-20
6.851231521442138728e+03 3.317116319931459424e-19 3.458169705194075533e-20
6.856237449375194046e+03 3.263846277740611963e-19 4.416684024402895158e-20
6.861243377308250274e+03 4.673272617453588723e-19 6.872534410591602575e-20
6.866249305241305592e+03 5.379315430406132315e-19 7.438810686400734297e-20
6.871255233174360910e+03 4.173609558924025949e-19 6.052562812654797401e-20
6.876261161107417138e+03 3.697580992824066595e-19 5.370599475584056763e-20
6.881267089040473365e+03 3.353870916738373662e-19 5.307460521246819807e-20
6.886273016973527774e+03 4.659676709580428261e-19 5.599567910346320885e-20
6.891278944906584002e+03 4.236710946713917148e-19 5.622191744257029780e-20
6.896284872839640229e+03 4.936027569454869578e-19 5.666510471535468666e-20
6.901290800772695547e+03 4.005433854029907781e-19 5.723139710157456922e-20
6.906296728705750866e+03 4.436359914321379340e-19 5.699945389113007351e-20
6.911302656638807093e+03 3.226291101949124223e-19 5.598955899111328785e-20
6.916308584571862411e+03 3.752520510738896654e-19 6.052493367661076597e-20
6.921314512504917730e+03 4.168905473955221355e-19 6.221630848360409978e-20
6.926320440437973957e+03 3.588827915467943604e-19 5.352977340516848743e-20
6.931326368371030185e+03 3.353757755133808105e-19 4.249383464573055632e-20
6.936332296304085503e+03 3.664733057996203558e-19 4.427270316437063948e-20
6.941338224237140821e+03 4.161659331683490410e-19 4.834446511191354044e-20
6.946344152170197049e+03 3.212839528511974604e-19 5.014101513019206110e-20
6.951350080103252367e+03 3.466982039515434947e-19 4.705937272073713688e-20
6.956356008036307685e+03 3.262315243295159777e-19 3.709477960504160965e-20
6.961361935969363913e+03 2.986423791267705104e-19 3.621474981823701662e-20
6.966367863902420140e+03 3.219224362908211318e-19 3.888888141187530413e-20
6.971373791835475458e+03 2.931612869726276722e-19 4.264549421509875037e-20
6.976379719768530776e+03 4.452233594240574614e-19 4.375091244882763876e-20
6.981385647701587004e+03 3.246161059351437583e-19 4.089694228723707015e-20
6.986391575634642322e+03 3.258676073453062283e-19 3.496130663059616006e-20
6.991397503567697640e+03 3.729015247157597055e-19 3.390584823861682324e-20
6.996403431500753868e+03 3.299353415425354063e-19 3.510490273751365327e-20
7.001409359433810096e+03 3.232591290178197447e-19 3.695497134438682388e-20
7.006415287366865414e+03 3.292167054498207121e-19 3.954538370877861674e-20
7.011421215299920732e+03 3.794220975073292081e-19 3.929966303176882961e-20
7.016427143232976960e+03 3.525400067207870753e-19 3.678366226857141662e-20
7.021433071166032278e+03 3.261133273348612501e-19 3.541378253655459007e-20
7.026438999099087596e+03 3.935339400126577713e-19 3.675975312092481643e-20
7.031444927032143823e+03 2.612613991338946641e-19 3.761687831283423061e-20
7.036450854965200051e+03 3.626855619810421173e-19 3.940424432762765515e-20
7.041456782898254460e+03 4.053019543974087656e-19 4.255949539660425864e-20
7.046462710831310687e+03 3.924272829220776415e-19 4.386076782791195060e-20
7.051468638764366915e+03 4.088584741590432948e-19 4.171875877706897983e-20
7.056474566697422233e+03 3.397096602160390457e-19 3.774140953071752344e-20
7.061480494630477551e+03 3.145738338825350098e-19 3.687907639200712709e-20
7.066486422563533779e+03 3.668960634380275448e-19 3.683190224037022881e-20
7.071492350496589097e+03 3.238254900020674398e-19 3.634601325231777810e-20
7.076498278429644415e+03 3.279111519808371204e-19 3.596517772318385841e-20
7.081504206362700643e+03 4.258579849010374387e-19 3.641490422404439027e-20
7.086510134295756870e+03 3.926848359902014968e-19 3.628527147739947688e-20
7.091516062228812189e+03 4.084093035717946754e-19 3.513074732404409734e-20
7.096521990161867507e+03 3.382901282837015215e-19 3.362616633911888705e-20
7.101527918094923734e+03 2.959091930111806000e-19 3.336454844061039531e-20
7.106533846027979052e+03 3.424859740951073504e-19 3.337018445996973795e-20
7.111539773961034371e+03 2.664755950004465711e-19 3.328527885332836997e-20
7.116545701894090598e+03 2.357681741013125095e-19 3.299327562694942357e-20
7.121551629827146826e+03 2.364455696184812834e-19 3.347702573182835133e-20
7.126557557760202144e+03 3.048704956024188257e-19 3.455677314128928517e-20
7.131563485693257462e+03 3.569080630319343554e-19 3.500878921726645522e-20
7.136569413626313690e+03 3.331430649334707944e-19 3.560476890527486952e-20
7.141575341559369008e+03 2.739760696289485012e-19 3.758761881857313829e-20
7.146581269492424326e+03 2.945830676498095530e-19 3.826875326817415106e-20
7.151587197425480554e+03 2.429711371774905311e-19 3.745046619511543363e-20
7.156593125358536781e+03 2.597312893473755677e-19 3.805823749504856712e-20
7.161599053291592099e+03 3.422993150772218654e-19 3.951594433523253929e-20
7.166604981224647418e+03 3.272612708434608210e-19 4.012798444625189230e-20
7.171610909157703645e+03 3.493546895016483300e-19 3.973804861105715644e-20
7.176616837090758963e+03 3.120830633610744633e-19 3.901469191846794126e-20
7.181622765023814281e+03 3.215155862850944551e-19 3.709110529242663649e-20
7.186628692956870509e+03 2.573018265098269588e-19 3.476186728388972472e-20
7.191634620889926737e+03 2.117129316039235116e-19 3.354689815775900443e-20
7.196640548822981145e+03 3.256948728516677837e-19 3.319986849754601523e-20
7.201646476756037373e+03 3.416569089245071137e-19 3.257108352213472569e-20
7.206652404689093601e+03 3.499111180577849997e-19 3.197799755308788402e-20
7.211658332622148919e+03 2.830767389992192621e-19 3.162441062459143447e-20
7.216664260555204237e+03 3.745248102446974025e-19 3.216597325530196723e-20
7.221670188488260465e+03 3.008488091529392761e-19 3.293428172750321250e-20
7.226676116421315783e+03 2.383484328755932858e-19 3.378020029853983973e-20
7.231682044354371101e+03 2.588500859722486080e-19 4.578376042594863323e-20
7.236687972287427328e+03 3.035680087112718954e-19 6.773504311606352641e-20
7.241693900220483556e+03 3.784273578409379620e-19 7.860659643708499138e-20
7.246699828153538874e+03 3.636182731504400535e-19 6.789693956558995164e-20
7.251705756086594192e+03 2.887497449153506505e-19 5.064120585191400043e-20
7.256711684019650420e+03 3.305535580552841196e-19 4.254032475331833488e-20
7.261717611952705738e+03 3.575265979408323628e-19 3.832655118496088673e-20
7.266723539885761056e+03 3.060122576595052782e-19 4.577818317404082766e-20
7.271729467818817284e+03 3.535514887357926167e-19 7.179050077237422645e-20
7.276735395751873511e+03 3.361296513399754128e-19 8.036743560633554978e-20
7.281741323684928830e+03 4.199723933065322073e-19 7.063840562874553224e-20
7.286747251617984148e+03 3.141513015814253362e-19 5.577972509271669409e-20
7.291753179551040375e+03 2.493836591059264468e-19 4.734300762613054794e-20
7.296759107484095694e+03 2.771251718390896077e-19 4.916434015236463105e-20
7.301765035417151012e+03 2.772572522166874749e-19 4.977986042876554778e-20
7.306770963350207239e+03 3.740412955094317300e-19 5.262504737746737346e-20
7.311776891283263467e+03 2.421949579617196831e-19 6.578106799635558653e-20
7.316782819216318785e+03 1.829093393586332736e-19 6.585870048789075994e-20
7.321788747149374103e+03 2.886019161392199470e-19 5.408617906540366203e-20
7.326794675082430331e+03 2.788592008202234794e-19 5.048682823696627240e-20
7.331800603015485649e+03 3.349156144909665961e-19 5.596428998420760200e-20
7.336806530948540967e+03 3.991352126618802158e-19 6.875318198760130699e-20
7.341812458881597195e+03 3.596602066767526266e-19 6.871793650950217376e-20
7.346818386814653422e+03 3.008583826538088464e-19 4.967351385889395033e-20
7.351824314747707831e+03 3.199631330770465891e-19 4.347871259623234489e-20
7.356830242680764059e+03 3.999140399632752801e-19 4.826785689925382061e-20
7.361836170613820286e+03 3.216268982459777146e-19 5.510360607180034072e-20
7.366842098546875604e+03 3.249909972959717446e-19 6.105773861558722572e-20
7.371848026479930923e+03 2.766890046739989526e-19 5.676286941634488431e-20
7.376853954412987150e+03 1.832815408423028176e-19 3.934972189734820225e-20
7.381859882346043378e+03 2.746867580641993953e-19 3.439443473353858022e-20
7.386865810279097786e+03 2.488872653373527924e-19 4.125428714084224746e-20
7.391871738212154014e+03 3.125586191034925251e-19 4.641022714667885704e-20
7.396877666145210242e+03 2.351993308236652057e-19 5.458032736898264522e-20
7.401883594078265560e+03 2.154740469554110289e-19 5.499659717220977273e-20
7.406889522011320878e+03 2.934973688887752627e-19 4.597034787108226702e-20
7.411895449944377106e+03 2.831139256080264259e-19 3.775991065502886792e-20
7.416901377877432424e+03 2.964274336392636526e-19 3.831908211392547462e-20
7.421907305810487742e+03 3.425816807266309141e-19 4.091000721579535343e-20
7.426913233743543969e+03 2.521635225066471404e-19 4.442908862391081909e-20
7.431919161676600197e+03 3.430071533026672139e-19 4.963717344591173065e-20
7.436925089609655515e+03 2.168414242674350025e-19 4.919685468878414335e-20
7.441931017542710833e+03 2.875788497306290063e-19 4.396927219200120167e-20
7.446936945475767061e+03 2.710184563082332131e-19 3.489363772976914911e-20
7.451942873408822379e+03 3.429228190160948906e-19 3.384727395689247834e-20
7.456948801341877697e+03 3.378158390994056499e-19 3.571262845789331954e-20
7.461954729274933925e+03 2.560392543087205421e-19 3.944030223770474887e-20
7.466960657207990153e+03 2.749583570554641570e-19 4.448016576698961555e-20
7.471966585141045471e+03 3.194359284855104465e-19 4.717379976001409433e-20
7.476972513074100789e+03 2.649661185110473992e-19 4.923708056793814512e-20
7.481978441007157016e+03 2.740517258471480706e-19 4.675388203420776123e-20
7.486984368940212335e+03 2.667086775777430098e-19 4.097690714057365543e-20
7.491990296873267653e+03 2.443246956388115767e-19 3.608006619586772647e-20
7.496996224806323880e+03 2.143775544621949726e-19 3.469359855524663382e-20
7.502002152739380108e+03 2.392866661255060082e-19 3.300016536175014159e-20
7.507008080672435426e+03 1.966492940953202958e-19 3.289357899681010836e-20
7.512014008605490744e+03 2.065155233554299973e-19 3.581248884823286697e-20
7.517019936538546972e+03 3.033505978745860680e-19 5.143943136555354135e-20
7.522025864471602290e+03 2.068154539739193406e-19 6.373838628819134440e-20
7.527031792404657608e+03 3.238426930031564329e-19 6.287629575081530948e-20
7.532037720337713836e+03 3.496781418680552873e-19 4.843833910799469942e-20
7.537043648270770063e+03 2.470235643634165886e-19 4.140021971022077850e-20
7.542049576203824472e+03 2.517351068802382234e-19 3.930568378584783636e-20
7.547055504136880700e+03 2.815392647244811619e-19 3.850590616396058605e-20
7.552061432069936927e+03 2.501838339030465587e-19 4.201869426994050325e-20
7.557067360002992245e+03 2.916415577260659366e-19 4.260004342829418495e-20
7.562073287936047564e+03 3.107299733788904496e-19 4.287309355152328427e-20
7.567079215869103791e+03 4.402711867883395016e-19 5.227481183897210233e-20
7.572085143802159109e+03 3.458484163346955271e-19 5.304159253390446091e-20
7.577091071735214427e+03 3.561220033767732456e-19 4.352829064828964105e-20
7.582096999668270655e+03 2.520094365279268747e-19 3.953054201298587765e-20
7.587102927601326883e+03 2.493245973842315155e-19 3.893652164408964177e-20
7.592108855534382201e+03 2.077054620419753031e-19 4.462537098741679600e-20
7.597114783467437519e+03 1.627564233993258168e-19 6.271306807023996018e-20
7.602120711400493747e+03 1.738586859959281957e-19 8.169700860548602663e-20
7.607126639333549065e+03 5.035829311466019101e-19 8.326925411721317886e-20
7.612132567266604383e+03 2.851221444322594719e-19 8.152644774176407043e-20
7.617138495199660611e+03 2.930773118493699299e-19 6.259652357034966831e-20
7.622144423132716838e+03 2.814382847143093816e-19 5.951723825199734451e-20
7.627150351065772156e+03 2.617411077911502232e-19 6.904491205450657439e-20
7.632156278998827474e+03 3.175780753248443641e-19 7.095837865582985579e-20
7.637162206931883702e+03 3.073357343019717726e-19 5.972381131469982357e-20
7.642168134864939020e+03 2.886188590425419894e-19 5.485323456498356515e-20
7.647174062797994338e+03 3.357123625707194212e-19 5.382438965033819515e-20
7.652179990731050566e+03 2.989102388720016816e-19 5.347485195042375248e-20
7.657185918664106794e+03 3.998813580226148448e-19 5.613352481453284571e-20
7.662191846597162112e+03 3.609147070030809558e-19 5.903543265767030121e-20
7.667197774530217430e+03 3.236270247411914398e-19 6.035567013800612324e-20
7.672203702463273657e+03 4.624727509414691473e-19 5.292411553673364038e-20
7.677209630396328976e+03 3.744347059494637863e-19 5.143439598491917572e-20
7.682215558329384294e+03 4.326678612594294630e-19 5.182737740695883916e-20
7.687221486262440521e+03 2.199775035248776127e-19 5.174384956756205481e-20
7.692227414195496749e+03 2.808534496041421377e-19 5.118674442977534175e-20
7.697233342128551158e+03 3.844299058368991882e-19 5.406170315560956800e-20
7.702239270061607385e+03 2.960509239415148991e-19 5.967283501260059198e-20
7.707245197994663613e+03 2.589384837468234650e-19 8.824635756757588394e-20
7.712251125927718931e+03 2.475550013603056487e-19 9.054836532852874107e-20
7.717257053860774249e+03 1.576979499542179594e-19 8.444477441266614625e-20
7.722262981793830477e+03 3.241851813606740064e-19 6.264759096582839534e-20
7.727268909726885795e+03 2.826139421181481021e-19 4.861729146617599807e-20
7.732274837659941113e+03 2.521237849559290325e-19 4.153139841025970128e-20
7.737280765592997341e+03 2.632328627758835456e-19 3.920965590238176011e-20
7.742286693526053568e+03 2.943985311205621425e-19 5.526599141504917078e-20
7.747292621459108886e+03 2.641892909952320889e-19 7.957667545397216248e-20
7.752298549392164205e+03 1.526445697936012717e-19 8.252192770639584752e-20
7.757304477325220432e+03 1.969682992368611673e-19 6.558754725747334045e-20
7.762310405258275750e+03 3.699375069997758111e-19 5.331856505121820879e-20
7.767316333191331069e+03 2.753415957538674221e-19 4.652098802034328962e-20
7.772322261124387296e+03 2.032353682418801400e-19 5.025412586940845083e-20
7.777328189057443524e+03 1.884105204009767007e-19 5.416140155673018625e-20
7.782334116990498842e+03 2.811590240826187920e-19 5.104615833603626447e-20
7.787340044923554160e+03 2.956819620813323049e-19 6.303852725900109811e-20
7.792345972856610388e+03 4.569185869096356886e-19 7.525243766686124242e-20
7.797351900789665706e+03 2.615198973030935250e-19 6.779672238423996515e-20
7.802357828722721024e+03 2.980090961244880448e-19 5.557309935474917545e-20
7.807363756655777252e+03 2.356886303949860678e-19 5.855072533745007553e-20
7.812369684588833479e+03 2.284582858315606339e-19 6.319971099846894789e-20
7.817375612521888797e+03 5.093141485257696762e-19 7.968760158720889462e-20
7.822381540454944115e+03 4.161897057250195260e-19 7.881382405270943041e-20
7.827387468388000343e+03 2.111243775021143976e-19 5.390679733506262416e-20
7.832393396321055661e+03 2.420407587944222304e-19 4.281524320015877187e-20
7.837399324254110979e+03 2.263664835430877921e-19 5.172233158941010790e-20
7.842405252187167207e+03 1.335634154068532594e-19 5.689447090865816643e-20
7.847411180120223435e+03 2.736504292303488496e-19 7.574856416717095522e-20
7.852417108053277843e+03 2.597448928410858987e-19 8.717607786115303474e-20
7.857423035986334071e+03 4.159386047334363124e-19 8.042653504303353470e-20
7.862428963919390299e+03 3.249587159185821826e-19 6.752184770925297128e-20
7.867434891852445617e+03 3.229807363545795899e-19 6.649823348035679088e-20
7.872440819785500935e+03 3.504378648444214007e-19 6.580045335407345503e-20
7.877446747718557162e+03 3.168213377855965598e-19 6.059099052827008340e-20
7.882452675651613390e+03 3.569093162598193912e-19 6.377336367362211220e-20
7.887458603584667799e+03 2.141641726206860558e-19 6.586664887382909943e-20
7.892464531517724026e+03 2.502566584654475807e-19 6.006280166384300204e-20
7.897470459450780254e+03 2.004032862898041443e-19 4.351288120364872158e-20
7.902476387383835572e+03 1.985778123642309859e-19 4.151040067439965980e-20
7.907482315316890890e+03 3.180165872774872251e-19 7.366024187930628330e-20
7.912488243249947118e+03 2.310269311913981699e-19 9.394248931977144598e-20
7.917494171183002436e+03 3.149418995445471159e-19 9.224647779245480258e-20
7.922500099116057754e+03 2.358131681178151934e-19 7.196123908437056444e-20
7.927506027049113982e+03 3.022625281773878016e-19 6.478946506615058199e-20
7.932511954982170209e+03 2.969749159695811271e-19 5.902718552034148600e-20
7.937517882915225528e+03 2.480014383478670373e-19 4.681062194525220770e-20
7.942523810848280846e+03 7.812457460558050715e-20 4.874228768948940224e-20
7.947529738781337073e+03 1.625144886848639975e-19 5.302861709199930350e-20
7.952535666714392391e+03 2.691390642803702524e-19 4.788190347576414830e-20
7.957541594647447710e+03 1.830661750164757773e-19 6.235086629483872656e-20
7.962547522580503937e+03 2.772945200859625001e-19 7.740317124214656815e-20
7.967553450513560165e+03 2.788623799848656389e-19 7.059849940100596604e-20
7.972559378446615483e+03 2.420636475210127370e-19 5.657927103365775868e-20
7.977565306379670801e+03 2.286049322730809503e-19 5.828484355630128686e-20
7.982571234312727029e+03 1.646405011541719879e-19 5.619927721910955334e-20
7.987577162245782347e+03 2.573122103784167093e-19 7.192860402527561345e-20
7.992583090178837665e+03 3.095237541844816925e-19 7.974429147940936637e-20
7.997589018111893893e+03 3.328709626180754114e-19 6.568295278699947015e-20
8.002594946044950120e+03 2.571345763528542698e-19 4.078312645847675567e-20
8.007600873978005438e+03 2.407300606032218531e-19 4.589398990817113422e-20
8.012606801911060757e+03 3.570343520047693533e-19 5.287131113668514382e-20
8.017612729844116984e+03 3.083640864767964249e-19 6.069928992101695531e-20
8.022618657777172302e+03 2.720569172861536424e-19 7.216043886962617134e-20
8.027624585710227620e+03 1.427004291487610025e-19 7.151756321762803787e-20
8.032630513643283848e+03 2.177389937282160535e-19 5.088880453460760700e-20
8.037636441576340076e+03 1.935101729262876514e-19 3.798150463954664010e-20
8.042642369509394484e+03 1.725368092739327776e-19 3.904147251558772092e-20
8.047648297442450712e+03 2.462250684837706713e-19 4.684514862431448209e-20
8.052654225375506940e+03 2.500136686567699193e-19 5.172854207929873629e-20
8.057660153308562258e+03 2.606061544615780476e-19 5.955807364840411041e-20
8.062666081241617576e+03 1.471410693436799720e-19 5.887126095768640866e-20
8.067672009174673803e+03 2.684365125853563507e-19 4.656324673553455255e-20
8.072677937107729122e+03 2.361834670022627020e-19 3.715899334489049811e-20
8.077683865040784440e+03 2.095992182617537653e-19 3.711335979964745687e-20
8.082689792973840667e+03 2.236953128045450760e-19 3.684966242731097689e-20
8.087695720906896895e+03 2.326255301234510404e-19 3.816789609030014187e-20
8.092701648839952213e+03 2.504121889612980489e-19 3.984633932711924848e-20
8.097707576773007531e+03 2.579732465333638538e-19 4.360960294528214660e-20
8.102713504706063759e+03 1.576535326762114243e-19 4.251289624743141295e-20
8.107719432639119077e+03 1.969017574092902529e-19 3.716694101284386359e-20
8.112725360572174395e+03 2.093145909812766282e-19 3.265516837930538471e-20
8.117731288505230623e+03 1.964159848967866794e-19 3.217247464144209962e-20
8.122737216438286850e+03 2.131501694419006581e-19 3.272618420611124923e-20
8.127743144371342169e+03 1.690901648460672254e-19 3.358599898458800688e-20
8.132749072304397487e+03 1.671101277481860200e-19 3.621306129753663620e-20
8.137755000237453714e+03 1.909530006278239474e-19 3.896258757742988896e-20
8.142760928170509032e+03 1.976570636225746911e-19 4.079495532935161814e-20
8.147766856103564351e+03 1.705896702100100112e-19 3.994621169871118790e-20
8.152772784036620578e+03 2.040167906994785907e-19 3.665913776490129737e-20
8.157778711969676806e+03 2.812199117830969694e-19 3.553550492698166362e-20
8.162784639902732124e+03 1.721738867046652350e-19 3.547919500456379169e-20
8.167790567835787442e+03 1.407302779246586144e-19 3.488398742398379637e-20
8.172796495768843670e+03 2.055972261799503506e-19 3.536464599211191307e-20
8.177802423701898988e+03 1.772962688686167916e-19 3.630408593929757152e-20
8.182808351634954306e+03 1.865357062888685573e-19 3.801391885553434774e-20
8.187814279568010534e+03 2.248321752508778247e-19 4.002711158101374533e-20
8.192820207501066761e+03 2.543016926135817693e-19 3.991778123939873527e-20
8.197826135434121170e+03 2.385298106244956761e-19 3.825830821999070416e-20
8.202832063367177398e+03 1.671311865123182204e-19 3.663458767437993558e-20
8.207837991300233625e+03 2.458469057527688900e-19 3.832947301511524081e-20
8.212843919233288034e+03 1.947815365395246586e-19 3.871737703605340347e-20
8.217849847166344261e+03 2.219079992962228222e-19 3.506722757256642978e-20
8.222855775099400489e+03 2.137965396914427449e-19 3.305186058642113236e-20
8.227861703032456717e+03 1.954597217378924207e-19 3.207441480109385953e-20
8.232867630965511125e+03 1.822587083787831468e-19 3.188221983747836697e-20
8.237873558898567353e+03 1.417193413315795591e-19 3.291663039094023168e-20
8.242879486831623581e+03 2.112420515771110529e-19 3.383417367638632982e-20
8.247885414764677989e+03 1.896143981821929240e-19 3.368632644896932950e-20
8.252891342697734217e+03 2.153716720097701133e-19 3.279045093105820615e-20
8.257897270630790445e+03 2.087746345696319069e-19 3.178004343863474788e-20
8.262903198563846672e+03 2.123340913668645275e-19 3.145717942310139244e-20
8.267909126496901081e+03 1.881516280142898921e-19 3.329062597953803347e-20
8.272915054429957308e+03 9.112485953170259203e-20 4.932489482466221690e-20
8.277920982363013536e+03 3.409712336898611727e-19 6.943815788813133422e-20
8.282926910296067945e+03 3.056341353720174603e-19 8.408444333814384474e-20
8.287932838229124172e+03 1.013307802571810189e-19 8.322699894164714119e-20
8.292938766162180400e+03 1.055841642610393573e-19 8.814174749392017682e-20
8.297944694095236628e+03 1.227172130609690082e-19 8.590134867130487417e-20
8.302950622028291036e+03 1.495268956497065398e-19 7.313297751181988092e-20
8.307956549961347264e+03 2.363886650953910676e-19 5.763945898277995999e-20
8.312962477894403492e+03 1.822898128744565122e-19 5.364763484634995208e-20
8.317968405827457900e+03 1.682342347856631463e-19 4.221071229316841308e-20
8.322974333760514128e+03 2.327855352342530421e-19 3.652238075745924357e-20
8.327980261693570355e+03 1.824213660317655153e-19 3.517682728451090583e-20
8.332986189626626583e+03 2.585869793792978543e-19 4.515891184684085238e-20
8.337992117559680992e+03 2.393349523132119625e-19 9.696808400697916665e-20
8.342998045492737219e+03 5.746034423398058491e-20 1.196894061765221829e-19
8.348003973425793447e+03 3.162922651260744148e-19 1.111516396356015190e-19
8.353009901358847856e+03 6.289774879021558270e-20 7.737430120652700429e-20
8.358015829291904083e+03 1.617842554876478492e-19 6.127003668677015463e-20
8.363021757224960311e+03 1.639795427812761452e-19 5.259459628613947944e-20
8.368027685158016538e+03 1.088833504989935951e-19 4.595912854107471194e-20
8.373033613091070947e+03 6.372700666328112728e-20 4.348232239109835703e-20
8.378039541024127175e+03 2.102298673874721395e-19 5.899008638471571226e-20
8.383045468957181583e+03 3.433915108982115777e-19 6.046473882941613093e-20
8.388051396890237811e+03 2.619585886996815002e-19 5.089560017726647080e-20
8.393057324823294039e+03 1.118909204606429678e-19 8.215416932837127047e-20
8.398063252756350266e+03 -2.633389934026134652e-20 9.901459113412708086e-20
8.403069180689406494e+03 1.591421405603170612e-19 8.372213528934052213e-20
8.408075108622460903e+03 1.989285071290652866e-19 5.887585994597595501e-20
8.413081036555517130e+03 1.652737845465174025e-19 6.820707151967011267e-20
8.418086964488571539e+03 1.410557836636730815e-19 6.631365498735796910e-20
8.423092892421627766e+03 2.746369657541569656e-19 8.539293398527349755e-20
8.428098820354683994e+03 1.425983474108217271e-19 1.135540956848636489e-19
8.433104748287740222e+03 1.737713984847291386e-20 1.053370618591817818e-19
8.438110676220796449e+03 2.517250327899559008e-19 5.740820541988444378e-20
8.443116604153850858e+03 2.212647276285174141e-19 4.804691751919922195e-20
8.448122532086907086e+03 2.563321750475579647e-19 6.781566775172995506e-20
8.453128460019961494e+03 2.938263435859498393e-19 6.940304103242788794e-20
8.458134387953017722e+03 2.169912932357334722e-19 7.858440054517850314e-20
8.463140315886073950e+03 2.094186008187585066e-19 9.339121853633617322e-20
8.468146243819130177e+03 1.485370682236415713e-19 8.459873203837138895e-20
8.473152171752186405e+03 1.247935661589770091e-19 4.880038483245725150e-20
8.478158099685240813e+03 1.824549575081455787e-19 3.489625789035155348e-20
8.483164027618297041e+03 1.328273346872671762e-19 3.521075202219913661e-20
8.488169955551351450e+03 2.070742563570267637e-19 4.832019100624383336e-20
8.493175883484407677e+03 1.872964802322176699e-19 5.420985678332438593e-20
8.498181811417463905e+03 1.871128646378816589e-19 6.263880400472641601e-20
8.503187739350520133e+03 1.558879679574720750e-19 6.680542138633228257e-20
8.508193667283574541e+03 2.209616635454325554e-19 5.875509503750207224e-20
8.513199595216630769e+03 1.873154810697586140e-19 3.763869756308037196e-20
8.518205523149686996e+03 1.492795137445385960e-19 3.183295454404478797e-20
8.523211451082741405e+03 1.134045809640124532e-19 3.151922915382852792e-20
8.528217379015797633e+03 2.556805144800432358e-19 3.212870051864529455e-20
8.533223306948853860e+03 1.795259924833501381e-19 3.828645734994191415e-20
8.538229234881910088e+03 1.643882147912655789e-19 4.317096312195755236e-20
8.543235162814964497e+03 2.697838352685486807e-19 5.097245990415887618e-20
8.548241090748020724e+03 3.025968212297968460e-19 5.295996542364810072e-20
8.553247018681076952e+03 2.083279988162232943e-19 4.600890031038291204e-20
8.558252946614131361e+03 2.134619102130269942e-19 3.476731917693699441e-20
8.563258874547187588e+03 1.382617231307915351e-19 3.400120391106151759e-20
8.568264802480243816e+03 2.023074881354804398e-19 3.621047312784030920e-20
8.573270730413300043e+03 2.282200826595478036e-19 3.730264691832937835e-20
8.578276658346354452e+03 2.165661762105229530e-19 3.691262187811793806e-20
8.583282586279410680e+03 1.997945328490120371e-19 3.955074790490823975e-20
8.588288514212466907e+03 1.801809945959439692e-19 4.223632513743927729e-20
8.593294442145521316e+03 6.640377148890166862e-20 4.350457362574375934e-20
8.598300370078577544e+03 1.947418519014154809e-19 4.123597290281064110e-20
8.603306298011633771e+03 2.005542811534942682e-19 3.784386589887559881e-20
8.608312225944689999e+03 1.387202855642963478e-19 4.216082237526683246e-20
8.613318153877744408e+03 1.167144612966545222e-19 5.457686395877061345e-20
8.618324081810800635e+03 8.120389820147097591e-20 6.967971083862175875e-20
8.623330009743856863e+03 2.709642017130571502e-19 8.154698416250944349e-20
8.628335937676911271e+03 1.360054945403385493e-19 8.574282127422353800e-20
8.633341865609967499e+03 2.153034773761390506e-19 7.959734671092491633e-20
8.638347793543023727e+03 1.801448812397560129e-19 6.638929475386078425e-20
8.643353721476079954e+03 2.232697366269146925e-19 6.263261186497673545e-20
8.648359649409134363e+03 2.475852695006495346e-19 7.402544266098862525e-20
8.653365577342190591e+03 3.405773831702348144e-19 8.514233870816426409e-20
8.658371505275246818e+03 8.667300772590018500e-20 8.786122158604692084e-20
8.663377433208301227e+03 2.134127035606144584e-19 8.554713819820757337e-20
8.668383361141357454e+03 1.106363444470756946e-19 8.026878666060559103e-20
8.673389289074413682e+03 7.224983018852560465e-20 7.316180183937186821e-20
8.678395217007469910e+03 1.589003469153813748e-19 6.470177017026609464e-20
8.683401144940524318e+03 1.481424050445994548e-19 5.658285515749255255e-20
8.688407072873580546e+03 2.262133789516897620e-19 5.070828532935710097e-20
8.693413000806636774e+03 1.248194349577186661e-19 4.842959550719403090e-20
8.698418928739691182e+03 1.713995341490459844e-19 4.777333888842996570e-20
8.703424856672747410e+03 2.091993667156836074e-19 4.676902806599216676e-20
8.708430784605803638e+03 2.157485752076158212e-19 4.294213845575421988e-20
8.713436712538859865e+03 2.855446047129784709e-19 3.881958706653499420e-20
8.718442640471914274e+03 1.122742564215192308e-19 3.714870866806303527e-20
8.723448568404970501e+03 2.147895622936473161e-19 3.719104104705590823e-20
8.728454496338024910e+03 1.427803824468451370e-19 3.663980141320250052e-20
8.733460424271081138e+03 2.113824732618507553e-19 3.651041724657800784e-20
8.738466352204137365e+03 1.644515544090723222e-19 3.752975040700757976e-20
8.743472280137193593e+03 1.834684471806430285e-19 3.754011383553455837e-20
8.748478208070249821e+03 1.927529314936486066e-19 4.045588994182331063e-20
8.753484136003304229e+03 1.117716780721971085e-19 7.097099890095405375e-20
8.758490063936360457e+03 1.123157095695275067e-19 1.053183844759049153e-19
8.763495991869414866e+03 3.108414810720625091e-19 1.260051884925989807e-19
8.768501919802471093e+03 2.307421999662530074e-19 1.192987610466249177e-19
8.773507847735527321e+03 1.274758728391023663e-19 1.185153859374878787e-19
8.778513775668583548e+03 2.296569325569714233e-19 1.098566322218002530e-19
8.783519703601639776e+03 -2.074384607333054699e-20 8.479764637175069833e-20
8.788525631534694185e+03 2.144261915036175255e-19 7.004149372425492424e-20
8.793531559467750412e+03 2.292438064514862295e-19 6.569996892083026851e-20
8.798537487400804821e+03 1.596326744200163103e-19 4.612609304278365083e-20
8.803543415333861049e+03 1.413297625843769338e-19 4.147117584968732456e-20
8.808549343266917276e+03 2.298925038012682397e-19 4.413943230354545983e-20
8.813555271199973504e+03 2.001372337225575726e-19 4.466062125861485597e-20
8.818561199133029731e+03 1.336511082471675235e-19 9.714565879152066341e-20
8.823567127066084140e+03 9.970487909650569298e-20 1.683424658679190205e-19
8.828573054999140368e+03 8.013534967274940975e-20 1.822926088929201929e-19
8.833578982932194776e+03 2.379990687648787785e-19 1.409497460300996828e-19
8.838584910865251004e+03 8.570857437920488240e-20 1.024963853290113230e-19
8.843590838798307232e+03 7.428131199623871536e-20 7.437126127052312688e-20
8.848596766731363459e+03 8.589912055070003608e-20 6.759874795933345486e-20
8.853602694664417868e+03 1.049806134627108829e-19 5.902492681924581196e-20
8.858608622597474096e+03 1.233897427944636272e-19 5.754550055793366224e-20
8.863614550530530323e+03 2.253603346427156586e-19 8.196638392206949886e-20
8.868620478463584732e+03 1.576439118393513337e-19 8.227709797038572892e-20
8.873626406396640959e+03 2.122752822030234908e-19 6.003645618044312751e-20
8.878632334329697187e+03 -6.920414324810661958e-21 9.236845900819840194e-20
8.883638262262753415e+03 1.815301023135488185e-19 1.299751308681419403e-19
8.888644190195807823e+03 3.407527265479180403e-19 1.210762397337762794e-19
8.893650118128864051e+03 2.246941190444131049e-19 7.390047268812695897e-20
8.898656046061920279e+03 1.670176088540857882e-19 8.315042111936660093e-20
8.903661973994974687e+03 3.032074900047554749e-19 9.072242822880709344e-20
8.908667901928030915e+03 1.694938576629249618e-19 7.655415765205225799e-20
8.913673829861087142e+03 -2.034247160958941670e-20 1.154526577111430401e-19
8.918679757794143370e+03 1.465400268631772286e-19 1.450598051543709297e-19
8.923685685727199598e+03 3.309683695197634484e-19 1.264725294058423319e-19
8.928691613660254006e+03 3.770812608160497771e-19 6.546778044983234946e-20
8.933697541593308415e+03 2.363155475772906330e-19 5.449487030265879354e-20
8.938703469526364643e+03 1.571069119452470177e-19 8.443584530105812945e-20
8.943709397459420870e+03 3.052502280898744589e-19 9.417239240188524198e-20
8.948715325392477098e+03 2.714885300394844900e-19 9.087862861049924990e-20
8.953721253325533326e+03 8.631327672934808678e-20 1.302564944309125734e-19
8.958727181258589553e+03 3.543251899943036922e-19 1.405173051732209603e-19
8.963733109191643962e+03 1.489831744531348706e-19 9.927451574807434357e-20
8.968739037124698370e+03 1.934039223947055309e-19 5.089731067257918606e-20
8.973744965057754598e+03 1.799186298566129038e-19 4.741975661131888841e-20
8.978750892990810826e+03 1.916463055604695572e-19 5.330147668703727602e-20
8.983756820923867053e+03 1.887264610017501814e-19 7.242363595111370384e-20
8.988762748856923281e+03 5.338720493696994054e-20 7.606515519256768310e-20
8.993768676789977690e+03 2.589625387993790973e-19 8.251625350628207530e-20
8.998774604723033917e+03 1.517890212835892159e-19 9.842523795174066315e-20
9.003780532656088326e+03 1.702266502056744421e-19 9.293446387360057382e-20
9.008786460589144554e+03 1.497830592137500349e-19 5.605416139966714963e-20
9.013792388522200781e+03 1.810271322046317769e-19 3.771833207384762797e-20
9.018798316455257009e+03 1.943990250472041973e-19 3.887153444757163395e-20
9.023804244388313236e+03 1.768270742118315426e-19 4.082574641880310354e-20
9.028810172321367645e+03 2.426061459323962020e-19 4.483042119635558444e-20
9.033816100254423873e+03 2.479811860235734253e-19 5.730127973108830288e-20
9.038822028187478281e+03 1.869756799365783422e-19 6.280514655185750551e-20
9.043827956120534509e+03 1.802473777769083446e-19 7.365728420531355757e-20
9.048833884053590737e+03 1.581648766386873019e-19 7.921902624424173737e-20
9.053839811986646964e+03 2.747445733957297095e-19 6.994720223751382749e-20
9.058845739919703192e+03 1.742475778559903038e-19 4.926058781670588477e-20
9.063851667852757600e+03 1.347498325549091596e-19 4.780723981235574461e-20
9.068857595785813828e+03 2.699927434297451086e-19 4.873271034319057516e-20
9.073863523718868237e+03 1.997419473209742013e-19 4.618378067890408031e-20
9.078869451651924464e+03 2.388561747657583311e-19 4.489372515054596825e-20
9.083875379584980692e+03 1.728342215237077520e-19 4.869459892706901074e-20
9.088881307518036920e+03 9.821538457472432160e-20 5.765383033860370164e-20
9.093887235451093147e+03 1.223414240026730963e-19 6.196242218363531781e-20
9.098893163384147556e+03 5.293994358434916801e-20 6.539749793853375607e-20
9.103899091317203784e+03 2.379993761328613847e-19 6.157204047770824154e-20
9.108905019250258192e+03 1.617504055666986845e-19 4.888836822035043566e-20
9.113910947183314420e+03 1.248553585837035754e-19 4.018921798417709438e-20
9.118916875116370647e+03 7.298206202253412296e-20 3.889459589402898659e-20
9.123922803049426875e+03 9.978102530798432170e-20 3.833646491677962303e-20
9.128928730982483103e+03 1.713633607932770887e-19 3.855371797056362088e-20
9.133934658915537511e+03 8.761521924379803008e-20 3.936216972245705387e-20
9.138940586848593739e+03 2.117655449188676337e-20 3.968508542092892238e-20
9.143946514781648148e+03 6.850149060829084683e-20 4.299625105290816575e-20
9.148952442714704375e+03 3.311586372882019906e-20 4.909055113840334607e-20
9.153958370647760603e+03 1.843829690084938310e-19 5.541597341699122644e-20
9.158964298580816831e+03 1.778213253094356527e-19 5.654964517353551367e-20
9.163970226513873058e+03 1.967560617762025062e-19 5.205007984713907424e-20
9.168976154446927467e+03 1.131645042712984933e-19 4.320574172076586720e-20
9.173982082379983694e+03 1.967871484926630511e-19 4.096384293322526770e-20
9.178988010313038103e+03 9.157529208746227443e-20 4.161955750450290862e-20
9.183993938246094331e+03 2.207387440675640720e-19 4.194354346653630852e-20
9.188999866179150558e+03 2.092978131277150962e-19 4.203152677601039803e-20
9.194005794112206786e+03 2.654765714317863439e-19 4.257020023304655581e-20
9.199011722045263014e+03 1.970946153941755432e-19 4.409431402958005336e-20
9.204017649978317422e+03 2.106394301327185092e-19 4.610517493022166177e-20
9.209023577911373650e+03 1.182129600463512862e-19 5.050204281036510142e-20
9.214029505844428058e+03 2.351834836344260163e-19 5.553668066983519845e-20
9.219035433777484286e+03 2.418513628041729368e-19 5.998783000677900110e-20
9.224041361710540514e+03 1.415948598299227447e-19 5.811839698266726597e-20
9.229047289643596741e+03 1.804912460593990454e-19 5.223842276389772305e-20
9.234053217576652969e+03 1.942414232557973711e-19 4.462189463375040534e-20
9.239059145509707378e+03 1.377522120349330306e-19 4.267316380922055767e-20
9.244065073442761786e+03 1.666198827029429224e-19 4.510289146393895547e-20
9.249071001375818014e+03 1.683151823961957329e-19 4.749285967174704035e-20
9.254076929308874242e+03 1.112756009559454024e-19 4.672026299351867923e-20
9.259082857241930469e+03 1.070889332673821728e-19 4.549415763005589839e-20
9.264088785174986697e+03 2.200250827449546427e-19 4.480190750076504044e-20
9.269094713108042924e+03 1.860013017433586161e-19 4.201806756975080999e-20
9.274100641041097333e+03 2.076025552666097761e-19 4.093262091308213842e-20
9.279106568974151742e+03 2.000692099002383270e-19 4.493512054977057463e-20
9.284112496907207969e+03 1.927824880624177563e-19 5.148647003088474407e-20
9.289118424840264197e+03 1.007287140511075269e-19 5.758748981288058499e-20
9.294124352773320425e+03 2.022664707071610154e-19 5.997071393745851006e-20
9.299130280706376652e+03 2.342381547533562580e-19 1.001354602683652384e-19
9.304136208639432880e+03 1.613654500999917933e-19 1.716754955178511679e-19
9.309142136572487289e+03 2.361821817729258227e-20 2.289529824044975896e-19
9.314148064505541697e+03 -1.066710559517503173e-19 2.336904933296882710e-19
9.319153992438597925e+03 2.775422978413120445e-19 2.374608098568908708e-19
9.324159920371654152e+03 4.275155661479793541e-19 2.236183682134238478e-19
9.329165848304710380e+03 2.921924449637180986e-19 1.729691943877311475e-19
9.334171776237766608e+03 -1.377962695480551332e-19 1.346191543133450609e-19
9.339177704170821016e+03 -1.337675209264618396e-19 1.343602735635078530e-19
9.344183632103877244e+03 1.190811321891025092e-19 1.163667045707350322e-19
9.349189560036931653e+03 1.837396910022871735e-19 9.228315781385668802e-20
9.354195487969987880e+03 2.675437661047463654e-19 7.812066586664988301e-20
9.359201415903044108e+03 4.449071287030753010e-20 8.091698606003513585e-20
9.364207343836100335e+03 3.833197610190261297e-19 1.035270019113055206e-19
9.369213271769156563e+03 2.278300763323105400e-19 2.392752752433679750e-19
9.374219199702210972e+03 1.886831329147098185e-19 3.139856597803707556e-19
9.379225127635267199e+03 2.547377946636724617e-19 2.714190277065258958e-19
9.384231055568321608e+03 3.228682894871111910e-19 1.611516706503300690e-19
9.389236983501377836e+03 1.791172236904061534e-19 1.007461348174169982e-19
9.394242911434434063e+03 1.063670678015198139e-20 8.473276835277110844e-20
9.399248839367490291e+03 2.504102710018039994e-19 9.682147813869877227e-20
9.404254767300546519e+03 3.068381083074638030e-19 9.520541859855245958e-20
9.409260695233600927e+03 3.100596861455878672e-19 7.843124074245521605e-20
9.414266623166657155e+03 2.115957997276542601e-19 1.091886151303380537e-19
9.419272551099711563e+03 -9.094340266664972830e-20 1.299807308278396568e-19
9.424278479032767791e+03 -2.317485071837049220e-19 1.123039661002262674e-19
9.429284406965824019e+03 2.538806037205807694e-19 1.038723495339362365e-19
9.434290334898880246e+03 -2.301811560746510135e-20 1.885533271987508242e-19
9.439296262831936474e+03 3.744021246938833345e-19 2.353774645727512502e-19
9.444302190764990883e+03 5.746140519188202065e-19 2.188209624543995022e-19
9.449308118698047110e+03 3.320622842662351136e-19 1.326476667752894663e-19
9.454314046631101519e+03 5.166224163352859154e-20 1.519807016471596349e-19
9.459319974564157746e+03 3.487363290362456441e-19 1.813846131079804244e-19
9.464325902497213974e+03 -7.293320033322963033e-21 1.450772467631067417e-19
9.469331830430270202e+03 8.348142000503811865e-21 1.639138277015384068e-19
9.474337758363326429e+03 1.115852410592435748e-19 2.228201657124186368e-19
9.479343686296380838e+03 -7.204167534238037284e-20 2.209180059922572895e-19
9.484349614229437066e+03 2.906286955901919262e-19 1.451874730466521899e-19
9.489355542162491474e+03 2.815206089075918067e-19 7.887401193618645692e-20
9.494361470095547702e+03 3.173114331742033611e-19 9.599897481745770851e-20
9.499367398028603930e+03 3.650395509871607408e-19 1.491358211293903291e-19
9.504373325961660157e+03 1.755512778219927090e-19 1.541106360887250524e-19
9.509379253894716385e+03 9.372327039171628447e-20 1.147133332776097391e-19
9.514385181827770793e+03 9.047058237521075071e-20 1.430817987358659272e-19
9.519391109760827021e+03 3.184518462069157573e-19 1.790664670044609343e-19
9.524397037693881430e+03 1.290717233661553777e-19 1.517990179388340774e-19
9.529402965626937657e+03 3.096230187127238604e-19 9.328237299596383597e-20
9.534408893559993885e+03 2.350629912371256062e-19 7.869786936697453560e-20
9.539414821493050113e+03 1.954013478587058110e-19 7.469650921149362963e-20
9.544420749426106340e+03 2.141504622825278119e-19 8.931881185406475495e-20
9.549426677359160749e+03 1.999961272996143488e-20 1.213135516615040264e-19
9.554432605292216977e+03 -7.880887812021621215e-20 1.290420484727619598e-19
9.559438533225271385e+03 4.843689633903372704e-21 1.381883717404363527e-19
9.564444461158327613e+03 3.684497344458812629e-19 1.825440119386503920e-19
9.569450389091383840e+03 2.747802444403178197e-19 1.958181957214860660e-19
9.574456317024440068e+03 1.046526975491332324e-19 1.346311563562017428e-19
9.579462244957496296e+03 1.134834326826486651e-19 8.000047656425454995e-20
9.584468172890550704e+03 1.434831679181140749e-19 7.230179492227352729e-20
9.589474100823605113e+03 2.386094327847301085e-19 7.568683791082246620e-20
9.594480028756661341e+03 1.828079971969983053e-19 8.174483982341520402e-20
9.599485956689717568e+03 1.938103835177341188e-19 9.079083678681607597e-20
9.604491884622773796e+03 1.855496836755428011e-19 1.138657269854995911e-19
9.609497812555830023e+03 6.523284362033708868e-20 1.166797312012033714e-19
9.614503740488886251e+03 1.481529123705514940e-19 1.190282485783885633e-19
9.619509668421940660e+03 2.454893229571416827e-19 1.321617734468696728e-19
9.624515596354995068e+03 2.598390084374034011e-19 1.265001138224916702e-19
9.629521524288051296e+03 1.565345337959946832e-19 9.322945641250723119e-20
9.634527452221107524e+03 1.710776716575040266e-19 7.449987097172865423e-20
9.639533380154163751e+03 2.526557430821268016e-19 7.149485312768033519e-20
9.644539308087219979e+03 2.145256322857136590e-19 7.161544905939149535e-20
9.649545236020274388e+03 2.000272939492003958e-19 7.799741658944646413e-20
9.654551163953330615e+03 2.612567333507057313e-19 8.279222317362659961e-20
9.659557091886385024e+03 3.021985540345375153e-19 8.959037226377159379e-20
9.664563019819441251e+03 2.845600740700231378e-19 1.115963662234566048e-19
9.669568947752497479e+03 3.230820605795728056e-19 1.228771279912517941e-19
9.674574875685553707e+03 2.149125770108751005e-19 1.333748796617576174e-19
9.679580803618609934e+03 1.231833493388575658e-19 1.493020561220314641e-19
9.684586731551664343e+03 1.836025461269089501e-19 1.459791669595275736e-19
9.689592659484720571e+03 1.692233806517297572e-19 1.270312452446209751e-19
9.694598587417774979e+03 3.901271865932717275e-20 1.469454349687592576e-19
9.699604515350831207e+03 2.483210517420372213e-19 1.569405977534314704e-19
9.704610443283887435e+03 4.041704839774242851e-19 1.502583175404040670e-19
9.709616371216943662e+03 3.363643450612022104e-19 1.449886701949852293e-19
9.714622299149999890e+03 2.825420817709779121e-19 1.810349838144622343e-19
9.719628227083054298e+03 4.655526112292901187e-19 1.944254725787273420e-19
9.724634155016110526e+03 1.873275674976592491e-19 1.641960267455993901e-19
9.729640082949164935e+03 2.820350955487045823e-19 1.327122721557460179e-19
9.734646010882221162e+03 1.723875561854183660e-19 1.456278633289980644e-19
9.739651938815277390e+03 3.221127102874790452e-19 1.512060142183350625e-19
9.744657866748333618e+03 3.081396577191552301e-19 1.294747507545440261e-19
9.749663794681389845e+03 2.147467328565523996e-19 1.043373220173756180e-19
9.754669722614444254e+03 1.392358515303996934e-19 8.529526727203537030e-20
9.759675650547500481e+03 2.063283614986130367e-19 7.998450903225610838e-20
9.764681578480554890e+03 1.917616709969808818e-19 8.028626002183409636e-20
9.769687506413611118e+03 2.389647742316095800e-19 7.973910814038187055e-20
9.774693434346667345e+03 1.696407894586323302e-19 8.114966203339527331e-20
9.779699362279723573e+03 3.080725855366667519e-19 1.000701247162333342e-19
9.784705290212779801e+03 5.755189084970532490e-19 1.974726071424103163e-19
9.789711218145834209e+03 1.652655549195928293e-19 2.726963323598569982e-19
9.794717146078890437e+03 -9.231264792551891549e-21 2.758735576125141494e-19
9.799723074011944846e+03 2.769795315348503123e-19 2.160408791362013202e-19
9.804729001945001073e+03 3.942025484391288604e-19 1.732931206734060690e-19
9.809734929878057301e+03 -2.981790187903173640e-20 1.465967850248503625e-19
9.814740857811113528e+03 -3.782540455513239741e-20 1.392792186157990470e-19
9.819746785744169756e+03 2.812926065266542571e-19 1.274141205667380744e-19
9.824752713677224165e+03 1.808420724952277061e-19 1.198400214002407623e-19
9.829758641610280392e+03 3.898456101826557577e-19 1.181249547669921833e-19
9.834764569543334801e+03 2.115652378788989910e-19 1.109270038230076383e-19
9.839770497476391029e+03 1.662857925730836341e-19 1.208573973377910916e-19
9.844776425409447256e+03 1.949119938290712288e-19 1.652309464095192484e-19
9.849782353342503484e+03 4.565891401149848341e-19 1.839096064499383033e-19
9.854788281275559712e+03 3.385124808090161392e-20 1.539169913211729478e-19
9.859794209208614120e+03 3.573432759947822485e-19 1.257589338367149939e-19
9.864800137141670348e+03 1.881985489655154153e-19 1.935147378209318520e-19
9.869806065074724756e+03 -4.524655520814347325e-20 2.716575888623506387e-19
9.874811993007780984e+03 4.637913259929792876e-19 2.683169893530890373e-19
9.879817920940837212e+03 3.817944166818097975e-19 1.915327203135183800e-19
9.884823848873893439e+03 2.435079178450421984e-19 1.508065588087249895e-19
9.889829776806949667e+03 3.437844660537195771e-19 1.856193952380834278e-19
9.894835704740004076e+03 3.308283412998614731e-19 2.051776414552491008e-19
9.899841632673058484e+03 4.867362105396539308e-20 1.830474609847010380e-19
9.904847560606114712e+03 -3.957920855011140732e-19 1.674370110556639249e-19
9.909853488539170939e+03 1.528361089901756877e-19 2.594056576315377512e-19
9.914859416472227167e+03 -2.315735359509414966e-19 3.175115773442136051e-19
9.919865344405283395e+03 3.863394576787689002e-19 2.786610843072305619e-19
9.924871272338339622e+03 1.975203256387977784e-19 1.879587627422577416e-19
9.929877200271394031e+03 2.777552106801267832e-19 1.621137108378330289e-19
9.934883128204448440e+03 -1.949252382968590655e-19 2.084562948610200475e-19
9.939889056137504667e+03 -1.314189379673736571e-19 3.206678782607763331e-19
9.944894984070560895e+03 -2.451416754460692199e-19 4.020968781244532379e-19
9.949900912003617123e+03 -7.783538781853821235e-19 4.119107137200375129e-19
9.954906839936673350e+03 -2.713114303721292838e-19 4.085525833794602621e-19
9.959912767869729578e+03 8.011847551459415723e-19 4.235600797121454505e-19
9.964918695802783986e+03 3.773594288505942357e-19 3.714781738253100973e-19
9.969924623735838395e+03 1.710331635111483333e-19 2.944980832839133845e-19
9.974930551668894623e+03 3.896426270635550053e-20 2.685072335240314785e-19
9.979936479601950850e+03 -1.638865259940548998e-19 2.366178316182942417e-19
9.984942407535007078e+03 -5.188903744231797140e-19 2.020833148767478001e-19
9.989948335468063306e+03 -4.136770009855352074e-19 1.901125344883501149e-19
9.994954263401117714e+03 3.744072606798951253e-19 2.039586192818256512e-19
9.999960191334173942e+03 -3.738249118461908508e-20 2.205369440788626514e-19
1.000496611926722835e+04 1.457394615657124369e-20 2.925710305966859704e-19
1.000997204720028458e+04 -1.246508364982167862e-20 4.237449780093748211e-19
1.001497797513334081e+04 -9.514299874350289326e-20 4.646582951206317383e-19
1.001998390306639703e+04 5.939722288124758142e-19 3.931290868199175204e-19
1.002498983099945326e+04 7.616494559441313877e-19 3.259716935895963428e-19
1.002999575893250767e+04 1.797473610179239140e-20 2.875959059643740835e-19
1.003500168686556390e+04 -2.747502432309240169e-20 2.395791545703803438e-19
1.004000761479861831e+04 6.033357490375255374e-19 2.397168377878033129e-19
1.004501354273167453e+04 -7.488622772127964037e-20 2.468900641576907066e-19
1.005001947066473076e+04 -1.926985438763907092e-19 2.340847229586633205e-19
1.005502539859778699e+04 2.497299611749039980e-19 2.591430034656379737e-19
1.006003132653084322e+04 3.255809283236389687e-19 3.049671794015346390e-19
1.006503725446389763e+04 2.648171554670797039e-19 3.169903423416684696e-19
1.007004318239695385e+04 2.498912246376261157e-19 3.002030614265601681e-19
1.007504911033000826e+04 -7.152656046498450355e-20 3.371232274338782006e-19
1.008005503826306449e+04 9.673443831010646922e-19 4.400172057058733065e-19
1.008506096619612072e+04 3.196522920519620399e-19 4.655447424250441055e-19
1.009006689412917694e+04 6.269764473672767948e-19 3.736531832760405422e-19
1.009507282206223317e+04 9.722043047716575737e-20 3.130454783306938725e-19
1.010007874999528758e+04 2.141557068622360413e-19 3.706949818847091681e-19
1.010508467792834381e+04 1.823232404497167655e-19 4.066117371067062859e-19
1.011009060586139822e+04 -1.443620653180385683e-19 3.667485748393215674e-19
1.011509653379445444e+04 4.924353119194315700e-19 3.542777500996212245e-19
1.012010246172751067e+04 -3.580025286909662873e-19 4.681417308232282639e-19
1.012510838966056690e+04 -5.804133904065772471e-19 5.237010899657030334e-19
1.013011431759362313e+04 4.010190747576292409e-19 4.635237097073745959e-19
1.013512024552667754e+04 -4.185184346541071440e-20 3.622863834776553492e-19
1.014012617345973376e+04 6.236280292048381761e-19 3.521911629005399860e-19
1.014513210139278817e+04 7.926829538923656925e-19 3.946618470932070098e-19
1.015013802932584440e+04 -1.941531738229432371e-19 4.536720565265606295e-19
1.015514395725890063e+04 9.125893236406042399e-20 4.858553442730464042e-19
1.016014988519195686e+04 8.740126402506637829e-19 4.928711476860923719e-19
1.016515581312501308e+04 2.747962843687137379e-19 5.571116619294855986e-19
1.017016174105806749e+04 -7.913051899820622933e-19 6.641159981761543411e-19
1.017516766899112372e+04 1.949645031043876704e-19 6.904230991221705397e-19
1.018017359692417813e+04 1.839707730156484723e-18 6.139765865258010366e-19
1.018517952485723436e+04 4.940267740602516090e-19 6.064918427905858587e-19
1.019018545279029058e+04 -4.439973105385924703e-19 6.698622110105767536e-19
1.019519138072334681e+04 2.730299400932808809e-19 6.780351566768305652e-19
1.020019730865640304e+04 -2.898465179037208131e-19 6.811928178190272804e-19
1.020520323658945745e+04 3.084908805273746550e-19 7.949008040330422664e-19
1.021020916452251367e+04 9.060576137303847420e-19 8.779881865546483861e-19
1.021521509245556808e+04 4.478610199379586499e-19 8.797018961928761742e-19
1.022022102038862431e+04 1.473989019575207606e-18 8.241320142122251380e-19
1.022522694832168054e+04 4.862354678970153824e-19 9.062446224619120839e-19
1.023023287625473677e+04 5.900917953442103838e-19 9.675770222314887289e-19
1.023523880418779299e+04 6.775781726979960884e-19 8.941884758295549861e-19
1.024024473212084740e+04 3.872229249057932487e-19 7.792870383254809391e-19
1.024525066005390181e+04 1.653513541800591378e-18 7.163165311536982673e-19
1.025025658798695804e+04 -1.626405676433370070e-19 6.926683956114917890e-19
1.025526251592001427e+04 2.937627423449408773e-19 6.942204279775736071e-19
1.026026844385307049e+04 5.217152368842858786e-19 6.917935043813168512e-19
1.026527437178612672e+04 5.365862715293220696e-19 7.378095060032701219e-19
1.027028029971918295e+04 1.617795076201655706e-18 7.575531765192703146e-19
1.027528622765223736e+04 1.623667408905797834e-19 7.541225075191189016e-19
1.028029215558529177e+04 -1.503451239239593038e-19 9.067965545078151133e-19
1.028529808351834799e+04 8.974097144457435586e-19 1.113115628377441860e-18
1.029030401145140422e+04 5.644631126118255606e-19 1.174518272151906145e-18
1.029530993938446045e+04 4.555470224243868948e-20 1.088971859701514925e-18
