#  wl flam flam_err
4.803806996822357178e+03 6.071714270137835108e-19 1.511588389839797516e-18
4.808812924755412496e+03 3.544937092547699861e-19 1.358084057436300982e-18
4.813818852688468723e+03 5.511612709843379923e-19 1.227566216920374061e-18
4.818824780621524042e+03 3.006947883700496751e-19 1.129204732154493874e-18
4.823830708554580269e+03 1.029087741284912960e-19 1.056939824119696428e-18
4.828836636487635587e+03 5.101860906180245951e-19 1.008116184190628688e-18
4.833842564420691815e+03 5.397742825618409202e-19 9.455908295847161093e-19
4.838848492353747133e+03 4.554307907951236848e-19 8.740397033629502118e-19
4.843854420286802451e+03 8.132695432503621221e-20 7.847594544580073126e-19
4.848860348219858679e+03 3.327790969753272136e-19 7.085452892493942424e-19
4.853866276152913997e+03 5.386938799540348102e-19 6.447553147451928766e-19
4.858872204085970225e+03 4.539551093486523966e-19 6.050758602995195335e-19
4.863878132019025543e+03 8.338898416359032786e-19 5.869192957085357089e-19
4.868884059952080861e+03 -6.598176560719857157e-21 5.621702474499020294e-19
4.873889987885137089e+03 1.199733951585981409e-19 5.296799408959643758e-19
4.878895915818192407e+03 3.094712895239815474e-19 4.830511538873361345e-19
4.883901843751248634e+03 9.681115266806650307e-19 4.496947223188653129e-19
4.888907771684303952e+03 4.227070895888151316e-19 4.111993352749825065e-19
4.893913699617360180e+03 3.910187879925608900e-20 3.917605184999634127e-19
4.898919627550415498e+03 5.402572985969494563e-19 3.803719975807530276e-19
4.903925555483470816e+03 -1.175574514112698103e-19 3.669768269197269198e-19
4.908931483416527044e+03 7.503035131897575051e-20 3.556528727989746551e-19
4.913937411349582362e+03 1.714031660814121495e-19 3.392164829452520688e-19
4.918943339282638590e+03 -1.127695110810078754e-19 3.230215861219893836e-19
4.923949267215693908e+03 2.400288709758024929e-19 3.070064999302230654e-19
4.928955195148750136e+03 9.658648350963936355e-19 2.983587103813799832e-19
4.933961123081805454e+03 9.648767555937357873e-19 2.962212237446269882e-19
4.938967051014860772e+03 9.702996854503243707e-20 2.967996405225588129e-19
4.943972978947916999e+03 1.605216237253030633e-19 3.000278102666339475e-19
4.948978906880972318e+03 -1.239667517208877841e-20 2.975229736105475566e-19
4.953984834814028545e+03 5.483472970162405756e-19 2.901794512499296727e-19
4.958990762747083863e+03 -1.908693728210610548e-19 2.799588644185912828e-19
4.963996690680139181e+03 1.242090723563105512e-19 2.795167823055152738e-19
4.969002618613195409e+03 5.401470483972666615e-20 2.796533608323171603e-19
4.974008546546250727e+03 -1.036315576835466646e-19 2.850763986063790010e-19
4.979014474479306955e+03 -2.413042682005428705e-19 2.791263851445743932e-19
4.984020402412362273e+03 3.182749899508702632e-19 2.693148645933402869e-19
4.989026330345418501e+03 1.885579882869620257e-19 2.649146683373283963e-19
4.994032258278473819e+03 -1.864308401401887615e-19 2.532747620503401232e-19
4.999038186211529137e+03 3.027160342722519471e-20 2.355328394709107039e-19
5.004044114144585365e+03 6.766986438751235338e-19 2.202519083156246985e-19
5.009050042077640683e+03 2.483642392269814137e-19 2.118919168837878585e-19
5.014055970010696910e+03 2.582567314488907377e-19 2.056426195563481341e-19
5.019061897943752228e+03 1.941562557020479794e-20 2.045981990978761427e-19
5.024067825876807547e+03 -2.140633097330072336e-19 2.016642833225857894e-19
5.029073753809863774e+03 5.306450340323564325e-19 1.996099407408879055e-19
5.034079681742919092e+03 2.757819958554127067e-19 1.938660117475565042e-19
5.039085609675975320e+03 4.070513489800159732e-19 1.875361483281566037e-19
5.044091537609030638e+03 4.819843711970007016e-19 1.847565329096583650e-19
5.049097465542086866e+03 1.943589841807952204e-20 1.877141105932543943e-19
5.054103393475142184e+03 7.595336267894005650e-20 1.895573583227672877e-19
5.059109321408197502e+03 1.280628558631945994e-20 1.913424446857090743e-19
5.064115249341253730e+03 6.212234525643045695e-20 1.895740238016412975e-19
5.069121177274309048e+03 2.479319401746454225e-19 1.836003243040298976e-19
5.074127105207365275e+03 1.612716569967807852e-19 1.743835131734889924e-19
5.079133033140420594e+03 -5.383421259906344361e-20 1.684736508333026896e-19
5.084138961073476821e+03 2.638482755918505888e-19 1.651653707684468253e-19
5.089144889006532139e+03 -3.140672789216974682e-19 1.649911845160912131e-19
5.094150816939587457e+03 -1.899799851555787298e-19 1.655817999698100136e-19
5.099156744872643685e+03 -7.315262311244710203e-20 1.656050846414011408e-19
5.104162672805699003e+03 -2.742696634164495428e-19 1.672783817049934455e-19
5.109168600738755231e+03 2.379176443713568525e-19 1.675105368873189409e-19
5.114174528671810549e+03 7.199027351051731319e-20 1.683908647286882770e-19
5.119180456604865867e+03 3.663328443508249280e-19 1.672026237450661266e-19
5.124186384537922095e+03 2.144810177998648100e-19 1.632068765453482915e-19
5.129192312470977413e+03 -1.386381149294433082e-19 1.597389614185009229e-19
5.134198240404033641e+03 2.301607141259231409e-19 1.612940820088301216e-19
5.139204168337088959e+03 1.410602391116219210e-19 1.624522004560579912e-19
5.144210096270145186e+03 -1.232858824134387525e-20 1.608487441706056000e-19
5.149216024203200504e+03 -3.780635170202633782e-20 1.593712453714169899e-19
5.154221952136255823e+03 -1.252880376628310108e-19 1.537695131347112475e-19
5.159227880069312050e+03 1.406144111776341309e-19 1.461604447900947820e-19
5.164233808002367368e+03 -9.798624551006461805e-20 1.350809697924610583e-19
5.169239735935423596e+03 -1.589337608063171498e-19 1.259265426910479009e-19
5.174245663868478914e+03 7.532573503110359253e-20 1.230372348967192204e-19
5.179251591801534232e+03 -6.427743216223877321e-20 1.220856541927170893e-19
5.184257519734590460e+03 -1.014982208942717696e-19 1.224960548122471391e-19
5.189263447667645778e+03 2.035835034316876336e-19 1.266002822717629363e-19
5.194269375600702006e+03 2.674544897559708752e-20 1.301827085115904723e-19
5.199275303533757324e+03 2.585948833106304381e-19 1.339830501208938029e-19
5.204281231466813551e+03 1.769008713670924469e-19 1.314332999936155788e-19
5.209287159399868870e+03 2.675414594741988336e-19 1.261952290018951773e-19
5.214293087332924188e+03 -2.599094073460097571e-20 1.246553779148017291e-19
5.219299015265980415e+03 4.143613122914060419e-19 1.281766320140507355e-19
5.224304943199035733e+03 1.248130847051611102e-19 1.315290294609454062e-19
5.229310871132091961e+03 3.986167417688090809e-19 1.346319148805687628e-19
5.234316799065147279e+03 1.611856603034181391e-19 1.408015941801351196e-19
5.239322726998203507e+03 1.928156124588604961e-19 1.422722494791454863e-19
5.244328654931258825e+03 1.972692945034757739e-19 1.422139062575425457e-19
5.249334582864314143e+03 -3.128054297206381461e-20 1.389603348294265466e-19
5.254340510797370371e+03 9.737834174411064363e-20 1.362074419295901218e-19
5.259346438730425689e+03 5.519044347690424387e-20 1.259584952608662878e-19
5.264352366663481916e+03 1.321491786165416732e-21 1.177365748437905911e-19
5.269358294596537235e+03 8.936548076622598643e-20 1.149932530294987915e-19
5.274364222529593462e+03 1.903743300493012130e-19 1.171806568895081407e-19
5.279370150462648780e+03 -9.810364374062055234e-20 1.190599763843874554e-19
5.284376078395704099e+03 9.385800128957656281e-20 1.193997450888913703e-19
5.289382006328760326e+03 7.325749134790058062e-20 1.215566892533458695e-19
5.294387934261815644e+03 -8.487195481167691138e-20 1.211530632949507188e-19
5.299393862194871872e+03 9.188144504718800732e-20 1.213728265272537763e-19
5.304399790127927190e+03 1.865112507804242257e-19 1.204868072511951274e-19
5.309405718060982508e+03 1.495052609330189285e-19 1.198130714521700233e-19
5.314411645994038736e+03 1.408608858090980237e-19 1.177238680509762415e-19
5.319417573927094054e+03 2.680766740498866693e-19 1.170675300664416336e-19
5.324423501860150282e+03 -4.314543457958569971e-20 1.156845052059585757e-19
5.329429429793205600e+03 1.983128544415273745e-19 1.178829258514498834e-19
5.334435357726260918e+03 9.098963740499145696e-20 1.192576627955718248e-19
5.339441285659317145e+03 3.027772581201807006e-22 1.183261146212056679e-19
5.344447213592372464e+03 2.807836512316848151e-19 1.191061632748199724e-19
5.349453141525428691e+03 1.071893321243790745e-19 1.184338229667043421e-19
5.354459069458484009e+03 -1.381457342355929333e-19 1.175321211623713511e-19
5.359464997391540237e+03 3.219977363058134521e-19 1.161474560560443223e-19
5.364470925324595555e+03 1.826626811134435626e-19 1.144181776129972618e-19
5.369476853257650873e+03 5.508829033842957431e-20 1.148773215212112704e-19
5.374482781190707101e+03 -1.185392781163264373e-19 1.171370656392397347e-19
5.379488709123762419e+03 -1.286748576388332363e-21 1.201710461530442612e-19
5.384494637056818647e+03 2.707930728221524546e-20 1.199710325196878751e-19
5.389500564989873965e+03 5.769914669409068525e-20 1.189169156303934641e-19
5.394506492922930192e+03 1.335868036580726615e-19 1.171253039600655671e-19
5.399512420855985511e+03 2.480979140247510249e-19 1.149841383722746801e-19
5.404518348789040829e+03 -3.473970846592669560e-20 1.125250679889774004e-19
5.409524276722097056e+03 -7.038927263634281689e-20 1.109342906928546855e-19
5.414530204655152374e+03 -2.677573693774286410e-20 1.087652771123035094e-19
5.419536132588208602e+03 2.842478804908103600e-19 1.071266828989384490e-19
5.424542060521263920e+03 1.242420707918323211e-19 1.052297055389851775e-19
5.429547988454320148e+03 2.989317564428478046e-20 1.035211684085231561e-19
5.434553916387375466e+03 -2.533741212737693434e-20 1.035393522918418393e-19
5.439559844320430784e+03 -3.306370096352935773e-20 1.035403678957673366e-19
5.444565772253487012e+03 1.901018347077409940e-19 1.041624953963570080e-19
5.449571700186542330e+03 1.067748152505657336e-19 1.027591948693887484e-19
5.454577628119598558e+03 1.087678030728016685e-19 1.027567516548500640e-19
5.459583556052653876e+03 2.480617092872070204e-20 1.025021173480534384e-19
5.464589483985709194e+03 -4.903740801421504825e-20 1.013669241289932028e-19
5.469595411918765421e+03 7.830906552512933756e-21 9.893268793752742086e-20
5.474601339851820740e+03 1.880481483221923681e-19 9.803541888878768281e-20
5.479607267784876967e+03 5.025062316416639739e-20 9.888948643822596622e-20
5.484613195717932285e+03 2.055207661915846186e-19 9.979540462278283183e-20
5.489619123650987603e+03 2.359353385462698503e-20 1.025480617393890373e-19
5.494625051584043831e+03 3.173846615098816764e-19 1.063558458026956801e-19
5.499630979517099149e+03 1.257346376219066310e-19 1.109960354522322756e-19
5.504636907450155377e+03 -1.133420481796203362e-19 1.145374384408187450e-19
5.509642835383210695e+03 -1.654292392219361377e-19 1.146994223742592984e-19
5.514648763316266923e+03 6.660158696524952834e-20 1.130883185693542963e-19
5.519654691249322241e+03 2.360644460102270035e-20 1.099116634570984511e-19
5.524660619182377559e+03 -4.215189779687185745e-21 1.062214034014769290e-19
5.529666547115433787e+03 -8.496788517266997393e-21 1.023149924830496956e-19
5.534672475048489105e+03 1.264933362868571456e-19 9.962930167654240212e-20
5.539678402981545332e+03 1.709153035562371535e-19 9.925748133902714815e-20
5.544684330914600650e+03 1.048598667463690201e-19 9.838769236392063994e-20
5.549690258847656878e+03 2.063551681617558537e-19 9.571133326511741976e-20
5.554696186780712196e+03 -1.315938756124438850e-19 9.287614955715401706e-20
5.559702114713767514e+03 7.690878963812713728e-20 9.502545762141587906e-20
5.564708042646823742e+03 4.768810909172506837e-22 9.888023101580323935e-20
5.569713970579879060e+03 -4.141280827516589691e-20 2.142782318562537457e-19
5.574719898512935288e+03 3.470350638540531536e-19 3.759258171217588320e-19
5.579725826445990606e+03 1.380311002157824388e-20 3.762499041212916540e-19
5.584731754379046833e+03 3.270821957980512205e-19 2.219140163530009117e-19
5.589737682312102152e+03 -6.981179373271652692e-21 9.293437189198903711e-20
5.594743610245157470e+03 7.120495149076654780e-20 9.003581135459022479e-20
5.599749538178213697e+03 1.137893697086447819e-19 9.099380287478900396e-20
5.604755466111269016e+03 3.043858685150445544e-20 9.272055165053796453e-20
5.609761394044325243e+03 9.135480665434653157e-20 9.248155485641788912e-20
5.614767321977380561e+03 6.575512957549872479e-20 9.250612906751084712e-20
5.619773249910436789e+03 8.340442193522422265e-20 9.500663801323657631e-20
5.624779177843492107e+03 1.024859872335882197e-19 9.729096979788588753e-20
5.629785105776547425e+03 1.391587383702339804e-19 9.820654199131422775e-20
5.634791033709603653e+03 3.155046156446644349e-20 9.876090329565181283e-20
5.639796961642658971e+03 3.167666938312931891e-20 9.936815331752816957e-20
5.644802889575714289e+03 -1.521901657433416810e-19 9.735307166863354301e-20
5.649808817508770517e+03 -5.968109555866604569e-20 9.582830687715232544e-20
5.654814745441825835e+03 -7.298201952297828819e-20 9.181636194932563703e-20
5.659820673374882062e+03 2.483431065470937465e-20 8.983600106249694268e-20
5.664826601307937381e+03 -6.896531649313603601e-20 8.915040778786630796e-20
5.669832529240993608e+03 8.253849435369805137e-20 8.814361926529358881e-20
5.674838457174048926e+03 -4.965965013955079720e-20 8.765032577781391975e-20
5.679844385107104245e+03 -1.562722099838530574e-20 8.571364165723183865e-20
5.684850313040160472e+03 -1.314815170834888399e-19 8.547574321368298025e-20
5.689856240973215790e+03 9.525179792231435803e-20 8.651885784895269165e-20
5.694862168906272018e+03 -9.912939508449721775e-20 8.804120708582389667e-20
5.699868096839327336e+03 9.442819562591577407e-20 8.918581154327147081e-20
5.704874024772383564e+03 -7.029481658369574339e-20 9.078589105366462363e-20
5.709879952705438882e+03 1.744536341514875885e-19 9.251773931603444290e-20
5.714885880638494200e+03 2.353291868893012066e-19 9.496541738139888072e-20
5.719891808571550428e+03 1.270375428068959202e-19 9.736975438024606926e-20
5.724897736504605746e+03 2.867713644487497904e-20 9.866165500112308795e-20
5.729903664437661973e+03 8.239962150435100726e-20 9.826177578281213712e-20
5.734909592370717291e+03 5.571279345844187407e-20 9.821058995833044357e-20
5.739915520303773519e+03 2.182288367341445905e-19 9.805043931617474385e-20
5.744921448236828837e+03 -2.268719714577209070e-21 9.752968971775010988e-20
5.749927376169884155e+03 -4.328712932175403145e-20 9.639497428197076651e-20
5.754933304102940383e+03 6.132393160967456805e-20 9.578469708978866855e-20
5.759939232035995701e+03 9.133335162908263799e-20 9.666237789590723545e-20
5.764945159969051929e+03 8.826261091638717984e-20 9.524394928116986613e-20
5.769951087902107247e+03 1.680620209216404626e-19 9.267591317724032491e-20
5.774957015835163475e+03 -5.660729761971778632e-20 8.967344771734142682e-20
5.779962943768218793e+03 -3.949789425235072021e-20 8.756103358358994756e-20
5.784968871701274111e+03 3.801830392190683118e-20 8.697742279465392110e-20
5.789974799634330338e+03 -2.117389784641455997e-20 8.814411822545183342e-20
5.794980727567385657e+03 1.459338839379804441e-19 8.815611398792170852e-20
5.799986655500441884e+03 2.557680323435801694e-19 8.784064493292776572e-20
5.804992583433497202e+03 2.075430360834438976e-19 8.787331526735520496e-20
5.809998511366552520e+03 2.558042780955796539e-20 8.772215355370874601e-20
5.815004439299608748e+03 1.171024784609909257e-19 8.721477820524021106e-20
5.820010367232664066e+03 1.629822239031664643e-19 8.778558916594434324e-20
5.825016295165720294e+03 7.564291238110523650e-20 8.738253059997102507e-20
5.830022223098775612e+03 -1.287173454148810885e-20 8.626690608189269149e-20
5.835028151031830930e+03 7.419615501940507672e-20 8.577253394835390045e-20
5.840034078964887158e+03 1.132232764033687427e-19 8.479894498748795467e-20
5.845040006897942476e+03 1.225079455380748169e-19 8.430266318613239073e-20
5.850045934830998704e+03 1.698242472230785154e-19 8.415995443261447402e-20
5.855051862764054022e+03 -2.627687696026148034e-20 8.450804843294765801e-20
5.860057790697110249e+03 3.612394662438801020e-20 9.053613669974423104e-20
5.865063718630165567e+03 8.373218886470034953e-20 9.963184025718019514e-20
5.870069646563220886e+03 8.776358985546169245e-20 1.004999327671887678e-19
5.875075574496277113e+03 2.512746757876652323e-19 9.513923868555941859e-20
5.880081502429332431e+03 -5.041012704690114740e-20 1.014968160782764751e-19
5.885087430362388659e+03 2.642897215804751287e-19 1.563728672384870787e-19
5.890093358295443977e+03 -8.717331199838097581e-20 1.870763118558724498e-19
5.895099286228500205e+03 2.917323832605225123e-20 1.736286196968325847e-19
5.900105214161555523e+03 1.654525492747452674e-19 1.271121199301381366e-19
5.905111142094610841e+03 1.657212874493329122e-20 9.723211214044158905e-20
5.910117070027667069e+03 5.973828479238647998e-20 9.797934574895840371e-20
5.915122997960722387e+03 -6.301088349075255023e-20 9.774677528388216993e-20
5.920128925893778614e+03 -6.018001821460996875e-21 9.587788332763307435e-20
5.925134853826833933e+03 4.698381939161720288e-22 9.260682562245001816e-20
5.930140781759890160e+03 -8.393667110532842376e-20 9.462280536857157762e-20
5.935146709692945478e+03 -1.106977133672127630e-19 9.112411996751038623e-20
5.940152637626000796e+03 -2.173941006062849765e-19 8.456701453417790826e-20
5.945158565559057024e+03 -1.235220719130287029e-19 8.378461767886676783e-20
5.950164493492112342e+03 8.361963443489523981e-20 8.794222145885576122e-20
5.955170421425167660e+03 1.135823677754636552e-19 8.572240648314987264e-20
5.960176349358223888e+03 -8.713152389674351680e-20 8.207457941925652555e-20
5.965182277291280116e+03 -3.742144567541593593e-20 8.147762558228089561e-20
5.970188205224335434e+03 2.659095783176912515e-19 8.432828165689974743e-20
5.975194133157390752e+03 -1.369719510373684881e-19 8.671355334086552066e-20
5.980200061090446980e+03 7.184216807711995107e-20 8.520949116166259940e-20
5.985205989023502298e+03 1.554030178080018489e-19 8.225045582962044045e-20
5.990211916956557616e+03 1.208863654771960810e-19 8.282292210918466384e-20
5.995217844889613843e+03 -6.557046949582512946e-20 8.341896099466775180e-20
6.000223772822669162e+03 5.850298575851269057e-21 8.603555869877532360e-20
6.005229700755725389e+03 -1.032647848942106754e-19 8.480784504343200226e-20
6.010235628688780707e+03 -3.767563807087333701e-20 8.468882622445716699e-20
6.015241556621836935e+03 -8.364301364748912539e-20 8.328968667145244325e-20
6.020247484554892253e+03 6.707829320081478343e-20 8.306747612445740843e-20
6.025253412487947571e+03 8.954326871934616685e-20 8.223264782155346153e-20
6.030259340421003799e+03 1.816260307907997119e-20 8.112477603852502339e-20
6.035265268354059117e+03 -1.143684699573929065e-19 7.890266030039590425e-20
6.040271196287115345e+03 -4.458164539972118695e-20 7.616169204517022154e-20
6.045277124220170663e+03 7.357461055227240255e-20 7.421789152680148215e-20
6.050283052153226890e+03 3.356906856802422014e-21 7.293412292233738670e-20
6.055288980086282209e+03 1.247473677043813413e-19 7.206469478732704331e-20
6.060294908019337527e+03 1.357151338375819607e-19 7.179740717925337667e-20
6.065300835952393754e+03 5.387400290350758072e-20 7.160735066975281230e-20
6.070306763885449072e+03 -1.626588179019369630e-19 7.002572022946681068e-20
6.075312691818505300e+03 2.459722562382594957e-20 6.904052011858701779e-20
6.080318619751560618e+03 9.397702409754917485e-20 6.832396566380397582e-20
6.085324547684616846e+03 -1.716323512810656649e-19 6.734786963012791806e-20
6.090330475617672164e+03 9.139374340080548192e-20 6.774250091680719662e-20
6.095336403550727482e+03 9.708907496845988409e-20 6.866664196218539528e-20
6.100342331483783710e+03 6.518782278194927965e-20 6.922386225128114890e-20
6.105348259416839028e+03 1.407180299301918214e-20 6.956498650876450875e-20
6.110354187349894346e+03 3.066810791036913973e-20 7.007872109176790808e-20
6.115360115282950574e+03 7.700882361711041753e-20 6.906319487714699396e-20
6.120366043216006801e+03 4.564117316908622491e-21 6.975378109325297954e-20
6.125371971149062119e+03 2.038636804740426501e-20 6.952696420122460497e-20
6.130377899082117438e+03 8.059502775405331080e-20 7.080757642163252915e-20
6.135383827015173665e+03 1.083350147887667136e-19 7.301458012868515390e-20
6.140389754948228983e+03 4.968627520201645311e-20 7.584601208187928153e-20
6.145395682881284301e+03 4.944388803607405475e-20 7.493476630880122901e-20
6.150401610814340529e+03 3.279617298787784382e-19 7.047369736502996562e-20
6.155407538747396757e+03 2.017520730151258028e-19 6.754166319988928346e-20
6.160413466680452075e+03 1.103713123592106928e-19 6.495085426103478022e-20
6.165419394613507393e+03 2.279429157863180539e-19 6.556708816265463606e-20
6.170425322546563621e+03 -1.103030832247361139e-20 6.629392196386669721e-20
6.175431250479618939e+03 9.878436022462047804e-20 6.426703434024072645e-20
6.180437178412674257e+03 2.733507219727505479e-19 6.138140772601713882e-20
6.185443106345730484e+03 2.507537039404467716e-19 6.007070357984611606e-20
6.190449034278785803e+03 1.259822714403405651e-19 5.952069250380170611e-20
6.195454962211842030e+03 9.533068913844202696e-20 6.054511809717209558e-20
6.200460890144897348e+03 1.412531925864177477e-19 6.161910359401661226e-20
6.205466818077953576e+03 1.144207670343589805e-19 6.105752870269672026e-20
6.210472746011008894e+03 8.101026821001473311e-20 5.925842281731381329e-20
6.215478673944064212e+03 2.376441843888268540e-19 6.065815423329161821e-20
6.220484601877120440e+03 2.858854033138114708e-19 6.146845777013601328e-20
6.225490529810175758e+03 1.139102296175769159e-19 6.235238173770091403e-20
6.230496457743231986e+03 2.441840074401236491e-19 7.092097555628226184e-20
6.235502385676287304e+03 2.423834120176575822e-20 7.764892170502941058e-20
6.240508313609343531e+03 1.879507338692969777e-19 7.575240036486588935e-20
6.245514241542398850e+03 7.917557128100770504e-20 6.665034785544961083e-20
6.250520169475454168e+03 8.048865599701272039e-20 6.804265194502590540e-20
6.255526097408510395e+03 5.351717892504250243e-20 7.737295431045826268e-20
6.260532025341565713e+03 -1.215159592192258536e-19 8.208528847399834228e-20
6.265537953274621032e+03 7.213248315132970775e-20 7.544097965142405958e-20
6.270543881207677259e+03 1.948353763884562035e-19 7.426956600178366750e-20
6.275549809140733487e+03 1.297114144709474403e-19 7.228041506322218779e-20
6.280555737073788805e+03 1.718409760834963172e-19 7.535828328134352850e-20
6.285561665006844123e+03 1.242523860334998090e-19 7.904542314697274841e-20
6.290567592939900351e+03 9.437073780941098969e-20 8.530214645547226776e-20
6.295573520872955669e+03 2.918962112097576147e-19 1.228975516322832314e-19
6.300579448806010987e+03 1.726714209158774187e-19 1.317450065444579123e-19
6.305585376739067215e+03 9.339718370799282182e-20 1.081706672324114979e-19
6.310591304672123442e+03 3.176653529178681722e-19 7.302192731740813071e-20
6.315597232605178760e+03 1.778992275915663426e-19 6.413614795259342356e-20
6.320603160538234079e+03 5.301713904444074098e-20 6.581098306246260092e-20
6.325609088471290306e+03 2.356458139579163921e-20 7.176537746109924814e-20
6.330615016404345624e+03 2.490687068668092945e-19 7.010810777519362838e-20
6.335620944337400942e+03 2.646613823198112646e-19 6.336310357908382019e-20
6.340626872270457170e+03 2.589694239017467012e-19 5.954440442983268030e-20
6.345632800203512488e+03 2.100810486605462882e-19 6.173643920891013203e-20
6.350638728136568716e+03 2.174210617245337611e-19 6.518712617875922328e-20
6.355644656069624034e+03 2.439902276097684909e-19 7.132364647229874945e-20
6.360650584002680262e+03 2.395043964386052986e-19 8.373403296222970419e-20
6.365656511935735580e+03 2.893878778714553550e-19 8.140574223641843533e-20
6.370662439868790898e+03 7.585474822654722381e-20 6.765439346215173319e-20
6.375668367801847126e+03 4.422677132056435900e-20 6.089457728867019214e-20
6.380674295734902444e+03 1.901023891807625322e-19 6.407799249405901249e-20
6.385680223667958671e+03 2.383439374716821280e-19 6.522537636001331343e-20
6.390686151601013989e+03 -9.270701112588933657e-21 6.342542168473416464e-20
6.395692079534070217e+03 2.073999740310301637e-19 6.124600836169538837e-20
6.400698007467125535e+03 8.916191889005317151e-20 6.101013594311516129e-20
6.405703935400180853e+03 9.853990431071730850e-20 5.982188435093704555e-20
6.410709863333237081e+03 2.151208160492165506e-19 5.948563597149588782e-20
6.415715791266292399e+03 2.008470542390771412e-19 5.941998012427360773e-20
6.420721719199348627e+03 2.279188827198201549e-19 5.767376319559064645e-20
6.425727647132403945e+03 2.144011060225935737e-19 5.556634172683683839e-20
6.430733575065460172e+03 1.432305378584843764e-19 5.373274227361493217e-20
6.435739502998515491e+03 2.237677389964178221e-19 5.280823416132186622e-20
6.440745430931570809e+03 1.765349167207527417e-19 5.242481817296235931e-20
6.445751358864627036e+03 1.565825843766593647e-19 5.233703818532247208e-20
6.450757286797682355e+03 3.035947576538326337e-19 5.315897014931758531e-20
6.455763214730737673e+03 6.031626506683362334e-20 5.487932133422832220e-20
6.460769142663793900e+03 -3.075048500876248865e-20 5.991053883807163354e-20
6.465775070596850128e+03 5.139632891323655099e-20 6.486240998536541419e-20
6.470780998529905446e+03 1.285617564961585004e-19 6.242885550460056357e-20
6.475786926462960764e+03 -2.625782705785915888e-20 5.696701903178438740e-20
6.480792854396016992e+03 5.770292703488638204e-20 5.319088592851279915e-20
6.485798782329072310e+03 1.563535227876770969e-19 5.192125179266703101e-20
6.490804710262127628e+03 -4.178983875637426086e-20 5.731134836444306830e-20
6.495810638195183856e+03 1.158264853766313529e-19 6.815027739794526185e-20
6.500816566128239174e+03 1.108226202798461992e-19 7.221882859841844296e-20
6.505822494061295401e+03 2.140944993021457069e-19 6.399096741660360979e-20
6.510828421994350720e+03 3.630533574928206722e-19 6.009917042408311840e-20
6.515834349927406947e+03 8.559493878963644751e-20 6.030856238125481559e-20
6.520840277860462265e+03 4.584548796088581688e-20 6.245048359906721958e-20
6.525846205793517584e+03 2.466986516428726108e-19 6.853034280809328136e-20
6.530852133726573811e+03 2.916599931668141205e-19 7.291331605751836793e-20
6.535858061659629129e+03 1.393017352484057130e-19 7.096097656530479795e-20
6.540863989592685357e+03 1.646286530785418592e-19 6.428950415158296732e-20
6.545869917525740675e+03 1.131277285441003747e-19 6.647091997114944290e-20
6.550875845458796903e+03 3.034383012090104504e-19 7.002298483388326149e-20
6.555881773391852221e+03 8.609296281725393162e-20 6.783616342104858435e-20
6.560887701324907539e+03 1.551103598067189072e-19 5.886897700534724408e-20
6.565893629257963767e+03 2.251590153246441631e-19 5.861525954560835170e-20
6.570899557191019085e+03 2.280481514380550269e-19 6.187557998829992075e-20
6.575905485124075312e+03 1.244776697966290765e-19 6.235380470821741679e-20
6.580911413057130630e+03 2.590492400772848510e-19 5.903418555482594896e-20
6.585917340990186858e+03 1.888351135343667766e-19 5.158605800288267044e-20
6.590923268923242176e+03 1.790913972215208179e-19 5.217332084508219248e-20
6.595929196856297494e+03 9.194832576471337080e-20 5.421221587485569265e-20
6.600935124789353722e+03 1.660120865907535856e-19 5.711090308268759691e-20
6.605941052722409040e+03 1.247149986005302950e-19 5.547187094681829357e-20
6.610946980655464358e+03 9.153157384280031720e-20 5.173696846337341265e-20
6.615952908588520586e+03 6.617538576947491488e-20 5.089239933585926314e-20
6.620958836521576814e+03 2.286443129065262800e-21 5.179341066081759274e-20
6.625964764454632132e+03 1.113305552576660320e-19 5.310977880875195049e-20
6.630970692387687450e+03 1.491384224730741794e-19 5.597829298910364079e-20
6.635976620320743677e+03 1.056603279745904144e-19 5.584178229384935179e-20
6.640982548253798996e+03 1.267529607415279191e-19 5.444919078055986768e-20
6.645988476186854314e+03 1.053459706659128342e-19 5.481819245723754006e-20
6.650994404119910541e+03 8.909189353379377675e-20 5.558271023207923369e-20
6.656000332052965859e+03 3.047283124897036423e-19 5.690894170575597330e-20
6.661006259986022087e+03 2.236453997929025500e-19 5.668232979645467942e-20
6.666012187919077405e+03 2.864390613750263499e-19 5.571358320602421273e-20
6.671018115852133633e+03 2.537696232428443509e-19 5.419235974306549318e-20
6.676024043785188951e+03 1.540838921341524734e-19 5.224363029528962134e-20
6.681029971718244269e+03 1.427214350290451716e-19 5.138620031004675592e-20
6.686035899651300497e+03 1.788883151221295621e-19 5.043425081349847736e-20
6.691041827584355815e+03 2.067928665996823311e-19 4.992423685504743680e-20
6.696047755517412043e+03 2.443871944495517279e-19 5.010597837134903727e-20
6.701053683450467361e+03 1.875477586314378064e-19 5.038500314507916099e-20
6.706059611383523588e+03 1.455605784316362668e-19 4.924157527174217690e-20
6.711065539316578906e+03 2.397133276319628795e-19 4.865533974620920885e-20
6.716071467249634225e+03 1.534354365870194318e-19 4.817060218284960944e-20
6.721077395182690452e+03 1.407951467106727424e-19 4.754302394794385132e-20
6.726083323115745770e+03 2.971362870927821678e-19 4.736415782796735387e-20
6.731089251048801998e+03 1.800738845945065833e-19 4.757981056390591251e-20
6.736095178981857316e+03 1.487702921982093916e-19 4.796181462979929068e-20
6.741101106914913544e+03 2.259983088390118989e-19 4.828449586125546264e-20
6.746107034847968862e+03 2.170904484345306052e-19 4.867273349283338176e-20
6.751112962781024180e+03 1.844354962838875835e-19 4.908571474546695758e-20
6.756118890714080408e+03 1.578686000330607707e-19 4.897616700857093603e-20
6.761124818647135726e+03 2.187037660537196665e-19 4.945729144681856547e-20
6.766130746580191044e+03 1.108667840022090096e-19 5.001571557596387740e-20
6.771136674513247272e+03 1.779463880139117048e-19 5.109615459438018924e-20
6.776142602446303499e+03 2.952465999768754383e-19 5.155345245260843973e-20
6.781148530379358817e+03 2.773468499102595016e-19 5.299646926625758139e-20
6.786154458312414135e+03 2.320885651276712159e-19 5.282400328810943028e-20
6.791160386245470363e+03 1.645541555732397641e-19 5.158502963569282592e-20
6.796166314178525681e+03 2.750636774234327870e-19 5.059113423756511215e-20
6.801172242111580999e+03 1.464795125880196418e-19 4.922430970904668162e-20
6.806178170044637227e+03 1.998073173562940382e-19 4.886413787537425629e-20
6.811184097977693455e+03 2.425276099188515010e-19 4.840121191465780444e-20
6.816190025910748773e+03 1.558124139590683080e-19 4.759639413001377446e-20
6.821195953843804091e+03 4.037083142312811551e-20 5.572059348279673701e-20
6.826201881776860318e+03 6.488522044705397629e-20 7.216833623723281826e-20
6.831207809709915637e+03 7.150204909765246008e-20 7.949312343406269113e-20
6.836213737642970955e+03 1.570629816540509716e-19 6.983700600464864680e-20
6.841219665576027182e+03 1.959899594296009105e-19 5.564870518066680953e-20
6.846225593509082501e+03 1.674536712018144543e-19 4.978862655135766737e-20
6.851231521442138728e+03 2.550238175272876446e-19 4.684197599418765591e-20
6.856237449375194046e+03 2.622065294339744304e-19 5.772431778824494794e-20
6.861243377308250274e+03 5.629049764492639572e-20 7.669026700583928051e-20
6.866249305241305592e+03 1.402447062065835530e-19 1.066203090779499472e-19
6.871255233174360910e+03 3.498118730387188786e-19 1.592929442745973640e-19
6.876261161107417138e+03 2.605322744699261456e-19 8.445542859990153724e-20
6.881267089040473365e+03 2.222259931809275704e-19 1.197241375733339472e-19
6.886273016973527774e+03 2.596472909729636081e-19 1.190481177064588884e-19
6.891278944906584002e+03 2.737851532111354362e-19 1.251006402302689704e-19
6.896284872839640229e+03 3.655697321767814757e-19 1.758724053813322924e-19
6.901290800772695547e+03 1.355874315886427782e-19 6.544821708978315609e-20
6.906296728705750866e+03 9.276155857451809107e-20 8.490845905169790134e-20
6.911302656638807093e+03 2.318999985270294659e-19 1.279386984236515940e-19
6.916308584571862411e+03 1.586882284625511056e-19 1.301382237669167196e-19
6.921314512504917730e+03 6.492457980991266947e-20 1.383790239715682151e-19
6.926320440437973957e+03 2.001639568365600463e-20 6.775911804244384780e-20
6.931326368371030185e+03 1.449474221222239272e-19 5.343001971573404413e-20
6.936332296304085503e+03 1.587554156217968870e-19 8.690684713754733417e-20
6.941338224237140821e+03 7.895558172369105922e-20 6.378612113778264883e-20
6.946344152170197049e+03 2.709427370477692242e-19 1.011474229038799911e-19
6.951350080103252367e+03 1.233886714867216389e-19 6.993727687051242498e-20
6.956356008036307685e+03 1.579566057548926969e-19 5.214579550987276445e-20
6.961361935969363913e+03 1.182558087354443499e-19 4.926028209466349577e-20
6.966367863902420140e+03 1.248907522500579791e-19 5.326211730955411205e-20
6.971373791835475458e+03 1.524701970139015935e-19 5.866614809897273128e-20
6.976379719768530776e+03 6.818929803117603584e-20 6.122110131471801406e-20
6.981385647701587004e+03 8.614595506600480867e-20 5.853288654024166882e-20
6.986391575634642322e+03 1.749767026611766484e-19 4.921151956718770820e-20
6.991397503567697640e+03 2.070752821179302202e-19 4.772181507392200077e-20
6.996403431500753868e+03 2.199194401219944188e-19 4.949919970422436706e-20
7.001409359433810096e+03 2.205667870171372698e-19 5.223766148977458930e-20
7.006415287366865414e+03 1.514097179024158704e-19 5.636405898798542491e-20
7.011421215299920732e+03 1.725120388033255909e-19 5.542886927385188023e-20
7.016427143232976960e+03 1.770130842950963671e-19 5.254259422266535982e-20
7.021433071166032278e+03 1.144912090469854908e-19 4.931995921527404571e-20
7.026438999099087596e+03 5.433998242072447117e-21 5.044323917715602197e-20
7.031444927032143823e+03 1.293412744993154892e-19 5.166775635768095444e-20
7.036450854965200051e+03 1.038517169932262606e-19 5.445760313997952691e-20
7.041456782898254460e+03 2.232175132362321986e-19 5.858349688719890932e-20
7.046462710831310687e+03 6.339231381120463888e-20 6.131939270408230858e-20
7.051468638764366915e+03 1.783215260322913766e-19 5.898408783660790503e-20
7.056474566697422233e+03 1.446618407427420343e-19 5.310604008956128718e-20
7.061480494630477551e+03 1.549327486482068521e-19 5.215778812739221927e-20
7.066486422563533779e+03 1.781270019618374414e-19 5.249327549736022739e-20
7.071492350496589097e+03 3.080637881745437319e-19 5.123588018399176161e-20
7.076498278429644415e+03 2.492234077234175130e-19 5.067227936106603263e-20
7.081504206362700643e+03 1.448002664380580552e-19 5.107843897148507054e-20
7.086510134295756870e+03 1.495099678694785999e-19 5.062995452367664665e-20
7.091516062228812189e+03 1.110544640339127408e-19 4.882740499632168128e-20
7.096521990161867507e+03 1.677343147973566912e-19 4.646436238163131408e-20
7.101527918094923734e+03 2.803599959498076483e-19 4.595563486719771407e-20
7.106533846027979052e+03 1.512156158190514539e-19 4.568228048059912020e-20
7.111539773961034371e+03 2.290701312717106428e-19 4.577041155436356083e-20
7.116545701894090598e+03 1.116207800203917959e-19 4.565321518246213190e-20
7.121551629827146826e+03 2.504632048113863559e-19 4.645730549397015634e-20
7.126557557760202144e+03 1.189611179567893665e-19 4.798018728438120611e-20
7.131563485693257462e+03 1.597795444326521903e-19 4.904843034077364319e-20
7.136569413626313690e+03 2.690888636663886391e-19 5.014548812058333034e-20
7.141575341559369008e+03 1.188815457285771564e-19 5.258809045366667069e-20
7.146581269492424326e+03 1.283314328115459571e-19 5.409164259228873910e-20
7.151587197425480554e+03 2.042268425718282269e-19 5.204476060851246915e-20
7.156593125358536781e+03 9.879927130890211180e-20 5.227947109641165608e-20
7.161599053291592099e+03 2.134345369952595530e-19 5.423272625496961515e-20
7.166604981224647418e+03 2.919470207100208459e-19 5.445569241266602022e-20
7.171610909157703645e+03 8.611810973571897478e-20 5.361132284347806392e-20
7.176616837090758963e+03 2.507106288179984352e-19 5.238504015851046718e-20
7.181622765023814281e+03 1.708353188582002733e-19 4.979944854201977169e-20
7.186628692956870509e+03 1.068833338456389332e-19 4.669989266651861706e-20
7.191634620889926737e+03 1.766283536926728673e-19 4.545137720763762622e-20
7.196640548822981145e+03 2.521381953051874267e-19 4.484993809854612616e-20
7.201646476756037373e+03 1.294385163222242291e-19 4.408165032502907897e-20
7.206652404689093601e+03 2.178588202638299218e-19 4.372027410455339295e-20
7.211658332622148919e+03 1.621715523762401757e-19 4.316679847358393824e-20
7.216664260555204237e+03 1.515965895433630666e-19 4.379684676716256476e-20
7.221670188488260465e+03 2.052385059369608469e-19 4.516972621784134852e-20
7.226676116421315783e+03 1.691321338662009744e-19 4.571885800153915556e-20
7.231682044354371101e+03 2.289796330753532613e-19 5.827035811341446130e-20
7.236687972287427328e+03 2.875549384574507554e-19 8.803230358328404571e-20
7.241693900220483556e+03 3.813970045352458148e-19 1.050807768915187663e-19
7.246699828153538874e+03 3.265980301965327942e-19 9.238391366202219038e-20
7.251705756086594192e+03 1.782075240630717695e-19 6.844047281806153845e-20
7.256711684019650420e+03 8.577964234372174591e-20 5.652359393474287903e-20
7.261717611952705738e+03 1.727355242146839747e-19 5.080369995426019108e-20
7.266723539885761056e+03 1.364058866640418045e-19 5.691952514867756245e-20
7.271729467818817284e+03 7.291745921559139661e-20 9.596955816498007062e-20
7.276735395751873511e+03 2.679785322411931269e-20 1.080699771999941361e-19
7.281741323684928830e+03 8.917697178850326226e-20 1.005885517010578589e-19
7.286747251617984148e+03 1.741564393076360677e-19 7.815416325135302370e-20
7.291753179551040375e+03 1.337606540203847117e-19 6.647960732437323440e-20
7.296759107484095694e+03 1.437891611450492367e-19 6.841388204907710964e-20
7.301765035417151012e+03 6.842856266133716436e-20 7.032461230911982977e-20
7.306770963350207239e+03 7.190617221008467857e-20 7.117936361565824204e-20
7.311776891283263467e+03 3.106558744309307277e-19 9.164787110745358869e-20
7.316782819216318785e+03 2.536301492804770291e-19 9.279733762485048529e-20
7.321788747149374103e+03 1.375320522135839587e-19 7.869105577395686228e-20
7.326794675082430331e+03 1.453131400047404402e-19 7.012888914700930126e-20
7.331800603015485649e+03 -6.672148369738666570e-20 7.563466358903207422e-20
7.336806530948540967e+03 2.094813158331218792e-20 9.469683196086869768e-20
7.341812458881597195e+03 1.586406686022287253e-19 9.594539151140838504e-20
7.346818386814653422e+03 3.075261390869878061e-19 7.158122589218138127e-20
7.351824314747707831e+03 1.785137853955656180e-19 6.025493963720569808e-20
7.356830242680764059e+03 1.241431322063941732e-19 6.776876204887102079e-20
7.361836170613820286e+03 2.142030993025129804e-19 7.846133857282220869e-20
7.366842098546875604e+03 9.995835853257653497e-20 8.770742137516671005e-20
7.371848026479930923e+03 3.586237332532366800e-20 8.507939945290973270e-20
7.376853954412987150e+03 -1.795227293667554829e-21 5.682362652606938630e-20
7.381859882346043378e+03 2.129968191445358595e-19 4.932592655955515991e-20
7.386865810279097786e+03 2.966680752879895512e-20 6.030544609832668032e-20
7.391871738212154014e+03 1.503205947155203838e-19 6.514895633855216694e-20
7.396877666145210242e+03 2.517201798648513142e-19 7.968862739358263025e-20
7.401883594078265560e+03 7.849782754532066049e-20 7.852147012986206910e-20
7.406889522011320878e+03 1.141221151886389967e-19 6.758247768721488636e-20
7.411895449944377106e+03 4.580298907561290210e-19 5.249064461377124988e-20
7.416901377877432424e+03 1.304468534453419860e-19 5.277421837035624451e-20
7.421907305810487742e+03 9.099542563398546391e-20 5.572413634502527076e-20
7.426913233743543969e+03 1.107525460409332596e-19 5.998478468727339614e-20
7.431919161676600197e+03 2.117126547451767872e-19 6.712072960066580748e-20
7.436925089609655515e+03 1.353202491316079846e-19 6.612477189254743687e-20
7.441931017542710833e+03 1.696733364206795968e-19 6.049456659535403665e-20
7.446936945475767061e+03 9.750801044620437359e-20 4.732922590214015116e-20
7.451942873408822379e+03 1.492332432987077515e-19 4.581716422984891207e-20
7.456948801341877697e+03 1.834657321439594407e-19 4.869491518709082571e-20
7.461954729274933925e+03 2.258668631359852829e-19 5.442535214732959428e-20
7.466960657207990153e+03 1.183196343680087003e-19 6.157674622586777710e-20
7.471966585141045471e+03 1.722501645268053505e-19 6.479696267568045878e-20
7.476972513074100789e+03 1.442985022486235126e-19 6.902258563337762153e-20
7.481978441007157016e+03 1.862369572205018569e-19 6.539442497367848007e-20
7.486984368940212335e+03 1.403192827556950752e-19 5.810621035362385155e-20
7.491990296873267653e+03 1.459362628094973089e-19 4.984034377300134659e-20
7.496996224806323880e+03 1.862551057831137683e-19 4.825447795299667783e-20
7.502002152739380108e+03 2.000028976064142969e-19 4.507750216244803740e-20
7.507008080672435426e+03 1.894000259861922042e-19 4.470288796265589461e-20
7.512014008605490744e+03 6.878358168284608461e-20 4.803654972049977449e-20
7.517019936538546972e+03 1.786948442391977129e-19 6.701249040773623534e-20
7.522025864471602290e+03 7.436415507727455763e-20 8.525772733572899548e-20
7.527031792404657608e+03 1.857839760946682561e-19 8.908427264495376233e-20
7.532037720337713836e+03 6.788222875714644060e-20 6.667758770957547809e-20
7.537043648270770063e+03 1.055903785255208531e-19 5.808490988805965394e-20
7.542049576203824472e+03 2.478572981616759708e-19 5.563852372858891494e-20
7.547055504136880700e+03 2.470734703121557889e-19 5.450920056226371553e-20
7.552061432069936927e+03 1.471369119093453929e-19 6.021427571346092452e-20
7.557067360002992245e+03 7.459429048052523252e-20 6.136835920221904201e-20
7.562073287936047564e+03 3.007585677664889222e-19 6.149528124024406937e-20
7.567079215869103791e+03 1.478502994746766172e-19 7.723290040738983274e-20
7.572085143802159109e+03 4.603459960110974346e-20 7.895190828407370851e-20
7.577091071735214427e+03 1.182953700692108748e-19 6.593214219662248917e-20
7.582096999668270655e+03 1.335533962343044539e-20 5.745443999381693588e-20
7.587102927601326883e+03 -1.498902281336902935e-20 5.666595002190995863e-20
7.592108855534382201e+03 1.173625842128291353e-19 1.564054680557608701e-19
7.597114783467437519e+03 -5.760128273116710793e-21 3.218491794484464483e-19
7.602120711400493747e+03 1.510120073085798095e-19 1.551527112322526501e-18
7.607126639333549065e+03 2.348701046291470011e-19 5.525843372703080201e-19
7.612132567266604383e+03 1.154969025263825383e-19 1.188864778707244038e-19
7.617138495199660611e+03 1.948974304892666914e-19 1.317061379401010056e-19
7.622144423132716838e+03 -8.134865344010978544e-20 2.147472129884548451e-19
7.627150351065772156e+03 1.344995273405706461e-19 6.410100984856554958e-19
7.632156278998827474e+03 1.815083237712715700e-19 6.519357136546051983e-19
7.637162206931883702e+03 1.273440090652354956e-19 1.212665568253516198e-19
7.642168134864939020e+03 1.295000719448475790e-19 1.453847092025847997e-19
7.647174062797994338e+03 2.734443857388081638e-19 2.753015216036314386e-19
7.652179990731050566e+03 2.191587425839229817e-19 1.508665457154675512e-19
7.657185918664106794e+03 1.779403781712099471e-19 9.937213046157051295e-20
7.662191846597162112e+03 2.503486684889473369e-19 1.380596900532216957e-19
7.667197774530217430e+03 2.440243801018787049e-19 7.610614549692079753e-20
7.672203702463273657e+03 4.219966820221384413e-20 6.893249624401062779e-20
7.677209630396328976e+03 -4.477701110267020914e-20 5.900585932229799932e-20
7.682215558329384294e+03 2.330188272853909007e-19 5.513214381173082742e-20
7.687221486262440521e+03 6.184875424453623178e-20 1.085615873186139560e-19
7.692227414195496749e+03 1.079411344265099941e-19 5.907209204952192818e-20
7.697233342128551158e+03 2.536467313963606239e-19 9.799378350764828413e-20
7.702239270061607385e+03 2.189080698011169388e-19 6.535886287941968232e-20
7.707245197994663613e+03 5.838476900808132925e-20 1.268047805292354973e-19
7.712251125927718931e+03 1.568687503789089515e-19 1.283932093367206008e-19
7.717257053860774249e+03 2.308944743490346591e-19 1.238254569062956588e-19
7.722262981793830477e+03 1.092989885183317472e-19 9.278952842492388396e-20
7.727268909726885795e+03 1.555962237214443548e-19 6.883992032332921626e-20
7.732274837659941113e+03 5.848006254552123141e-20 5.834745390020362104e-20
7.737280765592997341e+03 2.047270224167298963e-19 5.420798434178792981e-20
7.742286693526053568e+03 1.886939677441139100e-19 7.178684962596930729e-20
7.747292621459108886e+03 1.035859014434363924e-20 1.109304544019121457e-19
7.752298549392164205e+03 3.987414263850765596e-19 1.173899299954469922e-19
7.757304477325220432e+03 5.128884835546118093e-19 9.246116669892228280e-20
7.762310405258275750e+03 1.615065607985223520e-19 7.571059247551542745e-20
7.767316333191331069e+03 8.196928023578880074e-20 6.577134848378308538e-20
7.772322261124387296e+03 1.024565008631253769e-19 7.186085519442733232e-20
7.777328189057443524e+03 1.491038001069286451e-19 7.922184574813716874e-20
7.782334116990498842e+03 1.183576093752998647e-19 7.211496200262223160e-20
7.787340044923554160e+03 2.024680007755825369e-19 8.947654288235140672e-20
7.792345972856610388e+03 3.540579010005490816e-19 1.071632793590432686e-19
7.797351900789665706e+03 2.714326208744259764e-20 9.976362591158772764e-20
7.802357828722721024e+03 9.022521921682010414e-20 7.690229423771289183e-20
7.807363756655777252e+03 1.453758362888641557e-19 8.189626513915976436e-20
7.812369684588833479e+03 2.439684524437284555e-19 8.592613190943337540e-20
7.817375612521888797e+03 3.279501357354125700e-19 1.108259558664686265e-19
7.822381540454944115e+03 2.765305762781060606e-20 1.112303341763248803e-19
7.827387468388000343e+03 3.078147749037787015e-19 8.157112740239498742e-20
7.832393396321055661e+03 2.787321917173662344e-19 5.672926628560963647e-20
7.837399324254110979e+03 2.222991306879119859e-19 7.130181972681572203e-20
7.842405252187167207e+03 1.911811793217120933e-19 7.605486951762359000e-20
7.847411180120223435e+03 4.061421091851930337e-19 1.041594332101400013e-19
7.852417108053277843e+03 1.538603693670325819e-19 1.197674967382762765e-19
7.857423035986334071e+03 1.237341059521816408e-19 1.182112169303364781e-19
7.862428963919390299e+03 1.798640104458703665e-19 9.422737501923921613e-20
7.867434891852445617e+03 2.798187456518961331e-19 9.340675824686206433e-20
7.872440819785500935e+03 3.024641866498260886e-19 9.424258536794011086e-20
7.877446747718557162e+03 2.033013880659842419e-19 8.648941288374819023e-20
7.882452675651613390e+03 1.916874766624513058e-19 9.151463599687589006e-20
7.887458603584667799e+03 3.975688896203667663e-19 9.471290117603133125e-20
7.892464531517724026e+03 1.443958532901206394e-19 8.897431761489501718e-20
7.897470459450780254e+03 9.074965233071215102e-20 6.160728770024745529e-20
7.902476387383835572e+03 3.580423502432857834e-19 5.659137306078634991e-20
7.907482315316890890e+03 2.756709669548843427e-19 1.076618209324465633e-19
7.912488243249947118e+03 2.606332548659672829e-19 1.353792884511337904e-19
7.917494171183002436e+03 -3.304363906426084804e-20 1.385297891251669535e-19
7.922500099116057754e+03 9.094769927282134562e-20 1.026376362751661803e-19
7.927506027049113982e+03 -6.607716470737473039e-21 9.465322180656620295e-20
7.932511954982170209e+03 1.833715187058465650e-20 8.571451023339340997e-20
7.937517882915225528e+03 1.697758146964214760e-19 6.755926810573505721e-20
7.942523810848280846e+03 1.836311942045904570e-19 6.826364166114048788e-20
7.947529738781337073e+03 4.671035219582487287e-20 7.517767129555741001e-20
7.952535666714392391e+03 2.904457634481221395e-19 6.881967623426919455e-20
7.957541594647447710e+03 1.724568746298720241e-19 8.150318856405642706e-20
7.962547522580503937e+03 1.882052333125193718e-19 1.080518229834969140e-19
7.967553450513560165e+03 2.837663840600916000e-19 1.043578987174567933e-19
7.972559378446615483e+03 2.800407537042014823e-19 7.802804230160617334e-20
7.977565306379670801e+03 1.837833739473210122e-19 8.261709586005522107e-20
7.982571234312727029e+03 3.694633503747486509e-19 7.966238908018566547e-20
7.987577162245782347e+03 2.501447848376667118e-19 9.929109027863445142e-20
7.992583090178837665e+03 2.569763434756376080e-19 1.136136649320404232e-19
7.997589018111893893e+03 8.642075349465510680e-20 1.010178501290116554e-19
8.002594946044950120e+03 1.677455153391464543e-19 5.624447870994209078e-20
8.007600873978005438e+03 -3.439424235115407966e-21 6.459737030611148594e-20
8.012606801911060757e+03 4.151875214781462861e-21 7.461576572538788661e-20
8.017612729844116984e+03 6.243380282892524330e-20 8.481670663980788990e-20
8.022618657777172302e+03 3.431810554115016381e-20 1.038999241540881001e-19
8.027624585710227620e+03 2.148148279120463753e-19 1.047334825467523163e-19
8.032630513643283848e+03 1.906422989674118814e-19 7.249932307832142712e-20
8.037636441576340076e+03 1.037740446160795953e-19 5.328492476238794291e-20
8.042642369509394484e+03 5.769331643125003561e-20 5.455393212583279119e-20
8.047648297442450712e+03 1.930288738814510064e-19 6.731222600324967529e-20
8.052654225375506940e+03 1.928399522984801990e-19 7.215282456195187096e-20
8.057660153308562258e+03 1.712526255521760779e-19 8.587469923693113422e-20
8.062666081241617576e+03 3.462641731660422050e-19 8.377634484411221354e-20
8.067672009174673803e+03 2.501800640575278409e-20 6.783728347444037050e-20
8.072677937107729122e+03 1.812301212622385561e-19 5.266704848004042653e-20
8.077683865040784440e+03 1.945075526653892469e-19 5.315890731130589065e-20
8.082689792973840667e+03 1.088312793867858142e-19 5.283408344992149016e-20
8.087695720906896895e+03 2.606438093644006534e-19 5.565427243281728066e-20
8.092701648839952213e+03 1.598471381306242350e-19 5.716841908928969889e-20
8.097707576773007531e+03 1.033259773426340154e-19 6.546850950261728705e-20
8.102713504706063759e+03 6.989593670981096800e-20 6.355530817161378685e-20
8.107719432639119077e+03 1.106763759446986036e-19 5.802355370158989143e-20
8.112725360572174395e+03 2.097808945781822162e-19 4.871528037881856015e-20
8.117731288505230623e+03 9.571944299179007425e-20 4.810115377838970725e-20
8.122737216438286850e+03 1.946425906840981731e-19 4.929918239775717123e-20
8.127743144371342169e+03 1.457684905687641028e-19 5.022749526180174810e-20
8.132749072304397487e+03 1.544951620551208079e-19 5.311353269031594924e-20
8.137755000237453714e+03 2.412780745484344704e-19 5.523912207472848499e-20
8.142760928170509032e+03 1.977547267248035895e-19 5.827664877931368377e-20
8.147766856103564351e+03 2.027691731707256748e-19 5.566635697289256748e-20
8.152772784036620578e+03 1.593428673931674078e-19 5.107976488398310160e-20
8.157778711969676806e+03 2.063235947056126632e-19 4.816278376413131333e-20
8.162784639902732124e+03 3.485462409415611827e-19 4.850135036979220426e-20
8.167790567835787442e+03 2.313225116314551597e-19 4.885063462134801147e-20
8.172796495768843670e+03 2.003831562772745363e-19 4.949235304231527452e-20
8.177802423701898988e+03 2.333034123003787025e-19 5.029519164688577729e-20
8.182808351634954306e+03 2.650918699475665734e-19 5.300144690328629066e-20
8.187814279568010534e+03 1.646732243571434413e-19 5.517824463475966435e-20
8.192820207501066761e+03 1.059751285748897754e-19 5.582115409376952981e-20
8.197826135434121170e+03 1.450007390526474447e-19 5.317093680016312305e-20
8.202832063367177398e+03 1.982024065346897490e-19 5.180960133423543607e-20
8.207837991300233625e+03 1.974240322238606293e-19 5.166817068091778244e-20
8.212843919233288034e+03 1.870540935489952880e-19 5.068176074517884159e-20
8.217849847166344261e+03 1.350479186536418931e-19 5.002641006627588270e-20
8.222855775099400489e+03 1.038690724071109173e-19 4.840536100463954479e-20
8.227861703032456717e+03 1.616014896593629400e-19 4.781924224467801833e-20
8.232867630965511125e+03 7.796050590766973536e-20 4.744939228039614291e-20
8.237873558898567353e+03 1.274667927286807852e-19 4.978702983498457089e-20
8.242879486831623581e+03 2.314268660502862215e-19 5.235238844246762297e-20
8.247885414764677989e+03 8.267494311295009767e-20 5.152499233243307042e-20
8.252891342697734217e+03 1.546163166771400047e-19 5.050982451247640252e-20
8.257897270630790445e+03 1.538467601363077491e-19 4.858648730008481571e-20
8.262903198563846672e+03 1.345571131864434634e-19 4.795387676038123239e-20
8.267909126496901081e+03 1.419430144035925718e-19 4.906084186859642426e-20
8.272915054429957308e+03 1.302195801744995632e-20 7.290743302151627537e-20
8.277920982363013536e+03 1.907327811278744040e-19 1.027191600119735161e-19
8.282926910296067945e+03 2.111843690081254335e-19 1.283986453926967925e-19
8.287932838229124172e+03 2.046348348706122142e-19 1.215790538027158410e-19
8.292938766162180400e+03 1.762744858004298518e-19 1.325047782504297077e-19
8.297944694095236628e+03 -1.369621706512199800e-20 1.260616137021570438e-19
8.302950622028291036e+03 1.518594345503328941e-19 1.134567511710145310e-19
8.307956549961347264e+03 2.588793127278402215e-19 8.414364443504876820e-20
8.312962477894403492e+03 4.093531143606839870e-20 8.283299165989580444e-20
8.317968405827457900e+03 7.649632956456441824e-20 6.386930850879298698e-20
8.322974333760514128e+03 2.145442564635632788e-19 5.529150715749567883e-20
8.327980261693570355e+03 9.476063364178954607e-20 5.237610970974844698e-20
8.332986189626626583e+03 1.520528380558342377e-19 5.702671333585686293e-20
8.337992117559680992e+03 1.909649322216049185e-19 1.381441438578289624e-19
8.342998045492737219e+03 4.234202260239581846e-19 1.774096702824314483e-19
8.348003973425793447e+03 2.345064095429484818e-20 1.795082635632702294e-19
8.353009901358847856e+03 2.724532808314105657e-19 1.147478340002249950e-19
8.358015829291904083e+03 -6.239199600486851617e-20 9.552045778009324917e-20
8.363021757224960311e+03 2.475496033867927458e-19 7.791333713984898803e-20
8.368027685158016538e+03 1.582007252663843900e-19 7.029914082926318785e-20
8.373033613091070947e+03 1.812340906343236666e-19 5.941091783993764859e-20
8.378039541024127175e+03 1.596880768244002247e-19 8.640939570119928278e-20
8.383045468957181583e+03 7.679013228991654384e-20 8.753337622223868945e-20
8.388051396890237811e+03 1.561395989224637045e-19 7.030999691499790854e-20
8.393057324823294039e+03 5.496297005358522590e-20 1.142470791748496375e-19
8.398063252756350266e+03 3.715282744239669615e-19 1.367719233623088614e-19
8.403069180689406494e+03 1.726941750994637822e-19 1.250160390420836409e-19
8.408075108622460903e+03 2.332524811144302699e-19 7.787894136191052368e-20
8.413081036555517130e+03 2.898555768209433874e-19 9.627287923419416167e-20
8.418086964488571539e+03 -1.548141555124656790e-20 9.706330222569685301e-20
8.423092892421627766e+03 2.396936826001772675e-19 1.181731137127157356e-19
8.428098820354683994e+03 1.486436486127482207e-19 1.661895557371395114e-19
8.433104748287740222e+03 -2.630455377339657537e-20 1.645056730994781117e-19
8.438110676220796449e+03 1.730548786722711530e-19 7.969284723154268147e-20
8.443116604153850858e+03 3.148734106209760938e-19 6.731387589985996220e-20
8.448122532086907086e+03 5.912426810528050569e-20 1.049287378200430214e-19
8.453128460019961494e+03 9.631537990084752128e-20 1.045923210761471714e-19
8.458134387953017722e+03 2.823885643312867944e-19 1.181716202399439259e-19
8.463140315886073950e+03 2.411290649466695542e-19 1.411791422668761429e-19
8.468146243819130177e+03 2.192296646018042288e-19 1.302620994457286634e-19
8.473152171752186405e+03 1.412664290884331860e-19 6.511561698972375213e-20
8.478158099685240813e+03 6.385549139203209998e-20 5.150268821208213157e-20
8.483164027618297041e+03 1.645405632326874098e-19 5.017523370268071328e-20
8.488169955551351450e+03 -2.983240012757770695e-20 7.255232071233073590e-20
8.493175883484407677e+03 -1.782978325588847270e-19 7.781737993792845997e-20
8.498181811417463905e+03 1.137828190077353489e-19 9.305938783809166565e-20
8.503187739350520133e+03 2.389236329212511659e-19 9.870048170021232306e-20
8.508193667283574541e+03 2.246559531053959125e-19 9.157835314539567232e-20
8.513199595216630769e+03 1.891497769869418208e-19 5.365125652372670435e-20
8.518205523149686996e+03 1.258410040585662435e-19 4.819479950467790206e-20
8.523211451082741405e+03 1.914161292284505231e-19 4.864096495966952797e-20
8.528217379015797633e+03 2.912956268553888822e-20 4.834445177214988798e-20
8.533223306948853860e+03 1.621519087914937459e-19 6.096975085684793058e-20
8.538229234881910088e+03 1.241642966383595018e-19 6.710433566327960900e-20
8.543235162814964497e+03 1.560778752595216100e-19 8.220827910115322003e-20
8.548241090748020724e+03 1.581346919607850978e-19 8.301667769637482843e-20
8.553247018681076952e+03 7.781078111153527038e-20 7.465815047402074664e-20
8.558252946614131361e+03 1.187078095244933478e-19 5.357046257433136112e-20
8.563258874547187588e+03 6.524758516444010851e-20 5.312099941050650861e-20
8.568264802480243816e+03 1.205694219802865068e-19 5.595300782007727427e-20
8.573270730413300043e+03 1.875918687874020262e-19 5.758643139557125558e-20
8.578276658346354452e+03 2.838809233417143710e-19 5.595695180410016893e-20
8.583282586279410680e+03 1.440896705708145324e-19 5.962938109024260830e-20
8.588288514212466907e+03 4.732775698653928238e-20 6.239558251971933595e-20
8.593294442145521316e+03 3.925480956180951101e-20 6.629368277949746019e-20
8.598300370078577544e+03 4.314711755162541439e-20 6.212305628254995867e-20
8.603306298011633771e+03 1.156825319800919664e-19 5.683967837019772235e-20
8.608312225944689999e+03 1.216327857329663056e-19 6.327653675845678071e-20
8.613318153877744408e+03 2.089917281627865950e-19 8.410871783269838544e-20
8.618324081810800635e+03 4.403507921914771480e-19 1.103574013788121969e-19
8.623330009743856863e+03 3.583323487417801757e-19 1.299896886797883655e-19
8.628335937676911271e+03 2.847000567686887624e-19 1.384155269561329032e-19
8.633341865609967499e+03 3.812173531724140737e-19 1.299389374949964468e-19
8.638347793543023727e+03 1.955655988727408658e-19 1.077181634957183336e-19
8.643353721476079954e+03 1.358357930625178760e-19 9.875883515439636125e-20
8.648359649409134363e+03 -1.239999722278420938e-19 1.150869776109108600e-19
8.653365577342190591e+03 -5.863326826534479291e-21 1.360957529375941704e-19
8.658371505275246818e+03 3.673569506261779406e-19 1.401259123696985596e-19
8.663377433208301227e+03 2.678759012107431044e-19 1.360778873723130231e-19
8.668383361141357454e+03 5.313331761264202958e-20 1.248990952832946899e-19
8.673389289074413682e+03 2.718042710196376095e-19 1.121359931176428940e-19
8.678395217007469910e+03 2.563820465969424351e-19 9.801721950003239933e-20
8.683401144940524318e+03 4.053896339615383752e-20 8.567979938676027469e-20
8.688407072873580546e+03 2.641267448992177730e-19 7.622197688944107476e-20
8.693413000806636774e+03 -2.308051136974083989e-20 7.119883085008380036e-20
8.698418928739691182e+03 4.537996688929181910e-20 7.017747158382217238e-20
8.703424856672747410e+03 1.059646062658961396e-19 6.998170089541896246e-20
8.708430784605803638e+03 1.190857275751569062e-19 6.381657813981203342e-20
8.713436712538859865e+03 1.327554969878539815e-19 5.808907426720249566e-20
8.718442640471914274e+03 1.765325268742074497e-19 5.516283326790253509e-20
8.723448568404970501e+03 1.637363042289006679e-19 5.571822876228938726e-20
8.728454496338024910e+03 2.349833324644639225e-19 5.512708833801125091e-20
8.733460424271081138e+03 9.698056429450323135e-20 5.528518565691599374e-20
8.738466352204137365e+03 1.145002130623464437e-19 5.591957444676506863e-20
8.743472280137193593e+03 -5.288958640453268073e-21 5.514977187778274913e-20
8.748478208070249821e+03 1.250533889764543471e-19 5.691602899324531411e-20
8.753484136003304229e+03 1.370604796599208896e-19 1.031335037199760662e-19
8.758490063936360457e+03 1.546766938181445087e-19 1.483661136434403388e-19
8.763495991869414866e+03 -6.863087216654995223e-21 1.803179286742970619e-19
8.768501919802471093e+03 3.622377230873259823e-19 1.627831742555122627e-19
8.773507847735527321e+03 1.709922418963987131e-19 1.693288670918013493e-19
8.778513775668583548e+03 2.692738250315001864e-19 1.555902532263950795e-19
8.783519703601639776e+03 2.465291180259851134e-19 1.220963350945593473e-19
8.788525631534694185e+03 4.239446892565827762e-20 9.797308121071973468e-20
8.793531559467750412e+03 1.516156646027481916e-19 9.715094399796037548e-20
8.798537487400804821e+03 2.147416260505187819e-19 6.670787424386789767e-20
8.803543415333861049e+03 1.151201463463811337e-19 6.040548218294174749e-20
8.808549343266917276e+03 1.316268216809156945e-19 6.511683248877306755e-20
8.813555271199973504e+03 1.349565722222196413e-19 6.589622008052252834e-20
8.818561199133029731e+03 2.887275788515464275e-19 1.368101402668377936e-19
8.823567127066084140e+03 -2.388418487978698175e-19 2.529515399478570757e-19
8.828573054999140368e+03 -5.852487113960700751e-20 2.743315603200555973e-19
8.833578982932194776e+03 2.369456917512482676e-19 2.008251318551961481e-19
8.838584910865251004e+03 5.714811014414040688e-19 1.497985364110224048e-19
8.843590838798307232e+03 3.475771592763977098e-19 1.027062278077321623e-19
8.848596766731363459e+03 5.964069840668815371e-20 9.578576766896629691e-20
8.853602694664417868e+03 8.316248579651760108e-20 8.504616395867638040e-20
8.858608622597474096e+03 1.500212939741322986e-19 7.815714725276175856e-20
8.863614550530530323e+03 2.155955309023529117e-19 1.182406393792178695e-19
8.868620478463584732e+03 2.410234664182042596e-19 1.184045510135585886e-19
8.873626406396640959e+03 2.204746513095202954e-19 8.470662487438143491e-20
8.878632334329697187e+03 7.408595602653697431e-20 1.306928206148707202e-19
8.883638262262753415e+03 3.048417831860640203e-19 1.911033612452575545e-19
8.888644190195807823e+03 8.812016160806620871e-19 1.862054985750126249e-19
8.893650118128864051e+03 2.341857532905655158e-19 9.861646489962789218e-20
8.898656046061920279e+03 9.258292828362246917e-20 1.284295960771832431e-19
8.903661973994974687e+03 1.360193132929556769e-20 2.611425263288254699e-19
8.908667901928030915e+03 1.524170723798267735e-19 2.376910666751416027e-19
8.913673829861087142e+03 1.357421372427591715e-19 1.799692225134840774e-19
8.918679757794143370e+03 5.887507220756657183e-19 2.509096474910335507e-19
8.923685685727199598e+03 6.603278452947539319e-19 1.865417387582713350e-19
8.928691613660254006e+03 2.808892375177813216e-19 8.145899115554714513e-20
8.933697541593308415e+03 1.323445996521405848e-19 7.983546134352382728e-20
8.938703469526364643e+03 -5.695292394929211071e-20 1.321847746372333245e-19
8.943709397459420870e+03 1.321898017983019793e-19 1.953762649303589039e-19
8.948715325392477098e+03 8.585597916124539581e-21 1.689064663957183850e-19
8.953721253325533326e+03 7.272886470462888473e-20 2.569132782542673681e-19
8.958727181258589553e+03 1.539824522898926102e-19 3.457462043949351610e-19
8.963733109191643962e+03 1.216834023332683706e-19 1.480336282679793721e-19
8.968739037124698370e+03 2.346138812186411712e-19 9.976202287741421571e-20
8.973744965057754598e+03 2.731795563010597276e-19 9.361636846715119811e-20
8.978750892990810826e+03 7.577205748137124765e-20 1.277570663872528706e-19
8.983756820923867053e+03 3.484897106268636470e-19 2.979541875307107332e-19
8.988762748856923281e+03 1.015668752785619652e-19 1.344062823410588607e-19
8.993768676789977690e+03 2.526149240273444530e-19 2.891251361515160771e-19
8.998774604723033917e+03 1.489155398139141999e-19 2.298835904352886105e-19
9.003780532656088326e+03 -4.854409438478577468e-20 1.462909727012153137e-19
9.008786460589144554e+03 3.651340167533180149e-20 8.287564706831913899e-20
9.013792388522200781e+03 1.097268975566970123e-19 6.091284835472810100e-20
9.018798316455257009e+03 1.088313439701015917e-19 6.381456118358747779e-20
9.023804244388313236e+03 1.704195283845967080e-19 1.219625541756529190e-19
9.028810172321367645e+03 5.976789999779450222e-20 8.172865334773360586e-20
9.033816100254423873e+03 -6.091039485428584376e-22 1.963694937940361054e-19
9.038822028187478281e+03 2.627322809263387011e-19 1.465603307068942120e-19
9.043827956120534509e+03 5.022172449347083040e-19 1.768368441816581647e-19
9.048833884053590737e+03 1.291507445050149690e-19 1.598717494082611872e-19
9.053839811986646964e+03 9.576727431611992364e-20 1.336805070050341816e-19
9.058845739919703192e+03 1.473857964608609112e-19 9.630931600824037802e-20
9.063851667852757600e+03 2.508701801097212895e-19 1.305205872432370245e-19
9.068857595785813828e+03 1.748893189120742507e-19 1.034456042754515949e-19
9.073863523718868237e+03 1.020630371561591780e-19 1.289631655405225169e-19
9.078869451651924464e+03 6.008316172397468402e-20 6.618509666984479293e-20
9.083875379584980692e+03 1.541780293459930157e-19 7.715637868044980325e-20
9.088881307518036920e+03 2.876648803958002865e-19 8.558442045683311832e-20
9.093887235451093147e+03 -7.910616619608937330e-21 1.040199059637225928e-19
9.098893163384147556e+03 2.583176112882507795e-19 1.007836844937274123e-19
9.103899091317203784e+03 2.200402599502571410e-19 9.124318920277157456e-20
9.108905019250258192e+03 1.083947374103594034e-19 8.134301153080217145e-20
9.113910947183314420e+03 2.092104130686856456e-19 6.125535180215882082e-20
9.118916875116370647e+03 1.046726275910998167e-19 5.730403777336006467e-20
9.123922803049426875e+03 7.285359044291267764e-20 5.860303664545428893e-20
9.128928730982483103e+03 1.163709724293573584e-19 6.205384331112455197e-20
9.133934658915537511e+03 1.322034058692487832e-19 6.342157084256624791e-20
9.138940586848593739e+03 1.184046543178358408e-19 6.077459221297083944e-20
9.143946514781648148e+03 1.631803498703912877e-19 6.488730663162882533e-20
9.148952442714704375e+03 2.743137374762634256e-19 9.699162775068889806e-20
9.153958370647760603e+03 3.294480689133630272e-19 1.487612918544787922e-19
9.158964298580816831e+03 2.256002551363134620e-19 1.982843960582050231e-19
9.163970226513873058e+03 9.957693703066726754e-20 9.574953227113241495e-20
9.168976154446927467e+03 1.141952559624327525e-19 7.734436957109364571e-20
9.173982082379983694e+03 2.725874898007791602e-20 8.216580533248798690e-20
9.178988010313038103e+03 4.366215489216019527e-20 6.164384900179490160e-20
9.183993938246094331e+03 9.232702609803292002e-20 8.597390847271435822e-20
9.188999866179150558e+03 2.580936658657118284e-19 7.151078381219381006e-20
9.194005794112206786e+03 3.448629794514986494e-19 8.886545393393285450e-20
9.199011722045263014e+03 1.009473950659263291e-19 7.178747910590991440e-20
9.204017649978317422e+03 3.230725839559430591e-19 8.879084507136177217e-20
9.209023577911373650e+03 1.733391280493919653e-19 9.494832227889988334e-20
9.214029505844428058e+03 2.320260022657193734e-19 8.700220755096851411e-20
9.219035433777484286e+03 1.336326478779450967e-19 9.276742318462097772e-20
9.224041361710540514e+03 -7.275196892936447731e-20 8.664440216217420958e-20
9.229047289643596741e+03 1.677487072355541602e-19 7.882236980102667098e-20
9.234053217576652969e+03 1.750631764848026196e-19 6.398021263629787721e-20
9.239059145509707378e+03 1.120413655322061629e-19 7.011220882174037450e-20
9.244065073442761786e+03 4.489573951987812401e-20 7.154489497686265350e-20
9.249071001375818014e+03 7.827561858618621744e-20 7.810112380412037608e-20
9.254076929308874242e+03 2.608710503603252291e-19 9.771873841261952291e-20
9.259082857241930469e+03 -2.290407694944576792e-20 7.424600197281294136e-20
9.264088785174986697e+03 1.746076252090082525e-19 6.532091090818446703e-20
9.269094713108042924e+03 2.680735538482333066e-19 6.859424902262174606e-20
9.274100641041097333e+03 1.906727563255091562e-19 5.863666834134171865e-20
9.279106568974151742e+03 1.317926206966373320e-19 6.572794851127860719e-20
9.284112496907207969e+03 8.698429245984498555e-21 1.343783368813888083e-19
9.289118424840264197e+03 3.008687249213779628e-19 2.052440009408616931e-19
9.294124352773320425e+03 2.351595788178372890e-19 1.520139109536272176e-19
9.299130280706376652e+03 2.411672441379646643e-19 2.039770183611692354e-19
9.304136208639432880e+03 4.467134573883605368e-19 2.155912485508893295e-19
9.309142136572487289e+03 5.057373686264964287e-19 1.357155963875005487e-18
9.314148064505541697e+03 4.884649037290803672e-19 1.194528604031369907e-18
9.319153992438597925e+03 -7.453656065751864520e-20 3.175373275776410287e-19
9.324159920371654152e+03 5.439808591614403044e-19 4.494187063895096460e-19
9.329165848304710380e+03 5.320495738792674377e-19 2.766791313584110769e-19
9.334171776237766608e+03 1.313338501929905745e-19 3.107532341009248079e-19
9.339177704170821016e+03 6.636427652392668751e-19 1.117320241584927551e-18
9.344183632103877244e+03 -2.517414504905960573e-19 6.830036867668956107e-19
9.349189560036931653e+03 4.204178504994718501e-19 3.196354480382364496e-19
9.354195487969987880e+03 -7.746659916374433921e-20 4.003100480250027966e-19
9.359201415903044108e+03 5.009893050040977796e-19 2.816528604786187032e-19
9.364207343836100335e+03 -4.729376300940894246e-20 2.485733113706405065e-19
9.369213271769156563e+03 1.165357327917523837e-18 3.984533957353967829e-18
9.374219199702210972e+03 1.178722236808293210e-18 1.455474205028636709e-18
9.379225127635267199e+03 5.915352556022511612e-19 1.376181910113892778e-18
9.384231055568321608e+03 1.537277753217318817e-19 9.399187079734774491e-19
9.389236983501377836e+03 6.492499302488137321e-19 3.904808782507729719e-19
9.394242911434434063e+03 2.768328626271437053e-19 2.307312444767305821e-19
9.399248839367490291e+03 1.757315706277676200e-19 2.049775874948255314e-19
9.404254767300546519e+03 1.915219696206611342e-19 2.263793255795052391e-19
9.409260695233600927e+03 7.333457785885448629e-20 1.575821616367579288e-19
9.414266623166657155e+03 2.243162232199901958e-19 3.826605795461083689e-19
9.419272551099711563e+03 -6.923149436438302909e-20 4.155516302189754839e-19
9.424278479032767791e+03 -7.016740106869163340e-20 2.348076259245151087e-19
9.429284406965824019e+03 1.774336797640866060e-19 1.458210413562428875e-19
9.434290334898880246e+03 6.790190820197480964e-19 3.774979111993239847e-19
9.439296262831936474e+03 2.471935896091431717e-19 3.188418392719917605e-19
9.444302190764990883e+03 7.994080382849821440e-19 5.704257178809956374e-19
9.449308118698047110e+03 7.809955399395436507e-19 1.165679519333000815e-18
9.454314046631101519e+03 1.221668843311480160e-19 6.372241766924247583e-19
9.459319974564157746e+03 -5.854767410385337338e-20 8.200212918207280700e-19
9.464325902497213974e+03 5.070721989092999733e-19 3.801179448807729207e-19
9.469331830430270202e+03 5.935355327420615477e-19 1.657734579592113480e-18
9.474337758363326429e+03 4.476738039672355692e-19 1.249085523330600862e-18
9.479343686296380838e+03 6.497866855610530807e-20 1.696774613251598693e-18
9.484349614229437066e+03 7.208089436921831448e-19 2.027844075090427151e-18
9.489355542162491474e+03 3.768089378551311385e-19 1.576812323749306844e-19
9.494361470095547702e+03 3.118628039947709219e-19 1.578005642495897571e-19
9.499367398028603930e+03 -9.972091142839518796e-20 3.836881772317973392e-19
9.504373325961660157e+03 1.600624435615896936e-20 4.831196316527482861e-19
9.509379253894716385e+03 -1.089655317283782069e-19 5.567925752536604962e-19
9.514385181827770793e+03 3.756109056843725460e-19 2.998689323041240124e-19
9.519391109760827021e+03 1.804848863986542112e-19 5.414766224155480176e-19
9.524397037693881430e+03 6.693411179334356497e-19 1.329997460630429658e-18
9.529402965626937657e+03 2.573761356538174039e-19 1.696907842215929029e-19
9.534408893559993885e+03 1.631521659826429485e-19 1.312330868144088728e-19
9.539414821493050113e+03 7.209013300473669780e-20 1.547838753416348498e-19
9.544420749426106340e+03 2.416730593248542495e-19 1.741717260856707307e-19
9.549426677359160749e+03 9.416484054718412847e-21 3.750485205626119055e-19
9.554432605292216977e+03 8.746317252285739859e-20 6.962891469272864573e-19
9.559438533225271385e+03 -2.445499641936729713e-19 4.564358388684435082e-19
9.564444461158327613e+03 7.882187406902029618e-20 3.877369845398602204e-19
9.569450389091383840e+03 2.887268437219261466e-19 3.579986694317669001e-19
9.574456317024440068e+03 3.074616252239291801e-19 1.541107344852643239e-19
9.579462244957496296e+03 2.418361167149364119e-19 1.741112486636104510e-19
9.584468172890550704e+03 1.258886147968196863e-19 1.918225915412565676e-19
9.589474100823605113e+03 -1.052586615425881621e-19 1.904500201747563375e-19
9.594480028756661341e+03 7.479355925267948645e-20 3.434343285241182723e-19
9.599485956689717568e+03 1.684691665052458823e-19 2.945862760979869943e-19
9.604491884622773796e+03 -8.336213840467682474e-21 3.126475303832857167e-19
9.609497812555830023e+03 -8.038688375389899531e-20 2.867659647653719800e-19
9.614503740488886251e+03 3.908490409458169859e-19 2.141305941119994977e-19
9.619509668421940660e+03 2.077000754202088875e-19 3.002113678633429776e-19
9.624515596354995068e+03 5.258799595147375274e-19 3.402200699035545026e-19
9.629521524288051296e+03 1.064227078588394667e-19 1.614765528838483503e-19
9.634527452221107524e+03 2.623628665543788021e-19 1.901443202524557850e-19
9.639533380154163751e+03 2.336111178847186629e-19 1.472751051078251841e-19
9.644539308087219979e+03 2.273870807690525168e-19 1.520359981076871525e-19
9.649545236020274388e+03 1.561148607259908153e-19 1.801030764891649130e-19
9.654551163953330615e+03 2.399921028498664363e-19 2.753858437741559484e-19
9.659557091886385024e+03 3.849536821369178706e-19 2.808352361618734621e-19
9.664563019819441251e+03 4.420060973531433682e-19 2.934051610197869418e-19
9.669568947752497479e+03 4.164631685855290886e-19 3.467012038561840867e-19
9.674574875685553707e+03 -2.982140366676502424e-19 8.119359256723610340e-19
9.679580803618609934e+03 -2.172365095895723077e-19 5.844193421529450212e-19
9.684586731551664343e+03 -9.530650979265386272e-20 5.128455782210337011e-19
9.689592659484720571e+03 1.062089933411406576e-19 3.892516375872015809e-19
9.694598587417774979e+03 -1.229821008642806782e-19 1.263454359015942594e-18
9.699604515350831207e+03 -7.642628072014592738e-20 4.086734953075167324e-19
9.704610443283887435e+03 7.845508548515279058e-20 2.681858071701079867e-19
9.709616371216943662e+03 5.103356470732188650e-20 2.226636251600026663e-19
9.714622299149999890e+03 4.306892125234623883e-20 2.934533804459749313e-19
9.719628227083054298e+03 9.889619446773352858e-19 8.097229573871704065e-19
9.724634155016110526e+03 -5.782348276801551306e-20 8.841394868871555138e-18
9.729640082949164935e+03 8.457498519766724810e-19 4.028214843283609288e-19
9.734646010882221162e+03 9.825536144196504318e-20 5.744968382667930498e-19
9.739651938815277390e+03 -1.735627455105007822e-20 3.270378055262443637e-19
9.744657866748333618e+03 3.968517503975407755e-19 9.692434826443617039e-19
9.749663794681389845e+03 5.441303683613224268e-19 7.134104709658139253e-19
9.754669722614444254e+03 1.930698454867676284e-19 1.447304083896852482e-19
9.759675650547500481e+03 2.447170579922982143e-19 3.787287793984873284e-19
9.764681578480554890e+03 -7.845364754782723543e-20 1.793589095612482890e-19
9.769687506413611118e+03 1.805087109736778178e-19 1.594614745091767147e-19
9.774693434346667345e+03 4.292444331967388567e-21 1.894216739769278433e-19
9.779699362279723573e+03 5.688958250838365143e-20 2.610161407680804075e-19
9.784705290212779801e+03 9.644326481579046687e-20 3.204278112298153011e-19
9.789711218145834209e+03 3.199620338526300756e-20 4.965235766101419760e-19
9.794717146078890437e+03 -6.066567046814947071e-20 3.135212550196395128e-18
9.799723074011944846e+03 1.383195424192309368e-19 4.604025893078666449e-18
9.804729001945001073e+03 2.171938250653380673e-19 5.483410457419064345e-19
9.809734929878057301e+03 3.488037888192257413e-19 4.251629412071685256e-19
9.814740857811113528e+03 -2.814480984624530844e-19 2.988476331534899750e-18
9.819746785744169756e+03 4.225512128613049125e-19 1.646539612230420190e-18
9.824752713677224165e+03 6.199437544473992115e-20 3.243975869335753141e-19
9.829758641610280392e+03 2.180566124161660556e-19 3.632948086469388648e-19
9.834764569543334801e+03 3.158169855174814334e-19 2.171642741844522242e-19
9.839770497476391029e+03 -1.123089187091595577e-19 3.397631563747006348e-19
9.844776425409447256e+03 4.439619800356571898e-20 1.141246492210932029e-18
9.849782353342503484e+03 2.680122418903589773e-19 1.984441917448735293e-18
9.854788281275559712e+03 2.606133416418443124e-19 7.002391513486000024e-19
9.859794209208614120e+03 6.352776796320363276e-20 1.852371268291439610e-19
9.864800137141670348e+03 -1.445406611051107367e-19 2.316655824570712740e-19
9.869806065074724756e+03 2.426647828176210509e-19 3.092575549111065512e-19
9.874811993007780984e+03 -2.832967956813209974e-20 6.867439910820220942e-19
9.879817920940837212e+03 4.662615218598519230e-19 2.301373048940254200e-18
9.884823848873893439e+03 2.325077806495736410e-19 9.147731749290970590e-19
9.889829776806949667e+03 9.310602573351325371e-20 2.726258936171104587e-19
9.894835704740004076e+03 3.656135198197443449e-19 2.528925291302503449e-19
9.899841632673058484e+03 4.424504789414193312e-19 2.478455764467298757e-19
9.904847560606114712e+03 2.016495613530222906e-19 2.753788076355660586e-19
9.909853488539170939e+03 1.140502422210401629e-19 1.383529836138185807e-18
9.914859416472227167e+03 4.383932885795677010e-19 1.599318026366535904e-18
9.919865344405283395e+03 -4.255382421785572152e-20 1.699816269460896316e-18
9.924871272338339622e+03 6.577671003465201877e-19 5.119578774055042256e-19
9.929877200271394031e+03 3.149395545350731322e-19 2.182966504780753177e-19
9.934883128204448440e+03 -1.555991837016242702e-19 7.513347396924455514e-19
9.939889056137504667e+03 -3.664668690856698497e-19 6.492338503895741239e-19
9.944894984070560895e+03 -5.737853349135653850e-19 4.030037213900423864e-19
9.949900912003617123e+03 2.673475230694762230e-19 7.869590197379805848e-19
9.954906839936673350e+03 4.888219731076343831e-19 5.486936231275841838e-19
9.959912767869729578e+03 6.846832279671378321e-20 5.170383751332156964e-18
9.964918695802783986e+03 -1.059520913139119807e-19 1.170424672002307259e-17
9.969924623735838395e+03 9.874484604206280306e-19 1.169309355761561515e-18
9.974930551668894623e+03 1.096707968985237049e-19 2.577141063871029975e-19
9.979936479601950850e+03 4.068247694369768589e-19 5.280141044356439546e-19
9.984942407535007078e+03 1.379211871250756429e-19 3.112080030342035120e-19
9.989948335468063306e+03 1.041026798861130834e-19 2.571049254826747008e-18
9.994954263401117714e+03 8.517906956757305270e-19 8.659524926602614680e-19
9.999960191334173942e+03 2.405423006456210081e-19 1.016416786409202688e-18
1.000496611926722835e+04 -5.891221130360525926e-19 1.368881657934464977e-18
1.000997204720028458e+04 4.088139943542105121e-19 8.528465281085983150e-18
1.001497797513334081e+04 6.046736062045356670e-19 2.202257910058915515e-18
1.001998390306639703e+04 8.277470876552120256e-19 6.368781838224652508e-18
1.002498983099945326e+04 -1.061208086989850171e-19 4.626260398068016496e-17
1.002999575893250767e+04 -2.378813682572875289e-19 3.111627364802285986e-17
1.003500168686556390e+04 8.806867358703724277e-20 3.023019276130590272e-19
1.004000761479861831e+04 -1.351508858720806256e-19 7.528782497507722258e-19
1.004501354273167453e+04 2.648274872723404758e-19 7.131311910880913343e-19
1.005001947066473076e+04 -3.039742934088388653e-19 7.183957885946745852e-19
1.005502539859778699e+04 2.553717136364958492e-19 6.924440664198309946e-19
1.006003132653084322e+04 8.188169375931497596e-19 6.831141947415883199e-19
1.006503725446389763e+04 -8.021348603887569009e-20 7.794690302162279465e-19
1.007004318239695385e+04 -1.136524907238340643e-19 5.075070073857373297e-19
1.007504911033000826e+04 -7.043499589688908840e-20 5.319037645208941694e-19
1.008005503826306449e+04 6.338176635722886286e-19 6.678530774240845076e-19
1.008506096619612072e+04 -1.283802527682859507e-19 4.952550479033742137e-19
1.009006689412917694e+04 6.267393031518064264e-19 8.476135142677505544e-19
1.009507282206223317e+04 2.138451651559726648e-19 8.313124647521035104e-17
1.010007874999528758e+04 3.725462387820290106e-19 2.157890653442166434e-16
1.010508467792834381e+04 -1.464109327651496227e-19 1.488081137859758729e-18
1.011009060586139822e+04 6.867977710605319895e-19 1.010494859129451267e-18
1.011509653379445444e+04 -1.269588615416652509e-19 3.325428604584753291e-18
1.012010246172751067e+04 -6.928846474085701770e-20 8.053540355988747689e-18
1.012510838966056690e+04 1.602902312366054593e-19 3.165225514634273622e-18
1.013011431759362313e+04 2.731208358872984109e-19 1.024728593306756930e-18
1.013512024552667754e+04 -1.900008621246397714e-19 5.722627196566393405e-18
1.014012617345973376e+04 4.450110864048913314e-19 2.008818805429652921e-18
1.014513210139278817e+04 -3.585543252715118288e-20 6.078071372136503237e-19
1.015013802932584440e+04 -6.492495225158478733e-20 6.863522871867673622e-19
1.015514395725890063e+04 -2.307266801950227586e-19 1.061101673219069923e-18
1.016014988519195686e+04 -7.256329631371465129e-21 2.964021847008648292e-18
1.016515581312501308e+04 -1.017517487367912480e-19 3.556264254223410510e-18
1.017016174105806749e+04 4.345726264414690661e-19 1.305482309262512508e-18
1.017516766899112372e+04 8.882860740734893120e-20 3.254018074173718060e-18
1.018017359692417813e+04 7.172309748840636412e-19 2.535867002193995331e-17
1.018517952485723436e+04 3.520852664653229890e-19 8.475022057671791933e-18
1.019018545279029058e+04 1.153727917868707004e-18 1.028287596092143617e-18
1.019519138072334681e+04 5.984181171390417798e-20 2.523217347196070439e-18
1.020019730865640304e+04 1.998806144372295838e-20 9.378724393586719512e-19
1.020520323658945745e+04 -1.163357926242785864e-19 7.880930231632607623e-19
1.021020916452251367e+04 -5.161867008933407132e-20 3.694616495731714098e-19
1.021521509245556808e+04 -2.377893751073207460e-19 3.390304822291156703e-18
1.022022102038862431e+04 3.566687669236294346e-19 6.066191778980777804e-19
1.022522694832168054e+04 7.319426935134991900e-19 8.446830963864060221e-19
1.023023287625473677e+04 -2.735455471327805837e-19 5.765815449668888442e-18
1.023523880418779299e+04 -3.294766102269233074e-19 2.154199249933240378e-18
1.024024473212084740e+04 6.066512211332900096e-20 8.417632394899239721e-18
1.024525066005390181e+04 -3.341864800672910769e-19 1.144224942397071028e-18
1.025025658798695804e+04 1.060313677794872904e-18 3.786469811654308023e-18
1.025526251592001427e+04 7.268162855362766451e-19 4.084253518085690388e-18
1.026026844385307049e+04 3.550059622658725791e-19 8.747754323981396539e-19
1.026527437178612672e+04 8.009244373957319068e-19 2.178920974377130281e-17
1.027028029971918295e+04 1.008376127543151653e-18 9.558602400509707403e-18
1.027528622765223736e+04 8.524514996912226597e-19 9.032664038582071710e-18
1.028029215558529177e+04 -9.080049069212261783e-20 5.762158584723720816e-18
1.028529808351834799e+04 -1.563291920013301133e-19 2.495706946442005796e-18
1.029030401145140422e+04 3.904028210965934019e-19 1.152247884201479144e-18
1.029530993938446045e+04 9.586965004083827617e-21 4.165531611576893897e-18
