#  wl flam flam_err
4.803806996822357178e+03 2.819342773557038712e-19 6.788916406616510896e-19
4.808812924755412496e+03 4.558117451050027743e-19 6.638411945349220224e-19
4.813818852688468723e+03 7.875811026362519211e-19 6.501181808377848983e-19
4.818824780621524042e+03 2.624884310439769996e-19 6.230049117905190583e-19
4.823830708554580269e+03 8.981841783697393686e-19 5.972122397675943693e-19
4.828836636487635587e+03 6.977343492515665969e-19 5.824859402568781105e-19
4.833842564420691815e+03 1.057711167142879072e-18 5.766610997911490583e-19
4.838848492353747133e+03 5.085470197034586622e-19 5.711150006697288336e-19
4.843854420286802451e+03 1.691797087765093491e-19 5.639227859778709928e-19
4.848860348219858679e+03 -1.879376955753661866e-19 5.520089151785997289e-19
4.853866276152913997e+03 6.790292779675102326e-20 5.482421086458751109e-19
4.858872204085970225e+03 4.575276012807291224e-19 4.996787166357025184e-19
4.863878132019025543e+03 4.592964050517009351e-19 4.638745027699894658e-19
4.868884059952080861e+03 -7.550172752527132536e-21 4.553612403642714119e-19
4.873889987885137089e+03 5.013278948602190054e-19 4.443673993018205119e-19
4.878895915818192407e+03 4.877000610466918016e-19 4.304237300725978632e-19
4.883901843751248634e+03 2.735288645808259767e-19 4.183723654837838723e-19
4.888907771684303952e+03 3.781951350817117115e-19 4.087792205382539068e-19
4.893913699617360180e+03 1.317702472597293870e-19 3.965353862338841104e-19
4.898919627550415498e+03 8.206802949703092658e-19 3.896757358679426261e-19
4.903925555483470816e+03 4.860854154452703848e-19 3.772168169127942365e-19
4.908931483416527044e+03 5.209180966255461370e-19 3.635924102830493409e-19
4.913937411349582362e+03 1.650826263821845508e-19 3.496349786138496154e-19
4.918943339282638590e+03 -9.494698009995492476e-20 3.380909865555319140e-19
4.923949267215693908e+03 -2.008199637172630440e-20 3.295740606394304963e-19
4.928955195148750136e+03 -2.986401828648143483e-19 3.247439224639133158e-19
4.933961123081805454e+03 9.533415219819693213e-20 3.218152910103025914e-19
4.938967051014860772e+03 5.432479888664848882e-20 3.200344945713673908e-19
4.943972978947916999e+03 -5.047338965865127096e-20 3.149229770750617185e-19
4.948978906880972318e+03 -1.327840889873139189e-20 3.111038890958496396e-19
4.953984834814028545e+03 2.885497697252351246e-20 3.098205195708028076e-19
4.958990762747083863e+03 2.190631368225526508e-19 3.049244074943859849e-19
4.963996690680139181e+03 1.061127456246629696e-19 3.052344264618802147e-19
4.969002618613195409e+03 -2.321228467987073512e-19 3.038955578995030487e-19
4.974008546546250727e+03 -6.758625444706644634e-21 3.037113638115899250e-19
4.979014474479306955e+03 1.983038044202828487e-19 2.963359994944709920e-19
4.984020402412362273e+03 2.454460528095182476e-19 2.927408969629767806e-19
4.989026330345418501e+03 2.060399250701021418e-19 2.960126470637717066e-19
4.994032258278473819e+03 2.326823618585900283e-19 2.974941363171109576e-19
4.999038186211529137e+03 5.474869387615946590e-19 2.868823525582927854e-19
5.004044114144585365e+03 6.660147495262076387e-19 2.743190015366506552e-19
5.009050042077640683e+03 6.514639325885946080e-19 2.632212223889100714e-19
5.014055970010696910e+03 4.482862064335023526e-19 2.536475826245290856e-19
5.019061897943752228e+03 3.059005986181083078e-19 2.460831530979568235e-19
5.024067825876807547e+03 5.689372579853358291e-19 2.395849969138585747e-19
5.029073753809863774e+03 4.432604830902741399e-19 2.344681375543463702e-19
5.034079681742919092e+03 3.502725243857862020e-19 2.305377399360982467e-19
5.039085609675975320e+03 3.723238692247384612e-19 2.253903755941262767e-19
5.044091537609030638e+03 4.223536896877936708e-19 2.222330775570520375e-19
5.049097465542086866e+03 3.079114191370387679e-19 2.197456186895118048e-19
5.054103393475142184e+03 3.569950135030118406e-19 2.183455438299748636e-19
5.059109321408197502e+03 3.647354858628195050e-19 2.162298782373867475e-19
5.064115249341253730e+03 6.700399286879589144e-19 2.140671373107789007e-19
5.069121177274309048e+03 7.017972306880878943e-19 2.099773581948805935e-19
5.074127105207365275e+03 5.121907573222892049e-19 2.052430872789102723e-19
5.079133033140420594e+03 4.400672375045581192e-19 2.024742668610940278e-19
5.084138961073476821e+03 3.293310977295346852e-19 2.041647748784701300e-19
5.089144889006532139e+03 2.087449287588256912e-20 2.043845411441104665e-19
5.094150816939587457e+03 3.858595675847173687e-19 2.048706252536915628e-19
5.099156744872643685e+03 3.838811456811144844e-19 2.047438745962979895e-19
5.104162672805699003e+03 3.257217169180448131e-19 2.052485722193468802e-19
5.109168600738755231e+03 1.862286951318678096e-19 2.070441598478210388e-19
5.114174528671810549e+03 4.866518748742765223e-19 2.084337210147785549e-19
5.119180456604865867e+03 3.948302502508219212e-19 2.099374867691207770e-19
5.124186384537922095e+03 5.052160164656120122e-19 2.071335976036265527e-19
5.129192312470977413e+03 4.873377015411062679e-19 1.999833010549281282e-19
5.134198240404033641e+03 1.716123353040359295e-19 1.937511895749147353e-19
5.139204168337088959e+03 7.398737475458574942e-19 1.880575075079694912e-19
5.144210096270145186e+03 7.768104030512689408e-19 1.842812229729979521e-19
5.149216024203200504e+03 5.508206377713465674e-19 1.789660830766884658e-19
5.154221952136255823e+03 4.541484481091800977e-19 1.735033531551623994e-19
5.159227880069312050e+03 2.074439853071357703e-19 1.694775732723873203e-19
5.164233808002367368e+03 2.443412612875426127e-19 1.644604882027745017e-19
5.169239735935423596e+03 4.085208555565774644e-19 1.568683550882377091e-19
5.174245663868478914e+03 4.518035230578503632e-19 1.539486739675436419e-19
5.179251591801534232e+03 4.826646011297568295e-19 1.522554324658667442e-19
5.184257519734590460e+03 4.547092599298958312e-19 1.521143537268871118e-19
5.189263447667645778e+03 4.829155958110438410e-19 1.513138612080977519e-19
5.194269375600702006e+03 4.306052353550804381e-19 1.537490929297801740e-19
5.199275303533757324e+03 1.409503030120863726e-19 1.538002363973240702e-19
5.204281231466813551e+03 -3.229310673849628328e-20 1.521115316536649955e-19
5.209287159399868870e+03 2.411208141785528236e-19 1.505073699883403075e-19
5.214293087332924188e+03 4.356008289439813153e-19 1.519805110154217754e-19
5.219299015265980415e+03 2.362636433111417309e-19 1.531999187368635281e-19
5.224304943199035733e+03 6.195258725295753201e-19 1.545953617961871459e-19
5.229310871132091961e+03 3.952801062940363623e-19 1.552773363947634897e-19
5.234316799065147279e+03 4.477437534399322224e-19 1.571687334975032439e-19
5.239322726998203507e+03 6.211283005722333690e-19 1.584709408680120698e-19
5.244328654931258825e+03 4.752018849935314894e-19 1.600528326928651838e-19
5.249334582864314143e+03 4.183802521460629538e-19 1.617120676744410813e-19
5.254340510797370371e+03 3.657475833518511505e-19 1.600405439298403016e-19
5.259346438730425689e+03 7.713811207035005325e-19 1.537536174645621913e-19
5.264352366663481916e+03 7.871289355787184458e-19 1.467239560127014553e-19
5.269358294596537235e+03 6.357228275718784736e-19 1.431343777671180112e-19
5.274364222529593462e+03 5.179837342694497742e-19 1.411005682784622756e-19
5.279370150462648780e+03 4.439577841514791932e-19 1.391488811245716883e-19
5.284376078395704099e+03 2.699600783152870998e-19 1.365860013971473235e-19
5.289382006328760326e+03 1.427058077826455365e-19 1.345994845358200149e-19
5.294387934261815644e+03 3.821930653280636905e-19 1.326974106143013277e-19
5.299393862194871872e+03 6.115960351080727910e-19 1.316627421027615295e-19
5.304399790127927190e+03 3.873456124727047270e-19 1.303386173930499307e-19
5.309405718060982508e+03 6.302999030178471929e-19 1.302356876103769193e-19
5.314411645994038736e+03 4.946588512787311013e-19 1.279560390530375806e-19
5.319417573927094054e+03 2.853852577541099210e-19 1.265293712471360582e-19
5.324423501860150282e+03 3.142518417728392587e-19 1.248408227847959707e-19
5.329429429793205600e+03 5.608266838435221445e-19 1.252999665367031661e-19
5.334435357726260918e+03 5.398887260114659633e-19 1.252478700549210978e-19
5.339441285659317145e+03 4.730154617090394338e-19 1.254021179975336760e-19
5.344447213592372464e+03 2.307563892605946622e-19 1.257914290789074079e-19
5.349453141525428691e+03 6.016082812060444926e-19 1.267372403464903975e-19
5.354459069458484009e+03 3.679437915901204516e-19 1.274359133683702176e-19
5.359464997391540237e+03 4.017219325412655386e-19 1.287933810273886677e-19
5.364470925324595555e+03 6.281217569182356311e-19 1.297901282470889790e-19
5.369476853257650873e+03 6.561612847936728690e-19 1.315747362218178418e-19
5.374482781190707101e+03 5.347829555651417841e-19 1.322938617331675564e-19
5.379488709123762419e+03 1.777192685468384866e-19 1.313407038231730207e-19
5.384494637056818647e+03 2.768749505708412592e-19 1.284236466440370098e-19
5.389500564989873965e+03 4.498449124357806532e-19 1.255008832301302206e-19
5.394506492922930192e+03 4.002358413773832255e-19 1.213427085046826433e-19
5.399512420855985511e+03 1.633329376913824815e-19 1.178077315858171356e-19
5.404518348789040829e+03 1.817892967533165862e-19 1.154463908688672054e-19
5.409524276722097056e+03 4.756936441118861961e-19 1.130544099137333555e-19
5.414530204655152374e+03 4.344018668689805254e-19 1.114148966682047342e-19
5.419536132588208602e+03 2.791574781220341905e-19 1.092213682580534804e-19
5.424542060521263920e+03 3.032083776561797042e-19 1.085526492616615275e-19
5.429547988454320148e+03 5.472363378426137528e-19 1.080609753401027047e-19
5.434553916387375466e+03 5.286612118357569797e-19 1.084557311333392908e-19
5.439559844320430784e+03 4.982897341027440506e-19 1.071708422533007882e-19
5.444565772253487012e+03 3.805889572219112150e-19 1.058870009770352062e-19
5.449571700186542330e+03 4.707688842068005454e-19 1.050976361140331574e-19
5.454577628119598558e+03 3.445002227469846954e-19 1.053980657716752537e-19
5.459583556052653876e+03 4.305099889665303327e-19 1.060495130355253448e-19
5.464589483985709194e+03 3.936606674291351060e-19 1.065049764562872613e-19
5.469595411918765421e+03 4.301504989557670681e-19 1.060218850873401500e-19
5.474601339851820740e+03 4.448644206335770945e-19 1.045924573583158516e-19
5.479607267784876967e+03 4.603303911796448924e-19 1.055320353887262977e-19
5.484613195717932285e+03 3.360758362362972213e-19 1.068848678715324971e-19
5.489619123650987603e+03 5.116571014924657734e-19 1.082295593787284844e-19
5.494625051584043831e+03 3.650783497775456952e-19 1.099481169855227024e-19
5.499630979517099149e+03 2.492920973270206364e-19 1.118816175161793388e-19
5.504636907450155377e+03 2.559440392639748134e-19 1.122674689683281502e-19
5.509642835383210695e+03 3.818748246946122592e-19 1.109859071152176928e-19
5.514648763316266923e+03 3.266491809694456405e-19 1.086647083731706941e-19
5.519654691249322241e+03 3.785728413114222860e-19 1.065863834719099365e-19
5.524660619182377559e+03 1.954595804875212012e-19 1.046241868408203177e-19
5.529666547115433787e+03 4.517470552066729875e-19 1.026043134952404051e-19
5.534672475048489105e+03 5.052015005516158567e-19 1.009288865249540843e-19
5.539678402981545332e+03 3.939953341531766884e-19 9.943133881772356434e-20
5.544684330914600650e+03 5.013839379670283131e-19 9.812769322731142148e-20
5.549690258847656878e+03 4.335092331356783694e-19 9.610882814192265283e-20
5.554696186780712196e+03 3.956907274958116265e-19 9.441977991978913747e-20
5.559702114713767514e+03 2.028917509078370594e-19 9.436735791945344552e-20
5.564708042646823742e+03 1.387073377380759069e-19 9.616305909325691604e-20
5.569713970579879060e+03 6.980888103416044740e-19 1.570902287945036742e-19
5.574719898512935288e+03 5.528200034784918086e-19 2.317956519818682584e-19
5.579725826445990606e+03 2.360133594087805892e-20 2.201489471068312348e-19
5.584731754379046833e+03 1.178168750908995658e-19 1.263049357670231758e-19
5.589737682312102152e+03 9.636778471934526788e-20 9.067913112371246337e-20
5.594743610245157470e+03 2.791678271909449313e-19 9.052309602270877320e-20
5.599749538178213697e+03 2.996160021305737396e-19 9.112801470910137338e-20
5.604755466111269016e+03 3.269285069596592491e-19 9.168252977275758258e-20
5.609761394044325243e+03 5.084485339623338185e-19 9.168601080173177875e-20
5.614767321977380561e+03 2.831885886118498714e-19 9.216737666071152157e-20
5.619773249910436789e+03 3.219618284323428641e-19 9.432791056334036791e-20
5.624779177843492107e+03 3.535892969204570420e-19 9.608804066705719035e-20
5.629785105776547425e+03 3.214330828747400668e-19 9.738196564492855827e-20
5.634791033709603653e+03 4.888604763156121554e-19 9.744163076365407827e-20
5.639796961642658971e+03 3.655841115102109146e-19 9.555372795774873987e-20
5.644802889575714289e+03 1.284056974132067403e-19 9.292806001889985371e-20
5.649808817508770517e+03 1.788194572561794123e-19 9.022822672909877786e-20
5.654814745441825835e+03 3.057799128065430046e-19 8.834445085009552951e-20
5.659820673374882062e+03 4.065373040350914134e-19 8.648632161742434666e-20
5.664826601307937381e+03 5.185589498571898384e-19 8.592936106231038006e-20
5.669832529240993608e+03 5.824278801499540491e-19 8.468659859105617509e-20
5.674838457174048926e+03 4.057211818096584555e-19 8.303778937212660878e-20
5.679844385107104245e+03 2.989941421733537894e-19 8.142568669270348768e-20
5.684850313040160472e+03 3.990320757315165860e-19 8.121511101665710121e-20
5.689856240973215790e+03 4.063702477786639802e-19 8.117348370539452277e-20
5.694862168906272018e+03 4.465022737115384800e-19 8.166625949582566281e-20
5.699868096839327336e+03 4.269033620205939576e-19 8.132747510871090093e-20
5.704874024772383564e+03 1.981072113965249018e-19 8.114033200246275695e-20
5.709879952705438882e+03 1.267856911350746405e-19 8.043002494293051416e-20
5.714885880638494200e+03 1.681236703444521288e-19 8.026882969572128029e-20
5.719891808571550428e+03 3.508262785358834376e-19 8.119501687175108771e-20
5.724897736504605746e+03 3.128013478090347751e-19 8.207706603355466650e-20
5.729903664437661973e+03 4.938817448524454671e-20 8.259222350623518789e-20
5.734909592370717291e+03 3.912017390906520183e-20 8.334731350823524196e-20
5.739915520303773519e+03 1.760899636762229345e-19 8.419821732896439241e-20
5.744921448236828837e+03 1.749607174357253977e-19 8.468039759389804591e-20
5.749927376169884155e+03 1.192065976741961241e-19 8.541435412377771179e-20
5.754933304102940383e+03 -6.166372446914426286e-20 8.639868935576874404e-20
5.759939232035995701e+03 1.405199207098664483e-19 8.813529503670060753e-20
5.764945159969051929e+03 6.270812526947556887e-20 8.826545938753237280e-20
5.769951087902107247e+03 2.499376667752294625e-19 8.677085364763605936e-20
5.774957015835163475e+03 3.009117199234226832e-19 8.431105496215209242e-20
5.779962943768218793e+03 3.186220726052869130e-19 8.157463447445399205e-20
5.784968871701274111e+03 1.244740394742881944e-20 7.918455274437675958e-20
5.789974799634330338e+03 -1.077174043025921821e-19 7.775712746276449318e-20
5.794980727567385657e+03 2.669258235045003940e-19 7.651872143659213931e-20
5.799986655500441884e+03 2.772823239810750921e-19 7.596559644523493320e-20
5.804992583433497202e+03 2.297497135514217176e-19 7.535732122909858096e-20
5.809998511366552520e+03 4.353104111713684428e-19 7.479126221206151405e-20
5.815004439299608748e+03 1.979030055976390217e-19 7.423272624386880964e-20
5.820010367232664066e+03 3.912023275103400780e-20 7.321991939726981980e-20
5.825016295165720294e+03 -9.060114649861353696e-21 7.292780612520596167e-20
5.830022223098775612e+03 3.228236445582909328e-20 7.263076258164820369e-20
5.835028151031830930e+03 1.286929863136889592e-19 7.266517224524857295e-20
5.840034078964887158e+03 4.864670510555664922e-19 7.311076309608735375e-20
5.845040006897942476e+03 1.691972096510610676e-18 7.458192148729443664e-20
5.850045934830998704e+03 1.946998668410618313e-18 7.531315673631033617e-20
5.855051862764054022e+03 1.235439264374434569e-18 7.494382268033057790e-20
5.860057790697110249e+03 6.192304364083419966e-19 7.689698189753149935e-20
5.865063718630165567e+03 4.785675984346291832e-19 7.994633209492445497e-20
5.870069646563220886e+03 4.639990874119665884e-19 8.045121917193754039e-20
5.875075574496277113e+03 5.161493756128718928e-19 7.865881500636520039e-20
5.880081502429332431e+03 4.543507076828310629e-19 8.302090365955469884e-20
5.885087430362388659e+03 6.668206496932996417e-19 1.005760482840517298e-19
5.890093358295443977e+03 6.036000462660833131e-19 1.099190932749017635e-19
5.895099286228500205e+03 6.521502059811367303e-19 9.974107489565615952e-20
5.900105214161555523e+03 5.493275498273045677e-19 8.546423634303625416e-20
5.905111142094610841e+03 5.388815695741653699e-19 7.718129107987095287e-20
5.910117070027667069e+03 3.433734646710353563e-19 7.693578928064149732e-20
5.915122997960722387e+03 5.973175959316461807e-19 7.613072520719552959e-20
5.920128925893778614e+03 5.989800840191101998e-19 7.452678182684826916e-20
5.925134853826833933e+03 6.265540627800703602e-19 7.350961900973309340e-20
5.930140781759890160e+03 4.776532216252241216e-19 7.411542430963442583e-20
5.935146709692945478e+03 6.304220603479046815e-19 7.259701713978160453e-20
5.940152637626000796e+03 4.409866284705094701e-19 6.947538228617733985e-20
5.945158565559057024e+03 6.526311286826384573e-19 6.949248610789783178e-20
5.950164493492112342e+03 5.494354745011113785e-19 7.045670492552240743e-20
5.955170421425167660e+03 5.780704190243286295e-19 6.970538945883877309e-20
5.960176349358223888e+03 5.922243890138862963e-19 6.748951997498121044e-20
5.965182277291280116e+03 7.537548147036364229e-19 6.779135732624501005e-20
5.970188205224335434e+03 7.531669141689853907e-19 6.929323441236136200e-20
5.975194133157390752e+03 7.746674952178865619e-19 7.012675607529281088e-20
5.980200061090446980e+03 8.514925340284650703e-19 6.951833446709233040e-20
5.985205989023502298e+03 8.441837119752804641e-19 6.816959322356280965e-20
5.990211916956557616e+03 5.978905521237683467e-19 6.814368249288238469e-20
5.995217844889613843e+03 5.369892938577387844e-19 6.923625955017125929e-20
6.000223772822669162e+03 7.025313606925062331e-19 7.059585758539636447e-20
6.005229700755725389e+03 6.716099259381605943e-19 7.105139074031803522e-20
6.010235628688780707e+03 6.218262977850952866e-19 7.153491815013410042e-20
6.015241556621836935e+03 6.824837370585518324e-19 7.177380286690046945e-20
6.020247484554892253e+03 6.067724121187815086e-19 7.141668597302270149e-20
6.025253412487947571e+03 6.617522817528138520e-19 7.025942616228339457e-20
6.030259340421003799e+03 7.209166378533090344e-19 6.902852817763842278e-20
6.035265268354059117e+03 5.398913843786180284e-19 6.736756152919980867e-20
6.040271196287115345e+03 5.079038933578005692e-19 6.546522690218074160e-20
6.045277124220170663e+03 3.293828745033421370e-19 6.421215318403693847e-20
6.050283052153226890e+03 2.147406980528074069e-19 6.326697279210728392e-20
6.055288980086282209e+03 4.072803876104890065e-19 6.307478172908318459e-20
6.060294908019337527e+03 6.920822468671777343e-19 6.258351966275018007e-20
6.065300835952393754e+03 6.820303008173837259e-19 6.229301725348919241e-20
6.070306763885449072e+03 6.571597961546437614e-19 6.159265981413767595e-20
6.075312691818505300e+03 8.340624239675201698e-19 6.052561987437914008e-20
6.080318619751560618e+03 8.312861084144992316e-19 6.014315478527819839e-20
6.085324547684616846e+03 7.282121099702165843e-19 5.939835050096402752e-20
6.090330475617672164e+03 5.720099373233986580e-19 5.939251198517885159e-20
6.095336403550727482e+03 6.074370290998137291e-19 5.973369865958206498e-20
6.100342331483783710e+03 7.230631599846441879e-19 6.005115401681947876e-20
6.105348259416839028e+03 7.437642091978380778e-19 6.069416239578421800e-20
6.110354187349894346e+03 7.156560466291252205e-19 6.063603682787694238e-20
6.115360115282950574e+03 7.462029028158352211e-19 6.112858083086591523e-20
6.120366043216006801e+03 7.361742981523216957e-19 6.113040817902860096e-20
6.125371971149062119e+03 6.989033859088331154e-19 6.165785475747914195e-20
6.130377899082117438e+03 6.181502931297061337e-19 6.264409456968467161e-20
6.135383827015173665e+03 6.819000614203635171e-19 6.492776678637300989e-20
6.140389754948228983e+03 7.850670669657120830e-19 6.703785089573864320e-20
6.145395682881284301e+03 6.522747431901072837e-19 6.705678965695741114e-20
6.150401610814340529e+03 6.854216296133980742e-19 6.584012659940695242e-20
6.155407538747396757e+03 6.109301070795587011e-19 6.551607636630503537e-20
6.160413466680452075e+03 8.557857688832616486e-19 6.375984388203966956e-20
6.165419394613507393e+03 7.937572834559529097e-19 6.223407692527970658e-20
6.170425322546563621e+03 8.065365122516116142e-19 6.156047814340458844e-20
6.175431250479618939e+03 5.999625593240329610e-19 5.950063989586634857e-20
6.180437178412674257e+03 4.479293586678470885e-19 5.785143773757876071e-20
6.185443106345730484e+03 5.154072214975349890e-19 5.691929819755412793e-20
6.190449034278785803e+03 5.725875450982920979e-19 5.667803168848356469e-20
6.195454962211842030e+03 6.723452520295882480e-19 5.712990092328276756e-20
6.200460890144897348e+03 6.354288369623659723e-19 5.731120306249094236e-20
6.205466818077953576e+03 6.594340292266578958e-19 5.712154555015214844e-20
6.210472746011008894e+03 7.162261754633755290e-19 5.620680449866099230e-20
6.215478673944064212e+03 6.980696776368049197e-19 5.659508345428524673e-20
6.220484601877120440e+03 7.205634494024833468e-19 5.696687181797701310e-20
6.225490529810175758e+03 7.240920549300155333e-19 5.722364930964924595e-20
6.230496457743231986e+03 4.998662006872742917e-19 6.204413888158584756e-20
6.235502385676287304e+03 4.883409197443328815e-19 6.584532477368346687e-20
6.240508313609343531e+03 5.731058189308505392e-19 6.430773413208500377e-20
6.245514241542398850e+03 5.417428420352818857e-19 6.055855922951394777e-20
6.250520169475454168e+03 4.080141219919257503e-19 6.223203186573573361e-20
6.255526097408510395e+03 4.190723613890548037e-19 6.726718068872460225e-20
6.260532025341565713e+03 3.276270731463213441e-19 6.890190942356079223e-20
6.265537953274621032e+03 4.736962128378994693e-19 6.522104052076536204e-20
6.270543881207677259e+03 6.513931329330710150e-19 6.441403595284622089e-20
6.275549809140733487e+03 8.126394187727141673e-19 6.307821582522049964e-20
6.280555737073788805e+03 7.796061120584806732e-19 6.430247243750466504e-20
6.285561665006844123e+03 7.282328885800342526e-19 6.536128460814602256e-20
6.290567592939900351e+03 7.756133414994849195e-19 6.985579740760066959e-20
6.295573520872955669e+03 7.790902442191443770e-19 9.249288861588748557e-20
6.300579448806010987e+03 8.429272002747704308e-19 9.803495628629555512e-20
6.305585376739067215e+03 8.650484458084454714e-19 7.963640743217067118e-20
6.310591304672123442e+03 7.357824076341074333e-19 6.005754215469231212e-20
6.315597232605178760e+03 7.805577376622706491e-19 5.590708708963796985e-20
6.320603160538234079e+03 6.843332893905477177e-19 5.657826264261747782e-20
6.325609088471290306e+03 5.899543455176689970e-19 5.867439821528817974e-20
6.330615016404345624e+03 7.238327588229907679e-19 5.759740915654706423e-20
6.335620944337400942e+03 6.985264314179955474e-19 5.406221680300428213e-20
6.340626872270457170e+03 8.325404905798565656e-19 5.329955532780490152e-20
6.345632800203512488e+03 7.583952976811454569e-19 5.466584585188711880e-20
6.350638728136568716e+03 6.415818928322226290e-19 5.664951678870717666e-20
6.355644656069624034e+03 6.307171761821760285e-19 6.112864029454041701e-20
6.360650584002680262e+03 7.480942942165259001e-19 6.931995021305542001e-20
6.365656511935735580e+03 6.011915080185926017e-19 6.761932967988990543e-20
6.370662439868790898e+03 6.898472580406381354e-19 5.827989139341547811e-20
6.375668367801847126e+03 7.798801095266233082e-19 5.600556526204390004e-20
6.380674295734902444e+03 7.029458392188971110e-19 5.788179758177238986e-20
6.385680223667958671e+03 5.627277143728125745e-19 5.852398130819666202e-20
6.390686151601013989e+03 6.378555578629502398e-19 5.856047946862596596e-20
6.395692079534070217e+03 5.133871874055801237e-19 5.816098786178503669e-20
6.400698007467125535e+03 3.676153738125846755e-19 5.830748891382145652e-20
6.405703935400180853e+03 2.443251254787365285e-19 5.772919044843908970e-20
6.410709863333237081e+03 2.577651863129341432e-19 5.690662277881734240e-20
6.415715791266292399e+03 4.959675281120522102e-19 5.642080475914770873e-20
6.420721719199348627e+03 7.639351587865017002e-19 5.530286790964071228e-20
6.425727647132403945e+03 6.856664627951450675e-19 5.364896726165984943e-20
6.430733575065460172e+03 7.361700888091250381e-19 5.219562344935155136e-20
6.435739502998515491e+03 7.039128727548383459e-19 5.135277497922384023e-20
6.440745430931570809e+03 7.060156403678236745e-19 5.096434959763776044e-20
6.445751358864627036e+03 7.085672556402705693e-19 5.110918153580414183e-20
6.450757286797682355e+03 6.614818056056179280e-19 5.182076458988165332e-20
6.455763214730737673e+03 7.350960751523915102e-19 5.263879808933167996e-20
6.460769142663793900e+03 6.539880926764612578e-19 5.524598125682621994e-20
6.465775070596850128e+03 8.646010716298898408e-19 5.741966991223647052e-20
6.470780998529905446e+03 8.400498738560330246e-19 5.604596964567190959e-20
6.475786926462960764e+03 6.776456903597061943e-19 5.299991851111459829e-20
6.480792854396016992e+03 6.705302834237098966e-19 5.138333977946686942e-20
6.485798782329072310e+03 7.187461288045437314e-19 5.072884044096297861e-20
6.490804710262127628e+03 6.765935700079782621e-19 5.382028510506747485e-20
6.495810638195183856e+03 6.777524147722347510e-19 5.917510181842461368e-20
6.500816566128239174e+03 8.031706845717203459e-19 6.087730535273955972e-20
6.505822494061295401e+03 7.925256497356601806e-19 5.698814284802365911e-20
6.510828421994350720e+03 7.071709686988522581e-19 5.534247552229631495e-20
6.515834349927406947e+03 7.190831871815654082e-19 5.648330638833812123e-20
6.520840277860462265e+03 7.428153105098356164e-19 5.809248634986092763e-20
6.525846205793517584e+03 6.251116269018746522e-19 6.145496456801914320e-20
6.530852133726573811e+03 7.109921933177940673e-19 6.320671641869804360e-20
6.535858061659629129e+03 6.584213419189615170e-19 6.118373197905345471e-20
6.540863989592685357e+03 6.654810365068551624e-19 5.758245895002572675e-20
6.545869917525740675e+03 6.573335872283364613e-19 5.814832065642518471e-20
6.550875845458796903e+03 6.742589664028125520e-19 5.892632603738778716e-20
6.555881773391852221e+03 6.008489327162122729e-19 5.828522967623983429e-20
6.560887701324907539e+03 6.228693493660316182e-19 5.540543960607988173e-20
6.565893629257963767e+03 6.524115955248664162e-19 5.434891241490313930e-20
6.570899557191019085e+03 6.545556274180054915e-19 5.415194317323785846e-20
6.575905485124075312e+03 6.021451801071401918e-19 5.425356042078807350e-20
6.580911413057130630e+03 6.319183912986632216e-19 5.188565311909354369e-20
6.585917340990186858e+03 6.389635665059363081e-19 4.867405597230175766e-20
6.590923268923242176e+03 6.007807264488330549e-19 4.880926398681774525e-20
6.595929196856297494e+03 6.295487979100264705e-19 4.971866406856937691e-20
6.600935124789353722e+03 6.366726724125183608e-19 5.095580938839980450e-20
6.605941052722409040e+03 6.628706699654730048e-19 5.011685534401020853e-20
6.610946980655464358e+03 7.073301948677879830e-19 4.850324001089680106e-20
6.615952908588520586e+03 6.404789339416503506e-19 4.818111779640806306e-20
6.620958836521576814e+03 6.629789486151453286e-19 4.885448101091954988e-20
6.625964764454632132e+03 7.599236595817315519e-19 5.008074742536995274e-20
6.630970692387687450e+03 6.808471810336024352e-19 5.127327547686719329e-20
6.635976620320743677e+03 6.065820713354008407e-19 5.158167455674842365e-20
6.640982548253798996e+03 6.852513160650109277e-19 5.154688009447612907e-20
6.645988476186854314e+03 6.218307823065816160e-19 5.223173589586600411e-20
6.650994404119910541e+03 6.611839465693280779e-19 5.298591009091689656e-20
6.656000332052965859e+03 6.017865254279830392e-19 5.345638678953755973e-20
6.661006259986022087e+03 7.073281531394023892e-19 5.307444705582187807e-20
6.666012187919077405e+03 5.340033898917079662e-19 5.197625109517228871e-20
6.671018115852133633e+03 4.831502086931758823e-19 5.039699974804506803e-20
6.676024043785188951e+03 6.439770433502993840e-19 4.918243540079063546e-20
6.681029971718244269e+03 5.269238023395974892e-19 4.831605700975752315e-20
6.686035899651300497e+03 2.504059994257977965e-19 4.745736159709021145e-20
6.691041827584355815e+03 1.517180701272099935e-19 4.703548540572730032e-20
6.696047755517412043e+03 4.331687241047827140e-19 4.728444203115375621e-20
6.701053683450467361e+03 5.080715378032913318e-19 4.707132250809448518e-20
6.706059611383523588e+03 5.523719807470565473e-19 4.683889854985660384e-20
6.711065539316578906e+03 6.240057467589336716e-19 4.599812663954269205e-20
6.716071467249634225e+03 6.687398285685124753e-19 4.571392025314252457e-20
6.721077395182690452e+03 6.104995736783674784e-19 4.542044658629335784e-20
6.726083323115745770e+03 6.026199908693778270e-19 4.526447610721118631e-20
6.731089251048801998e+03 4.335364913614988183e-19 4.531624532059985672e-20
6.736095178981857316e+03 3.750406768529243411e-19 4.562832330888448131e-20
6.741101106914913544e+03 4.926494903055347305e-19 4.625181165228051557e-20
6.746107034847968862e+03 6.965790990341841607e-19 4.629437907122414996e-20
6.751112962781024180e+03 6.827804987641198971e-19 4.651305758481408060e-20
6.756118890714080408e+03 6.310938693576654054e-19 4.705205110507083041e-20
6.761124818647135726e+03 7.331477581584786043e-19 4.786289719395428492e-20
6.766130746580191044e+03 6.204798550633535889e-19 4.855972622606234238e-20
6.771136674513247272e+03 6.646360934141465750e-19 4.974539468897931698e-20
6.776142602446303499e+03 7.342731358926305134e-19 5.065606800884220631e-20
6.781148530379358817e+03 6.574654001826322079e-19 5.196215666491186596e-20
6.786154458312414135e+03 6.914741983216552628e-19 5.174739669201898125e-20
6.791160386245470363e+03 6.141166017354671585e-19 5.075883011958879827e-20
6.796166314178525681e+03 6.715724898483906133e-19 4.917689589920807064e-20
6.801172242111580999e+03 7.429689932846161731e-19 4.835073766322480331e-20
6.806178170044637227e+03 6.298910832881034487e-19 4.718572851844509392e-20
6.811184097977693455e+03 6.100742099187193578e-19 4.641303495903054024e-20
6.816190025910748773e+03 6.476172240334760759e-19 4.598850573924564076e-20
6.821195953843804091e+03 6.311222744783928667e-19 5.045905698978633175e-20
6.826201881776860318e+03 7.939922675628936466e-19 5.888403100615957566e-20
6.831207809709915637e+03 7.933557346550195905e-19 6.176773097625366183e-20
6.836213737642970955e+03 6.703992161463822601e-19 5.600155994369898197e-20
6.841219665576027182e+03 6.691514910162278890e-19 4.928492258733513205e-20
6.846225593509082501e+03 5.895591065255578847e-19 4.660079375398094086e-20
6.851231521442138728e+03 4.961528248697425037e-19 4.558552957643603817e-20
6.856237449375194046e+03 6.918372952485205922e-19 5.231097984489078835e-20
6.861243377308250274e+03 6.387880591468652306e-19 6.456635436424755981e-20
6.866249305241305592e+03 5.147250154332588317e-19 7.242426758010357643e-20
6.871255233174360910e+03 6.511549485771870409e-19 6.422725136403119085e-20
6.876261161107417138e+03 6.391120638530166471e-19 5.613380163260568710e-20
6.881267089040473365e+03 6.161985323817434940e-19 5.292324098270806289e-20
6.886273016973527774e+03 6.744664984048344992e-19 5.588041713085606026e-20
6.891278944906584002e+03 7.251677023049260288e-19 5.846296356539928872e-20
6.896284872839640229e+03 6.767844204685470997e-19 5.757041003624781417e-20
6.901290800772695547e+03 6.583060980203479558e-19 5.914844730834245546e-20
6.906296728705750866e+03 6.404142825798157105e-19 5.970993529770302800e-20
6.911302656638807093e+03 6.562482187709698399e-19 5.916282203724762951e-20
6.916308584571862411e+03 6.037827202458182948e-19 6.270872202952391227e-20
6.921314512504917730e+03 6.371081815015456965e-19 6.076551909137997018e-20
6.926320440437973957e+03 6.530636404827918107e-19 5.754742181576593350e-20
6.931326368371030185e+03 7.302709966155951622e-19 5.051222080721883992e-20
6.936332296304085503e+03 5.718697428760525929e-19 5.203622777055432304e-20
6.941338224237140821e+03 6.471948264814557384e-19 5.496397243364431668e-20
6.946344152170197049e+03 6.750453455070893789e-19 5.937281599244662787e-20
6.951350080103252367e+03 5.766153831232923628e-19 5.457152532494382769e-20
6.956356008036307685e+03 6.462448552254533665e-19 4.696844906577004105e-20
6.961361935969363913e+03 6.022844750650772831e-19 4.536421033914341478e-20
6.966367863902420140e+03 6.496427709152565940e-19 4.667808436950817505e-20
6.971373791835475458e+03 7.188884616926091957e-19 4.918075230220540072e-20
6.976379719768530776e+03 6.858156292794661421e-19 5.008576058539714664e-20
6.981385647701587004e+03 7.234693583861100375e-19 4.837601167000243068e-20
6.986391575634642322e+03 6.025934712124852979e-19 4.440997399174937066e-20
6.991397503567697640e+03 6.487696802138938972e-19 4.418486266970372073e-20
6.996403431500753868e+03 6.423095676420191685e-19 4.570284971107000182e-20
7.001409359433810096e+03 7.101829786858262336e-19 4.747031961612147105e-20
7.006415287366865414e+03 6.340373297718593806e-19 4.982906920134273327e-20
7.011421215299920732e+03 7.063310459161487029e-19 4.966840551041427030e-20
7.016427143232976960e+03 6.664363247620358691e-19 4.822466816864648152e-20
7.021433071166032278e+03 5.629420092044664177e-19 4.742156010823032414e-20
7.026438999099087596e+03 6.018210148636682579e-19 4.835991302938575308e-20
7.031444927032143823e+03 6.092746538563588387e-19 4.905588671991311758e-20
7.036450854965200051e+03 7.012737814776825895e-19 5.043996977884366263e-20
7.041456782898254460e+03 6.641599060212080679e-19 5.253348815279617948e-20
7.046462710831310687e+03 5.516741603235669460e-19 5.250282318305736610e-20
7.051468638764366915e+03 5.754880018885852225e-19 5.058397670891897350e-20
7.056474566697422233e+03 5.860737881549292084e-19 4.777446925539102023e-20
7.061480494630477551e+03 6.423242713014405297e-19 4.691598831689780659e-20
7.066486422563533779e+03 6.026538539490154992e-19 4.651694744254214236e-20
7.071492350496589097e+03 6.725313807099748334e-19 4.600879262272418238e-20
7.076498278429644415e+03 6.117225688342727012e-19 4.540711007875337937e-20
7.081504206362700643e+03 6.244090301026093218e-19 4.552015623921722385e-20
7.086510134295756870e+03 6.217588952854055334e-19 4.564438464863084529e-20
7.091516062228812189e+03 6.394865065913425954e-19 4.478843218774021130e-20
7.096521990161867507e+03 6.779817554961741222e-19 4.382000378748836047e-20
7.101527918094923734e+03 5.800411835313466296e-19 4.379367614016320839e-20
7.106533846027979052e+03 5.649604663089205509e-19 4.372119199284334545e-20
7.111539773961034371e+03 6.515789916144906315e-19 4.413662336310947750e-20
7.116545701894090598e+03 5.973431198850783997e-19 4.404355560230599124e-20
7.121551629827146826e+03 5.920629028851898517e-19 4.445417177791826372e-20
7.126557557760202144e+03 6.290624894127901384e-19 4.513959732427483034e-20
7.131563485693257462e+03 6.177694056061287422e-19 4.550518521586761632e-20
7.136569413626313690e+03 6.011187742961679622e-19 4.610995165637484414e-20
7.141575341559369008e+03 6.693677974281997627e-19 4.745242073309919549e-20
7.146581269492424326e+03 5.747470583679186075e-19 4.798407603570985057e-20
7.151587197425480554e+03 6.720368762468718639e-19 4.749781254702218411e-20
7.156593125358536781e+03 6.832484974017748710e-19 4.810552737218835960e-20
7.161599053291592099e+03 7.031014214583886055e-19 4.921351677767778696e-20
7.166604981224647418e+03 6.762978080843994469e-19 4.976104007588496343e-20
7.171610909157703645e+03 5.824207102651177639e-19 4.933646979602075996e-20
7.176616837090758963e+03 6.594858521341024500e-19 4.848224981464837758e-20
7.181622765023814281e+03 5.838734621530968792e-19 4.725683702399083350e-20
7.186628692956870509e+03 6.195149398052082241e-19 4.587055011615101374e-20
7.191634620889926737e+03 5.652727300436733863e-19 4.519083967145548468e-20
7.196640548822981145e+03 5.331007968195648503e-19 4.491512987220294110e-20
7.201646476756037373e+03 4.903153323523060232e-19 4.441820317917417266e-20
7.206652404689093601e+03 5.912255514115111368e-19 4.420899063194706001e-20
7.211658332622148919e+03 5.286068874919200415e-19 4.383696744434578993e-20
7.216664260555204237e+03 5.396054745731578862e-19 4.371562733293276915e-20
7.221670188488260465e+03 5.535510232802271181e-19 4.412894777277181891e-20
7.226676116421315783e+03 6.195750894673194404e-19 4.446058244493150561e-20
7.231682044354371101e+03 5.725427000380170377e-19 5.111187115719394778e-20
7.236687972287427328e+03 6.453577373355688346e-19 6.827283317876135580e-20
7.241693900220483556e+03 6.747261080481548298e-19 7.735399795643213727e-20
7.246699828153538874e+03 6.902558389126105907e-19 6.918985915747122171e-20
7.251705756086594192e+03 6.153038056773502038e-19 5.529247375095968220e-20
7.256711684019650420e+03 6.336537563502962881e-19 4.879686755443205069e-20
7.261717611952705738e+03 5.277292189964589720e-19 4.615176257475369001e-20
7.266723539885761056e+03 5.466019773378252328e-19 5.142451694285733457e-20
7.271729467818817284e+03 7.632676068144767265e-19 7.162049425590460065e-20
7.276735395751873511e+03 6.645656589391011327e-19 7.954056945280564039e-20
7.281741323684928830e+03 6.498485562565066147e-19 7.308811036355247849e-20
7.286747251617984148e+03 6.099389583927673793e-19 6.205663445935569134e-20
7.291753179551040375e+03 5.897907538485735035e-19 5.673688872797382473e-20
7.296759107484095694e+03 6.889805464556947079e-19 5.791799357958281906e-20
7.301765035417151012e+03 5.380698316716089209e-19 5.903837797848552235e-20
7.306770963350207239e+03 5.352346254622183689e-19 5.980179895674179415e-20
7.311776891283263467e+03 6.357274300471448326e-19 7.081836943178420625e-20
7.316782819216318785e+03 3.857168135882037412e-19 7.096566870723608571e-20
7.321788747149374103e+03 2.854824647553560757e-19 6.107540693358231569e-20
7.326794675082430331e+03 2.925425647547962586e-19 5.674420375219043275e-20
7.331800603015485649e+03 2.238043194949578452e-19 5.950213905439936704e-20
7.336806530948540967e+03 5.187643971940890263e-19 6.977056078849473478e-20
7.341812458881597195e+03 6.243257113884710134e-19 6.964535551984081631e-20
7.346818386814653422e+03 5.574091556947535535e-19 5.567897759146139463e-20
7.351824314747707831e+03 5.388248163158041649e-19 4.912916498674982133e-20
7.356830242680764059e+03 6.082351876444053879e-19 5.264523561207183794e-20
7.361836170613820286e+03 5.201605661668496917e-19 5.760060084542836770e-20
7.366842098546875604e+03 4.912424806424768653e-19 6.280875731383259757e-20
7.371848026479930923e+03 4.699376781696765701e-19 6.044240975354946025e-20
7.376853954412987150e+03 5.349641159386532346e-19 4.748924850613033248e-20
7.381859882346043378e+03 4.969193956913043430e-19 4.344879466771695205e-20
7.386865810279097786e+03 5.301048170441972634e-19 4.852340992490844232e-20
7.391871738212154014e+03 4.500500888249985298e-19 5.239724359641984504e-20
7.396877666145210242e+03 4.448954629410474501e-19 5.892545192593234050e-20
7.401883594078265560e+03 5.278771533631814574e-19 5.969484750134918928e-20
7.406889522011320878e+03 5.097785279667662174e-19 5.414804543488885189e-20
7.411895449944377106e+03 3.332646728682062376e-19 4.804869094286491898e-20
7.416901377877432424e+03 4.395629356997055382e-19 4.885849130495957291e-20
7.421907305810487742e+03 2.839984155920682243e-19 5.071017579645886566e-20
7.426913233743543969e+03 8.823728171736977974e-20 5.285245585855044565e-20
7.431919161676600197e+03 2.052904731453225171e-19 5.618959291417849549e-20
7.436925089609655515e+03 1.438128252832671634e-19 5.611294764960711252e-20
7.441931017542710833e+03 1.990227297797268770e-19 5.216152176712795280e-20
7.446936945475767061e+03 2.810001401009489164e-19 4.591957431427242641e-20
7.451942873408822379e+03 4.582879554907001890e-19 4.498594170772430376e-20
7.456948801341877697e+03 5.866597637472638029e-19 4.600357374246103563e-20
7.461954729274933925e+03 6.537942601396047272e-19 4.849499768276674203e-20
7.466960657207990153e+03 6.522802127926478854e-19 5.224186970506877358e-20
7.471966585141045471e+03 6.569704987337804148e-19 5.403619476688713964e-20
7.476972513074100789e+03 5.949435806062797798e-19 5.540638252952306417e-20
7.481978441007157016e+03 6.405600939598344637e-19 5.363955721200315235e-20
7.486984368940212335e+03 5.671174479374558172e-19 4.908311579183973124e-20
7.491990296873267653e+03 6.099874143548421279e-19 4.458402683593034742e-20
7.496996224806323880e+03 5.505669319742234379e-19 4.334963314276432830e-20
7.502002152739380108e+03 5.192959920765888452e-19 4.193482319407772904e-20
7.507008080672435426e+03 5.500870653771970330e-19 4.179307583218929075e-20
7.512014008605490744e+03 5.531424991951682453e-19 4.366719007690832857e-20
7.517019936538546972e+03 6.481708869775703802e-19 5.399880831962768752e-20
7.522025864471602290e+03 6.793422820500492421e-19 6.433540238516325973e-20
7.527031792404657608e+03 6.009978345933064433e-19 6.474525010400598544e-20
7.532037720337713836e+03 4.584438471025782718e-19 5.426356238929925077e-20
7.537043648270770063e+03 6.161721501753153633e-19 5.028366564890038498e-20
7.542049576203824472e+03 5.326956701973041615e-19 4.924183203148695678e-20
7.547055504136880700e+03 5.058111444176264825e-19 4.972777563910885850e-20
7.552061432069936927e+03 5.970818745207277817e-19 5.266638723048513938e-20
7.557067360002992245e+03 6.638145534394340742e-19 5.318995197644234571e-20
7.562073287936047564e+03 5.787900333361106525e-19 5.311322342441819236e-20
7.567079215869103791e+03 5.706798620843425479e-19 6.047770325631416660e-20
7.572085143802159109e+03 5.800484024864422705e-19 6.192852001020860959e-20
7.577091071735214427e+03 5.331259631241504038e-19 5.423076413469006755e-20
7.582096999668270655e+03 6.365757224440893506e-19 4.997250242528803017e-20
7.587102927601326883e+03 5.667002740645053535e-19 4.972373438498025286e-20
7.592108855534382201e+03 5.546694891568372134e-19 6.548924529609426701e-20
7.597114783467437519e+03 4.642027433122782842e-19 1.026889296951593779e-19
7.602120711400493747e+03 3.643202825803179351e-19 1.330415807460672565e-19
7.607126639333549065e+03 6.910049500417755123e-19 1.117085427402898715e-19
7.612132567266604383e+03 6.509311124359996207e-19 8.574674850559181613e-20
7.617138495199660611e+03 4.239032605497330608e-19 6.899948624566344920e-20
7.622144423132716838e+03 5.678566542337487577e-19 7.344849727387314367e-20
7.627150351065772156e+03 5.523395970800073279e-19 8.675795412114314423e-20
7.632156278998827474e+03 5.372483558135810146e-19 7.739697211248315311e-20
7.637162206931883702e+03 5.440077074183961552e-19 6.822905959121046058e-20
7.642168134864939020e+03 5.025938800722362140e-19 6.375836663431902365e-20
7.647174062797994338e+03 4.430111045989553900e-19 5.959016727502224164e-20
7.652179990731050566e+03 5.742254702097153963e-19 5.864854439680383844e-20
7.657185918664106794e+03 5.965196509878501268e-19 5.851232821936862142e-20
7.662191846597162112e+03 4.585183171017292085e-19 5.633462086831263728e-20
7.667197774530217430e+03 5.254149503191987118e-19 5.424939482796543185e-20
7.672203702463273657e+03 5.713847568750862329e-19 4.936586922254916973e-20
7.677209630396328976e+03 5.843732578776703557e-19 4.980067650743179730e-20
7.682215558329384294e+03 5.669654583099389901e-19 5.035190205776093126e-20
7.687221486262440521e+03 5.139251726988252293e-19 5.045269621679205598e-20
7.692227414195496749e+03 4.953651837692035160e-19 5.123837214967971270e-20
7.697233342128551158e+03 5.415275386839799618e-19 5.095104459473412487e-20
7.702239270061607385e+03 5.400208049311526775e-19 5.117821117545233894e-20
7.707245197994663613e+03 5.250213560253977438e-19 6.874893540332981428e-20
7.712251125927718931e+03 5.050128404606632721e-19 8.582385543837483019e-20
7.717257053860774249e+03 7.040132995629628418e-19 8.327991509322625781e-20
7.722262981793830477e+03 3.711033149560522863e-19 6.574347214785472012e-20
7.727268909726885795e+03 5.135340611980212199e-19 5.368004460228504361e-20
7.732274837659941113e+03 5.004474481233892267e-19 4.848737110131871153e-20
7.737280765592997341e+03 3.778218620956056822e-19 4.645114823169143111e-20
7.742286693526053568e+03 5.592177464157351534e-19 5.683782427594676227e-20
7.747292621459108886e+03 4.374421028376015433e-19 7.741448520201981284e-20
7.752298549392164205e+03 5.973246134716347902e-19 8.071827646530258307e-20
7.757304477325220432e+03 5.517629529986171350e-19 6.831632768175627690e-20
7.762310405258275750e+03 5.161120184905434259e-19 5.868655111723773355e-20
7.767316333191331069e+03 6.253656532869912752e-19 5.977032916556583350e-20
7.772322261124387296e+03 6.396229208638810054e-19 6.670094453892671279e-20
7.777328189057443524e+03 5.771878261114671044e-19 6.787244305428955257e-20
7.782334116990498842e+03 5.580283129203222534e-19 5.952310391283989391e-20
7.787340044923554160e+03 5.366197183044184391e-19 6.639424843803106068e-20
7.792345972856610388e+03 6.311922083889229679e-19 7.804275139502162356e-20
7.797351900789665706e+03 5.177422087003977811e-19 7.391626241403880180e-20
7.802357828722721024e+03 5.158730029181592038e-19 6.229091328497901026e-20
7.807363756655777252e+03 6.553009789025401351e-19 6.410453962652478240e-20
7.812369684588833479e+03 5.894404138698553359e-19 6.602024095169393791e-20
7.817375612521888797e+03 6.008808181201059974e-19 7.820584894662342393e-20
7.822381540454944115e+03 3.939130148268211144e-19 7.871447413074704000e-20
7.827387468388000343e+03 5.022582828867015049e-19 6.095618097579651864e-20
7.832393396321055661e+03 5.309668650841801986e-19 4.869508074815193626e-20
7.837399324254110979e+03 5.661198180900434141e-19 5.437583898816018908e-20
7.842405252187167207e+03 6.768044922579065025e-19 5.763774076983675204e-20
7.847411180120223435e+03 6.162165738278624730e-19 7.072147926920516925e-20
7.852417108053277843e+03 4.670815237853339811e-19 8.003237047768436299e-20
7.857423035986334071e+03 5.008646409277288575e-19 7.691029585052861906e-20
7.862428963919390299e+03 5.416624415290028013e-19 6.592169835564036897e-20
7.867434891852445617e+03 6.776264884734729149e-19 6.532660484988254775e-20
7.872440819785500935e+03 6.141745281023306225e-19 6.498188033060021932e-20
7.877446747718557162e+03 6.481793650052830372e-19 6.147334547059878571e-20
7.882452675651613390e+03 4.569379311703546997e-19 6.334257756376394513e-20
7.887458603584667799e+03 6.173100662945905126e-19 6.573864824531395122e-20
7.892464531517724026e+03 5.780635614556608305e-19 6.195627889105867746e-20
7.897470459450780254e+03 6.097617660705285816e-19 5.073663263871206964e-20
7.902476387383835572e+03 6.334086419337487268e-19 4.952298008066637121e-20
7.907482315316890890e+03 5.954009600998181442e-19 7.485807661987057942e-20
7.912488243249947118e+03 7.384894583287463173e-19 9.372682389519268604e-20
7.917494171183002436e+03 6.097072083454202109e-19 9.477192675512854993e-20
7.922500099116057754e+03 6.103857318413634212e-19 7.710556236486253979e-20
7.927506027049113982e+03 5.790820091292126083e-19 7.146524038118102866e-20
7.932511954982170209e+03 4.568447002538654411e-19 6.694576498477669095e-20
7.937517882915225528e+03 5.324832537631435140e-19 5.781282091968592883e-20
7.942523810848280846e+03 5.634596122141210655e-19 5.797326095671309667e-20
7.947529738781337073e+03 4.782609117293818740e-19 6.171411026858459693e-20
7.952535666714392391e+03 5.764582598147150653e-19 5.912750151184953755e-20
7.957541594647447710e+03 6.189685822894604615e-19 6.686765621251781960e-20
7.962547522580503937e+03 6.317209229859539547e-19 8.053035266860642966e-20
7.967553450513560165e+03 3.463623472043125904e-19 7.594071953281383292e-20
7.972559378446615483e+03 6.663569935909909351e-19 6.231951558253740136e-20
7.977565306379670801e+03 5.984258397472300932e-19 6.287067997741169854e-20
7.982571234312727029e+03 6.024369827950198369e-19 6.127829396298500800e-20
7.987577162245782347e+03 5.883842363454034727e-19 7.123076274218617829e-20
7.992583090178837665e+03 5.658482715121389947e-19 7.968966475598560443e-20
7.997589018111893893e+03 5.033519091346845316e-19 7.075372323844819381e-20
8.002594946044950120e+03 5.724260810006717102e-19 4.978372173394592295e-20
8.007600873978005438e+03 5.776384316479099330e-19 5.139899521681199078e-20
8.012606801911060757e+03 4.887563319713516484e-19 5.693014688904963069e-20
8.017612729844116984e+03 3.669933001026509478e-19 6.253493110966398805e-20
8.022618657777172302e+03 3.007505944836139842e-19 7.221656627081389664e-20
8.027624585710227620e+03 3.488456771051997493e-19 7.305563606899894675e-20
8.032630513643283848e+03 4.548372936819915447e-19 5.885573624039978064e-20
8.037636441576340076e+03 5.569071889719877316e-19 4.809193712001774925e-20
8.042642369509394484e+03 4.512137616157399246e-19 4.887692474584764516e-20
8.047648297442450712e+03 4.364417370889552480e-19 5.469115155088773694e-20
8.052654225375506940e+03 4.169016639662690241e-19 5.863546671233160979e-20
8.057660153308562258e+03 5.742640266397812982e-19 6.551743532313397978e-20
8.062666081241617576e+03 5.937662665215928022e-19 6.507489878902914245e-20
8.067672009174673803e+03 5.922829914117826798e-19 5.662182154250054109e-20
8.072677937107729122e+03 5.641528143243142914e-19 4.871979234629198858e-20
8.077683865040784440e+03 6.113169232317963357e-19 4.812381146938167557e-20
8.082689792973840667e+03 5.753812314519008806e-19 4.755106914720307185e-20
8.087695720906896895e+03 5.810130051162296608e-19 4.819226242161808236e-20
8.092701648839952213e+03 5.085363194034085649e-19 4.883781468105806488e-20
8.097707576773007531e+03 6.542525058656405858e-19 5.132822303167383336e-20
8.102713504706063759e+03 5.852577265649941963e-19 5.101852220357451628e-20
8.107719432639119077e+03 5.784453664146534698e-19 4.739998837056451610e-20
8.112725360572174395e+03 4.977763822673765041e-19 4.337301346148738109e-20
8.117731288505230623e+03 4.948900475171904413e-19 4.290161692765100685e-20
8.122737216438286850e+03 5.673567486357050149e-19 4.315080082517637578e-20
8.127743144371342169e+03 4.818510212247530861e-19 4.388296274093968807e-20
8.132749072304397487e+03 5.627371741220595311e-19 4.525524169651407504e-20
8.137755000237453714e+03 4.699355271167646703e-19 4.675077058072256603e-20
8.142760928170509032e+03 5.356859737748167366e-19 4.782899332611915381e-20
8.147766856103564351e+03 4.756611865517636503e-19 4.731816626283078263e-20
8.152772784036620578e+03 5.346165149570902707e-19 4.579047487622268552e-20
8.157778711969676806e+03 5.726669520840969975e-19 4.536724529634752468e-20
8.162784639902732124e+03 5.027756105857497011e-19 4.598358690423989208e-20
8.167790567835787442e+03 5.190485995613443542e-19 4.681932154974475042e-20
8.172796495768843670e+03 4.691936086678986633e-19 4.752371635034891113e-20
8.177802423701898988e+03 4.719606815652348412e-19 4.873589877176026485e-20
8.182808351634954306e+03 5.492463714863159054e-19 5.055223389654137190e-20
8.187814279568010534e+03 5.657566404144997207e-19 5.189721949914739845e-20
8.192820207501066761e+03 3.693117158730825288e-19 5.185099153201946045e-20
8.197826135434121170e+03 4.576764483265938279e-19 5.043478486177412237e-20
8.202832063367177398e+03 4.577530259406054234e-19 4.919070223400084574e-20
8.207837991300233625e+03 4.934786846536097003e-19 4.850397251278625235e-20
8.212843919233288034e+03 4.275964223506868623e-19 4.781118152185566986e-20
8.217849847166344261e+03 4.841793089839490892e-19 4.683538184709033109e-20
8.222855775099400489e+03 4.992305426993287896e-19 4.604754204877985687e-20
8.227861703032456717e+03 4.054872242860998375e-19 4.548077000747399223e-20
8.232867630965511125e+03 4.687998680292194646e-19 4.517920462206018251e-20
8.237873558898567353e+03 5.378777376138710606e-19 4.579755073962431214e-20
8.242879486831623581e+03 5.398123911960438644e-19 4.644083268955990148e-20
8.247885414764677989e+03 5.241709582368406428e-19 4.635333801730420012e-20
8.252891342697734217e+03 4.998682588055500090e-19 4.565840320294025300e-20
8.257897270630790445e+03 4.540940842209424648e-19 4.526578703066388341e-20
8.262903198563846672e+03 5.255573637847268866e-19 4.539515471610054264e-20
8.267909126496901081e+03 3.797908069702415854e-19 4.651876895724422044e-20
8.272915054429957308e+03 4.838390021236476526e-19 5.775560330228569871e-20
8.277920982363013536e+03 5.545977581231522291e-19 7.483241404531471849e-20
8.282926910296067945e+03 4.430662189126067963e-19 8.875733665564722448e-20
8.287932838229124172e+03 6.047570113435227901e-19 8.929121456326497877e-20
8.292938766162180400e+03 6.255887666278526064e-19 9.348940161588182976e-20
8.297944694095236628e+03 5.302013863614981988e-19 9.169362144471257625e-20
8.302950622028291036e+03 4.912899160618634027e-19 8.246271529228708567e-20
8.307956549961347264e+03 4.304575010427160818e-19 6.858131538034847135e-20
8.312962477894403492e+03 5.428704658468459193e-19 6.572015733670848344e-20
8.317968405827457900e+03 4.854267499572225657e-19 5.726259814785554061e-20
8.322974333760514128e+03 5.482435520082758337e-19 5.198415922141446042e-20
8.327980261693570355e+03 5.539930361284371538e-19 5.056387513311763180e-20
8.332986189626626583e+03 4.899999713162351661e-19 5.492620854250303318e-20
8.337992117559680992e+03 5.218449673972036392e-19 9.283271340820648434e-20
8.342998045492737219e+03 2.939180788712146456e-19 1.173246663959489230e-19
8.348003973425793447e+03 5.921339063015791704e-19 1.144401354761107640e-19
8.353009901358847856e+03 6.474856123322270002e-19 8.453172165247495702e-20
8.358015829291904083e+03 6.410591769431738914e-19 6.890035648740048132e-20
8.363021757224960311e+03 4.292458602960384135e-19 6.035032532228494911e-20
8.368027685158016538e+03 4.802831609398734605e-19 5.581686874377323188e-20
8.373033613091070947e+03 4.736125065208929443e-19 5.241507531115300006e-20
8.378039541024127175e+03 4.522184899538825747e-19 6.318361991064260562e-20
8.383045468957181583e+03 5.109303895202707247e-19 6.580081557866580398e-20
8.388051396890237811e+03 5.077056942796699717e-19 5.973235664075553957e-20
8.393057324823294039e+03 5.379886523735056839e-19 7.895558497477745652e-20
8.398063252756350266e+03 4.164416679867228020e-19 9.604425479850367725e-20
8.403069180689406494e+03 5.252955645955347106e-19 8.710675472984520581e-20
8.408075108622460903e+03 5.804146353472122138e-19 6.515559202884924915e-20
8.413081036555517130e+03 4.924204854857008100e-19 7.054741449834080463e-20
8.418086964488571539e+03 3.777107925723638070e-19 7.083351453533326020e-20
8.423092892421627766e+03 5.484789811740125062e-19 8.435449604260450827e-20
8.428098820354683994e+03 4.444556095965130506e-19 1.087400333444730359e-19
8.433104748287740222e+03 4.769692942200021345e-19 1.048087799389400650e-19
8.438110676220796449e+03 4.129918101901478510e-19 6.966128874728714146e-20
8.443116604153850858e+03 6.171047238666614473e-19 6.258174469756342683e-20
8.448122532086907086e+03 5.581055643243705741e-19 7.517469185583846443e-20
8.453128460019961494e+03 6.099111879143805390e-19 7.472459288509754938e-20
8.458134387953017722e+03 4.462737017629766065e-19 7.983094236804809561e-20
8.463140315886073950e+03 2.602831120290831897e-19 9.212558991307763585e-20
8.468146243819130177e+03 7.179326717156742296e-19 8.648585580053139266e-20
8.473152171752186405e+03 5.563562471898029733e-19 5.942089773863726229e-20
8.478158099685240813e+03 5.680818734288444297e-19 4.768717926023279706e-20
8.483164027618297041e+03 5.330398808623806818e-19 4.728931162759487072e-20
8.488169955551351450e+03 4.723991981932739018e-19 5.546312835905058273e-20
8.493175883484407677e+03 4.930598590603628705e-19 5.996077882037263062e-20
8.498181811417463905e+03 5.653735568199473508e-19 6.667494987336886289e-20
8.503187739350520133e+03 4.332798324633279230e-19 7.097662509572548113e-20
8.508193667283574541e+03 4.146142822124352961e-19 6.582234888523313833e-20
8.513199595216630769e+03 5.305262127472484979e-19 4.993877448300883193e-20
8.518205523149686996e+03 5.396157994411655540e-19 4.500410588721693824e-20
8.523211451082741405e+03 5.585118576277543852e-19 4.531977444306551916e-20
8.528217379015797633e+03 4.764495009990616456e-19 4.561748675606347771e-20
8.533223306948853860e+03 5.687155889331129014e-19 4.975514140842441086e-20
8.538229234881910088e+03 5.230446752627371169e-19 5.367634781607475142e-20
8.543235162814964497e+03 4.138258384797443833e-19 5.951301829106900152e-20
8.548241090748020724e+03 4.828955388005773040e-19 6.146336941220363761e-20
8.553247018681076952e+03 4.671726153709776349e-19 5.757271319329616705e-20
8.558252946614131361e+03 5.402798056445179916e-19 5.032025438510511781e-20
8.563258874547187588e+03 5.096295272643903883e-19 4.962408690691719182e-20
8.568264802480243816e+03 5.227447477783423889e-19 5.140530467950163840e-20
8.573270730413300043e+03 4.502898298332097325e-19 5.221579346010364678e-20
8.578276658346354452e+03 3.914060643909823757e-19 5.157075737768954675e-20
8.583282586279410680e+03 5.202778616467278122e-19 5.232758613612164183e-20
8.588288514212466907e+03 4.713162770185537094e-19 5.354358674362935673e-20
8.593294442145521316e+03 5.304771313595098329e-19 5.461941082012826963e-20
8.598300370078577544e+03 4.579884123808033711e-19 5.299307429479785432e-20
8.603306298011633771e+03 5.298318015723809977e-19 5.001526064925885046e-20
8.608312225944689999e+03 5.143261376072334098e-19 5.121647377261767706e-20
8.613318153877744408e+03 5.605934671689427557e-19 5.957610878267955120e-20
8.618324081810800635e+03 3.563411422814858464e-19 7.041204845223180055e-20
8.623330009743856863e+03 2.611352908885284659e-19 7.976761025540233868e-20
8.628335937676911271e+03 5.254118114845302527e-19 8.410336620810269716e-20
8.633341865609967499e+03 6.786604980279989444e-19 8.075104176180353888e-20
8.638347793543023727e+03 8.353461933686941896e-19 7.123704235001672435e-20
8.643353721476079954e+03 4.922867060580535414e-19 6.595758346318487055e-20
8.648359649409134363e+03 4.541281858378536683e-19 7.302053469858210688e-20
8.653365577342190591e+03 3.223017469482997963e-19 8.272785376417568037e-20
8.658371505275246818e+03 5.592461038597224852e-19 8.644638810899032398e-20
8.663377433208301227e+03 5.555218934605655097e-19 8.403131910014930119e-20
8.668383361141357454e+03 5.275195138907901381e-19 7.963998852817604469e-20
8.673389289074413682e+03 4.712899025762036156e-19 7.466942566539652106e-20
8.678395217007469910e+03 4.323077307099946117e-19 6.877212579709722022e-20
8.683401144940524318e+03 4.600968770220464113e-19 6.292783213893436672e-20
8.688407072873580546e+03 4.187034906431364532e-19 5.917074963528112828e-20
8.693413000806636774e+03 4.479564798834519947e-19 5.796110744682405124e-20
8.698418928739691182e+03 5.416454575263868791e-19 5.771055037996104270e-20
8.703424856672747410e+03 4.780070204843134065e-19 5.697008792942097620e-20
8.708430784605803638e+03 4.032819269864235069e-19 5.450896409620028268e-20
8.713436712538859865e+03 4.189515877018258623e-19 5.135095560696683330e-20
8.718442640471914274e+03 4.614123379528214435e-19 4.968125464404447985e-20
8.723448568404970501e+03 4.513589524113604257e-19 4.920028904159198376e-20
8.728454496338024910e+03 4.840910264085046549e-19 4.846827371645836772e-20
8.733460424271081138e+03 4.294080127464292857e-19 4.835499789059065869e-20
8.738466352204137365e+03 5.106594841195777021e-19 4.853346147717172908e-20
8.743472280137193593e+03 4.773965133881639583e-19 4.809497085634742290e-20
8.748478208070249821e+03 4.754740689458359415e-19 4.961624444630907896e-20
8.753484136003304229e+03 5.264619467832132963e-19 6.784919006847730269e-20
8.758490063936360457e+03 6.214439521986750405e-19 9.335886966344337137e-20
8.763495991869414866e+03 6.245953378771887731e-19 1.105095911338075631e-19
8.768501919802471093e+03 5.479136652680151197e-19 1.070745456190518720e-19
8.773507847735527321e+03 4.312924969910354568e-19 1.059332912799728012e-19
8.778513775668583548e+03 5.197899232170196706e-19 9.958923559607117379e-20
8.783519703601639776e+03 3.187513848944312330e-19 8.369929148052497462e-20
8.788525631534694185e+03 4.339834901985522491e-19 7.075248900944634734e-20
8.793531559467750412e+03 4.789261693303338768e-19 6.800203191582995042e-20
8.798537487400804821e+03 4.608712463862595516e-19 5.692476973742109958e-20
8.803543415333861049e+03 4.532505494390415463e-19 5.279840639854488526e-20
8.808549343266917276e+03 4.592768134732838056e-19 5.472029252264473246e-20
8.813555271199973504e+03 4.740282266418618370e-19 5.661994656221639480e-20
8.818561199133029731e+03 3.714211256917355784e-19 9.024578529815568822e-20
8.823567127066084140e+03 1.722302886758994093e-19 1.435741810543660197e-19
8.828573054999140368e+03 3.189368211163973165e-20 1.582223831486750623e-19
8.833578982932194776e+03 4.268850650489516605e-19 1.326828332449414731e-19
8.838584910865251004e+03 3.457001776617400202e-19 1.005060620317621136e-19
8.843590838798307232e+03 3.812585974671787282e-19 7.850766752580124346e-20
8.848596766731363459e+03 3.595096843212977246e-19 7.074860273819934008e-20
8.853602694664417868e+03 5.065127200419720307e-19 6.527530131023952433e-20
8.858608622597474096e+03 5.940784098291421212e-19 6.469463197436795820e-20
8.863614550530530323e+03 4.954880118993108467e-19 7.968693528391705264e-20
8.868620478463584732e+03 5.225957335305893566e-19 8.114921609802956054e-20
8.873626406396640959e+03 3.974573347873755346e-19 6.711696490670520139e-20
8.878632334329697187e+03 6.022260626731041700e-19 8.850565055557221095e-20
8.883638262262753415e+03 7.583190403714856370e-19 1.174351899519124222e-19
8.888644190195807823e+03 3.625385080883669671e-19 1.125531263309581082e-19
8.893650118128864051e+03 3.929303911145484858e-19 7.999577001421357090e-20
8.898656046061920279e+03 1.425726522155587539e-19 8.153754813832129395e-20
8.903661973994974687e+03 8.898471291314566572e-20 8.768212794147778539e-20
8.908667901928030915e+03 2.817084998530511140e-19 7.977136877656731150e-20
8.913673829861087142e+03 5.780193173185574436e-19 1.078279998648602608e-19
8.918679757794143370e+03 4.775126902336769321e-19 1.314795829716920071e-19
8.923685685727199598e+03 3.386309469197440991e-19 1.173113447339238499e-19
8.928691613660254006e+03 3.995406891559899618e-19 7.419473733495339224e-20
8.933697541593308415e+03 4.219644687836609811e-19 6.479382424154662714e-20
8.938703469526364643e+03 4.668520839676552652e-19 8.416797389677092777e-20
8.943709397459420870e+03 2.730707121900307069e-19 9.240240894203853006e-20
8.948715325392477098e+03 5.980512114233996459e-19 9.457048968344975727e-20
8.953721253325533326e+03 6.372103473851159958e-19 1.258411763197007653e-19
8.958727181258589553e+03 7.576390496498045574e-19 1.362569139002047527e-19
8.963733109191643962e+03 4.796280116620060147e-19 1.031775063153185437e-19
8.968739037124698370e+03 3.107401042616389552e-19 6.738401982510932390e-20
8.973744965057754598e+03 3.815091890906776800e-19 6.363508673248511468e-20
8.978750892990810826e+03 4.836991255737386893e-19 6.763558101608596867e-20
8.983756820923867053e+03 2.782988813947416196e-19 7.921417425660619288e-20
8.988762748856923281e+03 2.843731668144569853e-19 8.243887387626998283e-20
8.993768676789977690e+03 5.707915441390787507e-19 8.797107512935173380e-20
8.998774604723033917e+03 6.891992070556515015e-19 9.792910893152242402e-20
9.003780532656088326e+03 6.947783568895943390e-19 9.290535086181948450e-20
9.008786460589144554e+03 4.029343595636738191e-19 6.799151338670234215e-20
9.013792388522200781e+03 4.894504796190432609e-19 5.607514528556256625e-20
9.018798316455257009e+03 5.159607831125214178e-19 5.629399472944597890e-20
9.023804244388313236e+03 4.035904954231202014e-19 5.698528901143710725e-20
9.028810172321367645e+03 3.957544449394551718e-19 5.982821215160820822e-20
9.033816100254423873e+03 4.284616597605860282e-19 6.748034576018435235e-20
9.038822028187478281e+03 5.167111465922336336e-19 7.187818093944484134e-20
9.043827956120534509e+03 2.111664758593452535e-19 7.817996914153373461e-20
9.048833884053590737e+03 9.074959688347584716e-20 8.172265095701245601e-20
9.053839811986646964e+03 3.393707163432398773e-19 7.590184943873642805e-20
9.058845739919703192e+03 4.343571982696448073e-19 6.425902329532315985e-20
9.063851667852757600e+03 3.426533052987852771e-19 6.292618726661166115e-20
9.068857595785813828e+03 3.433933739974505684e-19 6.377843646327319255e-20
9.073863523718868237e+03 3.801473723276404553e-19 6.319058273173727175e-20
9.078869451651924464e+03 3.717729317708658858e-19 6.353465073270478941e-20
9.083875379584980692e+03 4.878863403881607198e-19 6.580204490603805744e-20
9.088881307518036920e+03 3.676380492174906410e-19 6.905935977403888814e-20
9.093887235451093147e+03 5.000804694455601846e-19 7.147907379105749003e-20
9.098893163384147556e+03 4.972571639494363306e-19 7.347314817402879614e-20
9.103899091317203784e+03 4.706644140279725832e-19 7.065309360766322512e-20
9.108905019250258192e+03 3.172339783447988778e-19 6.289941487142332032e-20
9.113910947183314420e+03 3.849468285725265635e-19 5.719535568608688043e-20
9.118916875116370647e+03 3.990226163865831841e-19 5.602293143784422917e-20
9.123922803049426875e+03 4.071969571362539509e-19 5.565278024131574615e-20
9.128928730982483103e+03 3.669254808548423552e-19 5.518114231175390608e-20
9.133934658915537511e+03 3.279925175022452539e-19 5.538025005293725151e-20
9.138940586848593739e+03 2.924770262721694149e-19 5.538734575376526068e-20
9.143946514781648148e+03 3.162753177348280713e-19 5.748310593159656537e-20
9.148952442714704375e+03 5.886027104860429589e-19 6.112952847067818098e-20
9.153958370647760603e+03 5.622686142164122024e-19 6.443631582090513593e-20
9.158964298580816831e+03 3.921752719708744413e-19 6.533661950663796113e-20
9.163970226513873058e+03 4.019943913828981411e-19 6.272781086102732104e-20
9.168976154446927467e+03 3.961202403705393459e-19 5.894556040862403744e-20
9.173982082379983694e+03 4.969146488914541020e-19 5.808695762085522503e-20
9.178988010313038103e+03 4.887693542832899300e-19 5.918349435202059513e-20
9.183993938246094331e+03 3.933215476058221495e-19 5.964425552478046109e-20
9.188999866179150558e+03 4.402235825913840239e-19 6.056167707597332869e-20
9.194005794112206786e+03 4.020718165709926333e-19 6.151773358403094004e-20
9.199011722045263014e+03 3.237063534920409203e-19 6.458694874243331502e-20
9.204017649978317422e+03 2.695007429750532489e-19 6.722297849853150072e-20
9.209023577911373650e+03 4.926796267424202277e-19 6.971246223032857343e-20
9.214029505844428058e+03 3.790115541102203578e-19 7.416670169143679117e-20
9.219035433777484286e+03 4.109517980053560479e-19 7.414882919935024014e-20
9.224041361710540514e+03 3.290443239354599233e-19 7.218885085917818118e-20
9.229047289643596741e+03 3.955545114805581035e-19 7.197542903996446094e-20
9.234053217576652969e+03 4.324530718178404658e-19 6.656990009420358978e-20
9.239059145509707378e+03 3.706765014977145815e-19 6.449086071781575723e-20
9.244065073442761786e+03 2.609817310021542127e-19 6.519199563586052808e-20
9.249071001375818014e+03 3.799340533171022560e-19 6.286135503583914559e-20
9.254076929308874242e+03 3.709887144605841960e-19 6.348883492018598188e-20
9.259082857241930469e+03 3.702549767482040429e-19 6.601775651744277250e-20
9.264088785174986697e+03 3.553765931215886250e-19 7.110393057936796483e-20
9.269094713108042924e+03 3.049452139501043575e-19 6.938389765843551121e-20
9.274100641041097333e+03 3.180346694423244342e-19 6.577604674686724218e-20
9.279106568974151742e+03 3.680220417209060977e-19 6.914101693939488713e-20
9.284112496907207969e+03 4.121042712384886719e-19 7.100381970733938302e-20
9.289118424840264197e+03 2.918975528443869597e-19 7.729054706725188314e-20
9.294124352773320425e+03 4.293565889426876705e-19 7.857841269000437251e-20
9.299130280706376652e+03 3.394678870920623689e-19 1.109247500960078974e-19
9.304136208639432880e+03 1.820846343703089042e-19 1.674179983830831758e-19
9.309142136572487289e+03 3.779869244264211809e-19 2.320623876350434437e-19
9.314148064505541697e+03 4.416361893633076370e-19 2.026517436922262638e-19
9.319153992438597925e+03 5.235060517023880455e-19 1.843003892334056018e-19
9.324159920371654152e+03 1.945205956748273157e-19 1.856579277738966983e-19
9.329165848304710380e+03 4.192040045757762925e-19 1.603320689039359679e-19
9.334171776237766608e+03 3.011352962254192774e-19 1.490384608411527071e-19
9.339177704170821016e+03 4.800054619522940260e-19 1.521799283063680514e-19
9.344183632103877244e+03 4.269251096002981858e-19 1.254813353426229005e-19
9.349189560036931653e+03 2.644509275601690930e-19 1.108690427431764048e-19
9.354195487969987880e+03 4.141041784113550763e-19 1.026343159556068365e-19
9.359201415903044108e+03 4.841582257106539466e-19 1.002855468077625092e-19
9.364207343836100335e+03 3.324501755624431039e-19 1.151040283282312160e-19
9.369213271769156563e+03 5.801940897016202865e-19 2.075983648953195424e-19
9.374219199702210972e+03 8.304597666933946658e-19 2.917135326402218860e-19
9.379225127635267199e+03 2.978815698009765463e-19 2.503734533868986097e-19
9.384231055568321608e+03 2.868073002967892002e-19 1.548645063277533203e-19
9.389236983501377836e+03 3.769729115605493413e-19 9.726746702630056871e-20
9.394242911434434063e+03 4.566519800415052472e-19 9.115014862544132433e-20
9.399248839367490291e+03 3.980808448630316383e-19 1.065245985776252446e-19
9.404254767300546519e+03 5.381977864769924821e-19 1.049287976390878897e-19
9.409260695233600927e+03 5.736437176454209758e-19 9.293145464835317598e-20
9.414266623166657155e+03 4.714855054484561070e-19 1.181482883801984422e-19
9.419272551099711563e+03 5.964331144344333233e-19 1.307542971492421484e-19
9.424278479032767791e+03 2.914965854068836876e-19 1.278026130144083976e-19
9.429284406965824019e+03 3.530962127778468960e-19 1.260237339323444891e-19
9.434290334898880246e+03 5.360215314314854945e-19 1.844240749707768412e-19
9.439296262831936474e+03 4.548294549712234772e-19 2.450482194023736214e-19
9.444302190764990883e+03 2.171332119490137036e-19 1.912036543350446187e-19
9.449308118698047110e+03 1.014954513942538994e-19 1.439132464345070859e-19
9.454314046631101519e+03 6.892787207362128054e-19 1.672984338775792845e-19
9.459319974564157746e+03 3.028378968730205113e-19 1.947070415365082049e-19
9.464325902497213974e+03 4.447817457401218245e-19 1.534138849946338172e-19
9.469331830430270202e+03 5.586613939624640875e-19 1.670991796342644209e-19
9.474337758363326429e+03 3.008179710391962123e-19 2.299191827753132810e-19
9.479343686296380838e+03 7.636892720301755670e-19 2.274716074884674669e-19
9.484349614229437066e+03 4.955108471751238243e-19 1.531768624788185756e-19
9.489355542162491474e+03 3.738974407288326635e-19 1.070909309389451465e-19
9.494361470095547702e+03 5.056308701312452272e-19 1.301355045262426638e-19
9.499367398028603930e+03 1.961004357274859407e-19 1.588948870356193190e-19
9.504373325961660157e+03 4.056924613410157823e-19 1.386958544543784683e-19
9.509379253894716385e+03 1.691144270696930859e-19 1.244988055861998538e-19
9.514385181827770793e+03 2.755749379374720084e-19 1.649398146580056594e-19
9.519391109760827021e+03 2.935798811411142776e-19 2.044112332263320970e-19
9.524397037693881430e+03 4.103527506692419283e-19 1.613968244408927474e-19
9.529402965626937657e+03 5.422163326336618377e-19 1.068927347547327242e-19
9.534408893559993885e+03 3.198850078466268925e-19 9.726088989272132183e-20
9.539414821493050113e+03 1.391249867285259017e-19 1.029621204271483414e-19
9.544420749426106340e+03 4.010934878874111787e-19 1.210004281553960706e-19
9.549426677359160749e+03 4.558204782897365139e-19 1.465959953854343764e-19
9.554432605292216977e+03 2.251819590235087473e-19 1.427854830015666891e-19
9.559438533225271385e+03 3.817120980090814800e-19 1.466208480331764372e-19
9.564444461158327613e+03 6.679099086906106029e-19 1.641340775677356188e-19
9.569450389091383840e+03 4.574129913976904004e-19 1.647132056725480375e-19
9.574456317024440068e+03 5.286519826961111540e-19 1.279788156780460497e-19
9.579462244957496296e+03 2.898605675665632002e-19 1.081334746234322212e-19
9.584468172890550704e+03 3.628128609428337616e-19 1.103227426051428778e-19
9.589474100823605113e+03 4.117730098600024359e-19 1.079222931970631081e-19
9.594480028756661341e+03 2.862908465693916793e-19 1.060752108167928944e-19
9.599485956689717568e+03 3.207830592186657016e-19 1.125607314938974808e-19
9.604491884622773796e+03 3.876799887968082700e-19 1.270410725857551545e-19
9.609497812555830023e+03 5.499346690178682471e-19 1.267533771623932961e-19
9.614503740488886251e+03 2.518661855930402497e-19 1.294752034767651201e-19
9.619509668421940660e+03 2.444631483482153793e-19 1.415672969716211473e-19
9.624515596354995068e+03 6.033981278217734436e-20 1.315255091597650230e-19
9.629521524288051296e+03 4.646881276309587210e-19 1.138411422445170578e-19
9.634527452221107524e+03 2.512612468983013400e-19 1.062310685924773500e-19
9.639533380154163751e+03 3.103919337448128275e-19 1.042787979010236692e-19
9.644539308087219979e+03 3.784793034274853496e-19 1.053267078479536140e-19
9.649545236020274388e+03 2.383315682582483504e-19 1.091352619936955214e-19
9.654551163953330615e+03 1.871966434851772612e-19 1.119164281932234290e-19
9.659557091886385024e+03 6.362261767098672814e-19 1.181259717151324260e-19
9.664563019819441251e+03 4.205157478795203276e-19 1.237685903381288843e-19
9.669568947752497479e+03 3.493091861132297949e-19 1.259559244611202306e-19
9.674574875685553707e+03 1.109455956116552428e-19 1.474283438528021077e-19
9.679580803618609934e+03 3.732455068760902867e-19 1.502244124071850610e-19
9.684586731551664343e+03 1.462072022395592580e-19 1.537276939338597581e-19
9.689592659484720571e+03 3.462481670695179104e-19 1.467760735574937106e-19
9.694598587417774979e+03 3.188640710018060441e-19 1.590208552275011320e-19
9.699604515350831207e+03 1.835591936492754016e-19 1.632195198099099742e-19
9.704610443283887435e+03 3.641607186479643469e-19 1.608652756426109817e-19
9.709616371216943662e+03 5.937201529882310821e-19 1.624104483205923971e-19
9.714622299149999890e+03 3.836157371422081363e-19 2.055116526335032673e-19
9.719628227083054298e+03 6.312698497114753070e-19 2.284552180134520513e-19
9.724634155016110526e+03 5.398311499963138060e-19 1.852650187774172136e-19
9.729640082949164935e+03 2.736106689520963354e-19 1.542322017213003227e-19
9.734646010882221162e+03 2.328875102341932248e-19 1.426305060732159345e-19
9.739651938815277390e+03 2.996867671630582138e-19 1.621180508033280119e-19
9.744657866748333618e+03 2.192638134988540566e-19 1.461854287193702271e-19
9.749663794681389845e+03 4.080833645169489541e-19 1.248202066417014566e-19
9.754669722614444254e+03 5.095163691922270613e-19 1.171948489668103318e-19
9.759675650547500481e+03 3.229977781815477073e-19 1.179551358384171781e-19
9.764681578480554890e+03 4.207617212096096233e-19 1.125286038615937883e-19
9.769687506413611118e+03 3.231935755592819278e-19 1.144920744570471505e-19
9.774693434346667345e+03 3.753284216437483957e-19 1.169631915909901359e-19
9.779699362279723573e+03 4.387131061969238643e-19 1.267109457998051804e-19
9.784705290212779801e+03 5.547785651008576435e-19 1.959052448587076649e-19
9.789711218145834209e+03 3.647217196232275300e-19 2.450605424413324927e-19
9.794717146078890437e+03 3.953519754139960791e-19 2.419691693925693690e-19
9.799723074011944846e+03 3.150322615289952943e-19 1.966313879375979578e-19
9.804729001945001073e+03 5.129533910054696172e-19 1.705663939013773796e-19
9.809734929878057301e+03 1.763045469221119516e-19 1.695289204652516662e-19
9.814740857811113528e+03 3.539345806703651511e-19 1.761752456497569849e-19
9.819746785744169756e+03 4.636670748184804648e-19 1.569080302295791088e-19
9.824752713677224165e+03 3.384107521616899297e-19 1.507598580859187775e-19
9.829758641610280392e+03 4.510622825611025434e-19 1.539717475020262565e-19
9.834764569543334801e+03 5.398544079300265130e-19 1.465250486914660833e-19
9.839770497476391029e+03 6.133906955551245389e-19 1.598542841005513272e-19
9.844776425409447256e+03 5.614450435773101706e-19 2.141103300999361418e-19
9.849782353342503484e+03 4.442891828313145694e-20 2.243616044452391295e-19
9.854788281275559712e+03 3.030719874192368890e-19 1.803026627183099090e-19
9.859794209208614120e+03 3.865549120910656247e-19 1.655920473481649155e-19
9.864800137141670348e+03 7.203848572126658008e-19 1.899904238678156193e-19
9.869806065074724756e+03 7.525850463545381373e-19 2.492894298708401440e-19
9.874811993007780984e+03 1.735843762840114812e-19 2.437294447243770262e-19
9.879817920940837212e+03 2.173133569492215101e-19 2.144294920858255141e-19
9.884823848873893439e+03 2.475577046299455438e-19 1.665763221093631335e-19
9.889829776806949667e+03 4.838253851229797726e-19 1.764904624544878583e-19
9.894835704740004076e+03 2.713419147915499147e-19 1.803985538334906283e-19
9.899841632673058484e+03 6.402553837867949829e-19 1.848013087207006105e-19
9.904847560606114712e+03 4.608760603622326152e-19 1.816185821091544886e-19
9.909853488539170939e+03 2.499091514622796402e-19 2.315951161379140629e-19
9.914859416472227167e+03 1.767964423793676375e-19 2.563365343798557307e-19
9.919865344405283395e+03 3.600756245380622568e-19 2.212185118825448381e-19
9.924871272338339622e+03 5.254583726252524186e-19 1.735060058808772937e-19
9.929877200271394031e+03 4.900924351676803771e-19 1.770575499549702808e-19
9.934883128204448440e+03 4.120090956994690388e-19 2.051706949988099888e-19
9.939889056137504667e+03 2.242221692188088081e-19 2.864099833342708268e-19
9.944894984070560895e+03 4.137250464345037482e-19 4.718869982906317865e-19
9.949900912003617123e+03 4.541237612303272830e-19 3.103862004365127508e-19
9.954906839936673350e+03 6.607252071315066948e-19 3.126247764270751239e-19
9.959912767869729578e+03 4.846125728684500625e-19 3.431875862782977936e-19
9.964918695802783986e+03 4.679124762723679155e-19 3.315238467970121668e-19
9.969924623735838395e+03 5.100707238521615523e-19 2.823956725108458239e-19
9.974930551668894623e+03 5.596583391722306948e-19 2.385304274675352330e-19
9.979936479601950850e+03 4.102579287892783989e-19 2.227089620701552141e-19
9.984942407535007078e+03 2.142481240453101100e-19 2.161404105569279715e-19
9.989948335468063306e+03 5.463975578621776078e-19 2.065742465781807213e-19
9.994954263401117714e+03 6.100253555130463586e-19 2.089591045094426153e-19
9.999960191334173942e+03 4.241529392315163521e-19 2.219478432660389333e-19
1.000496611926722835e+04 4.879085106911128286e-19 2.648164063218961795e-19
1.000997204720028458e+04 1.914601765997720777e-19 3.715445674746514465e-19
1.001497797513334081e+04 6.274857651716266290e-19 3.402882530365423765e-19
1.001998390306639703e+04 4.496343159043015073e-19 3.819980108400286904e-19
1.002498983099945326e+04 4.017107310627895156e-19 2.891891831784171623e-19
1.002999575893250767e+04 5.139387337713398446e-19 2.570765220621307884e-19
1.003500168686556390e+04 3.375661016839121032e-19 2.192130407229340583e-19
1.004000761479861831e+04 2.660870927863628943e-19 2.299789858383532613e-19
1.004501354273167453e+04 1.290412210457565463e-19 2.518275677895049696e-19
1.005001947066473076e+04 5.175271990517128394e-19 2.339500241953541947e-19
1.005502539859778699e+04 9.518462486992921713e-19 2.366918369275979898e-19
1.006003132653084322e+04 7.235135436055544703e-19 2.662068122768386198e-19
1.006503725446389763e+04 6.577179233550359117e-19 2.830750164947404785e-19
1.007004318239695385e+04 8.510333613268372657e-19 2.718657608288388005e-19
1.007504911033000826e+04 5.347508531485908099e-19 2.730140079889783751e-19
1.008005503826306449e+04 4.128581374456698218e-19 2.869447214871220745e-19
1.008506096619612072e+04 -9.904014221799216042e-20 3.616897506034526076e-19
1.009006689412917694e+04 2.710779503584183885e-19 3.022409607918909716e-19
1.009507282206223317e+04 8.193599355381963927e-19 2.915673163565319773e-19
1.010007874999528758e+04 8.781453291342855297e-19 3.030535898030114262e-19
1.010508467792834381e+04 1.215060688282769352e-19 3.505432056031045613e-19
1.011009060586139822e+04 5.882596848019751585e-19 3.154295753165701987e-19
1.011509653379445444e+04 4.419646214041174550e-19 3.280511037589146846e-19
1.012010246172751067e+04 8.266543868956109086e-19 3.418015655727862140e-19
1.012510838966056690e+04 1.216556254513470867e-18 3.445390943879476899e-19
1.013011431759362313e+04 9.084393184343239170e-19 3.237514697318837349e-19
1.013512024552667754e+04 7.201903199569159378e-19 3.254560091366588201e-19
1.014012617345973376e+04 1.093223451788312581e-18 3.183357585799019604e-19
1.014513210139278817e+04 4.841547062185936026e-20 2.972801531024705157e-19
1.015013802932584440e+04 2.828996358571860875e-19 3.161377986528338382e-19
1.015514395725890063e+04 1.940842465774017543e-19 3.599759598513666418e-19
1.016014988519195686e+04 9.974427801862441285e-19 3.398699468661525173e-19
1.016515581312501308e+04 9.677704280365752225e-19 3.586354146791489405e-19
1.017016174105806749e+04 8.330416586673552834e-19 4.030452170967049092e-19
1.017516766899112372e+04 8.085897286352578327e-19 4.276698991992886305e-19
1.018017359692417813e+04 3.769998436280334335e-19 3.681320639665641978e-19
1.018517952485723436e+04 3.060114663437213499e-19 3.831401417352899291e-19
1.019018545279029058e+04 2.583171601724247651e-19 4.891504034256825324e-19
1.019519138072334681e+04 2.738794160890163460e-19 3.869468471497430580e-19
1.020019730865640304e+04 6.006240360083988424e-19 4.029246196411781280e-19
1.020520323658945745e+04 6.828684367007883226e-19 3.927093207148428714e-19
1.021020916452251367e+04 3.958350703918407814e-19 4.079865764999470600e-19
1.021521509245556808e+04 -1.979264272199819306e-19 4.655489914689402061e-19
1.022022102038862431e+04 1.222977217462295950e-18 4.712747661547727390e-19
1.022522694832168054e+04 9.136339723743771565e-19 4.471836986311786496e-19
1.023023287625473677e+04 1.295821649331314442e-18 4.997798057632038133e-19
1.023523880418779299e+04 1.083450051544645881e-19 4.831182387569838400e-19
1.024024473212084740e+04 4.694913062705871926e-20 4.200879546465740337e-19
1.024525066005390181e+04 -3.991518907708943229e-20 3.878586953442805164e-19
1.025025658798695804e+04 3.627038474027818117e-19 3.981323789368797399e-19
1.025526251592001427e+04 7.483276852612015426e-19 3.921388571274095101e-19
1.026026844385307049e+04 -2.831649534743428973e-20 3.955229330286556504e-19
1.026527437178612672e+04 9.479454654882422315e-19 3.845257278717038672e-19
1.027028029971918295e+04 3.051320070918155740e-19 3.893820225918183117e-19
1.027528622765223736e+04 9.162726017800500530e-19 3.966068667379438266e-19
1.028029215558529177e+04 8.697354823646913746e-19 6.128565749111211298e-19
1.028529808351834799e+04 1.855447893689726552e-18 7.517106434395172787e-19
1.029030401145140422e+04 -1.226418618401611320e-19 6.761163839457626939e-19
1.029530993938446045e+04 1.366822153283064608e-18 5.758386874488503216e-19
