#  wl flam flam_err
4.803806996822357178e+03 5.276027196365188041e-18 8.245198648632535478e-18
4.808812924755412496e+03 6.259411253463142789e-18 7.512007102542054820e-18
4.813818852688468723e+03 2.248629907206510996e-18 7.007102420167806212e-18
4.818824780621524042e+03 1.324867992842524990e-18 6.583969468627610433e-18
4.823830708554580269e+03 -5.661493089956002873e-18 6.137157047941731310e-18
4.828836636487635587e+03 1.581883016865407286e-18 5.688317208868826736e-18
4.833842564420691815e+03 4.863792166983622332e-18 5.095639006974646956e-18
4.838848492353747133e+03 -3.600740328347207260e-18 4.499082816797447101e-18
4.843854420286802451e+03 -2.468286214467602449e-18 3.993489676504285762e-18
4.848860348219858679e+03 5.742054546884768772e-18 3.657315235215361942e-18
4.853866276152913997e+03 1.387622752658937632e-18 3.448800506227646856e-18
4.858872204085970225e+03 -1.715116735887509262e-18 3.270243560641008980e-18
4.863878132019025543e+03 2.499775577977916716e-19 3.119869404827883137e-18
4.868884059952080861e+03 2.259347519453872590e-18 2.962116187620260757e-18
4.873889987885137089e+03 2.178641812948830085e-18 2.712070343582795560e-18
4.878895915818192407e+03 3.900308303762680466e-18 2.484685104695879035e-18
4.883901843751248634e+03 3.775162303353175285e-18 2.264940363501713583e-18
4.888907771684303952e+03 4.783499054817286902e-18 2.097600923779302734e-18
4.893913699617360180e+03 2.381232271109917574e-18 1.967041164745018521e-18
4.898919627550415498e+03 4.981033783376097083e-18 1.875898923187576620e-18
4.903925555483470816e+03 2.289034603685067856e-18 1.817362138447739830e-18
4.908931483416527044e+03 1.221240921558106841e-18 1.751134315147095734e-18
4.913937411349582362e+03 1.925653381231173314e-18 1.681682895891411208e-18
4.918943339282638590e+03 -1.299238119134638913e-19 1.601397267978875929e-18
4.923949267215693908e+03 3.504758381848829836e-19 1.518496466271939249e-18
4.928955195148750136e+03 1.957899688146475225e-18 1.431091149478088049e-18
4.933961123081805454e+03 2.045491716734532769e-18 1.379211027163084795e-18
4.938967051014860772e+03 1.788415215803396989e-18 1.346746307177635733e-18
4.943972978947916999e+03 1.035048038025434237e-18 1.333411411112745691e-18
4.948978906880972318e+03 8.074432566838198223e-20 1.352302386329456728e-18
4.953984834814028545e+03 1.001335719177420728e-18 1.366654521062779420e-18
4.958990762747083863e+03 1.504017686236354783e-18 1.380680460928802492e-18
4.963996690680139181e+03 3.778336552635154672e-18 1.385374276789666282e-18
4.969002618613195409e+03 5.007254521427644062e-18 1.355414191516383835e-18
4.974008546546250727e+03 3.062191406073080391e-18 1.302498623527290001e-18
4.979014474479306955e+03 2.734898534809009701e-18 1.234223120235410349e-18
4.984020402412362273e+03 1.993852753250824716e-18 1.171237868070721088e-18
4.989026330345418501e+03 1.960507089293459007e-18 1.134966837420565944e-18
4.994032258278473819e+03 1.162922115573032616e-18 1.106831233169882267e-18
4.999038186211529137e+03 4.948572093305916278e-19 1.065904559587061036e-18
5.004044114144585365e+03 1.318155344946907137e-18 1.008881193146508740e-18
5.009050042077640683e+03 1.206284653097355444e-18 9.630987531918293832e-19
5.014055970010696910e+03 -2.762496110680033514e-19 9.260586586193649492e-19
5.019061897943752228e+03 6.817268799374975239e-19 8.898189611345631262e-19
5.024067825876807547e+03 1.837233379742784889e-18 8.625229768552764018e-19
5.029073753809863774e+03 2.570623114015528759e-18 8.453944496263002749e-19
5.034079681742919092e+03 2.430781543943647313e-18 8.303790340588404683e-19
5.039085609675975320e+03 6.545079741615268509e-19 8.338061741326915907e-19
5.044091537609030638e+03 8.377393526593548917e-19 8.391282689857312118e-19
5.049097465542086866e+03 1.743458427239302169e-18 8.548668984696116472e-19
5.054103393475142184e+03 5.483428512661244095e-19 8.673888230369731092e-19
5.059109321408197502e+03 7.375357535166362790e-19 8.588226618666884613e-19
5.064115249341253730e+03 8.989365043040065952e-19 8.381316982670385892e-19
5.069121177274309048e+03 2.084888836887678553e-18 8.043183714568230707e-19
5.074127105207365275e+03 2.213498213455692983e-18 7.672467804634847640e-19
5.079133033140420594e+03 1.404156836555326847e-18 7.354722365713076931e-19
5.084138961073476821e+03 2.662682053411326751e-18 7.115330167606920144e-19
5.089144889006532139e+03 2.066920399935321237e-18 6.895735096321111645e-19
5.094150816939587457e+03 1.003847525080064405e-18 6.814176548154502709e-19
5.099156744872643685e+03 2.096445658787257448e-18 6.797343359871073452e-19
5.104162672805699003e+03 2.113184798840354437e-18 6.863939622316740899e-19
5.109168600738755231e+03 2.318246315945557946e-18 7.034042313201144562e-19
5.114174528671810549e+03 2.062818793631109355e-18 7.187807135290303187e-19
5.119180456604865867e+03 1.170627905621935620e-18 7.262089706536071051e-19
5.124186384537922095e+03 1.586561484788396142e-18 7.227053449214000457e-19
5.129192312470977413e+03 2.466717058095885851e-18 7.059886037745609554e-19
5.134198240404033641e+03 1.519260163182169060e-18 6.757236812442666594e-19
5.139204168337088959e+03 2.246420570573300263e-18 6.584773382785079826e-19
5.144210096270145186e+03 1.860306528221692572e-18 6.390429556210137574e-19
5.149216024203200504e+03 3.025154251157226097e-18 6.192779503512297144e-19
5.154221952136255823e+03 3.390208182758665952e-18 6.054200430548829830e-19
5.159227880069312050e+03 2.784183846024116435e-18 5.929685832993980982e-19
5.164233808002367368e+03 3.084516844660930049e-18 5.739710920106927565e-19
5.169239735935423596e+03 2.494866847209256440e-18 5.570801601969463394e-19
5.174245663868478914e+03 2.740236975681764757e-18 5.377356258681350477e-19
5.179251591801534232e+03 3.076717480055933367e-18 5.196222440139798085e-19
5.184257519734590460e+03 2.557063229834828511e-18 5.011652940951469486e-19
5.189263447667645778e+03 1.183323315148510717e-18 4.927207959988870700e-19
5.194269375600702006e+03 1.789902276463954213e-18 4.957130741112712689e-19
5.199275303533757324e+03 2.043687929308899162e-18 4.952007898563225670e-19
5.204281231466813551e+03 2.765458442531051143e-18 4.953383239283314065e-19
5.209287159399868870e+03 2.030469568494270166e-18 4.930881708919060465e-19
5.214293087332924188e+03 1.878223993879023301e-18 5.011023856419514062e-19
5.219299015265980415e+03 1.610778311217365541e-18 5.226414463116584608e-19
5.224304943199035733e+03 1.324942666173351342e-18 5.348568492589150571e-19
5.229310871132091961e+03 2.159469528284748552e-18 5.476951830313233189e-19
5.234316799065147279e+03 2.282323540558516023e-18 5.609061568667449426e-19
5.239322726998203507e+03 2.513930219692507547e-18 5.658973993635270951e-19
5.244328654931258825e+03 3.210365394010998184e-18 5.596258674475743206e-19
5.249334582864314143e+03 3.009134862833533995e-18 5.451873128018022044e-19
5.254340510797370371e+03 2.879977198628631380e-18 5.239358060448783291e-19
5.259346438730425689e+03 2.948634864677986524e-18 4.914578147717548669e-19
5.264352366663481916e+03 2.375714953645822922e-18 4.655634497942710471e-19
5.269358294596537235e+03 2.275532720534132879e-18 4.493153708596621857e-19
5.274364222529593462e+03 2.868252053306438196e-18 4.471760224037934636e-19
5.279370150462648780e+03 2.162734218078867783e-18 4.507238782427288207e-19
5.284376078395704099e+03 2.490424767553258417e-18 4.551954343148294633e-19
5.289382006328760326e+03 2.617067633204418360e-18 4.601694243863835102e-19
5.294387934261815644e+03 1.582661596550971480e-18 4.662412709448969812e-19
5.299393862194871872e+03 1.895325926121038307e-18 4.707521492738906194e-19
5.304399790127927190e+03 1.401832748873302982e-18 4.811432115420429255e-19
5.309405718060982508e+03 1.989509155954035696e-18 4.768582303056671733e-19
5.314411645994038736e+03 2.347539388404537381e-18 4.721496826848767022e-19
5.319417573927094054e+03 2.140553230800503855e-18 4.597701697684176806e-19
5.324423501860150282e+03 2.207878447232375404e-18 4.477918234858265997e-19
5.329429429793205600e+03 2.418946580746367360e-18 4.390803486436782614e-19
5.334435357726260918e+03 2.476745033641645904e-18 4.318702574742309455e-19
5.339441285659317145e+03 2.330945560548676917e-18 4.284291159913771290e-19
5.344447213592372464e+03 2.073066132274458826e-18 4.250969404862505863e-19
5.349453141525428691e+03 2.563893219984531761e-18 4.283502932555859807e-19
5.354459069458484009e+03 1.879480564896244587e-18 4.350360507684046983e-19
5.359464997391540237e+03 1.795293086643589140e-18 4.421437250009233428e-19
5.364470925324595555e+03 1.347388713633048269e-18 4.457441356157296045e-19
5.369476853257650873e+03 1.986066077256740506e-18 4.539091543368046472e-19
5.374482781190707101e+03 2.136748616930200528e-18 4.662637969507425916e-19
5.379488709123762419e+03 1.993031338455582151e-18 4.699819561464179414e-19
5.384494637056818647e+03 2.663787554381748490e-18 4.648738516224297360e-19
5.389500564989873965e+03 2.791082965907528571e-18 4.521934584800808870e-19
5.394506492922930192e+03 1.828854717650119374e-18 4.426024539423525732e-19
5.399512420855985511e+03 1.388926081027188634e-18 4.290387362270650686e-19
5.404518348789040829e+03 1.413769791743291126e-18 4.230513031816676274e-19
5.409524276722097056e+03 1.155751951352628522e-18 4.183635859464346511e-19
5.414530204655152374e+03 1.962055951437182305e-18 4.160234495609039222e-19
5.419536132588208602e+03 2.357584417230708868e-18 4.122525946477779704e-19
5.424542060521263920e+03 2.611924179418569135e-18 4.069035766496908034e-19
5.429547988454320148e+03 2.142556830785083631e-18 4.019296682419079743e-19
5.434553916387375466e+03 2.288416878452163689e-18 3.990190442499066163e-19
5.439559844320430784e+03 2.463179038386043643e-18 3.936142633267813088e-19
5.444565772253487012e+03 2.632191008938923331e-18 3.903379200205922617e-19
5.449571700186542330e+03 2.641646833245186978e-18 3.839609705361033625e-19
5.454577628119598558e+03 2.309078766061355824e-18 3.827018748055937355e-19
5.459583556052653876e+03 2.653720424658900541e-18 3.767097915951689786e-19
5.464589483985709194e+03 2.431840766289890810e-18 3.719909096307068724e-19
5.469595411918765421e+03 2.633963247118633771e-18 3.693588959462515110e-19
5.474601339851820740e+03 1.614661575049590968e-18 3.675394510690693442e-19
5.479607267784876967e+03 1.911260498827548176e-18 3.700695064751032198e-19
5.484613195717932285e+03 2.358092735568791482e-18 3.737195151230709887e-19
5.489619123650987603e+03 1.916402470788127463e-18 3.771160563859013016e-19
5.494625051584043831e+03 1.842918470723322477e-18 3.827465012383265099e-19
5.499630979517099149e+03 2.221795555504428817e-18 3.918878526611200933e-19
5.504636907450155377e+03 1.975562140317441531e-18 4.028839855789175707e-19
5.509642835383210695e+03 2.057730385703516133e-18 4.014909711786663385e-19
5.514648763316266923e+03 1.655288544850178702e-18 3.951478470684072575e-19
5.519654691249322241e+03 1.250227117871687373e-18 3.896962300288145311e-19
5.524660619182377559e+03 1.314007503524550499e-18 3.821043584341807065e-19
5.529666547115433787e+03 1.586960790560741765e-18 3.736419161598743918e-19
5.534672475048489105e+03 1.540934934675366056e-18 3.694526146498047617e-19
5.539678402981545332e+03 1.379638583151237685e-18 3.633704270336908395e-19
5.544684330914600650e+03 1.086036865209766956e-18 3.596189400772714554e-19
5.549690258847656878e+03 2.440906914715307971e-18 3.506060958779090040e-19
5.554696186780712196e+03 2.490596791314656383e-18 3.426201942468978252e-19
5.559702114713767514e+03 2.950017362119100011e-18 3.361707577145972074e-19
5.564708042646823742e+03 2.230624209546239805e-18 3.436860087000770974e-19
5.569713970579879060e+03 2.011264116252740336e-18 4.982800540199042411e-19
5.574719898512935288e+03 2.031165794939949563e-18 6.775013363091522544e-19
5.579725826445990606e+03 2.023749568703523618e-18 6.520150466753254806e-19
5.584731754379046833e+03 2.458408335971598121e-18 4.547473442212980952e-19
5.589737682312102152e+03 1.998528906170525723e-18 3.068439250329340263e-19
5.594743610245157470e+03 1.888529924026795315e-18 3.002532870888141150e-19
5.599749538178213697e+03 1.986639516607081154e-18 3.078129551293749193e-19
5.604755466111269016e+03 1.885886624704707461e-18 3.143559026825919644e-19
5.609761394044325243e+03 2.386475043610234816e-18 3.205893184415188391e-19
5.614767321977380561e+03 1.965346084077792267e-18 3.266672852112977764e-19
5.619773249910436789e+03 2.256670600982633997e-18 3.345953448936393931e-19
5.624779177843492107e+03 2.599269937276768589e-18 3.410182001819481283e-19
5.629785105776547425e+03 2.111127461059474097e-18 3.468617785192142875e-19
5.634791033709603653e+03 2.073470031703527252e-18 3.517759044493769249e-19
5.639796961642658971e+03 1.938311379165720559e-18 3.466878752993480609e-19
5.644802889575714289e+03 1.185652635097673996e-18 3.407135386429279225e-19
5.649808817508770517e+03 1.928516229099439183e-18 3.311204181844715902e-19
5.654814745441825835e+03 1.644650461814102905e-18 3.247518427981055243e-19
5.659820673374882062e+03 2.172164080118789432e-18 3.198803381618936044e-19
5.664826601307937381e+03 1.763239910768474898e-18 3.172532310266114424e-19
5.669832529240993608e+03 1.880089335403239820e-18 3.151173078948955113e-19
5.674838457174048926e+03 1.593409360988873693e-18 3.099659300863981739e-19
5.679844385107104245e+03 1.969269145778141958e-18 3.085677206246052636e-19
5.684850313040160472e+03 2.028097171562508840e-18 3.054255573381510853e-19
5.689856240973215790e+03 1.773003573686957462e-18 3.055551660803557151e-19
5.694862168906272018e+03 1.854241330299795141e-18 3.067109391240910567e-19
5.699868096839327336e+03 1.439316913910806397e-18 3.077957505759886059e-19
5.704874024772383564e+03 1.669258521998803718e-18 3.081633901206245717e-19
5.709879952705438882e+03 1.948110771048677305e-18 3.112853042294956297e-19
5.714885880638494200e+03 1.986909370223078638e-18 3.166144485564700055e-19
5.719891808571550428e+03 2.211408598124375882e-18 3.208775026082990758e-19
5.724897736504605746e+03 1.884371961681000600e-18 3.268486025920748861e-19
5.729903664437661973e+03 1.777927693114762805e-18 3.280426191341236665e-19
5.734909592370717291e+03 1.930752601519156470e-18 3.284879159235852452e-19
5.739915520303773519e+03 1.965282765933975896e-18 3.322531935346194650e-19
5.744921448236828837e+03 1.084997582365259540e-18 3.365438983036922934e-19
5.749927376169884155e+03 2.144170268609806150e-18 3.378193424173164123e-19
5.754933304102940383e+03 1.778019783898104290e-18 3.411343874021484934e-19
5.759939232035995701e+03 2.468142812379929421e-18 3.437070673945898192e-19
5.764945159969051929e+03 1.337691370996918007e-18 3.414508170905793613e-19
5.769951087902107247e+03 1.758640496005985580e-18 3.316188279857130019e-19
5.774957015835163475e+03 1.537952910168379917e-18 3.219554664496070924e-19
5.779962943768218793e+03 1.103075597754721383e-18 3.126034292797092033e-19
5.784968871701274111e+03 1.876874435973857352e-18 3.080113005494563821e-19
5.789974799634330338e+03 1.133017405040689796e-18 3.058994745867494003e-19
5.794980727567385657e+03 1.943937926367956192e-18 3.024838980652839734e-19
5.799986655500441884e+03 1.777957129091940568e-18 2.982800636984073477e-19
5.804992583433497202e+03 1.881498260831223981e-18 2.984553118196739096e-19
5.809998511366552520e+03 1.736829206342033796e-18 2.949879802440088120e-19
5.815004439299608748e+03 1.482037051760797772e-18 2.928453458031882271e-19
5.820010367232664066e+03 2.200277177060124665e-18 2.946625777483952387e-19
5.825016295165720294e+03 2.306770480165247789e-18 2.920679113894026919e-19
5.830022223098775612e+03 1.291987116523418468e-18 2.923402135634144585e-19
5.835028151031830930e+03 1.769830264870737072e-18 2.907590667941852619e-19
5.840034078964887158e+03 1.999656654633269501e-18 2.875090602632426012e-19
5.845040006897942476e+03 1.724815216715809004e-18 2.873958541802316586e-19
5.850045934830998704e+03 1.894315515974700021e-18 2.871678049960229612e-19
5.855051862764054022e+03 2.071736990383546714e-18 2.884852581060924509e-19
5.860057790697110249e+03 2.011548701466564372e-18 2.968075603151677246e-19
5.865063718630165567e+03 1.381154851510028440e-18 3.061154220268528924e-19
5.870069646563220886e+03 1.952046045388248840e-18 3.061151755566023237e-19
5.875075574496277113e+03 1.132986659021045409e-18 3.002893545417887404e-19
5.880081502429332431e+03 1.256820282492405366e-18 3.094109520776307999e-19
5.885087430362388659e+03 1.398502022524064528e-18 3.529838422309312402e-19
5.890093358295443977e+03 1.517452318327032868e-18 3.831296713509868558e-19
5.895099286228500205e+03 8.215978915537599927e-19 3.641973929414653514e-19
5.900105214161555523e+03 1.860590075094133037e-18 3.179794097911878436e-19
5.905111142094610841e+03 1.367688887444825713e-18 2.969704893863525565e-19
5.910117070027667069e+03 1.963920380792302365e-18 2.971054611637255681e-19
5.915122997960722387e+03 1.925556822119498124e-18 2.995718975552973713e-19
5.920128925893778614e+03 2.518892429570107360e-18 2.950920590059576220e-19
5.925134853826833933e+03 1.821628333307958341e-18 2.924105818814102639e-19
5.930140781759890160e+03 1.583349920714033010e-18 2.933647174487563157e-19
5.935146709692945478e+03 1.562980327093739897e-18 2.891146248703869390e-19
5.940152637626000796e+03 2.351747808053767156e-18 2.813581756276576751e-19
5.945158565559057024e+03 1.482341462113368409e-18 2.808082746850613961e-19
5.950164493492112342e+03 1.381854709990662657e-18 2.837829110138209876e-19
5.955170421425167660e+03 1.607721845795510550e-18 2.796108558415909026e-19
5.960176349358223888e+03 1.584372556779574983e-18 2.758073597584670021e-19
5.965182277291280116e+03 2.426198480505520438e-18 2.729102408880296176e-19
5.970188205224335434e+03 2.354826478987668031e-18 2.748220989340655200e-19
5.975194133157390752e+03 2.539067673168234030e-18 2.736794375789689634e-19
5.980200061090446980e+03 1.940200107721333097e-18 2.728464494304785049e-19
5.985205989023502298e+03 8.651050911575035750e-19 2.687592903896966201e-19
5.990211916956557616e+03 1.773756070140188477e-18 2.662417500034460291e-19
5.995217844889613843e+03 1.365701554871154880e-18 2.667102201750562459e-19
6.000223772822669162e+03 1.695411368347276449e-18 2.706890928067238686e-19
6.005229700755725389e+03 2.036477669665032368e-18 2.690334134532102474e-19
6.010235628688780707e+03 1.769985742953804111e-18 2.680417780693114892e-19
6.015241556621836935e+03 1.439464807174528743e-18 2.700199413697599154e-19
6.020247484554892253e+03 2.012733865558662232e-18 2.683055671203492502e-19
6.025253412487947571e+03 1.484099110851082966e-18 2.632511567773775307e-19
6.030259340421003799e+03 1.301606208852348141e-18 2.636022120319165800e-19
6.035265268354059117e+03 1.733373834739387465e-18 2.585602199638282124e-19
6.040271196287115345e+03 2.058776546676494632e-18 2.539330668626327759e-19
6.045277124220170663e+03 1.414521577268735543e-18 2.496885663037097206e-19
6.050283052153226890e+03 1.849087068754057965e-18 2.477351299841671934e-19
6.055288980086282209e+03 2.081369295446285940e-18 2.449818629556883439e-19
6.060294908019337527e+03 1.359963673042634199e-18 2.454117282313424937e-19
6.065300835952393754e+03 1.774775461604891746e-18 2.424609830177674266e-19
6.070306763885449072e+03 1.537406362127122740e-18 2.405876580731491804e-19
6.075312691818505300e+03 1.563382707403177281e-18 2.363819501035885114e-19
6.080318619751560618e+03 1.744002676461864420e-18 2.336388834664626123e-19
6.085324547684616846e+03 1.629292049386836233e-18 2.308090249518940268e-19
6.090330475617672164e+03 1.396677160520024040e-18 2.282560476040697150e-19
6.095336403550727482e+03 1.597631464976693664e-18 2.273192814636732232e-19
6.100342331483783710e+03 1.384114011894625110e-18 2.270111275511194351e-19
6.105348259416839028e+03 1.788448557025896515e-18 2.284137628168209232e-19
6.110354187349894346e+03 2.051862467020259739e-18 2.263402015511573446e-19
6.115360115282950574e+03 1.840914865822746814e-18 2.254930792449059778e-19
6.120366043216006801e+03 1.920082462466446839e-18 2.267675916721459586e-19
6.125371971149062119e+03 1.940179403040779771e-18 2.267974185780641809e-19
6.130377899082117438e+03 1.673900275368415364e-18 2.297690227764731896e-19
6.135383827015173665e+03 1.837479029297873294e-18 2.313577254617322568e-19
6.140389754948228983e+03 1.655771437030129969e-18 2.334272526552120927e-19
6.145395682881284301e+03 1.755998661075743794e-18 2.328220015718142826e-19
6.150401610814340529e+03 1.483315885618526529e-18 2.250930555972390754e-19
6.155407538747396757e+03 1.041525583716143978e-18 2.168598344501126594e-19
6.160413466680452075e+03 1.856957181531476295e-18 2.118755273834097178e-19
6.165419394613507393e+03 1.696341536654372021e-18 2.099888636409791834e-19
6.170425322546563621e+03 1.615281436636462795e-18 2.090929071392477934e-19
6.175431250479618939e+03 2.261931531663811993e-18 2.064703642966384964e-19
6.180437178412674257e+03 2.024846240651702023e-18 2.019132039925916616e-19
6.185443106345730484e+03 1.853970520312245087e-18 2.025893657000906900e-19
6.190449034278785803e+03 1.680084709565331690e-18 2.008258067034046034e-19
6.195454962211842030e+03 1.749643056916376824e-18 2.014491385744535342e-19
6.200460890144897348e+03 1.503538413255347643e-18 2.022656021047346948e-19
6.205466818077953576e+03 1.658103517891545296e-18 2.031562854480718869e-19
6.210472746011008894e+03 1.383524929626208141e-18 1.997717332213009098e-19
6.215478673944064212e+03 1.431418298861364900e-18 2.007763252788697302e-19
6.220484601877120440e+03 1.422036723918950374e-18 2.009755253786665305e-19
6.225490529810175758e+03 1.418050992202569314e-18 2.027035946405193272e-19
6.230496457743231986e+03 1.247335547791104067e-18 2.126491389609640199e-19
6.235502385676287304e+03 1.669951819833165754e-18 2.214275346295597795e-19
6.240508313609343531e+03 1.776082922267438620e-18 2.186696265893875423e-19
6.245514241542398850e+03 1.469366572836343241e-18 2.088147478690097660e-19
6.250520169475454168e+03 8.966174023825658238e-19 2.133137227818474295e-19
6.255526097408510395e+03 1.344107755962613923e-18 2.269208071491372408e-19
6.260532025341565713e+03 1.406451452252202855e-18 2.336667468769777373e-19
6.265537953274621032e+03 1.537679196173671795e-18 2.304348793948971783e-19
6.270543881207677259e+03 1.537800448385283913e-18 2.286873870400329809e-19
6.275549809140733487e+03 1.674971920838098726e-18 2.278088408186411879e-19
6.280555737073788805e+03 1.386542847895772329e-18 2.292049646239223371e-19
6.285561665006844123e+03 1.332354553718254291e-18 2.319110176328750713e-19
6.290567592939900351e+03 1.559374011674974362e-18 2.772461832969619437e-19
6.295573520872955669e+03 1.787950830994284899e-18 3.868141293599215791e-19
6.300579448806010987e+03 1.758601294982123197e-18 4.082500585192880721e-19
6.305585376739067215e+03 1.811528070572274806e-18 3.229366424904590001e-19
6.310591304672123442e+03 1.797726897334391582e-18 2.185990928783563140e-19
6.315597232605178760e+03 1.706351816130651000e-18 2.022449473343836477e-19
6.320603160538234079e+03 8.609573183049450828e-19 2.036569880341582525e-19
6.325609088471290306e+03 1.600539909706886608e-18 2.079868899332444745e-19
6.330615016404345624e+03 1.191059747892362194e-18 2.055523601284130717e-19
6.335620944337400942e+03 7.942915838293603620e-19 1.992481283610471576e-19
6.340626872270457170e+03 1.667257173317982660e-18 1.939368434561989113e-19
6.345632800203512488e+03 1.168896854949509835e-18 1.974847303209583188e-19
6.350638728136568716e+03 1.917984823154309088e-18 2.037743025283491260e-19
6.355644656069624034e+03 1.551422332092540090e-18 2.336895541906507496e-19
6.360650584002680262e+03 1.681901158289928767e-18 2.747249961498156664e-19
6.365656511935735580e+03 1.918323753177987778e-18 2.704972536594577246e-19
6.370662439868790898e+03 8.429678905838263769e-19 2.265096728742006990e-19
6.375668367801847126e+03 1.202207556815278142e-18 2.025217902794903385e-19
6.380674295734902444e+03 9.176883068520068309e-19 2.081687387281112303e-19
6.385680223667958671e+03 1.242983134430432113e-18 2.103897790095099727e-19
6.390686151601013989e+03 1.491682577872332612e-18 2.099973738807711103e-19
6.395692079534070217e+03 1.442668494502293734e-18 2.090157824214659357e-19
6.400698007467125535e+03 1.024545613329707217e-18 2.086414745526310728e-19
6.405703935400180853e+03 1.160331093845392935e-18 2.070920723496845109e-19
6.410709863333237081e+03 1.187403209836405305e-18 2.044349348571252614e-19
6.415715791266292399e+03 9.092010691869652242e-19 2.008162754724982796e-19
6.420721719199348627e+03 1.353117050101986410e-18 1.973336119449381321e-19
6.425727647132403945e+03 1.376888686126125936e-18 1.920814805483651802e-19
6.430733575065460172e+03 1.250260011418069888e-18 1.873323317710442950e-19
6.435739502998515491e+03 1.501862492009607946e-18 1.842330917016844037e-19
6.440745430931570809e+03 1.472034383743733233e-18 1.827808865200843900e-19
6.445751358864627036e+03 1.911412611615004799e-18 1.809425538867046367e-19
6.450757286797682355e+03 1.536552638266230116e-18 1.813008873316811476e-19
6.455763214730737673e+03 1.617774116244825597e-18 1.812712071804713684e-19
6.460769142663793900e+03 1.491988498874346396e-18 1.884229479423257779e-19
6.465775070596850128e+03 1.272314705823769744e-18 1.919535304324471703e-19
6.470780998529905446e+03 1.862466031903505566e-18 1.909461742113541846e-19
6.475786926462960764e+03 1.412306844446605075e-18 1.839317772350749237e-19
6.480792854396016992e+03 1.458577729774619395e-18 1.790885764252724919e-19
6.485798782329072310e+03 1.566647727581927965e-18 1.790854556143383839e-19
6.490804710262127628e+03 1.108640542965510931e-18 1.861310377558429034e-19
6.495810638195183856e+03 1.245753220122271707e-18 1.989696756674914715e-19
6.500816566128239174e+03 1.678832459200808857e-18 2.049024958924853299e-19
6.505822494061295401e+03 1.720693275537050524e-18 1.963184214588321327e-19
6.510828421994350720e+03 1.705711875086343371e-18 1.924661576725779401e-19
6.515834349927406947e+03 1.033949937827044789e-18 1.937215262127600218e-19
6.520840277860462265e+03 1.313852310448733685e-18 1.990634318398808029e-19
6.525846205793517584e+03 1.851227335477279153e-18 2.097091457179040070e-19
6.530852133726573811e+03 2.006620656959349036e-18 2.120547286085373409e-19
6.535858061659629129e+03 1.199162779470777442e-18 2.071400528982279978e-19
6.540863989592685357e+03 1.575665829019556104e-18 1.964461478915930509e-19
6.545869917525740675e+03 1.550402483329398636e-18 1.997539835246933026e-19
6.550875845458796903e+03 1.665636748136132560e-18 1.992582832232348723e-19
6.555881773391852221e+03 1.335190398087010780e-18 1.983772179551509347e-19
6.560887701324907539e+03 1.250233688604663074e-18 1.914641246267205811e-19
6.565893629257963767e+03 1.416786944381485362e-18 1.852095691541687620e-19
6.570899557191019085e+03 1.565578061517679619e-18 1.830579755112574328e-19
6.575905485124075312e+03 1.378822506474642831e-18 1.825241365039652118e-19
6.580911413057130630e+03 1.720441997984255485e-18 1.761085260457233799e-19
6.585917340990186858e+03 1.513973537028395791e-18 1.688090521194156037e-19
6.590923268923242176e+03 1.473881166073824786e-18 1.685095379566356101e-19
6.595929196856297494e+03 1.453489545650527140e-18 1.708994529902216833e-19
6.600935124789353722e+03 1.481545278280201839e-18 1.740798326441790418e-19
6.605941052722409040e+03 1.407826972996383567e-18 1.722212989502392182e-19
6.610946980655464358e+03 1.611812938612508720e-18 1.692471827055754418e-19
6.615952908588520586e+03 1.291329914991999497e-18 1.692234186438475761e-19
6.620958836521576814e+03 1.500908979391052647e-18 1.716296875456890433e-19
6.625964764454632132e+03 1.481169615342062279e-18 1.745548179727786012e-19
6.630970692387687450e+03 1.433195881359360298e-18 1.791870357428226415e-19
6.635976620320743677e+03 1.662382375066609294e-18 1.802887847868110716e-19
6.640982548253798996e+03 1.575524803832078741e-18 1.817348167520306625e-19
6.645988476186854314e+03 1.463157269136986826e-18 1.843917042098592338e-19
6.650994404119910541e+03 1.427759942979422101e-18 1.867802614114026993e-19
6.656000332052965859e+03 1.506859463074602952e-18 1.881433305572374448e-19
6.661006259986022087e+03 1.613158292840361975e-18 1.874336984216332060e-19
6.666012187919077405e+03 1.400900063364629169e-18 1.844904121851822441e-19
6.671018115852133633e+03 1.023156678338011070e-18 1.805023819212435406e-19
6.676024043785188951e+03 1.298706775706124262e-18 1.761119536766470617e-19
6.681029971718244269e+03 1.375986398149438485e-18 1.746110525168194861e-19
6.686035899651300497e+03 1.355733205187202997e-18 1.717943291263377042e-19
6.691041827584355815e+03 1.176459276325727768e-18 1.692492460401320244e-19
6.696047755517412043e+03 1.584446265166227012e-18 1.691993521650999585e-19
6.701053683450467361e+03 1.509022349344926294e-18 1.678946416419854103e-19
6.706059611383523588e+03 1.458484605050647344e-18 1.658108121100841528e-19
6.711065539316578906e+03 1.371987502465186897e-18 1.647173044382224264e-19
6.716071467249634225e+03 1.438653994864305021e-18 1.635087370063524948e-19
6.721077395182690452e+03 1.480303395708439258e-18 1.646526206743533719e-19
6.726083323115745770e+03 1.483871409949525766e-18 1.631518261680188145e-19
6.731089251048801998e+03 1.222027660956671527e-18 1.635335338704813703e-19
6.736095178981857316e+03 1.624519793821662485e-18 1.651305463673636313e-19
6.741101106914913544e+03 1.385220140094150025e-18 1.668630594522378473e-19
6.746107034847968862e+03 1.590928810217189111e-18 1.691351549892040275e-19
6.751112962781024180e+03 1.529837176110782727e-18 1.681899319443147876e-19
6.756118890714080408e+03 1.263416527564050140e-18 1.694129749749055585e-19
6.761124818647135726e+03 1.449364272491861239e-18 1.720588196384112279e-19
6.766130746580191044e+03 1.322313548130269130e-18 1.742961594482679564e-19
6.771136674513247272e+03 1.565763365762762498e-18 1.775558845410412891e-19
6.776142602446303499e+03 1.674028328544404346e-18 1.799870321438994441e-19
6.781148530379358817e+03 1.924240557813841965e-18 1.834798730968722031e-19
6.786154458312414135e+03 1.588623622287981131e-18 1.827285904538775268e-19
6.791160386245470363e+03 1.710759425906621881e-18 1.789269296927699968e-19
6.796166314178525681e+03 1.393205731979853045e-18 1.745009833108065531e-19
6.801172242111580999e+03 1.654261983316966772e-18 1.710918307149720439e-19
6.806178170044637227e+03 1.842716257551044751e-18 1.677281695373380828e-19
6.811184097977693455e+03 1.579106367420933444e-18 1.653591521286013125e-19
6.816190025910748773e+03 1.406922755750749072e-18 1.626951959336688197e-19
6.821195953843804091e+03 1.090538571462525350e-18 1.738195818453406040e-19
6.826201881776860318e+03 1.499628448352262003e-18 1.933204343222365389e-19
6.831207809709915637e+03 1.632053607861819914e-18 1.996097508843079596e-19
6.836213737642970955e+03 1.679651393323027724e-18 1.860320349336461326e-19
6.841219665576027182e+03 1.197406926780159012e-18 1.670394275717362497e-19
6.846225593509082501e+03 1.517580263590021637e-18 1.583614737207014404e-19
6.851231521442138728e+03 1.293603204947806600e-18 1.560743535149148003e-19
6.856237449375194046e+03 1.329534065355383894e-18 1.700094437287378807e-19
6.861243377308250274e+03 1.462915897207720892e-18 1.921721487463104523e-19
6.866249305241305592e+03 1.079779703156990409e-18 1.903913515522818928e-19
6.871255233174360910e+03 1.119497233929325146e-18 1.667459187867987701e-19
6.876261161107417138e+03 1.321966225982695525e-18 1.606857917107393601e-19
6.881267089040473365e+03 1.275753882414396919e-18 1.665880405405752974e-19
6.886273016973527774e+03 1.338461169399395497e-18 1.727399326920815544e-19
6.891278944906584002e+03 1.349612533985341315e-18 1.728792696138878516e-19
6.896284872839640229e+03 1.261805847299362245e-18 1.767608725336833682e-19
6.901290800772695547e+03 1.186534601674399394e-18 1.806749201920233912e-19
6.906296728705750866e+03 1.339062923815401032e-18 1.871495426291453585e-19
6.911302656638807093e+03 9.557120999161877589e-19 1.894898018217880935e-19
6.916308584571862411e+03 1.023061761951951805e-18 1.964565933079221173e-19
6.921314512504917730e+03 1.514415765607713951e-18 1.982759575705068036e-19
6.926320440437973957e+03 1.026987696988366147e-18 1.881674986088335520e-19
6.931326368371030185e+03 1.242070782348986455e-18 1.731412570109451111e-19
6.936332296304085503e+03 1.252219160235417071e-18 1.755177534887182882e-19
6.941338224237140821e+03 1.664247725297038156e-18 1.837500326857599435e-19
6.946344152170197049e+03 1.532110478201320512e-18 1.891298623770211829e-19
6.951350080103252367e+03 1.406314905556381024e-18 1.839092315013120657e-19
6.956356008036307685e+03 1.525384603120346701e-18 1.652252882888057805e-19
6.961361935969363913e+03 1.123792526670340409e-18 1.612845393807325138e-19
6.966367863902420140e+03 1.559531624502600887e-18 1.644471526190226919e-19
6.971373791835475458e+03 1.785544902696689623e-18 1.714757642282805027e-19
6.976379719768530776e+03 1.504499576638852312e-18 1.745189252697550516e-19
6.981385647701587004e+03 1.107011278945209874e-18 1.686553539843794756e-19
6.986391575634642322e+03 1.250619804537793817e-18 1.596203752382161541e-19
6.991397503567697640e+03 1.528629663752720593e-18 1.573792946912883019e-19
6.996403431500753868e+03 1.329339859181492183e-18 1.594378809764408103e-19
7.001409359433810096e+03 1.459094000466217029e-18 1.635818726190976136e-19
7.006415287366865414e+03 1.138679681719428694e-18 1.681209875655840970e-19
7.011421215299920732e+03 1.201731911436224275e-18 1.673225891878906958e-19
7.016427143232976960e+03 1.442386985553518710e-18 1.654201351260681071e-19
7.021433071166032278e+03 1.219742593815747112e-18 1.635314634824760929e-19
7.026438999099087596e+03 1.344770657946991654e-18 1.663341565669512462e-19
7.031444927032143823e+03 1.425961440504619049e-18 1.696857947837300299e-19
7.036450854965200051e+03 1.518709115348377180e-18 1.734982112012823474e-19
7.041456782898254460e+03 1.160462603989002999e-18 1.788114161209733483e-19
7.046462710831310687e+03 9.152362994462695146e-19 1.803350660069705561e-19
7.051468638764366915e+03 1.428639510382200709e-18 1.742643834156262947e-19
7.056474566697422233e+03 1.297305733818122548e-18 1.678069668557066345e-19
7.061480494630477551e+03 1.654504300099874103e-18 1.655018466538944160e-19
7.066486422563533779e+03 1.102898155194098225e-18 1.631427392979953017e-19
7.071492350496589097e+03 1.350284294801346016e-18 1.610453987450704559e-19
7.076498278429644415e+03 1.498748079350128736e-18 1.593856622891716449e-19
7.081504206362700643e+03 1.439525833575064211e-18 1.595977443378812475e-19
7.086510134295756870e+03 8.624446052267271574e-19 1.589319319954570501e-19
7.091516062228812189e+03 1.383699976700837744e-18 1.563122016256896123e-19
7.096521990161867507e+03 1.363433238104362683e-18 1.540976069419315581e-19
7.101527918094923734e+03 1.192356428604460935e-18 1.526895015145164608e-19
7.106533846027979052e+03 1.190738538036795186e-18 1.535011128896788635e-19
7.111539773961034371e+03 1.133109717697350620e-18 1.530026726502374257e-19
7.116545701894090598e+03 1.268524327074202147e-18 1.532754908018363504e-19
7.121551629827146826e+03 1.162607403268977045e-18 1.565289166102636597e-19
7.126557557760202144e+03 1.271775816189178326e-18 1.591236771593307197e-19
7.131563485693257462e+03 1.302934293823858008e-18 1.611456715124531248e-19
7.136569413626313690e+03 1.398352271011838702e-18 1.631887984164431459e-19
7.141575341559369008e+03 1.391020657302902176e-18 1.673641041284524151e-19
7.146581269492424326e+03 1.172359218465322751e-18 1.697389467524300152e-19
7.151587197425480554e+03 1.428457468741872247e-18 1.695841231645027653e-19
7.156593125358536781e+03 1.443167578703721163e-18 1.720778663974145318e-19
7.161599053291592099e+03 1.450942997359967510e-18 1.760478606135091217e-19
7.166604981224647418e+03 1.423609352513148505e-18 1.739703859587776397e-19
7.171610909157703645e+03 1.313928768509062891e-18 1.718798140227172132e-19
7.176616837090758963e+03 1.268495609377868992e-18 1.696636413863147946e-19
7.181622765023814281e+03 1.413687724027627957e-18 1.631703698120045168e-19
7.186628692956870509e+03 1.264683970920400151e-18 1.580978938100546443e-19
7.191634620889926737e+03 1.456731030009624885e-18 1.555371449922194891e-19
7.196640548822981145e+03 1.320088396377585207e-18 1.537246092407731047e-19
7.201646476756037373e+03 1.191861076448038050e-18 1.517010422225736677e-19
7.206652404689093601e+03 1.148711690261331597e-18 1.501953457754600189e-19
7.211658332622148919e+03 1.265526698079057204e-18 1.507382479359837230e-19
7.216664260555204237e+03 1.221205019356834473e-18 1.500690090475005056e-19
7.221670188488260465e+03 1.197781422252920694e-18 1.524987584798902162e-19
7.226676116421315783e+03 1.517428790678130976e-18 1.535386092289910073e-19
7.231682044354371101e+03 1.186100175970168664e-18 1.708201933477269495e-19
7.236687972287427328e+03 8.345167643365207949e-19 2.144881718280104787e-19
7.241693900220483556e+03 1.537521636949058075e-18 2.460299025078137030e-19
7.246699828153538874e+03 7.402114846571789457e-19 2.246369159155585728e-19
7.251705756086594192e+03 4.762765132806111722e-19 1.890104029929515038e-19
7.256711684019650420e+03 9.226857138931970880e-19 1.702467877934994003e-19
7.261717611952705738e+03 1.060403466618481221e-18 1.641840376315721509e-19
7.266723539885761056e+03 1.087015041565038214e-18 1.776838504087155744e-19
7.271729467818817284e+03 9.764766456743903511e-19 2.330715405870461886e-19
7.276735395751873511e+03 1.247858483600729403e-18 2.549052243135484153e-19
7.281741323684928830e+03 1.325428459543785245e-18 2.396547326827000783e-19
7.286747251617984148e+03 1.169611216676312117e-18 2.061245302644528190e-19
7.291753179551040375e+03 1.136293198084932185e-18 1.921988781910218749e-19
7.296759107484095694e+03 1.259592948512486011e-18 1.936928299225120543e-19
7.301765035417151012e+03 1.417349065202452560e-18 1.929614621445351890e-19
7.306770963350207239e+03 1.377268832111577157e-18 1.945211593797361922e-19
7.311776891283263467e+03 1.043969702284935527e-18 2.185786002862230081e-19
7.316782819216318785e+03 9.596788473876614853e-19 2.189081782149500818e-19
7.321788747149374103e+03 1.508610463411876140e-18 1.990972311657198395e-19
7.326794675082430331e+03 1.168225997530659188e-18 1.839521059276040302e-19
7.331800603015485649e+03 9.503842768276551862e-19 1.906405635093015053e-19
7.336806530948540967e+03 1.195452237977524958e-18 2.177162793778358577e-19
7.341812458881597195e+03 1.115603281329907841e-18 2.194662919455797347e-19
7.346818386814653422e+03 8.410654613108647213e-19 1.861084311873921692e-19
7.351824314747707831e+03 1.213700442340220963e-18 1.683157451667377228e-19
7.356830242680764059e+03 1.328592335354407641e-18 1.780681745025819016e-19
7.361836170613820286e+03 1.423081492497143487e-18 1.955855603519291190e-19
7.366842098546875604e+03 1.422000318977178354e-18 2.091093637501468882e-19
7.371848026479930923e+03 8.790434025418610420e-19 2.048373028912178679e-19
7.376853954412987150e+03 1.284194893484548547e-18 1.687766612430744957e-19
7.381859882346043378e+03 9.884749094160049869e-19 1.573829331348725360e-19
7.386865810279097786e+03 1.098313692383874191e-18 1.721114504927866484e-19
7.391871738212154014e+03 9.540348093884282348e-19 1.821090952482069688e-19
7.396877666145210242e+03 1.474628023174944246e-18 2.004091082931102650e-19
7.401883594078265560e+03 1.300300508114822306e-18 2.006350339448841064e-19
7.406889522011320878e+03 1.262347759047297434e-18 1.886024070449492580e-19
7.411895449944377106e+03 1.234124362112682617e-18 1.696572525693240350e-19
7.416901377877432424e+03 1.071624957346803603e-18 1.712638023369462386e-19
7.421907305810487742e+03 1.123438362906398971e-18 1.744493928343074226e-19
7.426913233743543969e+03 1.135095347699843638e-18 1.794202559838038569e-19
7.431919161676600197e+03 1.241878325311315080e-18 1.858786419523094257e-19
7.436925089609655515e+03 1.472260473473936421e-18 1.844822238162951227e-19
7.441931017542710833e+03 1.364302485160761457e-18 1.747514336167000470e-19
7.446936945475767061e+03 1.033053360407410574e-18 1.590358231538332429e-19
7.451942873408822379e+03 1.054484623021209295e-18 1.543276512535782884e-19
7.456948801341877697e+03 1.083214973766720582e-18 1.582567242755685063e-19
7.461954729274933925e+03 1.394690168553873382e-18 1.651583027472298420e-19
7.466960657207990153e+03 1.306078420330909396e-18 1.752239205176938780e-19
7.471966585141045471e+03 1.573783851199665925e-18 1.801037123896272628e-19
7.476972513074100789e+03 9.267859390973834174e-19 1.855219875569676481e-19
7.481978441007157016e+03 1.294044794917705588e-18 1.811768982777919184e-19
7.486984368940212335e+03 1.546284949792617017e-18 1.713131205657807143e-19
7.491990296873267653e+03 1.507269441165439362e-18 1.616007174173273591e-19
7.496996224806323880e+03 1.167991581873230761e-18 1.570573905566138796e-19
7.502002152739380108e+03 1.017728018874130393e-18 1.540579511071314600e-19
7.507008080672435426e+03 1.247418057100990268e-18 1.543565155689313336e-19
7.512014008605490744e+03 1.334976450516550707e-18 1.604495469277043596e-19
7.517019936538546972e+03 1.168817966002835745e-18 1.885851442228938722e-19
7.522025864471602290e+03 1.427569409509863282e-18 2.113612729633084909e-19
7.527031792404657608e+03 1.507056750646755184e-18 2.133877674442824733e-19
7.532037720337713836e+03 1.215816084689120247e-18 1.857706212369114681e-19
7.537043648270770063e+03 1.301933702758749678e-18 1.739776602326719164e-19
7.542049576203824472e+03 1.025312883025195348e-18 1.705729709608650062e-19
7.547055504136880700e+03 1.317808309427434456e-18 1.733829559347314151e-19
7.552061432069936927e+03 1.111059058802203200e-18 1.798995823637189964e-19
7.557067360002992245e+03 1.204263632274227826e-18 1.788792938115734005e-19
7.562073287936047564e+03 1.260876039918593125e-18 1.779861609122886861e-19
7.567079215869103791e+03 1.021532100234234606e-18 1.953525699396408477e-19
7.572085143802159109e+03 1.410384383327456018e-18 2.002589038867181244e-19
7.577091071735214427e+03 1.146079294353504995e-18 1.819891876135490315e-19
7.582096999668270655e+03 1.202993800295077366e-18 1.691241042222626240e-19
7.587102927601326883e+03 1.393667627181789121e-18 1.674129323407109283e-19
7.592108855534382201e+03 1.201400840798198953e-18 1.637568187095471110e-19
7.597114783467437519e+03 4.590107678605229816e-19 1.593259320025099073e-19
7.602120711400493747e+03 5.135243553771611967e-19 1.504499217724544391e-19
7.607126639333549065e+03 4.147904116745848390e-19 1.406657590888503164e-19
7.612132567266604383e+03 7.230975176311856724e-19 1.493510909831376084e-19
7.617138495199660611e+03 6.998506961555094722e-19 1.568718550362141771e-19
7.622144423132716838e+03 4.238486870899183114e-19 1.618350246698990178e-19
7.627150351065772156e+03 6.145945089104121243e-19 1.597085216912715461e-19
7.632156278998827474e+03 7.711077206462057387e-19 1.561661849685911698e-19
7.637162206931883702e+03 5.390803938468107348e-19 1.470682938015228439e-19
7.642168134864939020e+03 6.906135509531841163e-19 1.481595857397607138e-19
7.647174062797994338e+03 8.797097408728116149e-19 1.542339634395425278e-19
7.652179990731050566e+03 6.618233885854326603e-19 1.593965588789831460e-19
7.657185918664106794e+03 6.481760205104162895e-19 1.703198764979280725e-19
7.662191846597162112e+03 1.194144988062477469e-18 1.738428937075643831e-19
7.667197774530217430e+03 1.104758988682359997e-18 1.731472169905279681e-19
7.672203702463273657e+03 9.357373669137081151e-19 1.719536562741431441e-19
7.677209630396328976e+03 1.151011287180069850e-18 1.750417236309048492e-19
7.682215558329384294e+03 1.174034442317969437e-18 1.800829129830689243e-19
7.687221486262440521e+03 8.890537465330784238e-19 1.819389080742359772e-19
7.692227414195496749e+03 8.175085497122229141e-19 1.816376894665223647e-19
7.697233342128551158e+03 8.783179908073694487e-19 1.779654511405342562e-19
7.702239270061607385e+03 9.944227923869065531e-19 1.782890513337502658e-19
7.707245197994663613e+03 8.591009275427323012e-19 2.244216727771567426e-19
7.712251125927718931e+03 1.471056092537140826e-18 2.738166183803721874e-19
7.717257053860774249e+03 9.864500909126115372e-19 2.674156956610941134e-19
7.722262981793830477e+03 1.697188906952108146e-18 2.180626591197928701e-19
7.727268909726885795e+03 1.293114690799536242e-18 1.819832339187028506e-19
7.732274837659941113e+03 1.012939432257971065e-18 1.671938855434233563e-19
7.737280765592997341e+03 1.429871437522913727e-18 1.607368557700431298e-19
7.742286693526053568e+03 1.050468314961828310e-18 1.871396370535494962e-19
7.747292621459108886e+03 1.209818954273355300e-18 2.406967565310703340e-19
7.752298549392164205e+03 1.783183710486430760e-18 2.526246693017372442e-19
7.757304477325220432e+03 1.499070441714860578e-18 2.205825035181312110e-19
7.762310405258275750e+03 1.457754767581670977e-18 1.933712641861746053e-19
7.767316333191331069e+03 8.351493774170805584e-19 1.846904259695145174e-19
7.772322261124387296e+03 1.367426414648260578e-18 1.923792378730782198e-19
7.777328189057443524e+03 1.312631499128546245e-18 2.051417194777168624e-19
7.782334116990498842e+03 1.597297877229050559e-18 1.980562955200337124e-19
7.787340044923554160e+03 1.616617620854317539e-18 2.246635027524959844e-19
7.792345972856610388e+03 1.221219795616662893e-18 2.549635111912202459e-19
7.797351900789665706e+03 1.002317681865763772e-18 2.460844373871238689e-19
7.802357828722721024e+03 9.654337147871098043e-19 2.152335795550978559e-19
7.807363756655777252e+03 8.857281828653156904e-19 2.193607895726988765e-19
7.812369684588833479e+03 1.148040737957200230e-18 2.260737129157749482e-19
7.817375612521888797e+03 1.320347841605175706e-18 2.602535205736772951e-19
7.822381540454944115e+03 1.038877535149846317e-18 2.599719829687493574e-19
7.827387468388000343e+03 1.299795223610533518e-18 2.088648459660183031e-19
7.832393396321055661e+03 9.687448428286159622e-19 1.732675221288845061e-19
7.837399324254110979e+03 6.508704314716255213e-19 1.877921766273595312e-19
7.842405252187167207e+03 1.124050391034239051e-18 1.969383849170874796e-19
7.847411180120223435e+03 1.457722163017482448e-18 2.363978507047821414e-19
7.852417108053277843e+03 9.352165141473294726e-19 2.641953941757170240e-19
7.857423035986334071e+03 1.495939281015986614e-18 2.567691350896667612e-19
7.862428963919390299e+03 1.057658322368406870e-18 2.217425119288518496e-19
7.867434891852445617e+03 1.062655804329180425e-18 2.214841525530736817e-19
7.872440819785500935e+03 1.050778253234633288e-18 2.215274844432937911e-19
7.877446747718557162e+03 7.299832697825525173e-19 2.117074329130510763e-19
7.882452675651613390e+03 1.095075873882513897e-18 2.180375510709893417e-19
7.887458603584667799e+03 1.398917915858475180e-18 2.239263232422383419e-19
7.892464531517724026e+03 6.825881326623968825e-19 2.134686975543125173e-19
7.897470459450780254e+03 7.631693622160604208e-19 1.793147309574694877e-19
7.902476387383835572e+03 9.117413885987694264e-19 1.736449801492698074e-19
7.907482315316890890e+03 8.362421105053950702e-19 2.455359307699996302e-19
7.912488243249947118e+03 7.803594006032963095e-19 2.972180292915996033e-19
7.917494171183002436e+03 1.246080993204098204e-18 3.019794446594027540e-19
7.922500099116057754e+03 4.995733865954995924e-19 2.496717082767808732e-19
7.927506027049113982e+03 1.267135797117946827e-18 2.365348194785953614e-19
7.932511954982170209e+03 9.473647624532834734e-19 2.218638665848823997e-19
7.937517882915225528e+03 1.096671023704237720e-18 1.995497587888089123e-19
7.942523810848280846e+03 7.837447563299611038e-19 1.960581498897003039e-19
7.947529738781337073e+03 1.163975205387863034e-18 2.071396261347362335e-19
7.952535666714392391e+03 1.068095694884759979e-18 1.961074248925428218e-19
7.957541594647447710e+03 1.057536736793810285e-18 2.153985636094553729e-19
7.962547522580503937e+03 1.106451540852188337e-18 2.548102425094824369e-19
7.967553450513560165e+03 1.511223242364273937e-18 2.478356221475545904e-19
7.972559378446615483e+03 8.041436319967056029e-19 2.083853565074362807e-19
7.977565306379670801e+03 6.608675045704027425e-19 2.085149455483289167e-19
7.982571234312727029e+03 9.660593899608454836e-19 2.046955260115101507e-19
7.987577162245782347e+03 9.138647792720766019e-19 2.338548594055944307e-19
7.992583090178837665e+03 8.901184909119676220e-19 2.517758445939620277e-19
7.997589018111893893e+03 5.593770875438709708e-19 2.272044488658716985e-19
8.002594946044950120e+03 1.315107279848287960e-18 1.703600447537929449e-19
8.007600873978005438e+03 9.799141550825432093e-19 1.777237733904227237e-19
8.012606801911060757e+03 1.186345705857620581e-18 1.911171355708840956e-19
8.017612729844116984e+03 1.437878121159385193e-18 2.089219864186469295e-19
8.022618657777172302e+03 5.620887770218610818e-19 2.367167999171942887e-19
8.027624585710227620e+03 4.007080583075192038e-19 2.388836989131750155e-19
8.032630513643283848e+03 7.519315345194181193e-19 2.014823939853956438e-19
8.037636441576340076e+03 1.172507064401236480e-18 1.750114991318592747e-19
8.042642369509394484e+03 1.120318812224116780e-18 1.802262783616961162e-19
8.047648297442450712e+03 8.400268656414740614e-19 1.980713013224033666e-19
8.052654225375506940e+03 8.823209423176361429e-19 2.082273444227080368e-19
8.057660153308562258e+03 1.074979666960590637e-18 2.302848548199713791e-19
8.062666081241617576e+03 8.532452132811400565e-19 2.295774183969066708e-19
8.067672009174673803e+03 1.170013275751706370e-18 2.034617528625017626e-19
8.072677937107729122e+03 1.116383864611606355e-18 1.806579886532070498e-19
8.077683865040784440e+03 1.180622116071541585e-18 1.778477122051796417e-19
8.082689792973840667e+03 8.722188610909305708e-19 1.761693030665106792e-19
8.087695720906896895e+03 8.614220817482920910e-19 1.782239352628075730e-19
8.092701648839952213e+03 7.292713183446032180e-19 1.774386307089671206e-19
8.097707576773007531e+03 8.450900987080367289e-19 1.840192986457398677e-19
8.102713504706063759e+03 1.058443775503106072e-18 1.819622243876898920e-19
8.107719432639119077e+03 1.156814238156312823e-18 1.741914619916512762e-19
8.112725360572174395e+03 9.340141170340410157e-19 1.622969542620692460e-19
8.117731288505230623e+03 1.132853535689729940e-18 1.616436948221148609e-19
8.122737216438286850e+03 9.611363598216313155e-19 1.632467681491508373e-19
8.127743144371342169e+03 1.011490923154736487e-18 1.647637104470493404e-19
8.132749072304397487e+03 9.248944075310179265e-19 1.680047636157151342e-19
8.137755000237453714e+03 1.301310986469945577e-18 1.725597562918675816e-19
8.142760928170509032e+03 1.337150895160704958e-18 1.779156272504796772e-19
8.147766856103564351e+03 1.116317228318658799e-18 1.741067187504756766e-19
8.152772784036620578e+03 1.209496308080507472e-18 1.694881373161055329e-19
8.157778711969676806e+03 9.701753808840202106e-19 1.677489181827543043e-19
8.162784639902732124e+03 9.467031392902612821e-19 1.698082711256245251e-19
8.167790567835787442e+03 8.547812548695746911e-19 1.720482089846973151e-19
8.172796495768843670e+03 8.032947110032821230e-19 1.740301776407040714e-19
8.177802423701898988e+03 1.132805463931397842e-18 1.784878215034776632e-19
8.182808351634954306e+03 9.586535706150546880e-19 1.846995338782379498e-19
8.187814279568010534e+03 6.366174851372301642e-19 1.890468725461137741e-19
8.192820207501066761e+03 9.930704435951411254e-19 1.901227812752427345e-19
8.197826135434121170e+03 6.288974370254352424e-19 1.858168309856188456e-19
8.202832063367177398e+03 1.282989707178927183e-18 1.814894160995428241e-19
8.207837991300233625e+03 7.428903398855441022e-19 1.796789733710614858e-19
8.212843919233288034e+03 8.326211762648060618e-19 1.768035572899833316e-19
8.217849847166344261e+03 6.470129994451151375e-19 1.744555807116959116e-19
8.222855775099400489e+03 9.786612304936248187e-19 1.708232802788086688e-19
8.227861703032456717e+03 9.945266545420463453e-19 1.662279437028074634e-19
8.232867630965511125e+03 8.294133998490912744e-19 1.650072034112142898e-19
8.237873558898567353e+03 7.550658047901167299e-19 1.657023273913181742e-19
8.242879486831623581e+03 1.006040301942792704e-18 1.678952280910686556e-19
8.247885414764677989e+03 8.641405974889537476e-19 1.669940013265280872e-19
8.252891342697734217e+03 6.795485755535470863e-19 1.648862122477814611e-19
8.257897270630790445e+03 8.431352219097214585e-19 1.642037239309742605e-19
8.262903198563846672e+03 7.953224207841020741e-19 1.661954402594842858e-19
8.267909126496901081e+03 8.902008494423887177e-19 1.689673332720387868e-19
8.272915054429957308e+03 7.278912775760970626e-19 1.995531861378709171e-19
8.277920982363013536e+03 5.047756837281947869e-19 2.497809596697357190e-19
8.282926910296067945e+03 1.058888270184405026e-18 2.956716196413653029e-19
8.287932838229124172e+03 1.112499715770808190e-18 2.927834238708080981e-19
8.292938766162180400e+03 1.457387450263185034e-18 3.111867737356383093e-19
8.297944694095236628e+03 6.783998582537529892e-19 3.023253131049015071e-19
8.302950622028291036e+03 7.353663973273855779e-19 2.760824574672568681e-19
8.307956549961347264e+03 1.021704586413678075e-18 2.328003501906609768e-19
8.312962477894403492e+03 1.342331360165889248e-18 2.276846289114093965e-19
8.317968405827457900e+03 1.211785517333632511e-18 2.015391407132232431e-19
8.322974333760514128e+03 9.987698214033058864e-19 1.872827551337365211e-19
8.327980261693570355e+03 7.615054505110353507e-19 1.822289869488430505e-19
8.332986189626626583e+03 8.002597259430179114e-19 1.899463352369845524e-19
8.337992117559680992e+03 7.907200177543630708e-19 3.060222612132102482e-19
8.342998045492737219e+03 1.495629129582097311e-19 3.705839484835034283e-19
8.348003973425793447e+03 -5.982152668549157224e-19 3.704102025220473517e-19
8.353009901358847856e+03 7.363518183362542449e-19 2.717371924588755749e-19
8.358015829291904083e+03 9.485392772484357804e-19 2.358254273291268251e-19
8.363021757224960311e+03 9.454067542977548199e-19 2.081499129871426499e-19
8.368027685158016538e+03 5.152967314863754793e-19 1.965618822151498025e-19
8.373033613091070947e+03 1.100188370717866005e-18 1.872410840394938606e-19
8.378039541024127175e+03 7.638523599035297403e-19 2.193365097759584848e-19
8.383045468957181583e+03 9.945866807991355729e-19 2.233458100068698904e-19
8.388051396890237811e+03 1.015550916524537880e-18 2.034378471780862098e-19
8.393057324823294039e+03 1.180654974086147310e-18 2.677362293431033190e-19
8.398063252756350266e+03 4.741415140023717840e-19 3.104541031239299701e-19
8.403069180689406494e+03 1.378042034399276068e-18 2.859764520666160056e-19
8.408075108622460903e+03 7.746149608162144718e-19 2.192036760673839188e-19
8.413081036555517130e+03 7.066515896697182267e-19 2.425555297138022576e-19
8.418086964488571539e+03 1.148042510119572048e-18 2.442147672305043687e-19
8.423092892421627766e+03 7.315556230661459305e-19 2.836343594057671477e-19
8.428098820354683994e+03 1.419104855621569994e-18 3.608857916530132469e-19
8.433104748287740222e+03 2.229164921320930571e-18 3.509382254439312320e-19
8.438110676220796449e+03 9.854788298700911246e-19 2.340337270583121572e-19
8.443116604153850858e+03 1.093343672117823776e-18 2.141108872313784138e-19
8.448122532086907086e+03 7.024992924540561716e-19 2.563068558570247511e-19
8.453128460019961494e+03 9.952989600705764612e-19 2.560928130257530892e-19
8.458134387953017722e+03 4.152617938970775849e-19 2.776730093774570550e-19
8.463140315886073950e+03 1.094627835537870125e-18 3.110423835167715077e-19
8.468146243819130177e+03 7.227182588334802616e-19 2.909545041345740295e-19
8.473152171752186405e+03 1.001817091402742278e-18 2.032706329347413103e-19
8.478158099685240813e+03 5.262768444103457506e-19 1.771846147448176966e-19
8.483164027618297041e+03 1.058003984362572676e-18 1.762503769927837982e-19
8.488169955551351450e+03 7.269681398105452571e-19 2.035700045802374484e-19
8.493175883484407677e+03 9.712101353329237915e-19 2.128668500102023736e-19
8.498181811417463905e+03 1.101885429532241746e-18 2.383252621197082498e-19
8.503187739350520133e+03 7.100746194814823654e-19 2.462797382015766079e-19
8.508193667283574541e+03 1.273130634094557689e-18 2.316714924171973133e-19
8.513199595216630769e+03 7.180127868766844733e-19 1.809716299977544297e-19
8.518205523149686996e+03 6.599988042220952700e-19 1.732773152029334779e-19
8.523211451082741405e+03 8.200577686783625052e-19 1.723633548199767993e-19
8.528217379015797633e+03 9.093152394612259450e-19 1.716311383014731369e-19
8.533223306948853860e+03 9.201403315631953662e-19 1.864611621233477814e-19
8.538229234881910088e+03 6.372289265102516148e-19 1.951436041995635516e-19
8.543235162814964497e+03 7.821331361155972815e-19 2.136702291272838725e-19
8.548241090748020724e+03 1.104748838516191941e-18 2.174290780961594669e-19
8.553247018681076952e+03 7.469176833905009340e-19 2.099056858193614071e-19
8.558252946614131361e+03 1.061079873939492727e-18 1.892240510857293032e-19
8.563258874547187588e+03 7.214962653278250531e-19 1.908044679353419249e-19
8.568264802480243816e+03 1.111325124713656081e-18 1.985759468954817697e-19
8.573270730413300043e+03 8.377858554098108113e-19 2.001381710191105664e-19
8.578276658346354452e+03 9.463613783487910098e-19 1.974840128258836436e-19
8.583282586279410680e+03 6.867420993819889278e-19 1.992056351235758009e-19
8.588288514212466907e+03 7.300766997908966264e-19 2.025248889823292233e-19
8.593294442145521316e+03 8.975289894323106322e-19 2.048659142755869177e-19
8.598300370078577544e+03 1.110281579041832153e-18 1.950178816309634716e-19
8.603306298011633771e+03 8.979947884011915208e-19 1.861824922206683727e-19
8.608312225944689999e+03 1.113747552975997821e-18 1.912408842372270458e-19
8.613318153877744408e+03 8.816271380566387193e-19 2.140552986219356465e-19
8.618324081810800635e+03 9.475070684948433743e-19 2.451030763079129408e-19
8.623330009743856863e+03 1.094502092179716247e-18 2.720389621805522058e-19
8.628335937676911271e+03 1.282830090853396276e-18 2.855601832357674347e-19
8.633341865609967499e+03 1.424994058457444770e-18 2.746973801135761259e-19
8.638347793543023727e+03 1.653540459858212690e-18 2.454921202640235832e-19
8.643353721476079954e+03 8.348580859658335293e-19 2.319145997232485113e-19
8.648359649409134363e+03 5.696018799645586784e-19 2.555500621826114427e-19
8.653365577342190591e+03 2.945777718961442841e-19 2.848203210807048049e-19
8.658371505275246818e+03 8.379609168572604849e-19 2.899628371814815280e-19
8.663377433208301227e+03 6.224408939309622217e-19 2.841690801220437991e-19
8.668383361141357454e+03 7.463169623996293412e-19 2.717269433083800624e-19
8.673389289074413682e+03 7.504119914473810377e-19 2.562983829777058066e-19
8.678395217007469910e+03 1.205084523146053623e-18 2.423429891541907144e-19
8.683401144940524318e+03 7.429284463936179361e-19 2.299076458931180662e-19
8.688407072873580546e+03 7.737655427034379724e-19 2.194839018385156428e-19
8.693413000806636774e+03 6.311112759732102076e-19 2.179048840334194058e-19
8.698418928739691182e+03 6.887526797299273442e-19 2.196633669653303387e-19
8.703424856672747410e+03 1.015036998919621319e-18 2.190969654100028326e-19
8.708430784605803638e+03 7.735723078380434267e-19 2.107050213544915748e-19
8.713436712538859865e+03 8.554761618413697627e-19 2.013682012486764383e-19
8.718442640471914274e+03 1.013938028603852782e-18 1.950500099947992497e-19
8.723448568404970501e+03 1.074107002038179093e-18 1.927743053725698546e-19
8.728454496338024910e+03 6.900496329280866959e-19 1.895514309117575703e-19
8.733460424271081138e+03 8.060518081304275309e-19 1.872818003757741607e-19
8.738466352204137365e+03 9.356677958036150505e-19 1.875161573067366458e-19
8.743472280137193593e+03 5.254571815616870074e-19 1.842446150232879779e-19
8.748478208070249821e+03 8.764176524066959704e-19 1.883517207778518874e-19
8.753484136003304229e+03 6.094835142325358889e-19 2.489661268111199232e-19
8.758490063936360457e+03 6.681262570195166253e-19 3.277447351599288722e-19
8.763495991869414866e+03 1.255315086379253936e-18 3.927796007607101781e-19
8.768501919802471093e+03 8.325965884321607370e-19 3.699226617009713816e-19
8.773507847735527321e+03 6.068375315467608077e-19 3.734983037311878380e-19
8.778513775668583548e+03 7.265340116809633956e-19 3.482552510384732167e-19
8.783519703601639776e+03 7.129984522433758984e-19 2.920761384709945376e-19
8.788525631534694185e+03 5.302621835046081130e-19 2.535744837297946939e-19
8.793531559467750412e+03 9.816654392907515846e-19 2.482651454990136546e-19
8.798537487400804821e+03 9.260696680490796691e-19 2.080183684289617574e-19
8.803543415333861049e+03 5.830193974491055801e-19 2.001178315211078123e-19
8.808549343266917276e+03 7.578560199781029473e-19 2.070161003504882704e-19
8.813555271199973504e+03 7.231527856711887775e-19 2.120062012968502785e-19
8.818561199133029731e+03 5.066684610840946083e-19 3.171009229980068997e-19
8.823567127066084140e+03 1.590060797828444924e-19 5.046177815630231573e-19
8.828573054999140368e+03 -7.922946882591224113e-20 5.490760959276678617e-19
8.833578982932194776e+03 2.072924765799146901e-19 4.441449950560488515e-19
8.838584910865251004e+03 9.939510813135982104e-19 3.438883449743049171e-19
8.843590838798307232e+03 1.158518229316219008e-18 2.758574771757368769e-19
8.848596766731363459e+03 4.791031174036520999e-19 2.566445604729301378e-19
8.853602694664417868e+03 9.581255130558070653e-19 2.413758574879540858e-19
8.858608622597474096e+03 9.389149013956600264e-19 2.337409456686882837e-19
8.863614550530530323e+03 1.183341608967201739e-18 2.858620832023651333e-19
8.868620478463584732e+03 2.299887770132588686e-19 2.805231539853316524e-19
8.873626406396640959e+03 9.452241493224130310e-19 2.353859871872595118e-19
8.878632334329697187e+03 1.500307370288447242e-18 3.066645159011697236e-19
8.883638262262753415e+03 6.296480159362063857e-19 3.942888867509557578e-19
8.888644190195807823e+03 1.450441681932944427e-18 3.840485121694191844e-19
8.893650118128864051e+03 5.487230660326704386e-19 2.628255917895080725e-19
8.898656046061920279e+03 3.114618573972754917e-19 2.924787937198084429e-19
8.903661973994974687e+03 4.461144227903549657e-19 3.076779281390250575e-19
8.908667901928030915e+03 8.468476882783270477e-19 2.758202500067514360e-19
8.913673829861087142e+03 1.182609234130144164e-18 3.845848313873746463e-19
8.918679757794143370e+03 8.893405062341560992e-19 4.458598857865922532e-19
8.923685685727199598e+03 2.654544474361379296e-19 4.020703592047215173e-19
8.928691613660254006e+03 1.605477518538371726e-18 2.467467249659641445e-19
8.933697541593308415e+03 1.244048086529686572e-18 2.366437668195850534e-19
8.938703469526364643e+03 8.863113251785333911e-19 3.040847707199068650e-19
8.943709397459420870e+03 8.944796739331829931e-19 3.251241215182096946e-19
8.948715325392477098e+03 7.821532738558607504e-19 3.272845636278866960e-19
8.953721253325533326e+03 3.056451756175685738e-19 4.273157654158964542e-19
8.958727181258589553e+03 1.062985120797747166e-19 4.460779876162077033e-19
8.963733109191643962e+03 1.017506630722977693e-18 3.436957093391781162e-19
8.968739037124698370e+03 5.259553154122611543e-19 2.357422296905925563e-19
8.973744965057754598e+03 6.338576790615778195e-19 2.305407825647861234e-19
8.978750892990810826e+03 7.705741893131382924e-19 2.371548281183251148e-19
8.983756820923867053e+03 1.147937167547526707e-18 2.791772454805360526e-19
8.988762748856923281e+03 8.859207906416478787e-19 2.817972594306261524e-19
8.993768676789977690e+03 3.878238761702036675e-19 2.960568551413355292e-19
8.998774604723033917e+03 8.331513997886649941e-19 3.235179490388300065e-19
9.003780532656088326e+03 9.145559559543471709e-19 3.137040808162812367e-19
9.008786460589144554e+03 9.568950963679390353e-19 2.340323954471030668e-19
9.013792388522200781e+03 6.085056205976152764e-19 2.085603493440370215e-19
9.018798316455257009e+03 7.799286639584383144e-19 2.110512683063031978e-19
9.023804244388313236e+03 6.800818647867833309e-19 2.149873168285179147e-19
9.028810172321367645e+03 7.015371980672027524e-19 2.233684551407373767e-19
9.033816100254423873e+03 6.970223089620495677e-19 2.468319805349767017e-19
9.038822028187478281e+03 1.033905033032053966e-18 2.573386983721394545e-19
9.043827956120534509e+03 1.025925596261701192e-18 2.804926448351815392e-19
9.048833884053590737e+03 5.799851440882863367e-19 2.849454361925935183e-19
9.053839811986646964e+03 1.140511293163998261e-18 2.730189474174230513e-19
9.058845739919703192e+03 1.255888216847852709e-18 2.366729282191879791e-19
9.063851667852757600e+03 8.005524347584408549e-19 2.393089973936539197e-19
9.068857595785813828e+03 8.388636413019250657e-19 2.429002226352296708e-19
9.073863523718868237e+03 5.796299690303799996e-19 2.460733281872672707e-19
9.078869451651924464e+03 8.751074919539366089e-19 2.495542042494362842e-19
9.083875379584980692e+03 4.247103735483664941e-19 2.567727570000974673e-19
9.088881307518036920e+03 5.616134608420631648e-19 2.691015670779842856e-19
9.093887235451093147e+03 6.986392000480078201e-19 2.716271453663586058e-19
9.098893163384147556e+03 1.024353536498887219e-18 2.762251652490827499e-19
9.103899091317203784e+03 6.653564290322528587e-19 2.628732381888137278e-19
9.108905019250258192e+03 6.656512312733033514e-19 2.408592743533986044e-19
9.113910947183314420e+03 8.497432552928106927e-19 2.259788144461255660e-19
9.118916875116370647e+03 9.098310775001726996e-19 2.220588269713167860e-19
9.123922803049426875e+03 5.006520539307613966e-19 2.217801686850663187e-19
9.128928730982483103e+03 8.606404732145729324e-19 2.239792625687960910e-19
9.133934658915537511e+03 7.872690767117817297e-19 2.254503439681129605e-19
9.138940586848593739e+03 4.058218069741090264e-19 2.268305282498826200e-19
9.143946514781648148e+03 5.480373740385969994e-19 2.315030435635449902e-19
9.148952442714704375e+03 1.026863750110703685e-18 2.427607324440739542e-19
9.153958370647760603e+03 5.677252890518904977e-19 2.494526800933075743e-19
9.158964298580816831e+03 3.662177099421081773e-19 2.493207050329641704e-19
9.163970226513873058e+03 2.927711323623417449e-19 2.411146991008394203e-19
9.168976154446927467e+03 7.124828335822649137e-19 2.301261041514823287e-19
9.173982082379983694e+03 9.679982382844052708e-19 2.312358488725462390e-19
9.178988010313038103e+03 7.850052579761654875e-19 2.372005822346657467e-19
9.183993938246094331e+03 7.629864650687774213e-19 2.407164324324782667e-19
9.188999866179150558e+03 6.057990759090980728e-19 2.473280200913750686e-19
9.194005794112206786e+03 8.842505246970350301e-19 2.533196922225989144e-19
9.199011722045263014e+03 8.851721811225236501e-19 2.614999341442095876e-19
9.204017649978317422e+03 1.126196529117734235e-18 2.675922144698118184e-19
9.209023577911373650e+03 8.744746424577010964e-19 2.744072981588444833e-19
9.214029505844428058e+03 7.692789625821176145e-19 2.779465842181795834e-19
9.219035433777484286e+03 8.722119216703474095e-19 2.825195199181055289e-19
9.224041361710540514e+03 7.686603633151736681e-19 2.724534806960053729e-19
9.229047289643596741e+03 1.032325790097312199e-18 2.619784045728965255e-19
9.234053217576652969e+03 5.121033918053328987e-19 2.500042144584586151e-19
9.239059145509707378e+03 6.659595654890166576e-19 2.477969058878749144e-19
9.244065073442761786e+03 6.812211854510399584e-19 2.532670049472219156e-19
9.249071001375818014e+03 5.600843692171571337e-19 2.548976355087887777e-19
9.254076929308874242e+03 5.252194108197786037e-19 2.525667862495737825e-19
9.259082857241930469e+03 5.305004685395013469e-19 2.492328642075129458e-19
9.264088785174986697e+03 6.474819140991111613e-19 2.468402297195648950e-19
9.269094713108042924e+03 6.301403290766287581e-19 2.398681652633347236e-19
9.274100641041097333e+03 4.681277730132383801e-19 2.322765851881362741e-19
9.279106568974151742e+03 4.746031881927623412e-19 2.332178094261493248e-19
9.284112496907207969e+03 5.883302701579499553e-19 2.435059389515890804e-19
9.289118424840264197e+03 8.321208362000524097e-19 2.558215708187445002e-19
9.294124352773320425e+03 4.332112136596818352e-19 2.574731622781351939e-19
9.299130280706376652e+03 6.349612016861333906e-19 3.237260403754930338e-19
9.304136208639432880e+03 6.629713127301459321e-19 4.628437994932546956e-19
9.309142136572487289e+03 6.077076939528660777e-19 5.909415663209143354e-19
9.314148064505541697e+03 4.980130141792793043e-19 5.682456977296872807e-19
9.319153992438597925e+03 5.175140321609172712e-19 5.360575801771409611e-19
9.324159920371654152e+03 6.782748556281365197e-19 4.825945207798920338e-19
9.329165848304710380e+03 5.510974241700145627e-19 4.044625171143011853e-19
9.334171776237766608e+03 6.257518729701990413e-19 3.527285119422164684e-19
9.339177704170821016e+03 9.688790313304429955e-19 3.466573174343017483e-19
9.344183632103877244e+03 3.192813358269520614e-19 3.129383253604237467e-19
9.349189560036931653e+03 2.960731328131110890e-19 2.912597430398800385e-19
9.354195487969987880e+03 4.757494040264525404e-19 2.842347446959938255e-19
9.359201415903044108e+03 4.316612635320382389e-19 2.785126971871408676e-19
9.364207343836100335e+03 6.004597717742400167e-19 3.038421465866628759e-19
9.369213271769156563e+03 6.078881240907353252e-19 5.259131324345538077e-19
9.374219199702210972e+03 5.979140065429202141e-19 6.387899715929045354e-19
9.379225127635267199e+03 5.069537162500937405e-20 5.737663941856280283e-19
9.384231055568321608e+03 2.764653820729981701e-19 3.461766598154351729e-19
9.389236983501377836e+03 -2.308184923323550838e-19 2.819314619218892155e-19
9.394242911434434063e+03 5.465560069886792376e-19 2.897225078211910372e-19
9.399248839367490291e+03 8.763124319161743314e-19 3.245173414317891760e-19
9.404254767300546519e+03 1.502711766286387709e-18 3.242066111841524349e-19
9.409260695233600927e+03 4.093953282879169728e-19 2.919178125361283587e-19
9.414266623166657155e+03 6.726796859542042230e-19 3.512985257185077230e-19
9.419272551099711563e+03 7.484651326535586283e-19 3.881583260754471009e-19
9.424278479032767791e+03 1.098967072339100849e-18 3.560812226453061217e-19
9.429284406965824019e+03 4.494894583294783988e-19 3.093820715031920504e-19
9.434290334898880246e+03 3.352702095144312777e-19 4.781593548844231291e-19
9.439296262831936474e+03 -4.604381660713990416e-19 5.383161131127033434e-19
9.444302190764990883e+03 5.854325582373273838e-19 4.817086115427310427e-19
9.449308118698047110e+03 4.448459204723915674e-19 3.537480636607785151e-19
9.454314046631101519e+03 -4.684743291719196201e-19 4.388784845243956506e-19
9.459319974564157746e+03 -2.344824978813527001e-19 4.665258903364733358e-19
9.464325902497213974e+03 2.379304978690806099e-19 4.034820666665521271e-19
9.469331830430270202e+03 8.839592088325364423e-20 4.553124233754053275e-19
9.474337758363326429e+03 1.933407150103233598e-19 5.933177153705754651e-19
9.479343686296380838e+03 5.162719810163644886e-19 5.604103347493256075e-19
9.484349614229437066e+03 3.977881995552747594e-19 3.707061113888776387e-19
9.489355542162491474e+03 8.462040622287811203e-19 3.001867702475588736e-19
9.494361470095547702e+03 2.008273083215075214e-19 3.284343953701712082e-19
9.499367398028603930e+03 1.326276846571263299e-18 3.997478344316415361e-19
9.504373325961660157e+03 1.037997706496881336e-18 4.046484071581744878e-19
9.509379253894716385e+03 6.963580068818623965e-19 3.510694764255589091e-19
9.514385181827770793e+03 7.072035522114494636e-20 4.138385677428202912e-19
9.519391109760827021e+03 3.614189244608731833e-19 4.432284106330424685e-19
9.524397037693881430e+03 1.163104046531856407e-18 3.886443470828731102e-19
9.529402965626937657e+03 4.439338818824793000e-19 3.086251259029127444e-19
9.534408893559993885e+03 3.317425490466962664e-19 3.040359697193137476e-19
9.539414821493050113e+03 5.873543240722917426e-19 2.958460758842896738e-19
9.544420749426106340e+03 -1.972190186363756669e-20 3.084171544316814724e-19
9.549426677359160749e+03 6.650137593996062057e-19 3.595394939308399025e-19
9.554432605292216977e+03 3.458328043945454267e-19 3.792436946364812881e-19
9.559438533225271385e+03 1.429216733688739413e-18 3.907491312546847199e-19
9.564444461158327613e+03 3.960326483033568971e-19 4.704197710633055082e-19
9.569450389091383840e+03 6.092794823409647005e-19 4.839546289174984597e-19
9.574456317024440068e+03 3.188963198177853731e-20 3.885760998590763290e-19
9.579462244957496296e+03 1.005663371016891971e-18 3.304621513722597063e-19
9.584468172890550704e+03 3.034882938607658236e-19 3.303552655187116281e-19
9.589474100823605113e+03 5.512604939324127252e-19 3.324108276373248256e-19
9.594480028756661341e+03 6.088863051615811103e-19 3.312841116330043247e-19
9.599485956689717568e+03 6.791170711988042166e-19 3.426208396977912947e-19
9.604491884622773796e+03 1.953662270859757233e-19 3.716212475212592977e-19
9.609497812555830023e+03 3.424549335009198139e-19 3.788441763416808992e-19
9.614503740488886251e+03 1.094248000819558098e-18 3.892811583720906508e-19
9.619509668421940660e+03 7.169849774702418651e-19 4.034182060173961162e-19
9.624515596354995068e+03 7.926398423349630086e-19 3.914007914431548653e-19
9.629521524288051296e+03 1.062863215360671966e-18 3.381637430401970359e-19
9.634527452221107524e+03 4.155300164206982283e-19 3.179871460958759552e-19
9.639533380154163751e+03 2.485088060724182547e-19 3.058763106912876933e-19
9.644539308087219979e+03 6.290285572034653009e-19 3.062009723440412948e-19
9.649545236020274388e+03 7.311019060132115479e-20 3.113887297869776775e-19
9.654551163953330615e+03 5.002987019582876538e-19 3.225914112126874373e-19
9.659557091886385024e+03 2.040446441731216171e-20 3.368084542051518876e-19
9.664563019819441251e+03 5.030295919810690601e-19 3.748043658139989325e-19
9.669568947752497479e+03 1.082144700406728000e-18 3.952618325316496766e-19
9.674574875685553707e+03 4.692313237363614012e-19 4.142698557395638771e-19
9.679580803618609934e+03 5.265028920683573918e-19 4.354305538065540839e-19
9.684586731551664343e+03 7.097546571373357328e-19 4.332449717667833446e-19
9.689592659484720571e+03 5.436832895491859906e-19 3.953535825771104209e-19
9.694598587417774979e+03 4.423628336588621595e-19 4.398569057436009515e-19
9.699604515350831207e+03 -2.331966308700181408e-19 4.573006474185112894e-19
9.704610443283887435e+03 -9.153317688500931442e-21 4.481442339236314485e-19
9.709616371216943662e+03 2.171024474509795763e-19 4.352241530249716701e-19
9.714622299149999890e+03 -7.163605248905569411e-19 5.301340314286513533e-19
9.719628227083054298e+03 1.668802358625824239e-18 5.588130236633836077e-19
9.724634155016110526e+03 1.158338200493687899e-18 5.132439725558034423e-19
9.729640082949164935e+03 4.841337071528778753e-19 4.271407716625469210e-19
9.734646010882221162e+03 7.717957023763690852e-19 4.376792460140119066e-19
9.739651938815277390e+03 4.235498153992859795e-19 4.342174888038066583e-19
9.744657866748333618e+03 8.471246933318721487e-19 3.999169638400934064e-19
9.749663794681389845e+03 2.354181609238497845e-19 3.751675867742635545e-19
9.754669722614444254e+03 3.879093934160343590e-19 3.579501390882620209e-19
9.759675650547500481e+03 5.120447825336213285e-19 3.574944067892366092e-19
9.764681578480554890e+03 3.354644961222314553e-19 3.616965836780632553e-19
9.769687506413611118e+03 2.863879429284947898e-19 3.640127953816569707e-19
9.774693434346667345e+03 6.041129640587823833e-19 3.628618011054793746e-19
9.779699362279723573e+03 2.216722393599007435e-19 3.721830637776370499e-19
9.784705290212779801e+03 1.011674083066410405e-18 4.921136537269745646e-19
9.789711218145834209e+03 2.079513570337879011e-19 5.783313609280222533e-19
9.794717146078890437e+03 2.241360925722617505e-19 5.888077411618828039e-19
9.799723074011944846e+03 6.686862414518983428e-19 4.918887554425459630e-19
9.804729001945001073e+03 5.931457382328174988e-19 4.585109991085944281e-19
9.809734929878057301e+03 7.557131969792603686e-20 4.448434030505361482e-19
9.814740857811113528e+03 1.113335386498584799e-19 4.484788983696462592e-19
9.819746785744169756e+03 7.874195752227427355e-19 4.350119044639236832e-19
9.824752713677224165e+03 -8.091686080929340611e-20 4.227764346970852128e-19
9.829758641610280392e+03 4.041441899655631691e-19 4.186802388336612688e-19
9.834764569543334801e+03 4.761607331084424072e-19 4.132516042888738709e-19
9.839770497476391029e+03 7.735654932054928362e-19 4.265298467430136009e-19
9.844776425409447256e+03 8.311341113188273555e-19 4.942338888847334393e-19
9.849782353342503484e+03 4.206925587212850276e-19 5.227727434013869500e-19
9.854788281275559712e+03 3.107797891422543704e-19 4.921372704078411325e-19
9.859794209208614120e+03 3.153678028503449611e-19 4.531275211843473882e-19
9.864800137141670348e+03 1.980795565470635848e-19 5.237274089023984329e-19
9.869806065074724756e+03 7.861859588098898578e-19 6.517773361155134618e-19
9.874811993007780984e+03 1.511929030914271077e-18 6.353836377135260813e-19
9.879817920940837212e+03 9.553643332896472816e-20 4.947940466672498896e-19
9.884823848873893439e+03 1.300870402591538626e-19 4.307582953794286529e-19
9.889829776806949667e+03 2.173347350388238586e-19 4.745358647146662447e-19
9.894835704740004076e+03 -2.524654113276558874e-19 5.073566273782648115e-19
9.899841632673058484e+03 -2.537474909421366849e-20 4.949450818282711515e-19
9.904847560606114712e+03 8.168890440927937926e-19 4.573168916950036587e-19
9.909853488539170939e+03 1.041068730805612902e-18 5.900201544977254496e-19
9.914859416472227167e+03 5.170248023596453142e-19 6.491437025297184025e-19
9.919865344405283395e+03 1.388053576033591953e-18 5.913524930518340653e-19
9.924871272338339622e+03 6.686663413325080857e-19 4.556792963153362952e-19
9.929877200271394031e+03 9.160468961927364845e-19 4.390604271910946184e-19
9.934883128204448440e+03 7.103640951607895635e-19 4.844733681638995298e-19
9.939889056137504667e+03 1.087487973334695531e-18 6.434060998902490219e-19
9.944894984070560895e+03 8.336328812229124676e-19 7.782756655689359030e-19
9.949900912003617123e+03 1.331244846023590255e-18 7.915556907680293011e-19
9.954906839936673350e+03 2.794644204107343831e-19 7.743046802168491238e-19
9.959912767869729578e+03 2.280974710947404330e-18 8.050644053421488355e-19
9.964918695802783986e+03 9.942666173641256285e-19 7.311109236799330510e-19
9.969924623735838395e+03 1.286849064000243949e-18 6.304925664156224282e-19
9.974930551668894623e+03 1.021120150481105203e-18 5.988801875542688452e-19
9.979936479601950850e+03 3.055883126126945008e-19 5.688593699352771660e-19
9.984942407535007078e+03 7.112859165187859604e-19 5.405238555650008847e-19
9.989948335468063306e+03 5.953824525706688735e-19 5.333678952972676150e-19
9.994954263401117714e+03 2.166388605187240340e-19 5.575252041404553910e-19
9.999960191334173942e+03 8.728011728628216693e-19 5.762045010561676389e-19
1.000496611926722835e+04 9.877997533114360312e-19 6.262242461574019987e-19
1.000997204720028458e+04 5.720281028436745183e-19 7.770330366155395123e-19
1.001497797513334081e+04 -3.903191745771084669e-19 7.864252729887969237e-19
1.001998390306639703e+04 1.792815844239635837e-18 6.954852721998835802e-19
1.002498983099945326e+04 4.505412521613589125e-19 6.145071317155469557e-19
1.002999575893250767e+04 3.735599750208838222e-19 6.000983848532103331e-19
1.003500168686556390e+04 4.494762935442956832e-19 5.503990050394732083e-19
1.004000761479861831e+04 4.850780368552220910e-19 5.637853825309687255e-19
1.004501354273167453e+04 7.461619759375341093e-19 5.716092407184929459e-19
1.005001947066473076e+04 9.665438458490153313e-19 5.601001193534331587e-19
1.005502539859778699e+04 5.326766094043557924e-19 5.650475186565067685e-19
1.006003132653084322e+04 6.409784799037442669e-19 6.043245407640603624e-19
1.006503725446389763e+04 1.847164698015190272e-18 6.221917948587710810e-19
1.007004318239695385e+04 1.525832341966881953e-18 6.126337406344780970e-19
1.007504911033000826e+04 7.008974225685235645e-19 6.411610588240961957e-19
1.008005503826306449e+04 8.565605220225897892e-19 7.540621160288011689e-19
1.008506096619612072e+04 4.115973622584426121e-19 7.990452132866233057e-19
1.009006689412917694e+04 1.572816644697635555e-19 7.368087614420145732e-19
1.009507282206223317e+04 -4.147394077267400253e-19 6.713778633128911270e-19
1.010007874999528758e+04 -4.557705013896180084e-20 7.143611749650198654e-19
1.010508467792834381e+04 -1.607599383061881139e-21 7.298415682764319453e-19
1.011009060586139822e+04 1.852699071599273985e-18 6.977438297406662495e-19
1.011509653379445444e+04 -5.696675645030044423e-20 6.753908648298985230e-19
1.012010246172751067e+04 9.738263174503074185e-19 7.850151401182372871e-19
1.012510838966056690e+04 1.769954245429413306e-18 8.438137343580847514e-19
1.013011431759362313e+04 3.726303294861117424e-19 7.955171786398052347e-19
1.013512024552667754e+04 1.396243147212230250e-18 6.783357833437079035e-19
1.014012617345973376e+04 6.130428120799738694e-19 6.540765491925487459e-19
1.014513210139278817e+04 8.433653368994354053e-19 6.572371419549184254e-19
1.015013802932584440e+04 -8.998927497129768297e-20 6.870069038598103257e-19
1.015514395725890063e+04 5.490866446881538821e-19 7.083635587181188664e-19
1.016014988519195686e+04 2.013117159224288342e-19 7.124444474413406171e-19
1.016515581312501308e+04 4.791763707837324963e-19 7.320931234048399763e-19
1.017016174105806749e+04 9.383744137785866629e-19 8.136617779053766885e-19
1.017516766899112372e+04 2.038250026117668400e-18 8.347489455283090444e-19
1.018017359692417813e+04 8.378350095754330980e-19 7.752039684498234635e-19
1.018517952485723436e+04 -1.673684733988122095e-19 7.532590555130021700e-19
1.019018545279029058e+04 2.693852547073458513e-19 7.905188632283716146e-19
1.019519138072334681e+04 -3.863662134559047248e-19 7.951741931208306834e-19
1.020019730865640304e+04 -2.500506052408218794e-19 7.985980580164591765e-19
1.020520323658945745e+04 2.481526404964095009e-19 8.544040829641933756e-19
1.021020916452251367e+04 2.394385079099284563e-18 9.566902612280007694e-19
1.021521509245556808e+04 6.044317825597077376e-19 9.612230144856741499e-19
1.022022102038862431e+04 1.052868118617176345e-18 9.192258160610405216e-19
1.022522694832168054e+04 -4.640263077171557417e-19 9.408587362176522830e-19
1.023023287625473677e+04 9.045409834199032021e-19 9.790230164652799676e-19
1.023523880418779299e+04 1.753047622483483050e-20 9.403309273117999064e-19
1.024024473212084740e+04 -3.278743512033660361e-19 8.980814082565132970e-19
1.024525066005390181e+04 5.872067318440598714e-19 8.947398233775641766e-19
1.025025658798695804e+04 6.756951579462532651e-19 8.993625477643570551e-19
1.025526251592001427e+04 5.143429078689921088e-19 8.888559613707337598e-19
1.026026844385307049e+04 7.691930472645438075e-19 8.857196789081909316e-19
1.026527437178612672e+04 2.365313631337402901e-19 8.757681583127119795e-19
1.027028029971918295e+04 8.008737952630446592e-19 8.730037787074791823e-19
1.027528622765223736e+04 -9.689509050037247091e-19 8.859039709297206905e-19
1.028029215558529177e+04 1.999543067200423226e-19 9.164903120724249738e-19
1.028529808351834799e+04 6.939896379622512461e-19 9.884152965952730184e-19
1.029030401145140422e+04 5.164620131355894533e-19 1.023417556332212124e-18
1.029530993938446045e+04 9.309276793229991699e-19 1.002457211193754552e-18
