#  wl flam flam_err
4.803806996822357178e+03 0.000000000000000000e+00 0.000000000000000000e+00
4.808812924755412496e+03 0.000000000000000000e+00 0.000000000000000000e+00
4.813818852688468723e+03 0.000000000000000000e+00 0.000000000000000000e+00
4.818824780621524042e+03 0.000000000000000000e+00 0.000000000000000000e+00
4.823830708554580269e+03 0.000000000000000000e+00 0.000000000000000000e+00
4.828836636487635587e+03 0.000000000000000000e+00 0.000000000000000000e+00
4.833842564420691815e+03 1.409044389195427733e-22 0.000000000000000000e+00
4.838848492353747133e+03 2.001642416596500133e-21 2.374019575353601662e-21
4.843854420286802451e+03 4.365226154536274796e-21 9.164155191719084376e-21
4.848860348219858679e+03 6.696398619735835034e-21 2.057950499126254400e-19
4.853866276152913997e+03 8.996372263459924053e-21 3.782693966154771472e-19
4.858872204085970225e+03 1.126631909046176034e-20 4.020490427225291871e-19
4.863878132019025543e+03 1.350737170237332802e-20 6.820479009547912753e-19
4.868884059952080861e+03 1.573721463341440566e-20 1.465254235583232239e-18
4.873889987885137089e+03 1.792896070011732650e-20 1.531080265845051953e-18
4.878895915818192407e+03 9.668774659037342001e-19 1.293698199914491187e-18
4.883901843751248634e+03 1.219999950771696867e-18 1.231430113723916467e-18
4.888907771684303952e+03 8.590019129648148372e-19 1.173088498044461167e-18
4.893913699617360180e+03 1.636222340377778451e-19 1.113396533096394808e-18
4.898919627550415498e+03 5.428573653514754188e-19 1.050272846859623268e-18
4.903925555483470816e+03 1.148832522546782441e-18 9.834925858831446252e-19
4.908931483416527044e+03 7.547985021653456485e-19 9.299936181794798141e-19
4.913937411349582362e+03 3.982986229830260780e-19 8.254406802387105577e-19
4.918943339282638590e+03 -2.196014421887439937e-19 7.658662513059756124e-19
4.923949267215693908e+03 -3.647037095017249840e-19 7.376264712986235009e-19
4.928955195148750136e+03 7.135536173548282148e-19 7.163696030551510012e-19
4.933961123081805454e+03 -4.256356810008719610e-19 7.052684673132144206e-19
4.938967051014860772e+03 1.191666377726029257e-18 6.913162056182660951e-19
4.943972978947916999e+03 2.930484471972277098e-19 6.717661620566291583e-19
4.948978906880972318e+03 -6.754732241250305179e-19 6.558462380565097905e-19
4.953984834814028545e+03 1.095522551005981123e-19 6.444397819623285876e-19
4.958990762747083863e+03 -2.459841514871660155e-19 6.402455148435581819e-19
4.963996690680139181e+03 -3.657148655188077024e-20 6.330534016887756209e-19
4.969002618613195409e+03 5.509832708747680243e-19 6.201734097250422707e-19
4.974008546546250727e+03 -2.098742666651462368e-19 6.068999707116348446e-19
4.979014474479306955e+03 2.429269998980721180e-19 5.753060617496537066e-19
4.984020402412362273e+03 1.219623342336626757e-19 5.684808667323134255e-19
4.989026330345418501e+03 4.638618965720026522e-19 5.584601300452986529e-19
4.994032258278473819e+03 -3.420629116902220759e-19 5.477397763682266979e-19
4.999038186211529137e+03 -8.543416044838299345e-20 5.311139749100533944e-19
5.004044114144585365e+03 2.686892392124986859e-19 5.087717322503036326e-19
5.009050042077640683e+03 2.277671663430778704e-19 4.924460228946549114e-19
5.014055970010696910e+03 6.404650975529893462e-19 4.604186599113308787e-19
5.019061897943752228e+03 1.463418253643599693e-19 4.472653454769865232e-19
5.024067825876807547e+03 6.491338326567199505e-19 4.578267574158514342e-19
5.029073753809863774e+03 1.189129780269180545e-18 4.726213387794314649e-19
5.034079681742919092e+03 9.509883702895700547e-19 4.629327982193008406e-19
5.039085609675975320e+03 -1.988935323092936675e-19 4.475749265721709749e-19
5.044091537609030638e+03 4.949909894129616699e-19 4.350252281328875994e-19
5.049097465542086866e+03 7.784835251225910363e-19 4.279970482863117634e-19
5.054103393475142184e+03 3.986859319570164874e-19 4.203041335537037272e-19
5.059109321408197502e+03 4.187226672105636567e-19 4.071598192388027421e-19
5.064115249341253730e+03 2.500219970276604759e-19 3.936426386457748813e-19
5.069121177274309048e+03 1.857144085872091769e-19 3.823285325117625695e-19
5.074127105207365275e+03 -1.310046582164033435e-19 3.717382687035343913e-19
5.079133033140420594e+03 2.896007375062370277e-19 3.585639807521337557e-19
5.084138961073476821e+03 2.200167985468527380e-19 3.607387746073403411e-19
5.089144889006532139e+03 1.009993383178310687e-19 3.572271787930948333e-19
5.094150816939587457e+03 6.852130656927760391e-19 3.604457577643038818e-19
5.099156744872643685e+03 3.642766644636347130e-19 3.562912082503010112e-19
5.104162672805699003e+03 3.850108441952402644e-19 3.663096258144468348e-19
5.109168600738755231e+03 7.722160558510981650e-19 3.769049323200282974e-19
5.114174528671810549e+03 7.099573825989920272e-19 3.838097523136051865e-19
5.119180456604865867e+03 3.070757634568598558e-19 3.909109295576851694e-19
5.124186384537922095e+03 2.922572468248970155e-19 3.915519027497186534e-19
5.129192312470977413e+03 9.728434964619965725e-20 3.822704520604793781e-19
5.134198240404033641e+03 -2.009542414698646383e-21 3.682858473647695576e-19
5.139204168337088959e+03 1.674863532296582716e-19 3.564723263320935012e-19
5.144210096270145186e+03 2.248899199492857478e-19 3.475164724622195011e-19
5.149216024203200504e+03 8.140890887321321820e-21 3.417774655316948499e-19
5.154221952136255823e+03 3.053265854008571921e-20 3.277538504972348377e-19
5.159227880069312050e+03 6.894923085022092864e-20 3.002185753676626671e-19
5.164233808002367368e+03 2.467266872466140881e-19 2.754238271006668005e-19
5.169239735935423596e+03 4.556548488087449020e-19 2.644324787351246828e-19
5.174245663868478914e+03 1.638896626794833541e-19 2.655530499228955376e-19
5.179251591801534232e+03 1.713000207016537104e-19 2.676790829792084050e-19
5.184257519734590460e+03 1.985125978649276876e-20 2.661021367503442877e-19
5.189263447667645778e+03 -1.560361496388732539e-19 2.681640368915344601e-19
5.194269375600702006e+03 -1.103022734610887538e-19 2.749776554472482364e-19
5.199275303533757324e+03 -2.008910252831407313e-19 2.828256859924023838e-19
5.204281231466813551e+03 3.807784506217054133e-19 2.840964973211906915e-19
5.209287159399868870e+03 2.252908210213409556e-19 2.852203988052740687e-19
5.214293087332924188e+03 2.309635868800050593e-19 2.869047571436144106e-19
5.219299015265980415e+03 2.031106155653413348e-19 2.871919620985613250e-19
5.224304943199035733e+03 -1.744637935815422238e-20 2.860031383563855296e-19
5.229310871132091961e+03 2.254688292604784637e-19 2.847246231363709338e-19
5.234316799065147279e+03 -5.050214712111758608e-20 2.839304135403556255e-19
5.239322726998203507e+03 -2.111884109085459580e-19 2.804555394710724336e-19
5.244328654931258825e+03 3.768801527973656994e-19 2.807341856574839064e-19
5.249334582864314143e+03 5.127040829663787477e-19 2.831895499803949489e-19
5.254340510797370371e+03 1.391707147537855407e-19 2.766563606959374634e-19
5.259346438730425689e+03 5.907836206917369346e-20 2.635858287248110894e-19
5.264352366663481916e+03 3.961176021253240356e-20 2.517904981295792054e-19
5.269358294596537235e+03 3.389557876031188932e-19 2.463885495411876730e-19
5.274364222529593462e+03 -4.224463998898463128e-20 2.485289617567827715e-19
5.279370150462648780e+03 -2.222399447998199735e-19 2.519646272316623400e-19
5.284376078395704099e+03 1.274149715401223989e-19 2.584631977201828145e-19
5.289382006328760326e+03 -2.542852708713594726e-19 2.669182250849665323e-19
5.294387934261815644e+03 4.020453563620530353e-19 2.620080231674564090e-19
5.299393862194871872e+03 4.857570572978707384e-19 2.632834938432234980e-19
5.304399790127927190e+03 9.786634046231606606e-19 2.663183461902802362e-19
5.309405718060982508e+03 4.770050133138364255e-19 2.665536045405653534e-19
5.314411645994038736e+03 3.133973529701829092e-19 2.596545351968435316e-19
5.319417573927094054e+03 1.288614006196302428e-19 2.562415818780679917e-19
5.324423501860150282e+03 4.258777142388063518e-19 2.553103833050873019e-19
5.329429429793205600e+03 -1.455102123848672903e-19 2.523867560739256060e-19
5.334435357726260918e+03 1.907480327415305945e-19 2.448702327910338508e-19
5.339441285659317145e+03 3.918009157053500985e-20 2.405338513458926255e-19
5.344447213592372464e+03 4.563556807657443406e-19 2.399006068045852719e-19
5.349453141525428691e+03 -3.901384766926332732e-20 2.403215388691460005e-19
5.354459069458484009e+03 2.719503841162194142e-19 2.421012485214593086e-19
5.359464997391540237e+03 -3.795536773960966884e-19 2.448058405507434727e-19
5.364470925324595555e+03 1.018209997927315404e-19 2.479502130133699254e-19
5.369476853257650873e+03 5.160227674588744146e-19 2.525755061794851621e-19
5.374482781190707101e+03 3.792549370232661072e-19 2.645074568442220709e-19
5.379488709123762419e+03 4.026816951632070386e-19 2.813678987277704440e-19
5.384494637056818647e+03 1.819066318433299663e-19 2.967029648427385923e-19
5.389500564989873965e+03 -2.535189695112009259e-20 3.258771816343074986e-19
5.394506492922930192e+03 -5.296517743241642418e-21 3.543294262486304925e-19
5.399512420855985511e+03 -3.003421696144933840e-21 3.925750207066700871e-19
5.404518348789040829e+03 -3.423675261735381178e-21 4.638549784296224732e-19
5.409524276722097056e+03 -3.842473012103267462e-21 5.082833194991937877e-19
5.414530204655152374e+03 -4.259817869239220574e-21 5.535166581598003652e-19
5.419536132588208602e+03 -4.675712525083328554e-21 6.266173614168076371e-19
5.424542060521263920e+03 -5.090159469676927799e-21 7.464748389061388932e-19
5.429547988454320148e+03 -5.503161017718496492e-21 7.853581633324442822e-19
5.434553916387375466e+03 -5.914719335227028460e-21 8.246854047578435780e-19
5.439559844320430784e+03 -6.324836464805410200e-21 8.355315547105688309e-19
5.444565772253487012e+03 -6.733514350620734335e-21 8.214104500971094124e-19
5.449571700186542330e+03 -7.140754862386382529e-21 6.976137869064170662e-19
5.454577628119598558e+03 -7.546559818912194527e-21 5.053738935675836659e-19
5.459583556052653876e+03 7.168275535723105163e-20 3.141600307918084054e-19
5.464589483985709194e+03 1.406302424281100900e-19 2.500372183149203403e-19
5.469595411918765421e+03 3.316121772803236832e-19 2.408499321224079946e-19
5.474601339851820740e+03 3.758781922278023588e-19 2.372267904832826506e-19
5.479607267784876967e+03 1.679515002214507960e-19 2.371313626255710312e-19
5.484613195717932285e+03 4.330749429855161327e-19 2.402207665316682375e-19
5.489619123650987603e+03 -4.002012706198221249e-21 2.447946050157017201e-19
5.494625051584043831e+03 1.174131676484814910e-19 2.481648572954365022e-19
5.499630979517099149e+03 1.621955963796068483e-19 2.471645416697267590e-19
5.504636907450155377e+03 3.997804737572580846e-19 2.437176374906090883e-19
5.509642835383210695e+03 3.487173914137180780e-19 2.376449407119933145e-19
5.514648763316266923e+03 3.189337510562039918e-19 2.291848199931126465e-19
5.519654691249322241e+03 1.829223303444384283e-19 2.220535647043901873e-19
5.524660619182377559e+03 1.073143394731771110e-19 2.147448950492537492e-19
5.529666547115433787e+03 5.925372954351153517e-19 2.072687537507258785e-19
5.534672475048489105e+03 3.905545890409138786e-19 2.004953247437440596e-19
5.539678402981545332e+03 1.841066423088885832e-19 1.963598710779368233e-19
5.544684330914600650e+03 4.698950979566036051e-19 1.920171479517887379e-19
5.549690258847656878e+03 2.082152792512008163e-20 1.867625911770773423e-19
5.554696186780712196e+03 7.008763697042236704e-20 1.838467042608926903e-19
5.559702114713767514e+03 1.475102244724218311e-19 1.813669254585969124e-19
5.564708042646823742e+03 7.142481427832829352e-19 2.014640579033137796e-19
5.569713970579879060e+03 3.059832618716652540e-19 3.216981795753132333e-19
5.574719898512935288e+03 5.834671267594963578e-19 3.885112217985342922e-19
5.579725826445990606e+03 6.063625536509868699e-19 3.297819517352254498e-19
5.584731754379046833e+03 6.163062318940257710e-19 2.036784173198220440e-19
5.589737682312102152e+03 2.139619983571498818e-20 1.765430906496929489e-19
5.594743610245157470e+03 2.021651550798295554e-19 1.750726858167630437e-19
5.599749538178213697e+03 3.158056713447842511e-19 1.767456325810446232e-19
5.604755466111269016e+03 3.916360150516782122e-19 1.784006497648339781e-19
5.609761394044325243e+03 6.241714362507057702e-19 1.805763008124094010e-19
5.614767321977380561e+03 -2.115085735940134389e-19 1.829175316634431296e-19
5.619773249910436789e+03 1.580189929290788976e-19 1.853849154368181880e-19
5.624779177843492107e+03 2.115105914567146109e-19 1.860021990831829641e-19
5.629785105776547425e+03 -1.046530121594882220e-20 1.864560261480534778e-19
5.634791033709603653e+03 9.071353331865798073e-20 1.882387518440423336e-19
5.639796961642658971e+03 2.631979648836741658e-19 1.874334967644678604e-19
5.644802889575714289e+03 1.995507525899394549e-19 1.846557356285273589e-19
5.649808817508770517e+03 4.081340056873075568e-19 1.801136465273000663e-19
5.654814745441825835e+03 1.130986495309688228e-19 1.750165141460776351e-19
5.659820673374882062e+03 1.339158142689654018e-19 1.719908408208004941e-19
5.664826601307937381e+03 2.845101184239759772e-19 1.692442909799102972e-19
5.669832529240993608e+03 3.812602392580132098e-19 1.675174392226212050e-19
5.674838457174048926e+03 2.659610358480964745e-19 1.666987331478628859e-19
5.679844385107104245e+03 1.127507077587119069e-19 1.655499989550057062e-19
5.684850313040160472e+03 4.460628532779689245e-22 1.634158221548620388e-19
5.689856240973215790e+03 3.070301515792494760e-19 1.617616483259938643e-19
5.694862168906272018e+03 9.938030633108408773e-20 1.624285243262551606e-19
5.699868096839327336e+03 2.065687223159095645e-19 1.626563503644454259e-19
5.704874024772383564e+03 3.253414039414010385e-19 1.637774917913448965e-19
5.709879952705438882e+03 4.690190040072945071e-19 1.654117296455123997e-19
5.714885880638494200e+03 2.351731392792300662e-19 1.664365552661683460e-19
5.719891808571550428e+03 -1.235771049810774176e-19 1.664084513675494452e-19
5.724897736504605746e+03 1.189734765727905917e-19 1.672120000427275074e-19
5.729903664437661973e+03 8.850757448890417021e-20 1.687398654886595292e-19
5.734909592370717291e+03 2.411291302222108001e-19 1.712129983252797500e-19
5.739915520303773519e+03 2.992557140496438611e-19 1.738184201842551134e-19
5.744921448236828837e+03 -1.365947390265166701e-19 1.770643171711093904e-19
5.749927376169884155e+03 3.283748446173120001e-19 1.808268515350443112e-19
5.754933304102940383e+03 4.307658162760994462e-20 1.870679333945385959e-19
5.759939232035995701e+03 -7.536876554362479825e-20 1.914819368945496490e-19
5.764945159969051929e+03 4.991607470249456298e-19 1.945509437302237410e-19
5.769951087902107247e+03 -1.485254453309216164e-22 1.950905717839614125e-19
5.774957015835163475e+03 1.490721421898851877e-19 1.946163035939907827e-19
5.779962943768218793e+03 1.396798487788674038e-19 1.943804812689963206e-19
5.784968871701274111e+03 3.714176249429262515e-20 1.938121323454841056e-19
5.789974799634330338e+03 1.482014760707123183e-19 1.927777009088015022e-19
5.794980727567385657e+03 5.419895145273863474e-21 1.932400026333989863e-19
5.799986655500441884e+03 1.871459414237382655e-20 1.955649397819300959e-19
5.804992583433497202e+03 -9.383367605823580495e-20 1.979010562699760651e-19
5.809998511366552520e+03 1.991266465430294631e-19 2.019524472835147461e-19
5.815004439299608748e+03 3.544705057210046811e-19 2.051296498570614124e-19
5.820010367232664066e+03 2.438188413261133109e-19 2.003848523213046748e-19
5.825016295165720294e+03 4.675617222218984446e-19 1.935377091969428255e-19
5.830022223098775612e+03 3.599808095617043430e-19 1.887179963392831259e-19
5.835028151031830930e+03 2.023245920313065512e-19 1.863037552097496964e-19
5.840034078964887158e+03 4.111144961850312236e-19 1.831015199878156212e-19
5.845040006897942476e+03 6.921652278300016861e-19 1.820058842012243630e-19
5.850045934830998704e+03 1.755488530555995848e-18 1.803837621217287362e-19
5.855051862764054022e+03 2.167225579490008790e-18 1.802667622199464592e-19
5.860057790697110249e+03 1.423558583897134246e-18 1.817084231214936565e-19
5.865063718630165567e+03 8.670259448341184521e-19 1.828323770654925193e-19
5.870069646563220886e+03 1.866003631716656261e-19 1.789864675980428539e-19
5.875075574496277113e+03 4.659803299861788922e-19 1.760218147112796580e-19
5.880081502429332431e+03 9.387600495989184280e-20 1.896459280550726204e-19
5.885087430362388659e+03 4.340643231144386174e-19 2.150947830300364285e-19
5.890093358295443977e+03 3.900342839162304429e-20 2.202903876231196245e-19
5.895099286228500205e+03 3.203014140468449703e-19 2.007771827426299266e-19
5.900105214161555523e+03 2.343173517352286575e-19 1.831939311487156450e-19
5.905111142094610841e+03 1.340393223776695737e-19 1.775690786457606948e-19
5.910117070027667069e+03 6.491775157898032260e-20 1.785143621830265857e-19
5.915122997960722387e+03 2.676526495118504775e-19 1.787456123439581000e-19
5.920128925893778614e+03 -3.617672351499814107e-20 1.771256667601205410e-19
5.925134853826833933e+03 3.527121793910078728e-19 1.789424264145421954e-19
5.930140781759890160e+03 6.016048587382110299e-20 1.781471208365293158e-19
5.935146709692945478e+03 5.355681598468662423e-19 1.761419217074782252e-19
5.940152637626000796e+03 5.608454316127272105e-19 1.755901689936788137e-19
5.945158565559057024e+03 6.816289965290109777e-20 1.791510906470419631e-19
5.950164493492112342e+03 1.922800215798728667e-19 1.802614660243412719e-19
5.955170421425167660e+03 4.071208515560627486e-19 1.744776279396136886e-19
5.960176349358223888e+03 6.351682709760571166e-19 1.669534993112577021e-19
5.965182277291280116e+03 2.568047288856948067e-19 1.629877119645170803e-19
5.970188205224335434e+03 3.140239196385423774e-19 1.604830390313374609e-19
5.975194133157390752e+03 1.693107420103495000e-19 1.566660586638428991e-19
5.980200061090446980e+03 3.876233919694888814e-19 1.527716051067764325e-19
5.985205989023502298e+03 4.787939505144629130e-19 1.491761059826848400e-19
5.990211916956557616e+03 5.034295374256326803e-19 1.481785980327352061e-19
5.995217844889613843e+03 4.692797355604447668e-19 1.483698151367094800e-19
6.000223772822669162e+03 2.814027866091442696e-19 1.472624130750799260e-19
6.005229700755725389e+03 2.044593033438586940e-19 1.440673964201342282e-19
6.010235628688780707e+03 3.000763669181556295e-20 1.412742013871832641e-19
6.015241556621836935e+03 4.545269821259385536e-19 1.399660399790674478e-19
6.020247484554892253e+03 2.803124433655502793e-19 1.365661906011251511e-19
6.025253412487947571e+03 8.581189234315489693e-20 1.345406382236328310e-19
6.030259340421003799e+03 3.390237513568679091e-19 1.326412150070490901e-19
6.035265268354059117e+03 4.923781018902501255e-19 1.304861502661251590e-19
6.040271196287115345e+03 2.620401918708060539e-19 1.283230228460078066e-19
6.045277124220170663e+03 4.379015332880159568e-19 1.262702059369498602e-19
6.050283052153226890e+03 1.549641384781607131e-19 1.242805364186286930e-19
6.055288980086282209e+03 2.375608636586346613e-19 1.230247933477784682e-19
6.060294908019337527e+03 1.925866549135814234e-19 1.218021296098188115e-19
6.065300835952393754e+03 2.493821539247540426e-19 1.205576738428131106e-19
6.070306763885449072e+03 1.537325468517453575e-19 1.191001435473736549e-19
6.075312691818505300e+03 2.619164274697749491e-19 1.181610618394298767e-19
6.080318619751560618e+03 2.446720309938525356e-19 1.172988753863096623e-19
6.085324547684616846e+03 2.095246698344045822e-19 1.168250907906996857e-19
6.090330475617672164e+03 4.470564541229580747e-19 1.161105522755212995e-19
6.095336403550727482e+03 2.471271983784251876e-19 1.159612907250710728e-19
6.100342331483783710e+03 2.897485932903849576e-19 1.162291865077055307e-19
6.105348259416839028e+03 1.891524679386457201e-19 1.156918075126190522e-19
6.110354187349894346e+03 2.037624725883548856e-19 1.160598146436661720e-19
6.115360115282950574e+03 2.437474986658790732e-19 1.163516639512191948e-19
6.120366043216006801e+03 1.746489273385129184e-19 1.173213866509701170e-19
6.125371971149062119e+03 2.560862742631444100e-19 1.187688901283772412e-19
6.130377899082117438e+03 2.504097604354903858e-19 1.208007567771866681e-19
6.135383827015173665e+03 3.406527603581711452e-19 1.243395681461472284e-19
6.140389754948228983e+03 4.755276830432125029e-19 1.261352928782659099e-19
6.145395682881284301e+03 1.688475082241616245e-19 1.244279844293435333e-19
6.150401610814340529e+03 1.705777252106786360e-19 1.219712511454851423e-19
6.155407538747396757e+03 3.341417160080436850e-19 1.186051479894496751e-19
6.160413466680452075e+03 3.892972524876954606e-19 1.164496621049842723e-19
6.165419394613507393e+03 3.601783542201839021e-19 1.158978642475820371e-19
6.170425322546563621e+03 4.569466389690677452e-19 1.156166758059524950e-19
6.175431250479618939e+03 2.367305828035937567e-19 1.130901285572314199e-19
6.180437178412674257e+03 3.391912016257701659e-19 1.110686109071391596e-19
6.185443106345730484e+03 1.386946158059052876e-19 1.105095960789560589e-19
6.190449034278785803e+03 2.991828478485732599e-19 1.099813496711018676e-19
6.195454962211842030e+03 2.616038860449806381e-19 1.090697312640786599e-19
6.200460890144897348e+03 4.953777334648935632e-19 1.091098509619506547e-19
6.205466818077953576e+03 2.315790219634270265e-19 1.072948835338800811e-19
6.210472746011008894e+03 3.351130749439642823e-19 1.070151117593895787e-19
6.215478673944064212e+03 1.026307811157077766e-19 1.082384861727849165e-19
6.220484601877120440e+03 3.569074378213004691e-19 1.087290192045724067e-19
6.225490529810175758e+03 2.963147973513105343e-19 1.110808041112400688e-19
6.230496457743231986e+03 5.908131577814756561e-19 1.184700793747173360e-19
6.235502385676287304e+03 2.331153004403273559e-19 1.213926930256943350e-19
6.240508313609343531e+03 3.389356655608897857e-19 1.156770141920361310e-19
6.245514241542398850e+03 5.024101900687607314e-19 1.121882793806237212e-19
6.250520169475454168e+03 9.153154581087290809e-20 1.178666119435447983e-19
6.255526097408510395e+03 4.040136238941880048e-20 1.248700833933271481e-19
6.260532025341565713e+03 6.561293714627268301e-20 1.270983491467479124e-19
6.265537953274621032e+03 2.380569870188921595e-19 1.246310021878667490e-19
6.270543881207677259e+03 1.891632899105586677e-19 1.248200835632382954e-19
6.275549809140733487e+03 1.037722202578927185e-19 1.246573090741024330e-19
6.280555737073788805e+03 4.265393212979180718e-19 1.271421840688057684e-19
6.285561665006844123e+03 1.670590009420514879e-19 1.268809490230401784e-19
6.290567592939900351e+03 9.375508212727965895e-20 1.562676056250267013e-19
6.295573520872955669e+03 3.524500337749937610e-19 1.975781219942288952e-19
6.300579448806010987e+03 2.974555588305343768e-19 1.932683246797439293e-19
6.305585376739067215e+03 3.142752698951145279e-19 1.421640572532319250e-19
6.310591304672123442e+03 4.007142293377376670e-19 1.158247041478209427e-19
6.315597232605178760e+03 3.862162522718657947e-19 1.125710000451038915e-19
6.320603160538234079e+03 2.915295206585540834e-19 1.147430084230280144e-19
6.325609088471290306e+03 5.247507776039226388e-19 1.154338586457563889e-19
6.330615016404345624e+03 2.289203420786081096e-19 1.114105178505258822e-19
6.335620944337400942e+03 2.889859516634768225e-19 1.051671347014681606e-19
6.340626872270457170e+03 4.988428051118061835e-19 1.043088365623110507e-19
6.345632800203512488e+03 2.344048482415031365e-19 1.056785813986137992e-19
6.350638728136568716e+03 3.789249340173126858e-19 1.093196185404026976e-19
6.355644656069624034e+03 1.583839583784799575e-19 1.264429495403865624e-19
6.360650584002680262e+03 2.342824698904892164e-19 1.373898541261707287e-19
6.365656511935735580e+03 2.984539666985747529e-19 1.282566305121012132e-19
6.370662439868790898e+03 4.249222960315448255e-19 1.096902344538431256e-19
6.375668367801847126e+03 3.258641969374783529e-19 1.079858252293785038e-19
6.380674295734902444e+03 2.055666883617382399e-19 1.102148777185826041e-19
6.385680223667958671e+03 3.243130215005471064e-19 1.106241615905375719e-19
6.390686151601013989e+03 2.159684062049394633e-19 1.100450301201716513e-19
6.395692079534070217e+03 1.576452961416325698e-19 1.110516188329827387e-19
6.400698007467125535e+03 2.677654919263161796e-19 1.117855025703250680e-19
6.405703935400180853e+03 2.319121654243747915e-19 1.109350737089216871e-19
6.410709863333237081e+03 2.643635230527961627e-19 1.097721884284998639e-19
6.415715791266292399e+03 4.151428317523069756e-19 1.080497212631828468e-19
6.420721719199348627e+03 2.308487822605944487e-19 1.053438253846080990e-19
6.425727647132403945e+03 2.632430753932702687e-19 1.020255350490132117e-19
6.430733575065460172e+03 3.943622545255861834e-19 9.976294957011700115e-20
6.435739502998515491e+03 2.686348061491112521e-19 9.759598377643884878e-20
6.440745430931570809e+03 1.179509581635784948e-19 9.622334423405977224e-20
6.445751358864627036e+03 1.944707170348163600e-19 9.669345473150015365e-20
6.450757286797682355e+03 3.112157228863615916e-19 9.702437376518532095e-20
6.455763214730737673e+03 1.821489835118168269e-19 9.939466635860798635e-20
6.460769142663793900e+03 2.345794199232381784e-19 1.036977707733971626e-19
6.465775070596850128e+03 4.677580235407519886e-19 1.053390316318350804e-19
6.470780998529905446e+03 3.135013968263055620e-19 1.018805647854731916e-19
6.475786926462960764e+03 2.634773594962515775e-19 9.719543094899956232e-20
6.480792854396016992e+03 4.621669869424223946e-19 9.489409842932487131e-20
6.485798782329072310e+03 3.468871921449818703e-19 9.453210751957092832e-20
6.490804710262127628e+03 2.866195861912834369e-19 1.006644475125882714e-19
6.495810638195183856e+03 2.517365367228105518e-19 1.079571345788751759e-19
6.500816566128239174e+03 2.162493493995648964e-19 1.081718424738786305e-19
6.505822494061295401e+03 1.556057080217085391e-19 1.032757443459021678e-19
6.510828421994350720e+03 3.664346457811402792e-19 1.026175698035496165e-19
6.515834349927406947e+03 2.806144716187921449e-19 1.053885490473291988e-19
6.520840277860462265e+03 2.342850341424429764e-19 1.084352203072778063e-19
6.525846205793517584e+03 4.367222760054709994e-19 1.146253299898282620e-19
6.530852133726573811e+03 4.948636650015331692e-19 1.149089320468527473e-19
6.535858061659629129e+03 3.863909388345057621e-19 1.111220417738313927e-19
6.540863989592685357e+03 3.448110177378491754e-19 1.164498377016680167e-19
6.545869917525740675e+03 8.560071144811683541e-19 1.344998506398488819e-19
6.550875845458796903e+03 3.892824229313531778e-19 1.215770922658846487e-19
6.555881773391852221e+03 2.516563680806096972e-19 9.667804288151942931e-20
6.560887701324907539e+03 3.128301387524909017e-19 8.337727922219610647e-20
6.565893629257963767e+03 3.043845478429078263e-19 8.652172728201476896e-20
6.570899557191019085e+03 8.971966620835203962e-20 9.409066362447327227e-20
6.575905485124075312e+03 2.578571478558599631e-19 9.826668113187289454e-20
6.580911413057130630e+03 2.607399572151573266e-19 9.419991886418815642e-20
6.585917340990186858e+03 2.654419076761470837e-19 9.020102987571824945e-20
6.590923268923242176e+03 3.330430620127970674e-19 8.996493258573815127e-20
6.595929196856297494e+03 4.121663032785000336e-19 9.118746210787661419e-20
6.600935124789353722e+03 9.245571269298419762e-20 9.146242495651427720e-20
6.605941052722409040e+03 2.749543191357477530e-19 9.066307337257686528e-20
6.610946980655464358e+03 2.013324141910064423e-19 8.922301218562843879e-20
6.615952908588520586e+03 3.800979967657694428e-19 9.084180347814080648e-20
6.620958836521576814e+03 3.728012947775504129e-19 9.241364538943106962e-20
6.625964764454632132e+03 4.402205221889537623e-19 9.437306671084521205e-20
6.630970692387687450e+03 3.382251652092753066e-19 9.570967399738344940e-20
6.635976620320743677e+03 3.774210151154540004e-19 9.607377797605568388e-20
6.640982548253798996e+03 2.808325613623103995e-19 9.562980896367150394e-20
6.645988476186854314e+03 2.485276683037494168e-19 9.575610682416429232e-20
6.650994404119910541e+03 2.786545106636914035e-19 9.705882513162472744e-20
6.656000332052965859e+03 -5.558994777816368787e-20 9.820250446816862256e-20
6.661006259986022087e+03 1.668154624286756703e-19 9.722748505329430690e-20
6.666012187919077405e+03 1.653514178597450376e-19 9.580294390327458357e-20
6.671018115852133633e+03 2.212412961114399061e-19 9.417312714974323551e-20
6.676024043785188951e+03 3.365728699878844216e-19 9.302521580273802730e-20
6.681029971718244269e+03 2.177197580360456748e-19 9.152214811412502430e-20
6.686035899651300497e+03 2.022782458683666966e-19 9.029761803694521670e-20
6.691041827584355815e+03 3.149900684552693306e-19 8.906348354653827620e-20
6.696047755517412043e+03 2.374983924796081638e-19 8.806379822222035502e-20
6.701053683450467361e+03 6.311636238313013662e-20 8.602975927766353461e-20
6.706059611383523588e+03 8.182740632530691918e-20 8.444407781925090657e-20
6.711065539316578906e+03 1.579155596212739009e-19 8.363233752185594225e-20
6.716071467249634225e+03 7.931508372385998974e-20 8.312682602640174667e-20
6.721077395182690452e+03 2.300110050753756922e-19 8.287813095753730608e-20
6.726083323115745770e+03 3.988787734041867568e-19 8.371370671239540273e-20
6.731089251048801998e+03 3.399755464452695560e-19 8.451856435945953221e-20
6.736095178981857316e+03 2.158451772221192906e-19 8.535913714199703894e-20
6.741101106914913544e+03 1.309564651973941730e-19 8.651260641990091851e-20
6.746107034847968862e+03 5.572429750040063698e-20 8.665133126600674302e-20
6.751112962781024180e+03 2.864748880784632836e-19 8.681322151912025330e-20
6.756118890714080408e+03 3.485731500383689058e-19 8.724117522352957725e-20
6.761124818647135726e+03 3.627298634600953410e-19 8.738526797583291353e-20
6.766130746580191044e+03 2.756160437468726533e-19 8.811748656076438574e-20
6.771136674513247272e+03 2.509786414671974709e-19 8.898934761311524780e-20
6.776142602446303499e+03 3.132656188893530213e-19 9.043092729395201292e-20
6.781148530379358817e+03 3.349810483900175590e-19 9.298435739875069209e-20
6.786154458312414135e+03 1.629461776431493581e-19 9.332382990645948635e-20
6.791160386245470363e+03 2.456632138236661710e-19 9.175607129165258004e-20
6.796166314178525681e+03 2.446326438456716034e-19 9.052296093150076869e-20
6.801172242111580999e+03 3.212851651773635584e-19 8.919363726706920760e-20
6.806178170044637227e+03 2.229260160448768697e-19 8.828333606056944370e-20
6.811184097977693455e+03 4.614429791010946751e-19 8.652160200875253852e-20
6.816190025910748773e+03 2.003004084052012146e-19 8.601765390526397550e-20
6.821195953843804091e+03 3.182291325244647188e-19 9.320405518409691459e-20
6.826201881776860318e+03 4.554182843193041716e-19 1.033096775659736133e-19
6.831207809709915637e+03 2.492071624384483285e-19 1.034207841141904154e-19
6.836213737642970955e+03 2.128214790923056258e-19 9.310897213245003455e-20
6.841219665576027182e+03 2.918140980322271970e-19 8.407787484496151127e-20
6.846225593509082501e+03 3.082671090016672701e-19 8.111720581089868604e-20
6.851231521442138728e+03 2.405168675278679404e-19 8.219669914519310296e-20
6.856237449375194046e+03 2.619637882839029075e-19 9.576242811847147572e-20
6.861243377308250274e+03 3.496424951169874509e-19 1.089258363646590020e-19
6.866249305241305592e+03 1.657526162637624650e-19 1.100681561833617544e-19
6.871255233174360910e+03 1.915482336910452920e-19 1.040080927048289659e-19
6.876261161107417138e+03 2.653740490214779871e-19 1.050828456150949774e-19
6.881267089040473365e+03 2.715913366087634717e-19 1.032896732776342165e-19
6.886273016973527774e+03 1.496510558494311812e-20 1.013712968193592553e-19
6.891278944906584002e+03 1.770594443505513196e-19 1.016006133769001531e-19
6.896284872839640229e+03 4.864902639623371984e-19 1.021924990626511845e-19
6.901290800772695547e+03 3.186119284961227438e-19 1.022597754211133712e-19
6.906296728705750866e+03 3.584470212633157154e-19 1.034508056510523287e-19
6.911302656638807093e+03 2.674988161579145293e-19 1.054086780766515886e-19
6.916308584571862411e+03 2.115172026113387585e-19 1.096620506563058024e-19
6.921314512504917730e+03 3.643958735996593743e-19 1.078726172129341336e-19
6.926320440437973957e+03 3.234397485112517687e-19 9.939569121297952822e-20
6.931326368371030185e+03 5.357586110923568640e-19 9.282446656449190028e-20
6.936332296304085503e+03 4.413654174777831203e-19 9.510451703840178223e-20
6.941338224237140821e+03 3.388456243363503001e-19 9.995132110749867674e-20
6.946344152170197049e+03 1.033930533363612096e-19 1.006032395015796823e-19
6.951350080103252367e+03 3.598350441175407611e-19 9.288586844363449890e-20
6.956356008036307685e+03 2.689474027267238248e-19 8.239441929289004514e-20
6.961361935969363913e+03 2.744337288676370995e-19 8.158100999878858128e-20
6.966367863902420140e+03 2.754702624910589025e-19 8.295092959182064375e-20
6.971373791835475458e+03 3.417246904732410321e-19 8.632607878464256579e-20
6.976379719768530776e+03 3.806836427241322842e-19 8.644707985019269690e-20
6.981385647701587004e+03 2.303240685165098037e-19 8.356445283563880293e-20
6.986391575634642322e+03 1.448216180255701440e-19 7.955697421760708864e-20
6.991397503567697640e+03 2.599224222809254307e-19 8.040390326643804706e-20
6.996403431500753868e+03 2.854982284561230030e-19 8.289329119049291464e-20
7.001409359433810096e+03 2.042782833160090199e-19 8.569269440259404405e-20
7.006415287366865414e+03 2.262594058209969201e-19 8.836162113028113361e-20
7.011421215299920732e+03 2.515058300159754624e-19 8.829748781296938926e-20
7.016427143232976960e+03 1.924184087862248378e-19 8.603602343561901851e-20
7.021433071166032278e+03 3.282082759522462470e-19 8.532663426374819497e-20
7.026438999099087596e+03 4.768693380603170634e-19 8.624046048001216652e-20
7.031444927032143823e+03 2.807900361041799242e-19 8.725136966743387843e-20
7.036450854965200051e+03 1.905854266371854029e-19 8.936496641715918372e-20
7.041456782898254460e+03 2.886627164527490319e-19 9.213299807299988396e-20
7.046462710831310687e+03 9.861577713735924077e-20 9.160533546864669379e-20
7.051468638764366915e+03 3.287149359284134887e-19 8.863760353209194789e-20
7.056474566697422233e+03 2.431984670791156719e-19 8.572038548437418127e-20
7.061480494630477551e+03 2.092661578000702453e-19 8.507977814019787002e-20
7.066486422563533779e+03 3.134810198485466563e-19 8.542150367451387441e-20
7.071492350496589097e+03 2.517308316728926030e-19 8.409674183148603673e-20
7.076498278429644415e+03 2.319390024123647407e-19 8.408482537479531034e-20
7.081504206362700643e+03 3.189138994779381382e-19 8.382043740874522900e-20
7.086510134295756870e+03 3.974835323950764806e-19 8.277634760131401751e-20
7.091516062228812189e+03 2.430509356346901968e-19 8.086406951350865906e-20
7.096521990161867507e+03 1.929710212575931779e-19 7.854508208415663886e-20
7.101527918094923734e+03 4.093067365361793223e-19 7.753853899576606644e-20
7.106533846027979052e+03 1.880176503802444409e-19 7.689872646434810681e-20
7.111539773961034371e+03 1.046900204167754722e-19 7.677770004013664530e-20
7.116545701894090598e+03 3.045907637886920090e-19 7.619141120989138960e-20
7.121551629827146826e+03 2.337332122572118199e-19 7.704375478863149129e-20
7.126557557760202144e+03 2.583513485222537927e-19 7.850879813040131327e-20
7.131563485693257462e+03 3.161083448112333013e-19 8.003668702387851675e-20
7.136569413626313690e+03 2.319921245231214402e-19 8.216527468650243986e-20
7.141575341559369008e+03 1.210749199573569841e-19 8.516532922128170892e-20
7.146581269492424326e+03 3.029631680039537480e-19 8.710981890262607692e-20
7.151587197425480554e+03 2.581794230089003150e-19 8.769924979280711192e-20
7.156593125358536781e+03 2.335929094872304503e-19 8.946111846589594294e-20
7.161599053291592099e+03 2.836018874093190619e-19 9.163328809520252219e-20
7.166604981224647418e+03 3.362208962471081282e-19 9.210522209295870059e-20
7.171610909157703645e+03 5.347281443513097599e-19 9.112423684328959991e-20
7.176616837090758963e+03 1.701556716604755413e-19 8.787746070261737019e-20
7.181622765023814281e+03 3.486513140676043747e-19 8.436906846210054053e-20
7.186628692956870509e+03 2.936727249486585909e-19 8.103919685245142017e-20
7.191634620889926737e+03 2.080626125254914578e-19 7.929726602458225026e-20
7.196640548822981145e+03 2.784116828289598903e-19 7.782095646390468328e-20
7.201646476756037373e+03 2.477314922837012227e-19 7.663057397394847235e-20
7.206652404689093601e+03 2.869098747297967323e-19 7.598151353935697388e-20
7.211658332622148919e+03 2.544083242376880485e-19 7.600488654510549496e-20
7.216664260555204237e+03 4.093816090881976022e-19 7.682841702321652049e-20
7.221670188488260465e+03 2.439429094792192142e-19 7.787733979947344086e-20
7.226676116421315783e+03 1.848650313100587793e-19 7.956187350562382837e-20
7.231682044354371101e+03 2.308432524300215773e-19 9.482590977544073638e-20
7.236687972287427328e+03 2.715886138919615593e-19 1.201972222771748020e-19
7.241693900220483556e+03 5.532077447436676807e-19 1.296919773597223555e-19
7.246699828153538874e+03 5.601949884986796999e-19 1.152172809455479452e-19
7.251705756086594192e+03 -1.277881634423324963e-20 9.532965257039193983e-20
7.256711684019650420e+03 4.345308202388821144e-19 8.708225359080973984e-20
7.261717611952705738e+03 1.798285176605977563e-19 8.365433077066218421e-20
7.266723539885761056e+03 2.113023853227694289e-19 9.534288213487254641e-20
7.271729467818817284e+03 4.786294039688184506e-19 1.242225186309463828e-19
7.276735395751873511e+03 4.400245065552787461e-19 1.323804118152708042e-19
7.281741323684928830e+03 5.582867095832038506e-19 1.175900228877246153e-19
7.286747251617984148e+03 -5.665279361785525067e-20 1.029080035806330324e-19
7.291753179551040375e+03 1.240792000555359311e-19 9.590750827308964887e-20
7.296759107484095694e+03 5.143090751473252528e-19 1.001475454227487663e-19
7.301765035417151012e+03 3.859733513170468532e-19 9.887504668611140892e-20
7.306770963350207239e+03 1.050143647631573440e-19 1.043748763281976279e-19
7.311776891283263467e+03 4.413332243646767814e-19 1.188667307907999457e-19
7.316782819216318785e+03 2.573585742321607980e-19 1.170220719320220804e-19
7.321788747149374103e+03 3.569733523425271746e-19 1.018981007949801563e-19
7.326794675082430331e+03 1.721240043301561316e-19 9.827636765271430737e-20
7.331800603015485649e+03 3.783330910536744989e-19 1.064832161749951117e-19
7.336806530948540967e+03 -2.536206923724219432e-20 1.194341274042067837e-19
7.341812458881597195e+03 2.913479168300477177e-19 1.162577653160368253e-19
7.346818386814653422e+03 9.875333700603512363e-20 9.249901208490774917e-20
7.351824314747707831e+03 9.807499550246411060e-20 8.792070782389612918e-20
7.356830242680764059e+03 3.611526313417841362e-19 9.229888799508192856e-20
7.361836170613820286e+03 2.201426835171215976e-19 1.009820137789365281e-19
7.366842098546875604e+03 2.053844628980305963e-19 1.059018412098620507e-19
7.371848026479930923e+03 1.624768560299653159e-19 9.915376635267437241e-20
7.376853954412987150e+03 2.555704705935214079e-19 8.109750836652212883e-20
7.381859882346043378e+03 3.213736027161625392e-19 7.838515956998420881e-20
7.386865810279097786e+03 7.949134246130875956e-20 8.612727360350646230e-20
7.391871738212154014e+03 3.225667857269508936e-19 9.276683125048519436e-20
7.396877666145210242e+03 3.599582586060105672e-19 1.016742441056698087e-19
7.401883594078265560e+03 1.599333560468639710e-19 1.022703467841145111e-19
7.406889522011320878e+03 4.147940480174191695e-19 9.345650050636651339e-20
7.411895449944377106e+03 1.565647849478094261e-19 8.760443551091723134e-20
7.416901377877432424e+03 -3.461252315930485437e-20 8.889655159573158223e-20
7.421907305810487742e+03 2.076420570979406415e-19 9.285863446474052924e-20
7.426913233743543969e+03 1.139835047707690161e-19 9.549387276760822021e-20
7.431919161676600197e+03 2.935220805681272609e-19 9.958668903212916987e-20
7.436925089609655515e+03 8.659656180478685156e-20 9.750257644096445328e-20
7.441931017542710833e+03 6.630544149830471672e-20 9.024826431166234416e-20
7.446936945475767061e+03 2.629081059938737677e-19 8.188923848698757273e-20
7.451942873408822379e+03 1.302019909819284649e-19 8.025088061624262284e-20
7.456948801341877697e+03 1.415471934367248721e-19 8.094193082643788413e-20
7.461954729274933925e+03 2.927004567095966027e-19 8.392168561047361998e-20
7.466960657207990153e+03 1.330968022817406876e-19 8.895259451932529650e-20
7.471966585141045471e+03 2.285035883567475078e-19 9.097477626502750725e-20
7.476972513074100789e+03 4.981212504330823245e-19 9.331113093754331604e-20
7.481978441007157016e+03 1.058845101213590128e-19 8.989089412695240320e-20
7.486984368940212335e+03 2.321741869018425507e-19 8.371141952032454603e-20
7.491990296873267653e+03 1.364640444006296613e-19 7.917437580582988527e-20
7.496996224806323880e+03 1.890550974347568275e-19 7.814443028619110922e-20
7.502002152739380108e+03 2.028721969306087331e-19 7.746220919773612987e-20
7.507008080672435426e+03 2.536317649634406698e-19 7.860985262453828992e-20
7.512014008605490744e+03 2.573115620220149145e-19 8.276746054728267625e-20
7.517019936538546972e+03 3.522612645027270691e-19 1.013325454336655350e-19
7.522025864471602290e+03 7.200732106394320978e-19 1.152313782074814924e-19
7.527031792404657608e+03 2.078595956836405511e-19 1.123745772800208549e-19
7.532037720337713836e+03 1.552094448630148172e-19 9.722945972102962649e-20
7.537043648270770063e+03 1.914935196989828918e-19 9.146291843904115752e-20
7.542049576203824472e+03 1.243780188023554400e-19 9.055373072750477799e-20
7.547055504136880700e+03 1.938138936957230836e-19 9.074873178487802160e-20
7.552061432069936927e+03 1.770373408686716481e-19 9.430292003460744837e-20
7.557067360002992245e+03 3.749473262036705299e-19 9.289166644487790866e-20
7.562073287936047564e+03 2.503255101765352976e-19 9.308062804284432603e-20
7.567079215869103791e+03 1.274439004159257868e-19 1.023029623554435332e-19
7.572085143802159109e+03 3.216372632979225560e-19 1.014776863616413084e-19
7.577091071735214427e+03 4.123461990434077393e-19 8.927246292265028231e-20
7.582096999668270655e+03 2.916812460820861662e-19 8.525573519840387366e-20
7.587102927601326883e+03 1.941644250510235370e-19 8.648534881892550942e-20
7.592108855534382201e+03 2.222753548720321932e-19 9.459388449556862559e-20
7.597114783467437519e+03 9.827339426398441221e-20 1.200272679667675072e-19
7.602120711400493747e+03 -8.701880922897688097e-21 1.624009096757565208e-19
7.607126639333549065e+03 2.268863434768887091e-20 1.960858554280329761e-19
7.612132567266604383e+03 1.534998972039520836e-19 1.927249529837228002e-19
7.617138495199660611e+03 4.515328490226663784e-20 1.550537698003215671e-19
7.622144423132716838e+03 7.257391211452668240e-20 1.384414000629502267e-19
7.627150351065772156e+03 -5.559268717421870536e-20 1.404504630335567453e-19
7.632156278998827474e+03 -9.308815636448948285e-20 1.426357283143070672e-19
7.637162206931883702e+03 2.211564577512787051e-19 1.349189507193994045e-19
7.642168134864939020e+03 2.260377757544307769e-19 1.290744224374132814e-19
7.647174062797994338e+03 3.351590319410995703e-19 1.243240024011597959e-19
7.652179990731050566e+03 3.581625350432865757e-19 1.183279261600224516e-19
7.657185918664106794e+03 3.041377062395959414e-19 1.171709514524960907e-19
7.662191846597162112e+03 2.856227179294803004e-19 1.125034999053959416e-19
7.667197774530217430e+03 1.718634715440495317e-19 1.040348920344532601e-19
7.672203702463273657e+03 -1.193875720208454831e-20 9.698152854704374389e-20
7.677209630396328976e+03 1.209113724133101670e-19 9.548611531425093740e-20
7.682215558329384294e+03 3.155518065124023049e-19 9.429033032585266839e-20
7.687221486262440521e+03 1.062821489935999597e-19 9.267519726784335643e-20
7.692227414195496749e+03 3.842299724578907532e-19 9.167256284448042062e-20
7.697233342128551158e+03 2.535420788264926168e-19 8.959473302784821946e-20
7.702239270061607385e+03 -2.574504509839835374e-20 9.195137450593096981e-20
7.707245197994663613e+03 -5.493208694292150913e-20 1.197569587730331952e-19
7.712251125927718931e+03 8.443247352450014818e-20 1.431883168386018843e-19
7.717257053860774249e+03 1.923306973954793532e-19 1.349510782793119405e-19
7.722262981793830477e+03 2.362196252298827476e-19 1.081863514611721186e-19
7.727268909726885795e+03 2.402387987061385489e-19 9.295522077899924741e-20
7.732274837659941113e+03 2.223526996983064028e-19 8.567973466220513681e-20
7.737280765592997341e+03 2.366020920643394412e-19 8.484704272638768295e-20
7.742286693526053568e+03 6.115463105640400794e-20 1.065605292929148375e-19
7.747292621459108886e+03 1.527936542650179704e-19 1.340079268797403346e-19
7.752298549392164205e+03 6.237358485322078700e-19 1.379563082303705949e-19
7.757304477325220432e+03 3.117633258912483986e-19 1.157212169556366679e-19
7.762310405258275750e+03 2.433784099651199589e-19 1.039151604477993718e-19
7.767316333191331069e+03 3.293531296457149420e-19 1.036202953470151081e-19
7.772322261124387296e+03 4.774618001189583059e-19 1.123287991551608921e-19
7.777328189057443524e+03 1.555355915337518041e-19 1.122028285177300820e-19
7.782334116990498842e+03 1.096028019256551131e-19 1.048413581694974893e-19
7.787340044923554160e+03 4.442842783231619869e-19 1.216977650978415125e-19
7.792345972856610388e+03 3.627771027808460066e-19 1.357013725264396818e-19
7.797351900789665706e+03 4.704298643236797404e-19 1.249669688039404396e-19
7.802357828722721024e+03 2.156571812684283461e-19 1.106292330832646953e-19
7.807363756655777252e+03 4.137683141900096699e-19 1.131486403181440278e-19
7.812369684588833479e+03 1.784767082281930654e-19 1.185978300440799554e-19
7.817375612521888797e+03 4.422867645051558835e-19 1.368539193837676360e-19
7.822381540454944115e+03 2.413922613337175452e-19 1.339916239998585039e-19
7.827387468388000343e+03 6.329501195888343627e-20 1.028640537535282617e-19
7.832393396321055661e+03 4.939739816633623737e-19 9.040268962327369426e-20
7.837399324254110979e+03 3.320440559712142551e-19 9.787842719354458140e-20
7.842405252187167207e+03 3.258896517818867331e-20 1.044232735289583207e-19
7.847411180120223435e+03 4.662405045585885869e-19 1.263656193766089704e-19
7.852417108053277843e+03 4.262971906783144937e-19 1.404722325606552298e-19
7.857423035986334071e+03 5.516031046457523095e-20 1.305788120619994689e-19
7.862428963919390299e+03 1.544734825995493599e-19 1.169401264200403773e-19
7.867434891852445617e+03 2.299153269684503526e-19 1.159521900285034589e-19
7.872440819785500935e+03 3.040599349443106506e-19 1.152162202449931036e-19
7.877446747718557162e+03 3.958884305392461787e-19 1.098382424783698390e-19
7.882452675651613390e+03 2.542900820962574552e-19 1.151143516752149583e-19
7.887458603584667799e+03 1.470497159570982583e-19 1.177878521157325318e-19
7.892464531517724026e+03 7.026539758191125829e-20 1.108485614578322183e-19
7.897470459450780254e+03 2.434106268474645776e-19 9.374284221956381168e-20
7.902476387383835572e+03 1.948943970069754709e-19 9.632114366789225308e-20
7.907482315316890890e+03 3.748681324025090373e-19 1.388713412228641724e-19
7.912488243249947118e+03 -5.052344574929226756e-20 1.657325565363098794e-19
7.917494171183002436e+03 -8.254412372457992887e-20 1.607883547885367883e-19
7.922500099116057754e+03 2.415231367119748093e-19 1.336455693771390838e-19
7.927506027049113982e+03 2.883938440159953975e-19 1.242782494512244977e-19
7.932511954982170209e+03 1.325804051411159149e-19 1.168076001763360789e-19
7.937517882915225528e+03 4.702648542378827068e-19 1.020400636155107630e-19
7.942523810848280846e+03 4.345981692747036483e-19 1.035045607681162052e-19
7.947529738781337073e+03 9.712411249614832139e-20 1.062463789062176611e-19
7.952535666714392391e+03 3.076192735540572040e-19 9.955649906052502877e-20
7.957541594647447710e+03 9.234619091547641452e-20 1.156783867611836193e-19
7.962547522580503937e+03 3.535421854307789409e-19 1.324708172993112929e-19
7.967553450513560165e+03 1.875514667506617635e-19 1.231000128666534607e-19
7.972559378446615483e+03 2.851566950497908282e-19 1.050747363230379417e-19
7.977565306379670801e+03 3.153069790302962520e-19 1.056015090223634986e-19
7.982571234312727029e+03 1.878034272393504660e-19 1.035016272122187029e-19
7.987577162245782347e+03 2.511045395823480870e-19 1.224021249546532980e-19
7.992583090178837665e+03 5.891952051685712738e-21 1.326711732880327864e-19
7.997589018111893893e+03 1.328320087457443957e-19 1.127549414398008437e-19
8.002594946044950120e+03 3.718671306413334956e-19 8.771957778815012020e-20
8.007600873978005438e+03 1.057231618469762158e-19 9.335759951408440377e-20
8.012606801911060757e+03 2.478151916987295430e-19 1.010335495300849869e-19
8.017612729844116984e+03 4.962606103800168381e-19 1.122738015246518420e-19
8.022618657777172302e+03 7.610072758022837383e-19 1.272852900178362761e-19
8.027624585710227620e+03 4.992027296467514662e-19 1.252899659233675868e-19
8.032630513643283848e+03 3.027926203500636097e-19 1.012236408926723196e-19
8.037636441576340076e+03 2.113810778855171168e-19 9.114878454363212551e-20
8.042642369509394484e+03 2.477293454615041873e-19 9.450110609202831138e-20
8.047648297442450712e+03 3.835937823523179705e-19 1.034684609562205878e-19
8.052654225375506940e+03 9.694849343610954315e-20 1.107105236386341748e-19
8.057660153308562258e+03 2.985834713190727991e-19 1.210370215169855918e-19
8.062666081241617576e+03 3.094832568120813430e-19 1.196077817176327900e-19
8.067672009174673803e+03 3.572122889124995689e-19 1.046357054218006821e-19
8.072677937107729122e+03 1.269020067032214505e-19 9.484601539597574383e-20
8.077683865040784440e+03 2.430741162807512761e-19 9.353378598522141924e-20
8.082689792973840667e+03 1.818192005188495413e-19 9.226825842224354551e-20
8.087695720906896895e+03 1.957795591878544000e-19 9.246456359383423937e-20
8.092701648839952213e+03 2.736349822513420228e-19 9.330890675919104608e-20
8.097707576773007531e+03 1.550062577992185967e-20 9.609888767920556600e-20
8.102713504706063759e+03 3.075202381135821473e-19 9.467886011519617736e-20
8.107719432639119077e+03 2.427421659115438394e-19 8.790378120627475864e-20
8.112725360572174395e+03 1.173376205764566907e-19 8.295045297821796237e-20
8.117731288505230623e+03 -1.105453218173545707e-21 8.167410888671719221e-20
8.122737216438286850e+03 2.749625491565089424e-19 8.194798670538453449e-20
8.127743144371342169e+03 1.710670662321925896e-19 8.233710268133126791e-20
8.132749072304397487e+03 6.008324739483828387e-20 8.508850844771506270e-20
8.137755000237453714e+03 1.586055836510220294e-19 8.869274738783552536e-20
8.142760928170509032e+03 2.748955391145519651e-19 9.068324885504679923e-20
8.147766856103564351e+03 1.908143902220488069e-19 9.069918728081498181e-20
8.152772784036620578e+03 7.876059169201435411e-20 8.778127376517564609e-20
8.157778711969676806e+03 1.536071414483087143e-19 8.783118685580756468e-20
8.162784639902732124e+03 1.493227034041389776e-19 8.856969394573023672e-20
8.167790567835787442e+03 1.804984082793976471e-19 8.708493715597818908e-20
8.172796495768843670e+03 2.010324442314353600e-19 8.840172582227320469e-20
8.177802423701898988e+03 1.227719705920338787e-19 9.051860340054522505e-20
8.182808351634954306e+03 2.519393841858751360e-19 9.410852177521450373e-20
8.187814279568010534e+03 1.540379794205018387e-19 9.629027897188741321e-20
8.192820207501066761e+03 2.645230590514376747e-21 9.609917265412226742e-20
8.197826135434121170e+03 2.826256588392980591e-19 9.364698966113702365e-20
8.202832063367177398e+03 2.694658284285148975e-19 9.254683605513876902e-20
8.207837991300233625e+03 2.627008570519401673e-19 9.674706597465394209e-20
8.212843919233288034e+03 1.730845660630305764e-19 9.895968897510774541e-20
8.217849847166344261e+03 8.469849916765941391e-20 9.098616738435616307e-20
8.222855775099400489e+03 8.304639607407193191e-21 8.729762343330835257e-20
8.227861703032456717e+03 1.248862526784809087e-19 8.573565833799698817e-20
8.232867630965511125e+03 2.383281939372166666e-19 8.592765887214169352e-20
8.237873558898567353e+03 1.234738715310742085e-19 8.677970792162675584e-20
8.242879486831623581e+03 9.591381451359979561e-20 8.765633531583814637e-20
8.247885414764677989e+03 1.141850321631386855e-19 8.721720743264972048e-20
8.252891342697734217e+03 2.822116438700651360e-19 8.655482522982840412e-20
8.257897270630790445e+03 2.479571007451082821e-19 8.607198714521046713e-20
8.262903198563846672e+03 1.204132428911550199e-19 8.594922133870067031e-20
8.267909126496901081e+03 1.183047853076766113e-19 8.857365197020137591e-20
8.272915054429957308e+03 1.508920863792601406e-20 1.064563573293609148e-19
8.277920982363013536e+03 4.004716767799570759e-19 1.319160001286961140e-19
8.282926910296067945e+03 6.075300487466266022e-19 1.533708764842437468e-19
8.287932838229124172e+03 6.491779055907050991e-19 1.515229384104233830e-19
8.292938766162180400e+03 3.399685787123655655e-19 1.588044285993342138e-19
8.297944694095236628e+03 3.237789293122589184e-19 1.567727735054958676e-19
8.302950622028291036e+03 1.390658905134525091e-19 1.391986056041088579e-19
8.307956549961347264e+03 3.539208172029992528e-19 1.190444293246083505e-19
8.312962477894403492e+03 1.882132484838214454e-19 1.146815095982868513e-19
8.317968405827457900e+03 1.649447953442023887e-19 1.022746868187642218e-19
8.322974333760514128e+03 1.943019638920306493e-19 9.550816001062093882e-20
8.327980261693570355e+03 2.184940583073365931e-19 9.234424135902696752e-20
8.332986189626626583e+03 1.831993937480964475e-19 1.018840751643585811e-19
8.337992117559680992e+03 4.875096645101801231e-19 1.646165286498267001e-19
8.342998045492737219e+03 4.689150195245955816e-19 1.954383474222445059e-19
8.348003973425793447e+03 1.006179504007174372e-19 1.823248498929782075e-19
8.353009901358847856e+03 5.563049723862939533e-20 1.372706406358318561e-19
8.358015829291904083e+03 7.939685719840477670e-20 1.146290312942252092e-19
8.363021757224960311e+03 1.697893048416558031e-19 1.036327600417204346e-19
8.368027685158016538e+03 1.573299678005332253e-19 9.622437424958054490e-20
8.373033613091070947e+03 2.649140816608842280e-20 9.450285479182179972e-20
8.378039541024127175e+03 3.378805809374404042e-20 1.104542286247596182e-19
8.383045468957181583e+03 2.998135176668694907e-19 1.115691232339071223e-19
8.388051396890237811e+03 2.180448098758121143e-19 1.030772625917238859e-19
8.393057324823294039e+03 3.301186205383399789e-19 1.413779102606316279e-19
8.398063252756350266e+03 1.275596541605949089e-19 1.623086702038265786e-19
8.403069180689406494e+03 1.134734476511957678e-19 1.395195946164334882e-19
8.408075108622460903e+03 2.096261044461138296e-19 1.138279917308316475e-19
8.413081036555517130e+03 4.369881327044057798e-19 1.235066936564980455e-19
8.418086964488571539e+03 2.885647286081444441e-19 1.222728658057824480e-19
8.423092892421627766e+03 2.760113511484542615e-19 1.522059224661791415e-19
8.428098820354683994e+03 3.451247227601035043e-19 1.870222627573493510e-19
8.433104748287740222e+03 4.039050672308789265e-19 1.718230914756498671e-19
8.438110676220796449e+03 4.749022488404139809e-19 1.162089221236086985e-19
8.443116604153850858e+03 2.186702100338147943e-19 1.150084026339351837e-19
8.448122532086907086e+03 2.294480049767582294e-19 1.338039390675578755e-19
8.453128460019961494e+03 1.009461836374233949e-19 1.321371847108684243e-19
8.458134387953017722e+03 1.305187284476366707e-19 1.456992978182611001e-19
8.463140315886073950e+03 1.121379295127417018e-20 1.625693524860758826e-19
8.468146243819130177e+03 5.625576823718620113e-19 1.463871279482992861e-19
8.473152171752186405e+03 2.220888264474722585e-19 1.038096278748154047e-19
8.478158099685240813e+03 1.724698906736628679e-19 9.096865592567666168e-20
8.483164027618297041e+03 1.692045332167779961e-20 9.207439755302739006e-20
8.488169955551351450e+03 2.422462277316615580e-19 1.056159652115048333e-19
8.493175883484407677e+03 1.094934430151990612e-19 1.116546952455587496e-19
8.498181811417463905e+03 2.675275914219608074e-19 1.229593704958350162e-19
8.503187739350520133e+03 2.599396420806272779e-19 1.272681713002199056e-19
8.508193667283574541e+03 1.714349915409482795e-19 1.148021417643112043e-19
8.513199595216630769e+03 2.168759085289163030e-19 9.276595135265503366e-20
8.518205523149686996e+03 8.241021020536773597e-20 8.842284152167896837e-20
8.523211451082741405e+03 -3.213767687736221829e-21 8.816977857016388621e-20
8.528217379015797633e+03 1.380864596294693252e-19 8.940146276431527371e-20
8.533223306948853860e+03 1.423202594676160498e-19 9.620549563651298468e-20
8.538229234881910088e+03 8.431545315499316616e-20 1.023374552336073745e-19
8.543235162814964497e+03 1.843315699538241826e-19 1.107566673988487263e-19
8.548241090748020724e+03 1.788972259402142548e-19 1.132859631627371144e-19
8.553247018681076952e+03 2.785436486397800950e-19 1.057115354475085562e-19
8.558252946614131361e+03 1.236792966511369909e-19 9.690835296674744466e-20
8.563258874547187588e+03 1.826928542307113768e-19 9.747353668304240754e-20
8.568264802480243816e+03 2.535221947889828405e-19 1.006016658136782108e-19
8.573270730413300043e+03 2.597612147961290594e-19 1.024462721940992695e-19
8.578276658346354452e+03 1.319982372677429686e-19 1.001010203039183871e-19
8.583282586279410680e+03 9.679159332446216650e-20 1.008410712766397690e-19
8.588288514212466907e+03 1.550599895065530282e-19 1.022161497829046924e-19
8.593294442145521316e+03 1.094133282177319761e-19 1.032088792647981631e-19
8.598300370078577544e+03 8.215239413522646568e-20 9.938071054396071671e-20
8.603306298011633771e+03 8.694269195499359991e-20 9.460729383645159939e-20
8.608312225944689999e+03 -6.871926543914126168e-20 9.801103531323650061e-20
8.613318153877744408e+03 8.559458239713644132e-20 1.096240406022107701e-19
8.618324081810800635e+03 3.595825488917889829e-19 1.267803141214761483e-19
8.623330009743856863e+03 2.872750942130097664e-19 1.408902913711065121e-19
8.628335937676911271e+03 2.259901983837466575e-19 1.458982265506151502e-19
8.633341865609967499e+03 3.398340907094396699e-19 1.378837505505190263e-19
8.638347793543023727e+03 2.503751853249600802e-19 1.228409326690190949e-19
8.643353721476079954e+03 -4.797348733645148988e-20 1.189880977445987792e-19
8.648359649409134363e+03 1.008435892214332923e-20 1.315411096797758304e-19
8.653365577342190591e+03 6.615918949449722508e-20 1.446903514020281634e-19
8.658371505275246818e+03 1.452471770717254456e-19 1.487470351201284495e-19
8.663377433208301227e+03 1.865372384833182637e-19 1.458975725976018429e-19
8.668383361141357454e+03 -9.789944981092835311e-20 1.392049664458254600e-19
8.673389289074413682e+03 1.887090045790792083e-19 1.295216350890919392e-19
8.678395217007469910e+03 4.378857232691158309e-19 1.211997588840000210e-19
8.683401144940524318e+03 7.798968318614526001e-20 1.141554708571582793e-19
8.688407072873580546e+03 9.573733315197004076e-20 1.095848191289332211e-19
8.693413000806636774e+03 6.040676447525441994e-20 1.084437454321982670e-19
8.698418928739691182e+03 3.508370910226258953e-20 1.097899258206361329e-19
8.703424856672747410e+03 1.142226884874958165e-19 1.088404522971356598e-19
8.708430784605803638e+03 2.608236175149971699e-19 1.042280608938102395e-19
8.713436712538859865e+03 1.558295904668307208e-19 9.953551707388579995e-20
8.718442640471914274e+03 1.562412599902449053e-19 9.720088533775215458e-20
8.723448568404970501e+03 2.099389282930724453e-19 9.627400285066027293e-20
8.728454496338024910e+03 6.858233618397047057e-20 9.516732396599022340e-20
8.733460424271081138e+03 1.204904878615600204e-19 9.458285516104970666e-20
8.738466352204137365e+03 1.074736812593623125e-19 9.486868950352140888e-20
8.743472280137193593e+03 4.448957947361561467e-20 9.442486485817041250e-20
8.748478208070249821e+03 3.276269634520340628e-20 9.833011895858847063e-20
8.753484136003304229e+03 -6.619572808661019986e-21 1.336248267527050937e-19
8.758490063936360457e+03 4.116264097554922241e-19 1.752968409176132339e-19
8.763495991869414866e+03 5.633442811060714229e-19 1.990726225355557447e-19
8.768501919802471093e+03 7.592141620838137352e-20 1.915343165705537422e-19
8.773507847735527321e+03 3.942567686144784848e-20 1.907260487080921230e-19
8.778513775668583548e+03 4.596702914887002842e-19 1.800462973347903370e-19
8.783519703601639776e+03 2.047116921644635445e-19 1.460132885867942528e-19
8.788525631534694185e+03 1.984387208193408613e-19 1.293675665819708225e-19
8.793531559467750412e+03 1.713360331616366927e-19 1.236402747563990283e-19
8.798537487400804821e+03 7.270917004729642511e-20 1.055125247322865484e-19
8.803543415333861049e+03 1.138520625112534535e-19 1.035124580856401874e-19
8.808549343266917276e+03 2.455092469829773207e-19 1.059951528348851441e-19
8.813555271199973504e+03 1.969266254071779326e-19 1.097516652937862807e-19
8.818561199133029731e+03 2.272084159514920146e-20 1.832362588697777343e-19
8.823567127066084140e+03 3.735805186432144029e-19 2.670591221953871773e-19
8.828573054999140368e+03 1.382849177808524662e-20 2.809927440289505241e-19
8.833578982932194776e+03 -4.719324173306422505e-19 2.236064359881273664e-19
8.838584910865251004e+03 -1.176275951535892061e-19 1.750161880770131146e-19
8.843590838798307232e+03 4.965060898869922530e-20 1.388632368673244933e-19
8.848596766731363459e+03 1.547660657205415136e-19 1.310581559375118075e-19
8.853602694664417868e+03 6.750132849344495473e-20 1.199024962433079086e-19
8.858608622597474096e+03 2.144376459825706815e-19 1.240564245709015173e-19
8.863614550530530323e+03 2.425617259518277985e-19 1.472325476341775335e-19
8.868620478463584732e+03 3.460155957360707879e-19 1.441718936937752535e-19
8.873626406396640959e+03 -1.957799716383595672e-20 1.218434265249966365e-19
8.878632334329697187e+03 7.504362100826035545e-20 1.707760969758474179e-19
8.883638262262753415e+03 8.349782059663226041e-20 2.095058432239140932e-19
8.888644190195807823e+03 5.095926697367536687e-19 1.887651735292243849e-19
8.893650118128864051e+03 1.648394521279541615e-19 1.367513355028809020e-19
8.898656046061920279e+03 -3.256854918361895379e-20 1.505956446751428284e-19
8.903661973994974687e+03 2.050055503937669636e-19 1.561704010482468460e-19
8.908667901928030915e+03 4.166608392792387837e-19 1.425366057548614808e-19
8.913673829861087142e+03 2.276697518247845495e-20 2.018567196698465568e-19
8.918679757794143370e+03 3.761288368764894405e-19 2.321829157330865696e-19
8.923685685727199598e+03 1.669511141263296223e-20 1.938135409378337471e-19
8.928691613660254006e+03 1.853338324578050533e-19 1.277956439157025388e-19
8.933697541593308415e+03 4.285312578121064729e-20 1.264872502030496864e-19
8.938703469526364643e+03 2.519553988910922630e-19 1.575598486982760770e-19
8.943709397459420870e+03 7.157073238033029550e-21 1.653118203362903083e-19
8.948715325392477098e+03 3.560424310390329903e-19 1.702306119029230908e-19
8.953721253325533326e+03 -9.194526614228775792e-20 2.244341869306315567e-19
8.958727181258589553e+03 7.214945521762694215e-19 2.292589200863136580e-19
8.963733109191643962e+03 3.483791591880281126e-19 1.664760263915662508e-19
8.968739037124698370e+03 3.989919581836115864e-19 1.234067059552441443e-19
8.973744965057754598e+03 5.833147949809457922e-20 1.214546721749798566e-19
8.978750892990810826e+03 1.435069159111094706e-19 1.287166556551272499e-19
8.983756820923867053e+03 1.780818487635821981e-19 1.467859164536156826e-19
8.988762748856923281e+03 3.120141988180652837e-19 1.537040743793991130e-19
8.993768676789977690e+03 1.369677004977245110e-19 1.645160572196123926e-19
8.998774604723033917e+03 1.879272639869195258e-19 1.766081848735262910e-19
9.003780532656088326e+03 2.714729084791366503e-19 1.637657795015182540e-19
9.008786460589144554e+03 2.221809042072651875e-19 1.225267953818868083e-19
9.013792388522200781e+03 1.763741057138410065e-19 1.107122345219927886e-19
9.018798316455257009e+03 5.693675801808985740e-20 1.126860169543049420e-19
9.023804244388313236e+03 1.629191406503544943e-19 1.139335429082935571e-19
9.028810172321367645e+03 -1.450720043935450645e-19 1.170481255290197197e-19
9.033816100254423873e+03 -2.406620402619019114e-19 1.267824514863729344e-19
9.038822028187478281e+03 1.247641676281779218e-20 1.325364646422167426e-19
9.043827956120534509e+03 8.025796487929156611e-20 1.452948843493519793e-19
9.048833884053590737e+03 2.971277019622554598e-20 1.501889090417046937e-19
9.053839811986646964e+03 1.457137860927105800e-19 1.372109624656615283e-19
9.058845739919703192e+03 2.854396417235747720e-19 1.223309666333934733e-19
9.063851667852757600e+03 1.013760193783623954e-19 1.256732286820703020e-19
9.068857595785813828e+03 7.358014419868956257e-20 1.291538769786069574e-19
9.073863523718868237e+03 4.680557497343246165e-20 1.306382633431788363e-19
9.078869451651924464e+03 1.420912561572723825e-19 1.318023687713269661e-19
9.083875379584980692e+03 1.312468190034049956e-19 1.362480985836160521e-19
9.088881307518036920e+03 1.208858463316138240e-19 1.429660856543974084e-19
9.093887235451093147e+03 3.458415353222682866e-19 1.474971555137134209e-19
9.098893163384147556e+03 1.321021242329427901e-19 1.491674633503060476e-19
9.103899091317203784e+03 3.149772379320530022e-19 1.417830296883824941e-19
9.108905019250258192e+03 1.026632408315058221e-19 1.273536124007787363e-19
9.113910947183314420e+03 4.669555249163637398e-20 1.195078793180665026e-19
9.118916875116370647e+03 1.586882011294818509e-19 1.201048034112134460e-19
9.123922803049426875e+03 -9.136998883725525917e-20 1.180575757547199349e-19
9.128928730982483103e+03 2.299122477564121446e-19 1.178872579665781866e-19
9.133934658915537511e+03 2.447553117635447987e-19 1.202490298549572782e-19
9.138940586848593739e+03 7.517560304167580214e-20 1.207946388371669667e-19
9.143946514781648148e+03 1.674077766538596224e-19 1.227680576179037057e-19
9.148952442714704375e+03 3.022852407235702754e-21 1.286023439715510799e-19
9.153958370647760603e+03 5.328863512825010012e-20 1.362229073794431825e-19
9.158964298580816831e+03 1.267013452544255502e-19 1.355979858203691328e-19
9.163970226513873058e+03 4.916867777855072061e-20 1.289936214264739941e-19
9.168976154446927467e+03 1.457008975276414915e-19 1.246541428551673866e-19
9.173982082379983694e+03 2.039500675063676933e-19 1.270735054761002416e-19
9.178988010313038103e+03 3.728535856047480059e-19 1.284268805178442777e-19
9.183993938246094331e+03 1.394350043451023313e-19 1.278039678026405674e-19
9.188999866179150558e+03 1.708832526990198988e-19 1.280714420795006053e-19
9.194005794112206786e+03 7.653113425037751327e-20 1.305116736971621454e-19
9.199011722045263014e+03 2.193256054465876721e-19 1.339546801423228566e-19
9.204017649978317422e+03 3.187225412900484106e-19 1.371335897468114134e-19
9.209023577911373650e+03 1.782395581887952620e-19 1.442950141099150903e-19
9.214029505844428058e+03 4.001136977120466077e-19 1.491351037761930389e-19
9.219035433777484286e+03 2.397671299179923380e-19 1.511269531028739969e-19
9.224041361710540514e+03 2.848925358490954372e-19 1.459502372575895064e-19
9.229047289643596741e+03 1.855157831260957313e-19 1.413952855873068698e-19
9.234053217576652969e+03 2.835609109468671852e-19 1.348106723355400075e-19
9.239059145509707378e+03 3.479490794345922428e-19 1.318233829267050957e-19
9.244065073442761786e+03 2.080351340711284140e-19 1.315100885138473088e-19
9.249071001375818014e+03 1.139477971443518908e-19 1.328070157129312653e-19
9.254076929308874242e+03 3.156692720403711463e-20 1.331573137145992587e-19
9.259082857241930469e+03 2.035344605385793693e-19 1.369327827094352864e-19
9.264088785174986697e+03 2.555955484530406426e-19 1.346117447667520370e-19
9.269094713108042924e+03 9.189871908464823199e-20 1.284416070377854597e-19
9.274100641041097333e+03 8.328691537318935426e-20 1.254992785946174841e-19
9.279106568974151742e+03 7.435119401611197607e-20 1.316896028339680616e-19
9.284112496907207969e+03 -1.618650810110230041e-19 1.404166212707933082e-19
9.289118424840264197e+03 5.224153627779742101e-21 1.462779883137585024e-19
9.294124352773320425e+03 3.016875293497513898e-19 1.508865127123068614e-19
9.299130280706376652e+03 6.510138083188773408e-20 2.056128110073961006e-19
9.304136208639432880e+03 7.122506755818051419e-19 2.963845849782020178e-19
9.309142136572487289e+03 2.945896268761453447e-19 3.668229634517987424e-19
9.314148064505541697e+03 -1.369041509800790848e-19 3.758420875999623975e-19
9.319153992438597925e+03 4.091076403419938439e-19 3.731450262092053290e-19
9.324159920371654152e+03 3.615864812502784697e-19 3.538467462909648576e-19
9.329165848304710380e+03 -7.553710550087606220e-20 2.875836606459743875e-19
9.334171776237766608e+03 1.864098594591013669e-19 2.678764237702121456e-19
9.339177704170821016e+03 1.905747124609410195e-19 2.704291179008901606e-19
9.344183632103877244e+03 2.765536949956323054e-19 2.551730430191804350e-19
9.349189560036931653e+03 1.522524930299042111e-19 2.322430846019680202e-19
9.354195487969987880e+03 3.290968879892625530e-19 2.167182743335813677e-19
9.359201415903044108e+03 1.413044814271816639e-19 2.130709738140852282e-19
9.364207343836100335e+03 -3.042617869919785295e-19 2.540616038534109436e-19
9.369213271769156563e+03 7.332882683019725708e-19 4.380821277131771757e-19
9.374219199702210972e+03 -4.691285373706291076e-19 5.123190001769204784e-19
9.379225127635267199e+03 3.206131053373736058e-19 4.252439932953476200e-19
9.384231055568321608e+03 9.481491989666132091e-19 2.636276662199949259e-19
9.389236983501377836e+03 -2.156257764524996612e-19 2.019596626237076500e-19
9.394242911434434063e+03 2.770114426405215229e-19 1.940546260134390894e-19
9.399248839367490291e+03 1.178122265907835814e-19 2.050591460936304199e-19
9.404254767300546519e+03 4.168295243821907994e-20 1.985246286559128961e-19
9.409260695233600927e+03 4.657508102721015564e-20 1.912699518704253312e-19
9.414266623166657155e+03 2.544976704456222974e-19 2.347590464328971300e-19
9.419272551099711563e+03 3.883917039784251750e-19 2.514303973916795893e-19
9.424278479032767791e+03 1.305247267197592586e-19 2.236094899825355800e-19
9.429284406965824019e+03 4.243416595919499633e-19 2.423169269696972443e-19
9.434290334898880246e+03 -7.752558650884529451e-20 3.669121731282202399e-19
9.439296262831936474e+03 2.709956883782482047e-19 4.176333526574094224e-19
9.444302190764990883e+03 -4.857835882953124703e-19 3.442099193914585065e-19
9.449308118698047110e+03 1.597045642880594736e-19 2.689878058784293492e-19
9.454314046631101519e+03 3.623466114974078628e-19 3.034535722467136230e-19
9.459319974564157746e+03 5.643324698691029471e-19 3.169031964568656823e-19
9.464325902497213974e+03 2.391301489242605896e-19 2.741133277531420891e-19
9.469331830430270202e+03 -3.027529068627460362e-19 3.406498641330096291e-19
9.474337758363326429e+03 -2.530322313587555273e-21 3.967153445542719532e-19
9.479343686296380838e+03 1.876740072837073197e-19 3.583626493703785078e-19
9.484349614229437066e+03 6.450687116478362052e-19 2.434019907893543710e-19
9.489355542162491474e+03 1.239903838654825169e-19 2.006794588579526294e-19
9.494361470095547702e+03 -3.185728878008700649e-19 2.346818672499123804e-19
9.499367398028603930e+03 2.202557161076242547e-19 2.874091003191631118e-19
9.504373325961660157e+03 9.598154209008456108e-19 2.739804263606139039e-19
9.509379253894716385e+03 2.376797693681109330e-19 2.332326770913224662e-19
9.514385181827770793e+03 5.979859902135233561e-19 2.668297577281989880e-19
9.519391109760827021e+03 4.784095992753007822e-19 2.902863043219302705e-19
9.524397037693881430e+03 2.078525794390372129e-19 2.542552748810940105e-19
9.529402965626937657e+03 4.123858443617046668e-19 2.116565143900374038e-19
9.534408893559993885e+03 1.954824813970462257e-19 1.960454380135952944e-19
9.539414821493050113e+03 3.847780633752267537e-20 1.898300696324538825e-19
9.544420749426106340e+03 -4.200035759857106580e-21 2.155466537356908031e-19
9.549426677359160749e+03 -3.238088565387889899e-19 2.504474911555398326e-19
9.554432605292216977e+03 1.723038206458259106e-19 2.588894142449498481e-19
9.559438533225271385e+03 1.970109834860550134e-19 2.745030822899920503e-19
9.564444461158327613e+03 3.360289766494793352e-19 3.138183983358734225e-19
9.569450389091383840e+03 -7.035327094977169099e-19 3.027135905708702756e-19
9.574456317024440068e+03 -1.027323258774116977e-19 2.344316889982103380e-19
9.579462244957496296e+03 2.831745966999435671e-20 2.068358369931714149e-19
9.584468172890550704e+03 1.643988213326203167e-19 2.111780869308849665e-19
9.589474100823605113e+03 3.587788041658005839e-19 2.187489719912796357e-19
9.594480028756661341e+03 -7.840234824797420279e-20 2.222496579179592706e-19
9.599485956689717568e+03 2.128146307641262960e-19 2.276601649424136804e-19
9.604491884622773796e+03 -4.152695273902882526e-20 2.388959522843013061e-19
9.609497812555830023e+03 -1.972545231797856031e-19 2.379444458053270625e-19
9.614503740488886251e+03 2.066521537950332594e-19 2.415293828029055389e-19
9.619509668421940660e+03 7.408219106495094149e-19 2.464841726122008170e-19
9.624515596354995068e+03 1.498155724515102190e-19 2.295915230565757572e-19
9.629521524288051296e+03 1.357700375785842507e-19 2.036978415015908440e-19
9.634527452221107524e+03 2.023978584625759438e-19 1.947479332180362211e-19
9.639533380154163751e+03 2.361435064455746356e-19 1.946444934648369391e-19
9.644539308087219979e+03 -5.540495991429129622e-20 1.960691664298187875e-19
9.649545236020274388e+03 -9.282107584437154758e-21 1.952576650350165574e-19
9.654551163953330615e+03 5.117845695404206168e-20 1.947825981350759009e-19
9.659557091886385024e+03 -1.462737478712653968e-19 2.055091322364311143e-19
9.664563019819441251e+03 6.167445075723408297e-19 2.264244217097817876e-19
9.669568947752497479e+03 2.970716641489268960e-19 2.322267995292999851e-19
9.674574875685553707e+03 -1.293257725658701405e-19 2.396013888309524708e-19
9.679580803618609934e+03 -2.419641969324436905e-19 2.475976341752859086e-19
9.684586731551664343e+03 1.223662778051100182e-19 2.433211787422262233e-19
9.689592659484720571e+03 2.995065522847378617e-19 2.354801994580222889e-19
9.694598587417774979e+03 -2.361268305450374438e-19 2.623344675822609773e-19
9.699604515350831207e+03 2.099054251263766590e-19 2.679450902998361583e-19
9.704610443283887435e+03 -2.646480502664774470e-19 2.529406890074936334e-19
9.709616371216943662e+03 5.596354014309942264e-19 2.620907165940450633e-19
9.714622299149999890e+03 8.429394612605670835e-19 3.084985208202252152e-19
9.719628227083054298e+03 2.224324448410694535e-19 3.151983063884363692e-19
9.724634155016110526e+03 3.044738924952330702e-19 2.757155478708184461e-19
9.729640082949164935e+03 7.499787715304648529e-20 2.477062931761018701e-19
9.734646010882221162e+03 -8.435237038848503455e-20 2.597211403656295837e-19
9.739651938815277390e+03 3.948958264757146329e-20 2.581889971275776854e-19
9.744657866748333618e+03 3.007006534909264682e-19 2.360724525948339335e-19
9.749663794681389845e+03 -1.074087932966384787e-19 2.178385469046840612e-19
9.754669722614444254e+03 -1.450682590572080426e-19 2.080891632597742818e-19
9.759675650547500481e+03 2.023713895863604799e-19 2.051017157111561495e-19
9.764681578480554890e+03 4.710852036940047641e-20 2.049785786261080275e-19
9.769687506413611118e+03 1.161919265315166707e-19 2.056101063767666584e-19
9.774693434346667345e+03 2.417154185884090496e-20 2.064388066607678150e-19
9.779699362279723573e+03 1.406535434531088349e-19 2.309905659313052539e-19
9.784705290212779801e+03 3.635165706668278181e-19 3.159152548869746352e-19
9.789711218145834209e+03 7.424431740902882864e-19 3.606178292418095737e-19
9.794717146078890437e+03 6.908270911565778170e-19 3.409604164191242971e-19
9.799723074011944846e+03 1.103978877323026817e-18 2.847072138073210328e-19
9.804729001945001073e+03 4.510348221663718126e-19 2.575123972743291973e-19
9.809734929878057301e+03 1.090740792999345036e-20 2.459666495929852399e-19
9.814740857811113528e+03 1.367851701347062622e-19 2.417317436553061263e-19
9.819746785744169756e+03 1.984610950136650533e-19 2.344404185654468481e-19
9.824752713677224165e+03 5.503950003359450730e-19 2.336495681595844160e-19
9.829758641610280392e+03 7.212611616164872797e-20 2.358869855911279395e-19
9.834764569543334801e+03 1.203328755841745689e-19 2.354523271840631035e-19
9.839770497476391029e+03 4.390963649985840491e-19 2.545108980277321501e-19
9.844776425409447256e+03 -2.349521520559455554e-19 2.899669046717086198e-19
9.849782353342503484e+03 3.335483043991776426e-19 2.952438781054190193e-19
9.854788281275559712e+03 4.710476889437106567e-19 2.684554350348176137e-19
9.859794209208614120e+03 3.712708648501712643e-20 2.592189523138874801e-19
9.864800137141670348e+03 1.732338846923385225e-19 3.313363322340112868e-19
9.869806065074724756e+03 1.092074448893765930e-18 3.845784922614817581e-19
9.874811993007780984e+03 6.335004588291803427e-19 3.552648067152715589e-19
9.879817920940837212e+03 4.260095299202806739e-19 2.805297087412360276e-19
9.884823848873893439e+03 -1.990217766099873698e-20 2.687937591594782082e-19
9.889829776806949667e+03 3.789198267741634598e-19 2.995089847567407846e-19
9.894835704740004076e+03 1.955462466744570837e-19 3.040588228913556546e-19
9.899841632673058484e+03 -2.916174692765169602e-20 2.755831528278899430e-19
9.904847560606114712e+03 5.908652628061483436e-20 2.842718190573323104e-19
9.909853488539170939e+03 3.473078330459769959e-19 3.548778391284157442e-19
9.914859416472227167e+03 8.191973493305519174e-19 3.760444301062448612e-19
9.919865344405283395e+03 6.420469019508066767e-19 3.208536674263906935e-19
9.924871272338339622e+03 -1.656703688288809911e-19 2.682624375266863520e-19
9.929877200271394031e+03 5.033843626961990306e-19 2.671715665747057551e-19
9.934883128204448440e+03 2.198653653934920448e-19 3.186925500608958382e-19
9.939889056137504667e+03 -2.123735014059045031e-19 4.105058353519434188e-19
9.944894984070560895e+03 1.026765832337552428e-18 4.591037250331654946e-19
9.949900912003617123e+03 -5.664473731722339670e-20 4.502084484882109534e-19
9.954906839936673350e+03 3.959668725844993812e-19 4.557176598087089967e-19
9.959912767869729578e+03 -1.404912209096114461e-19 4.521802339836475540e-19
9.964918695802783986e+03 3.237299243748785563e-19 4.054769336148773956e-19
9.969924623735838395e+03 -5.568985373111911884e-19 3.663078778590688923e-19
9.974930551668894623e+03 -4.272281535903413537e-19 3.549928887487226169e-19
9.979936479601950850e+03 -2.592548223452375473e-19 3.324647713604742155e-19
9.984942407535007078e+03 3.633095081159468901e-19 3.157746590766733542e-19
9.989948335468063306e+03 5.333538868946177351e-20 3.124702454734480013e-19
9.994954263401117714e+03 7.623169129975321614e-20 3.216008946395911087e-19
9.999960191334173942e+03 -9.107078331520594299e-20 3.301348445897835670e-19
1.000496611926722835e+04 -7.579380196458948893e-19 3.954229011398886888e-19
1.000997204720028458e+04 6.456414223254810153e-19 4.672277944443238663e-19
1.001497797513334081e+04 8.019567738118902610e-20 4.581611483068503822e-19
1.001998390306639703e+04 -1.018666446626773052e-19 3.996223305584306187e-19
1.002498983099945326e+04 -3.813177274569370344e-19 3.708690270062656918e-19
1.002999575893250767e+04 1.018521274073576608e-18 3.435469333948243235e-19
1.003500168686556390e+04 3.484610045170293742e-19 3.211215744900625653e-19
1.004000761479861831e+04 4.649253099388790954e-19 3.260779696507302901e-19
1.004501354273167453e+04 9.529353305360754196e-19 3.260794949565585734e-19
1.005001947066473076e+04 3.560725488636114232e-19 3.285604673019606527e-19
1.005502539859778699e+04 -7.723616832751446340e-20 3.556581624630477144e-19
1.006003132653084322e+04 2.121568212470952475e-19 3.837143783215779877e-19
1.006503725446389763e+04 9.000923980988458956e-19 3.889563413407688587e-19
1.007004318239695385e+04 1.010763391932406306e-18 3.834424535806805813e-19
1.007504911033000826e+04 1.037293036740223930e-19 4.156125218946768260e-19
1.008005503826306449e+04 1.011544339426129387e-18 4.634997993608035154e-19
1.008506096619612072e+04 1.076445242899597584e-18 4.658649835002532969e-19
1.009006689412917694e+04 -5.601672154605407187e-20 4.230097244413628656e-19
1.009507282206223317e+04 -5.588682693894708955e-19 4.235294102820686162e-19
1.010007874999528758e+04 4.070736381178122388e-19 4.579138474643888558e-19
1.010508467792834381e+04 4.266023235279189985e-19 4.570378230611595253e-19
1.011009060586139822e+04 8.463832356646190165e-19 4.300912945450715008e-19
1.011509653379445444e+04 -7.271323130687116906e-19 4.463679209406794097e-19
1.012010246172751067e+04 -2.127260529964864308e-19 5.028588190611134180e-19
1.012510838966056690e+04 4.852729651409002915e-19 5.051251719253534641e-19
1.013011431759362313e+04 6.597096811161391103e-19 4.445606217130284497e-19
1.013512024552667754e+04 -8.717838394938061372e-19 4.026033135372659532e-19
1.014012617345973376e+04 3.139098099916789967e-19 4.016639961161021694e-19
1.014513210139278817e+04 1.708021582764397456e-19 4.254067174443258660e-19
1.015013802932584440e+04 3.947727637498176282e-19 4.629837554164450272e-19
1.015514395725890063e+04 -3.978614428073449163e-19 4.844307512189103827e-19
1.016014988519195686e+04 3.840998201139293958e-19 4.839276120233342873e-19
1.016515581312501308e+04 -1.686335779960673578e-19 5.057431651461808778e-19
1.017016174105806749e+04 8.261747932646646635e-19 5.230523558624275887e-19
1.017516766899112372e+04 1.074237073763618069e-18 5.061885399526065356e-19
1.018017359692417813e+04 3.516520912168556997e-19 4.903362827644094244e-19
1.018517952485723436e+04 5.363174854126258609e-19 5.202246709865732359e-19
1.019018545279029058e+04 1.014608090139743039e-18 5.386625424020258107e-19
1.019519138072334681e+04 -9.347360443593556738e-20 5.160512888739427912e-19
1.020019730865640304e+04 4.851829982012546609e-19 5.165629082951373665e-19
1.020520323658945745e+04 1.483356865247141608e-18 5.574393605459927901e-19
1.021020916452251367e+04 4.655823768159658797e-19 5.788639422702193986e-19
1.021521509245556808e+04 -1.014093558040867315e-19 5.714812899648040534e-19
1.022022102038862431e+04 -3.656804708604371713e-19 5.662047767369888199e-19
1.022522694832168054e+04 2.156454684456297453e-19 5.962812732370043740e-19
1.023023287625473677e+04 -6.466102874478514559e-19 6.117073901408310979e-19
1.023523880418779299e+04 6.713180617419354710e-19 5.854366534225268872e-19
1.024024473212084740e+04 3.439808800771364278e-19 5.528411490469374044e-19
1.024525066005390181e+04 -5.064881975427057947e-19 5.379688746372698020e-19
1.025025658798695804e+04 1.394998550584649225e-18 5.291607311516229801e-19
1.025526251592001427e+04 2.223798830371107404e-19 5.214168470852673008e-19
1.026026844385307049e+04 4.200022423384549957e-19 5.156385528325471863e-19
1.026527437178612672e+04 1.087925979607564096e-18 5.170929636704639079e-19
1.027028029971918295e+04 4.246968770673796530e-19 5.237241489283044678e-19
1.027528622765223736e+04 6.508969763989273846e-19 5.385942243374442533e-19
1.028029215558529177e+04 6.710262654031058510e-19 6.007934534624699731e-19
1.028529808351834799e+04 2.990340596932717927e-19 6.385972033585202174e-19
1.029030401145140422e+04 -3.817083910732830458e-19 6.200422927359847327e-19
1.029530993938446045e+04 -1.045944576059404103e-18 5.651018733722064481e-19
