#  wl flam flam_err
4.803806996822357178e+03 -2.425160493470728319e-19 1.542176782652437136e-18
4.808812924755412496e+03 1.463179254926677828e-18 1.408944766152599361e-18
4.813818852688468723e+03 7.566692494674441397e-19 1.290237269915411578e-18
4.818824780621524042e+03 1.242574816665025060e-18 1.193285522685057915e-18
4.823830708554580269e+03 7.882185458586582116e-19 1.064947448589532028e-18
4.828836636487635587e+03 -5.915958941748172617e-19 9.107161235422163637e-19
4.833842564420691815e+03 -6.737925835710602605e-19 7.979560258571982194e-19
4.838848492353747133e+03 -2.706311505864762487e-19 7.430506520373213572e-19
4.843854420286802451e+03 9.482024694113346229e-20 7.978895641484940530e-19
4.848860348219858679e+03 1.856908182027468007e-19 7.909841390165915141e-19
4.853866276152913997e+03 5.198389609621508974e-19 6.677691695952661570e-19
4.858872204085970225e+03 7.509640808794562689e-20 5.659089087314096864e-19
4.863878132019025543e+03 -3.509951779106571657e-20 5.112545225660732929e-19
4.868884059952080861e+03 4.571556620792026220e-19 4.961486615747775852e-19
4.873889987885137089e+03 -1.824526451089231105e-19 5.023842728305576997e-19
4.878895915818192407e+03 8.391584660011235470e-20 5.042870046674391006e-19
4.883901843751248634e+03 4.783732724893417982e-19 4.765171400680342164e-19
4.888907771684303952e+03 4.226517276155352343e-19 4.427341305928846326e-19
4.893913699617360180e+03 1.336349052318653052e-19 4.155301386516836267e-19
4.898919627550415498e+03 3.133129186133301481e-19 3.992241681539328380e-19
4.903925555483470816e+03 -1.937655823313455979e-19 3.830573557749780806e-19
4.908931483416527044e+03 -1.803063169916795183e-19 3.612882182762697943e-19
4.913937411349582362e+03 -2.154965116766357779e-19 3.153552991530075712e-19
4.918943339282638590e+03 6.987024884826081972e-20 2.891564120942661657e-19
4.923949267215693908e+03 -2.933333404418389044e-19 2.780684580072971737e-19
4.928955195148750136e+03 1.267335204460207958e-19 2.745625148006804085e-19
4.933961123081805454e+03 4.823109851058396014e-19 2.723358233309087366e-19
4.938967051014860772e+03 4.002955377666544787e-19 2.674386208472653042e-19
4.943972978947916999e+03 1.792443561910732129e-19 2.584241978985461445e-19
4.948978906880972318e+03 1.734569515214017844e-19 2.492473166149118797e-19
4.953984834814028545e+03 2.061567933082951391e-19 2.425531878319156292e-19
4.958990762747083863e+03 -9.842089055549204618e-20 2.403646507730908890e-19
4.963996690680139181e+03 2.166458447797133716e-19 2.419238562597230622e-19
4.969002618613195409e+03 -2.320346488235050098e-19 2.435625853134162230e-19
4.974008546546250727e+03 -2.776002095265970419e-19 2.362917893655785123e-19
4.979014474479306955e+03 3.813520183109757116e-19 2.189446289790927654e-19
4.984020402412362273e+03 9.141707209028952859e-20 2.109394458525713798e-19
4.989026330345418501e+03 1.988852710930422812e-19 2.090029982406661343e-19
4.994032258278473819e+03 -9.267274860324429492e-20 2.105889312070895988e-19
4.999038186211529137e+03 4.113818349965483746e-20 2.061513693887903572e-19
5.004044114144585365e+03 1.411181425605323833e-19 1.967049162892491539e-19
5.009050042077640683e+03 3.209689149899102719e-19 1.881146093517463730e-19
5.014055970010696910e+03 1.805685242468997406e-19 1.736059134913207684e-19
5.019061897943752228e+03 1.214123592009437148e-19 1.678645600886760576e-19
5.024067825876807547e+03 6.535388133821071169e-20 1.726926963042838603e-19
5.029073753809863774e+03 3.880834398077246245e-20 1.795899554585295786e-19
5.034079681742919092e+03 2.468432292957445206e-20 1.788380722411693883e-19
5.039085609675975320e+03 -7.160115089761552618e-20 1.733468853307359707e-19
5.044091537609030638e+03 1.327839193493817936e-19 1.665279697648870909e-19
5.049097465542086866e+03 1.316177192789721428e-19 1.598817740579148499e-19
5.054103393475142184e+03 9.182727189862969800e-20 1.546006841547923410e-19
5.059109321408197502e+03 1.067516334700452110e-20 1.521155267958593939e-19
5.064115249341253730e+03 1.131313651240971371e-19 1.507910071762227675e-19
5.069121177274309048e+03 -1.775438081558823675e-20 1.478846360708775245e-19
5.074127105207365275e+03 -5.763874808435741359e-20 1.424277234214058478e-19
5.079133033140420594e+03 1.392517494338749761e-19 1.344146537481290143e-19
5.084138961073476821e+03 2.196919857400223603e-19 1.343796793842181519e-19
5.089144889006532139e+03 1.618746496338467278e-19 1.333339082775654383e-19
5.094150816939587457e+03 -1.199203435461337142e-19 1.360436461782210709e-19
5.099156744872643685e+03 -1.618758852598260904e-20 1.353673421774124524e-19
5.104162672805699003e+03 1.416336724531104225e-19 1.407807737033970069e-19
5.109168600738755231e+03 -4.658597676973301437e-20 1.450122596148079891e-19
5.114174528671810549e+03 -4.382766737126640205e-20 1.469661968115623229e-19
5.119180456604865867e+03 -1.070221016522580580e-19 1.473647111692823074e-19
5.124186384537922095e+03 1.031642295440551436e-19 1.447823342232367230e-19
5.129192312470977413e+03 1.823852887624851656e-19 1.414243666916125775e-19
5.134198240404033641e+03 2.274472947864387464e-20 1.410317315736272582e-19
5.139204168337088959e+03 4.268397543186182906e-20 1.388499288820069659e-19
5.144210096270145186e+03 -7.337440401741358872e-20 1.339759737184500599e-19
5.149216024203200504e+03 1.699900707789402338e-19 1.293238713357168803e-19
5.154221952136255823e+03 4.491644027813773894e-20 1.222907207679263904e-19
5.159227880069312050e+03 5.744443526397014152e-20 1.124952844753231921e-19
5.164233808002367368e+03 2.724713389673105050e-19 1.036875127264027338e-19
5.169239735935423596e+03 3.100722030167141147e-19 9.947661530436716514e-20
5.174245663868478914e+03 4.881893281957486062e-20 1.015638698067655026e-19
5.179251591801534232e+03 1.492874334765278035e-19 1.009533901130012250e-19
5.184257519734590460e+03 1.226170760175037502e-19 1.015393804488731616e-19
5.189263447667645778e+03 6.887385541665007865e-20 1.017791155930844420e-19
5.194269375600702006e+03 8.952413946725241664e-20 1.023691715000309698e-19
5.199275303533757324e+03 1.140071822966817374e-19 1.037439829512453122e-19
5.204281231466813551e+03 4.508822941961330949e-21 1.055219814720799119e-19
5.209287159399868870e+03 2.374107040355785239e-20 1.081413989393466690e-19
5.214293087332924188e+03 8.053570538420846193e-20 1.102994117044981565e-19
5.219299015265980415e+03 8.580020772827447338e-20 1.111351764970110097e-19
5.224304943199035733e+03 1.486207354827787611e-19 1.091700223031055230e-19
5.229310871132091961e+03 1.728708082220439351e-19 1.062085673606388418e-19
5.234316799065147279e+03 1.039418206982797342e-19 1.049182036609430428e-19
5.239322726998203507e+03 1.240098594328171887e-19 1.050353521632841301e-19
5.244328654931258825e+03 2.792682205387838863e-19 1.053022495068632563e-19
5.249334582864314143e+03 2.174245967616998428e-19 1.062830769905105691e-19
5.254340510797370371e+03 1.659234222951246646e-19 1.050052350989444909e-19
5.259346438730425689e+03 -2.426090687490648668e-20 1.013174483088460010e-19
5.264352366663481916e+03 1.710034532316256394e-19 9.549867822715513272e-20
5.269358294596537235e+03 6.601405493888723014e-20 9.158815839427984415e-20
5.274364222529593462e+03 1.489000487843235985e-19 9.039168890565523832e-20
5.279370150462648780e+03 2.946751543242107491e-20 9.022034851374441628e-20
5.284376078395704099e+03 4.983514290666933275e-20 9.350727960855880409e-20
5.289382006328760326e+03 1.721671279856551986e-20 9.753806475643548627e-20
5.294387934261815644e+03 9.371252654505446406e-20 9.670636387244008955e-20
5.299393862194871872e+03 -1.061590699013422306e-20 9.578970319245700622e-20
5.304399790127927190e+03 5.803265299427701680e-20 9.590710831162658770e-20
5.309405718060982508e+03 8.595998976147416426e-20 9.502283640805229009e-20
5.314411645994038736e+03 1.104220754530189746e-19 9.290851440555828522e-20
5.319417573927094054e+03 5.689656033698988914e-20 8.999958876075519176e-20
5.324423501860150282e+03 1.428727412500874792e-19 8.814693973072925827e-20
5.329429429793205600e+03 1.437839975192076827e-19 8.871523231336724742e-20
5.334435357726260918e+03 9.961517208974268575e-20 8.914300069347108492e-20
5.339441285659317145e+03 6.787625738778330213e-20 8.865253062529591211e-20
5.344447213592372464e+03 -3.052042361151429109e-21 8.828917447152726388e-20
5.349453141525428691e+03 5.516096394580363456e-21 8.823451405907592352e-20
5.354459069458484009e+03 -4.472088623048775507e-20 8.727061838455391424e-20
5.359464997391540237e+03 -1.207699895912759122e-19 8.698514223099820069e-20
5.364470925324595555e+03 8.439564323471500765e-20 8.768249168308254033e-20
5.369476853257650873e+03 1.164727722708085758e-19 8.953205301020366070e-20
5.374482781190707101e+03 1.476939511622793601e-19 9.251815343436200261e-20
5.379488709123762419e+03 -5.436339784871529592e-20 9.494444109848109627e-20
5.384494637056818647e+03 2.134866150296348695e-19 9.360907888334449662e-20
5.389500564989873965e+03 -1.900327411398658099e-20 9.269111140238380804e-20
5.394506492922930192e+03 5.212372315437327390e-21 8.957283033375847587e-20
5.399512420855985511e+03 7.151379250172795310e-20 8.560639576638733458e-20
5.404518348789040829e+03 8.162437104838815221e-20 8.256271994687572210e-20
5.409524276722097056e+03 5.948690019292031824e-20 8.079477705530236673e-20
5.414530204655152374e+03 -2.952131859370952870e-20 7.939801364991481601e-20
5.419536132588208602e+03 -1.448833523506076480e-19 7.833937832265216057e-20
5.424542060521263920e+03 -7.182459449062447990e-20 7.767191434112409704e-20
5.429547988454320148e+03 -3.561307720504357901e-21 7.602418095317753644e-20
5.434553916387375466e+03 1.356970107668301512e-19 7.625343087213527409e-20
5.439559844320430784e+03 1.014689392638268945e-20 7.649642383206836891e-20
5.444565772253487012e+03 6.844192125025721990e-20 7.589930866957076681e-20
5.449571700186542330e+03 1.036713845944294580e-19 7.574989566726173603e-20
5.454577628119598558e+03 1.135622853733871589e-19 7.668344942486679372e-20
5.459583556052653876e+03 8.598065771202127668e-20 7.868650479770700993e-20
5.464589483985709194e+03 6.146620726028359512e-20 8.011761713839135521e-20
5.469595411918765421e+03 6.322445585734968743e-21 8.174327645849842698e-20
5.474601339851820740e+03 2.003283414149005679e-20 8.354356034558807303e-20
5.479607267784876967e+03 -9.485199854673762026e-21 8.500060518100033831e-20
5.484613195717932285e+03 9.676793666549378876e-20 8.698941942225422353e-20
5.489619123650987603e+03 8.810872460657021861e-20 8.837540715548025164e-20
5.494625051584043831e+03 2.826058955256658033e-20 8.876262753819805663e-20
5.499630979517099149e+03 1.625066103288003396e-19 8.828934992299939322e-20
5.504636907450155377e+03 1.012977365660525850e-19 8.807930863942769771e-20
5.509642835383210695e+03 3.863249816699491571e-20 8.678257482448698165e-20
5.514648763316266923e+03 2.411882039484756040e-20 8.482805762595411414e-20
5.519654691249322241e+03 5.727973546925601310e-20 8.169290385838880188e-20
5.524660619182377559e+03 2.205355214743362253e-19 7.954764377380360526e-20
5.529666547115433787e+03 4.971013308576985207e-19 7.708048652157196752e-20
5.534672475048489105e+03 5.975192274884513563e-19 7.507807155115419453e-20
5.539678402981545332e+03 3.570989377188885339e-19 7.249227874087197490e-20
5.544684330914600650e+03 1.984919487344091867e-19 7.077088640110325086e-20
5.549690258847656878e+03 6.901660503727626291e-20 6.831372893697005668e-20
5.554696186780712196e+03 5.375536726340228411e-20 6.676384406492230632e-20
5.559702114713767514e+03 1.693513024192141384e-19 6.631279767531773097e-20
5.564708042646823742e+03 1.285187386834019743e-19 6.671425843875348081e-20
5.569713970579879060e+03 9.797993636132909217e-20 9.341794077800041480e-20
5.574719898512935288e+03 1.058302058678420052e-19 1.534299908533335974e-19
5.579725826445990606e+03 8.626468993729697936e-20 1.533046423837040543e-19
5.584731754379046833e+03 -1.596180330132742896e-20 9.380576660221945207e-20
5.589737682312102152e+03 1.977722099210094753e-20 6.604972110101866874e-20
5.594743610245157470e+03 2.622210353859857331e-20 6.506016407959415910e-20
5.599749538178213697e+03 -7.946212858685937018e-22 6.536129379975299348e-20
5.604755466111269016e+03 -7.442037946597511354e-20 6.580416378599884314e-20
5.609761394044325243e+03 -3.431482613490792472e-20 6.662893834175091437e-20
5.614767321977380561e+03 1.095910109246190801e-19 6.760768940313436858e-20
5.619773249910436789e+03 2.634203125449581999e-20 6.925579141983187468e-20
5.624779177843492107e+03 1.590477552348731418e-19 7.034479333472848135e-20
5.629785105776547425e+03 9.497658458024262362e-20 7.138170331483786725e-20
5.634791033709603653e+03 7.947891403319101086e-20 7.118124386646351955e-20
5.639796961642658971e+03 8.780633583768515593e-20 6.989560643639465106e-20
5.644802889575714289e+03 1.272249251151153018e-19 6.838209915911367256e-20
5.649808817508770517e+03 1.678851234300369470e-19 6.645272809003080839e-20
5.654814745441825835e+03 2.859836387536755412e-19 6.426980873769210599e-20
5.659820673374882062e+03 2.085891027536200502e-19 6.345957822331785133e-20
5.664826601307937381e+03 1.969501833751421124e-19 6.293155977688053119e-20
5.669832529240993608e+03 1.155600954193562007e-19 6.267764403668727299e-20
5.674838457174048926e+03 2.994699231146807541e-21 6.214554261814625802e-20
5.679844385107104245e+03 2.776633325312599506e-19 6.147201165404176604e-20
5.684850313040160472e+03 2.112582545009608008e-19 6.140904407436276616e-20
5.689856240973215790e+03 9.432080304194422007e-20 6.160741234767423640e-20
5.694862168906272018e+03 1.591097619991027636e-19 6.170470690650681647e-20
5.699868096839327336e+03 9.636091123071319247e-20 6.141181215757361915e-20
5.704874024772383564e+03 -2.880162197572445030e-20 6.069439576285827276e-20
5.709879952705438882e+03 1.047420032732328626e-19 6.062425596115232226e-20
5.714885880638494200e+03 -8.326326527037241151e-20 6.081487653280236405e-20
5.719891808571550428e+03 -1.019166653734749332e-20 6.135000996328875196e-20
5.724897736504605746e+03 1.026278921031603781e-19 6.217285818200239211e-20
5.729903664437661973e+03 4.441077373885874467e-20 6.313056573572530639e-20
5.734909592370717291e+03 6.124263331585389684e-20 6.410570583447525264e-20
5.739915520303773519e+03 1.585480150747899786e-19 6.546077072384612995e-20
5.744921448236828837e+03 1.264571445764748011e-19 6.655976870564540664e-20
5.749927376169884155e+03 2.239191946934496861e-19 6.854697493860946807e-20
5.754933304102940383e+03 1.096057263662231712e-19 7.051106775765294328e-20
5.759939232035995701e+03 6.744073822528203229e-20 7.264815983243886630e-20
5.764945159969051929e+03 1.291906333185511800e-19 7.318047005277908510e-20
5.769951087902107247e+03 3.034603275558116515e-20 7.272973142555173416e-20
5.774957015835163475e+03 9.584267633478447318e-20 7.193874874219255534e-20
5.779962943768218793e+03 1.866888279907710608e-19 7.153319740050578300e-20
5.784968871701274111e+03 3.124258233187272799e-19 7.189730801379930139e-20
5.789974799634330338e+03 6.531843154542553423e-20 7.278010357270583176e-20
5.794980727567385657e+03 1.676743777289569947e-20 7.354058251403118054e-20
5.799986655500441884e+03 1.160147325692523493e-19 7.399866056497265749e-20
5.804992583433497202e+03 -9.901211255555718359e-21 7.487081728217739132e-20
5.809998511366552520e+03 1.725530172147185915e-19 7.618375379970882601e-20
5.815004439299608748e+03 9.428848617728389520e-20 7.718799306409817155e-20
5.820010367232664066e+03 7.186486356346489068e-20 7.548096988894809775e-20
5.825016295165720294e+03 1.179252281205782764e-19 7.282176982520108070e-20
5.830022223098775612e+03 1.737287320884831955e-20 7.070514993990605917e-20
5.835028151031830930e+03 1.283392288972117279e-19 6.895637647874501587e-20
5.840034078964887158e+03 1.643413176276292941e-19 6.727301806195945813e-20
5.845040006897942476e+03 6.319370354506811529e-20 6.607479640471427440e-20
5.850045934830998704e+03 1.135484844808247784e-19 6.590151855479605065e-20
5.855051862764054022e+03 8.682691181865429393e-20 6.557928936015627541e-20
5.860057790697110249e+03 1.302233285935823059e-19 6.669193601544326850e-20
5.865063718630165567e+03 1.379778850221510900e-19 6.869214359497494495e-20
5.870069646563220886e+03 4.215843614297862143e-20 6.915004334813502131e-20
5.875075574496277113e+03 1.533686998338255561e-19 6.659946240465169922e-20
5.880081502429332431e+03 1.341758873819066083e-19 6.605304949087262716e-20
5.885087430362388659e+03 1.609068081299461679e-19 7.575175766915318617e-20
5.890093358295443977e+03 8.991606362532507332e-20 8.061282877629567765e-20
5.895099286228500205e+03 6.974756345297604295e-20 7.720713866518866642e-20
5.900105214161555523e+03 1.686533850471577294e-19 6.975563155075783487e-20
5.905111142094610841e+03 1.305828214888752465e-19 6.551521704111080976e-20
5.910117070027667069e+03 4.669825664615077651e-20 6.666949424503645646e-20
5.915122997960722387e+03 7.514800305777700656e-21 6.649229625430170183e-20
5.920128925893778614e+03 -9.963313399922648158e-20 6.646178356296798514e-20
5.925134853826833933e+03 9.721021906365428607e-20 6.635902724180625928e-20
5.930140781759890160e+03 1.119645103235820298e-19 6.803846951589365322e-20
5.935146709692945478e+03 2.108576803446519374e-19 6.777024501172863951e-20
5.940152637626000796e+03 1.290793476290834359e-19 6.660501863361338523e-20
5.945158565559057024e+03 -4.347527219294210605e-20 6.772401935227483546e-20
5.950164493492112342e+03 5.944762005456405048e-20 6.907787321048793352e-20
5.955170421425167660e+03 1.923211693536181575e-19 6.658759819876607492e-20
5.960176349358223888e+03 1.336670468640618641e-19 6.268522859124936282e-20
5.965182277291280116e+03 1.027167665190630743e-19 6.076399021237046665e-20
5.970188205224335434e+03 -8.365856185583112617e-21 5.993968566151070066e-20
5.975194133157390752e+03 9.274161340978735221e-21 5.865085535598045290e-20
5.980200061090446980e+03 5.856351449615759853e-20 5.723833816974831908e-20
5.985205989023502298e+03 1.060072938803494102e-19 5.538819133603671163e-20
5.990211916956557616e+03 1.821364115292681836e-19 5.479061857152796259e-20
5.995217844889613843e+03 1.333876573291061136e-19 5.487466026966938214e-20
6.000223772822669162e+03 1.222136732160978027e-19 5.479000201211151421e-20
6.005229700755725389e+03 1.463514203508222915e-19 5.419477928825311079e-20
6.010235628688780707e+03 6.194181444962544190e-20 5.340040104506205920e-20
6.015241556621836935e+03 5.939155694165946019e-20 5.288153190589104183e-20
6.020247484554892253e+03 1.325621413031007846e-19 5.200964373919745881e-20
6.025253412487947571e+03 9.766257134353842853e-20 5.116806164005589141e-20
6.030259340421003799e+03 8.508684423107150808e-20 5.056891805680126797e-20
6.035265268354059117e+03 1.381066028967465188e-19 4.971002714666381568e-20
6.040271196287115345e+03 1.039839671100941127e-19 4.887754534412963732e-20
6.045277124220170663e+03 4.760591367918242702e-20 4.763567880982021567e-20
6.050283052153226890e+03 1.100694127461710004e-19 4.660817046874785630e-20
6.055288980086282209e+03 1.270068114957034152e-19 4.644752462639709049e-20
6.060294908019337527e+03 1.056072979923187636e-19 4.569088928322086969e-20
6.065300835952393754e+03 7.772893696175076090e-20 4.553495727691762410e-20
6.070306763885449072e+03 6.712607963413294994e-20 4.510470719302746507e-20
6.075312691818505300e+03 1.385051329926251596e-19 4.448915060685276006e-20
6.080318619751560618e+03 1.461914874441544793e-19 4.443910862501284459e-20
6.085324547684616846e+03 5.598242727465674858e-20 4.418055142328867360e-20
6.090330475617672164e+03 1.808556709692943784e-20 4.448537377159119795e-20
6.095336403550727482e+03 5.216115244575160749e-20 4.441037832581722380e-20
6.100342331483783710e+03 1.410260019964998740e-19 4.464115562511577735e-20
6.105348259416839028e+03 9.178971477933039764e-20 4.455153021441111370e-20
6.110354187349894346e+03 1.498489127567432868e-19 4.484505122626291923e-20
6.115360115282950574e+03 1.281812300212080366e-19 4.489213199468590265e-20
6.120366043216006801e+03 1.049556291836563830e-19 4.505891642850025686e-20
6.125371971149062119e+03 1.119352788116774496e-19 4.532646311655379455e-20
6.130377899082117438e+03 1.150361078939925494e-19 4.578193236386626855e-20
6.135383827015173665e+03 3.628308556152584661e-21 4.690886113451453926e-20
6.140389754948228983e+03 3.296727514192237161e-20 4.816495860321718207e-20
6.145395682881284301e+03 8.860328961131315293e-20 4.743958596483044128e-20
6.150401610814340529e+03 1.494591066610955924e-19 4.627091943514477430e-20
6.155407538747396757e+03 1.314394243389734487e-19 4.485244998122771562e-20
6.160413466680452075e+03 1.445395557940721467e-19 4.398658429757819221e-20
6.165419394613507393e+03 1.228728136963738581e-19 4.422942863905510462e-20
6.170425322546563621e+03 5.428620625339480533e-20 4.434324585643510350e-20
6.175431250479618939e+03 1.269504540946031922e-19 4.364138542517949290e-20
6.180437178412674257e+03 1.439358833478947368e-19 4.292340493133143359e-20
6.185443106345730484e+03 1.273122801999459562e-19 4.281509651628305883e-20
6.190449034278785803e+03 1.136661252542544758e-19 4.249829287552452982e-20
6.195454962211842030e+03 1.835700327802266664e-19 4.266940418440064781e-20
6.200460890144897348e+03 1.630964895314386157e-19 4.295043310217572367e-20
6.205466818077953576e+03 2.222849506148447422e-20 4.246425181209363163e-20
6.210472746011008894e+03 9.559771721358669274e-20 4.169101886112107166e-20
6.215478673944064212e+03 9.636838089384865250e-20 4.220334786914998910e-20
6.220484601877120440e+03 1.575782255705824835e-19 4.195875182232939782e-20
6.225490529810175758e+03 1.432162537367110397e-19 4.204112074491942446e-20
6.230496457743231986e+03 2.362809285440404862e-19 4.481763620102734743e-20
6.235502385676287304e+03 4.740322168313981897e-20 4.731427418359561948e-20
6.240508313609343531e+03 1.573282545406214287e-19 4.630030576048152754e-20
6.245514241542398850e+03 8.858758584212600919e-20 4.337002126217606025e-20
6.250520169475454168e+03 1.037832315622238803e-19 4.436934055382856748e-20
6.255526097408510395e+03 1.470718163802845793e-19 4.818453623246242318e-20
6.260532025341565713e+03 2.218133765519105125e-19 5.041645961985308968e-20
6.265537953274621032e+03 7.317846538467205016e-20 4.834347729990912004e-20
6.270543881207677259e+03 1.251911759517215907e-19 4.845752663981258247e-20
6.275549809140733487e+03 4.185535176392374886e-20 4.810655508774127596e-20
6.280555737073788805e+03 1.051708703722147309e-19 4.920000364261991051e-20
6.285561665006844123e+03 -1.115290758173143187e-20 5.014363236441096701e-20
6.290567592939900351e+03 1.526565939599567163e-19 5.127035355308244895e-20
6.295573520872955669e+03 -7.560545203581319442e-20 6.288808287313141154e-20
6.300579448806010987e+03 1.773002281454109253e-19 6.574414694587276693e-20
6.305585376739067215e+03 5.397609317634785123e-20 5.713406092901824618e-20
6.310591304672123442e+03 9.574173766418548415e-20 4.681601826870124877e-20
6.315597232605178760e+03 9.627065602379290393e-20 4.364939681987546432e-20
6.320603160538234079e+03 8.378666261872567811e-20 4.380239359726704371e-20
6.325609088471290306e+03 9.752434737147621974e-20 4.556001178386195483e-20
6.330615016404345624e+03 5.073802081211219909e-20 4.457636953466159581e-20
6.335620944337400942e+03 5.301821327028351284e-20 4.185362170654778903e-20
6.340626872270457170e+03 2.445823263046397769e-20 4.037810306132855259e-20
6.345632800203512488e+03 1.354289710517447979e-19 4.075447966043572986e-20
6.350638728136568716e+03 1.189430244577463659e-19 4.197952768038492177e-20
6.355644656069624034e+03 9.869449141223146081e-20 4.339062834408356489e-20
6.360650584002680262e+03 7.922198612854836661e-20 4.686248312057186033e-20
6.365656511935735580e+03 1.377598244197995237e-19 4.602845239652939533e-20
6.370662439868790898e+03 8.170680624270161482e-20 4.156682220231648181e-20
6.375668367801847126e+03 -9.959151206654166306e-21 4.102104228757248585e-20
6.380674295734902444e+03 7.019384670717365048e-20 4.275741310848324389e-20
6.385680223667958671e+03 1.252016529886543800e-19 4.355320770035461370e-20
6.390686151601013989e+03 1.088092396309583870e-19 4.370627667131359936e-20
6.395692079534070217e+03 8.421690951983463375e-20 4.366240031480691237e-20
6.400698007467125535e+03 1.125375342739026551e-19 4.396526078777840437e-20
6.405703935400180853e+03 1.589784119339424724e-19 4.358786182978817218e-20
6.410709863333237081e+03 1.149712803632600840e-19 4.295623719617145709e-20
6.415715791266292399e+03 1.161893802123330868e-19 4.262680484315606388e-20
6.420721719199348627e+03 5.489658233073237760e-20 4.175942511725909022e-20
6.425727647132403945e+03 7.869058820326203878e-20 4.050105758842473750e-20
6.430733575065460172e+03 1.772910447524961170e-20 3.963106971290936761e-20
6.435739502998515491e+03 1.152170383176781029e-19 3.904453995862975248e-20
6.440745430931570809e+03 9.815205233193496814e-20 3.869982142760123848e-20
6.445751358864627036e+03 1.054356025682195070e-19 3.829391100170149322e-20
6.450757286797682355e+03 2.590761873642925706e-20 3.824074360462616750e-20
6.455763214730737673e+03 1.406295413600150731e-19 3.859422455931021566e-20
6.460769142663793900e+03 1.576416601528545799e-19 4.023700664685167032e-20
6.465775070596850128e+03 6.967477972779969884e-21 4.187077180041199975e-20
6.470780998529905446e+03 8.839270770310943434e-20 4.081144361576728461e-20
6.475786926462960764e+03 1.064276799688059118e-19 3.874195398734381408e-20
6.480792854396016992e+03 9.490559934889849250e-20 3.731216594919992540e-20
6.485798782329072310e+03 1.281157782016703343e-19 3.705649449649398430e-20
6.490804710262127628e+03 1.428018595698301116e-19 3.859719496332812718e-20
6.495810638195183856e+03 6.447901818582636394e-20 4.257200479044849917e-20
6.500816566128239174e+03 1.920531716619304103e-19 4.402882958264583405e-20
6.505822494061295401e+03 1.533078622133100300e-19 4.122538131143135294e-20
6.510828421994350720e+03 1.460391358663475487e-19 3.996424143799419794e-20
6.515834349927406947e+03 1.808328468282252724e-19 4.066560917055914240e-20
6.520840277860462265e+03 6.928091084944392056e-20 4.192039089843141905e-20
6.525846205793517584e+03 8.206947622734055148e-20 4.413392731021253876e-20
6.530852133726573811e+03 4.087631801765143621e-20 4.554528550379502839e-20
6.535858061659629129e+03 1.663261202894901864e-19 4.535385635209126501e-20
6.540863989592685357e+03 6.989378476434277245e-20 4.682181473646360752e-20
6.545869917525740675e+03 1.444211946984686550e-19 5.402010990591640547e-20
6.550875845458796903e+03 1.278769367728359005e-19 4.933068022306556828e-20
6.555881773391852221e+03 8.679593780220433795e-20 3.989119115195319888e-20
6.560887701324907539e+03 9.065722747634026408e-20 3.369612000742307910e-20
6.565893629257963767e+03 9.897399612062950829e-20 3.499373227494363154e-20
6.570899557191019085e+03 7.205932598412457845e-20 3.766114240824696709e-20
6.575905485124075312e+03 1.453538720873607952e-19 3.985542933754770407e-20
6.580911413057130630e+03 1.320140772413370178e-20 3.886579329581497562e-20
6.585917340990186858e+03 5.928140018993465152e-20 3.616011240310820102e-20
6.590923268923242176e+03 7.816374218525753370e-20 3.632244880161371368e-20
6.595929196856297494e+03 8.240160952783786406e-20 3.689805124612567756e-20
6.600935124789353722e+03 1.043792294755471066e-19 3.765636207028695607e-20
6.605941052722409040e+03 6.731484887968962964e-20 3.727417885118321283e-20
6.610946980655464358e+03 6.012909120058571885e-20 3.604956478290525050e-20
6.615952908588520586e+03 5.458255606266844941e-20 3.571676650448165669e-20
6.620958836521576814e+03 1.209388506356009155e-19 3.642163542930989821e-20
6.625964764454632132e+03 1.512799928923476490e-19 3.684161850229107524e-20
6.630970692387687450e+03 1.585158863841948113e-19 3.777895382184155961e-20
6.635976620320743677e+03 1.438859937810200932e-19 3.824085200495107859e-20
6.640982548253798996e+03 7.721476557483236642e-20 3.783147945845981921e-20
6.645988476186854314e+03 1.150402063719471843e-19 3.819616623097968294e-20
6.650994404119910541e+03 7.885373282704253416e-20 3.875827933662315872e-20
6.656000332052965859e+03 1.488995604304624682e-19 3.910005282942773704e-20
6.661006259986022087e+03 1.672378878241010680e-19 3.870156782277144043e-20
6.666012187919077405e+03 8.263188367925684780e-20 3.818762749795376453e-20
6.671018115852133633e+03 6.056728114016185738e-20 3.694098617123457259e-20
6.676024043785188951e+03 7.569893850393733665e-20 3.608035350328416596e-20
6.681029971718244269e+03 1.895508597358371056e-19 3.570474422780580356e-20
6.686035899651300497e+03 1.388712889475758664e-19 3.494834982515762429e-20
6.691041827584355815e+03 1.470091415077425354e-19 3.463093144939042020e-20
6.696047755517412043e+03 1.467017588881953128e-19 3.442639315866996434e-20
6.701053683450467361e+03 1.513028729388648464e-19 3.427471679700562336e-20
6.706059611383523588e+03 9.696325326986492443e-20 3.393524908209453439e-20
6.711065539316578906e+03 1.836109614577152823e-19 3.376812388709148092e-20
6.716071467249634225e+03 1.405461518903977331e-19 3.343881534813523925e-20
6.721077395182690452e+03 1.195694845750261389e-19 3.361256027879164244e-20
6.726083323115745770e+03 8.866386519641589467e-20 3.359654686172610824e-20
6.731089251048801998e+03 1.109171081208645122e-19 3.370399107030215266e-20
6.736095178981857316e+03 1.278717034879872916e-19 3.398071416941545087e-20
6.741101106914913544e+03 1.406691125556607230e-19 3.448811280029950079e-20
6.746107034847968862e+03 1.429815722106475243e-19 3.443745229710384566e-20
6.751112962781024180e+03 1.392891670688602085e-19 3.471919628298721751e-20
6.756118890714080408e+03 1.167251476164169254e-19 3.507502338230379613e-20
6.761124818647135726e+03 1.302491156674832158e-19 3.556177645293283579e-20
6.766130746580191044e+03 2.105324878949472776e-19 3.613449309548794961e-20
6.771136674513247272e+03 1.357390509332483269e-19 3.675412785888593751e-20
6.776142602446303499e+03 1.142794091187304115e-19 3.750272056538131470e-20
6.781148530379358817e+03 5.873505846569740379e-20 3.825624059032350242e-20
6.786154458312414135e+03 1.332261289087315143e-19 3.825310313788751354e-20
6.791160386245470363e+03 1.040201299327275069e-19 3.736343016079092030e-20
6.796166314178525681e+03 9.679235591531487679e-20 3.638061845398397218e-20
6.801172242111580999e+03 1.543139770493815863e-19 3.577742955262342007e-20
6.806178170044637227e+03 9.835789911321888745e-20 3.501258292524435427e-20
6.811184097977693455e+03 1.727087552069603203e-19 3.463804497673783096e-20
6.816190025910748773e+03 1.601675815281966063e-19 3.414894395183804103e-20
6.821195953843804091e+03 3.884230673951564562e-20 3.677903768589149940e-20
6.826201881776860318e+03 5.115400848221247310e-20 4.221186846124200869e-20
6.831207809709915637e+03 9.243170966280485834e-20 4.476736158456342721e-20
6.836213737642970955e+03 1.312855239548404398e-19 4.062364844039317237e-20
6.841219665576027182e+03 8.269724949747219868e-20 3.558763766260176782e-20
6.846225593509082501e+03 1.030920512246753189e-19 3.378047383687905090e-20
6.851231521442138728e+03 1.435088022943356916e-19 3.273851194912907497e-20
6.856237449375194046e+03 1.621036983693319174e-19 3.650746855047807239e-20
6.861243377308250274e+03 8.994176706881237134e-20 4.315313628683576617e-20
6.866249305241305592e+03 1.460993100025405082e-19 4.329347877146915290e-20
6.871255233174360910e+03 1.095744938185115433e-19 3.579608945085719565e-20
6.876261161107417138e+03 1.255743049392774660e-19 3.443259855751128598e-20
6.881267089040473365e+03 1.134658467130069435e-19 3.536632069034536812e-20
6.886273016973527774e+03 1.182150421736776504e-19 3.712757167128807250e-20
6.891278944906584002e+03 2.139889040365174017e-19 3.697714716390532405e-20
6.896284872839640229e+03 9.309209331520722471e-20 3.759755053251319297e-20
6.901290800772695547e+03 1.650014683347990609e-19 3.814181492664865823e-20
6.906296728705750866e+03 2.439403803545925253e-19 3.922848269076992865e-20
6.911302656638807093e+03 4.123846334684222743e-20 3.985123921488013032e-20
6.916308584571862411e+03 2.081022662519928254e-20 4.179445618824360372e-20
6.921314512504917730e+03 3.316033124028125337e-20 4.179965649372343993e-20
6.926320440437973957e+03 5.173405894138522712e-20 4.012926007814624367e-20
6.931326368371030185e+03 6.368223005370651015e-20 3.514462326044836225e-20
6.936332296304085503e+03 9.591517537958278737e-20 3.609147066476356586e-20
6.941338224237140821e+03 1.244844195841087767e-19 3.796858595368294979e-20
6.946344152170197049e+03 1.066657315194074334e-19 3.961021127419204893e-20
6.951350080103252367e+03 4.726187071472132175e-20 3.821577645735445894e-20
6.956356008036307685e+03 7.210529090628002057e-20 3.331999534860492219e-20
6.961361935969363913e+03 6.026601838571237403e-22 3.214309921525621436e-20
6.966367863902420140e+03 8.311810424356007688e-20 3.333047307674803421e-20
6.971373791835475458e+03 9.998508507820107992e-20 3.518824525851910887e-20
6.976379719768530776e+03 1.979819612376443035e-20 3.570655298022546373e-20
6.981385647701587004e+03 9.849284074226982402e-20 3.507719680205370295e-20
6.986391575634642322e+03 7.357040215127260811e-20 3.232070326639426443e-20
6.991397503567697640e+03 8.553065772855740458e-20 3.191008926715678481e-20
6.996403431500753868e+03 8.812086166286803262e-20 3.239310839264050187e-20
7.001409359433810096e+03 1.574073293367074779e-19 3.324969834364277289e-20
7.006415287366865414e+03 1.082448246903588808e-19 3.475720414224051516e-20
7.011421215299920732e+03 1.487596795476729681e-19 3.474970473129520055e-20
7.016427143232976960e+03 1.594966306681586156e-19 3.410047661406018057e-20
7.021433071166032278e+03 6.826662560147603420e-20 3.356092835149240340e-20
7.026438999099087596e+03 1.202905255190773327e-19 3.442247119564938141e-20
7.031444927032143823e+03 4.479265903660553202e-20 3.503529036406034804e-20
7.036450854965200051e+03 1.360498229817025411e-19 3.585857969732321776e-20
7.041456782898254460e+03 1.231537542554570884e-19 3.708519615141328775e-20
7.046462710831310687e+03 7.198839168419017890e-20 3.749948537643997086e-20
7.051468638764366915e+03 9.385766681641878865e-20 3.677435822343712714e-20
7.056474566697422233e+03 1.935190309080120397e-19 3.470599028799905869e-20
7.061480494630477551e+03 1.397339258363702817e-19 3.407361889443834327e-20
7.066486422563533779e+03 6.511547697463671652e-20 3.369805037551793165e-20
7.071492350496589097e+03 1.087334918510473625e-19 3.330573583641333350e-20
7.076498278429644415e+03 1.734307539874688664e-19 3.293418445350917535e-20
7.081504206362700643e+03 1.051418086354250141e-19 3.274041235717510648e-20
7.086510134295756870e+03 8.145099202874918647e-20 3.263504257490100565e-20
7.091516062228812189e+03 1.132044478932827050e-19 3.209129549615197864e-20
7.096521990161867507e+03 1.172096327430748664e-19 3.108657338250487804e-20
7.101527918094923734e+03 1.100691228767546792e-19 3.085808959757702641e-20
7.106533846027979052e+03 1.063513848070184152e-19 3.090107500458286371e-20
7.111539773961034371e+03 1.273394861056596390e-19 3.093503911188687594e-20
7.116545701894090598e+03 1.299930040453264180e-19 3.099027216711935372e-20
7.121551629827146826e+03 1.671228849151649254e-19 3.151078478699429202e-20
7.126557557760202144e+03 1.398107502742789727e-19 3.201289602426866263e-20
7.131563485693257462e+03 1.925360618484193368e-19 3.248086022014292081e-20
7.136569413626313690e+03 2.019618625338769519e-19 3.288171918899132777e-20
7.141575341559369008e+03 1.317492046528446266e-19 3.413720411495452940e-20
7.146581269492424326e+03 1.884442557245097629e-19 3.476807505550399578e-20
7.151587197425480554e+03 1.576658057298140658e-19 3.468604485112634182e-20
7.156593125358536781e+03 8.045852607608978456e-20 3.502715441697673131e-20
7.161599053291592099e+03 1.343370362418309975e-19 3.590389024089763220e-20
7.166604981224647418e+03 1.262082936014795107e-19 3.627117398805590143e-20
7.171610909157703645e+03 1.271310901589186988e-19 3.585241684214376552e-20
7.176616837090758963e+03 1.698427560909662701e-19 3.516868872037084804e-20
7.181622765023814281e+03 1.718428267659270279e-19 3.404658890317838359e-20
7.186628692956870509e+03 1.299351741146575260e-19 3.299304226180459691e-20
7.191634620889926737e+03 1.821411982354967858e-19 3.231150112938878773e-20
7.196640548822981145e+03 1.863382327445505986e-19 3.204423082126083463e-20
7.201646476756037373e+03 1.520539145974086446e-19 3.145831536669035994e-20
7.206652404689093601e+03 1.503710316104412761e-19 3.115454366694852538e-20
7.211658332622148919e+03 1.745011950117123513e-19 3.075297645631072993e-20
7.216664260555204237e+03 1.367692606770281364e-19 3.102926522955150158e-20
7.221670188488260465e+03 1.462438332904867701e-19 3.113188906070580775e-20
7.226676116421315783e+03 1.653369063564358813e-19 3.138472066102619407e-20
7.231682044354371101e+03 1.955293649216577581e-19 3.520638135360964651e-20
7.236687972287427328e+03 2.020172918554103828e-19 4.662191489765676728e-20
7.241693900220483556e+03 2.537250187456452340e-19 5.380741796209368549e-20
7.246699828153538874e+03 1.952937641247337171e-19 4.862418034736703318e-20
7.251705756086594192e+03 8.025062850235631388e-20 3.934279265564651726e-20
7.256711684019650420e+03 2.236904479080488888e-19 3.562926609719514334e-20
7.261717611952705738e+03 2.782689131071927335e-19 3.373896765996959066e-20
7.266723539885761056e+03 2.688698581555124504e-19 3.574732985136368075e-20
7.271729467818817284e+03 2.486109456358910667e-19 5.086745240115627959e-20
7.276735395751873511e+03 1.585480296321444711e-19 5.563379600722848035e-20
7.281741323684928830e+03 3.063194414538686512e-19 5.258951842050685988e-20
7.286747251617984148e+03 2.791930213633400867e-19 4.450454589566598130e-20
7.291753179551040375e+03 2.798929092506292307e-19 4.016958018114743882e-20
7.296759107484095694e+03 3.184212637249408036e-19 4.065886407427445448e-20
7.301765035417151012e+03 2.298135948987960561e-19 4.109460396032165803e-20
7.306770963350207239e+03 2.004071314520413163e-19 4.106359095732397034e-20
7.311776891283263467e+03 9.695200071835721134e-20 4.866587382435561114e-20
7.316782819216318785e+03 3.402266973118347969e-19 4.834645463561260336e-20
7.321788747149374103e+03 3.623726539439803237e-19 4.249607379272641120e-20
7.326794675082430331e+03 2.170243709260594669e-19 3.910099321893795186e-20
7.331800603015485649e+03 2.058876057300134957e-19 4.047442498102888164e-20
7.336806530948540967e+03 3.700117791585113714e-19 4.800157780964942711e-20
7.341812458881597195e+03 3.816023245097349717e-19 4.791090472829175885e-20
7.346818386814653422e+03 2.527894073962279298e-19 3.885606315093879382e-20
7.351824314747707831e+03 1.867448811044359645e-19 3.484966779959780081e-20
7.356830242680764059e+03 2.464026297556068617e-19 3.702861662438373415e-20
7.361836170613820286e+03 3.158452153651114496e-19 4.054476116538074975e-20
7.366842098546875604e+03 1.815685434425539738e-19 4.403614329964697151e-20
7.371848026479930923e+03 1.357899559386865578e-19 4.328729555580131656e-20
7.376853954412987150e+03 1.609894067590289379e-19 3.419508392491862305e-20
7.381859882346043378e+03 1.770770911906381421e-19 3.196844841195057241e-20
7.386865810279097786e+03 2.279097855484278630e-19 3.507818371215454939e-20
7.391871738212154014e+03 1.609374767619366758e-19 3.685019499140524273e-20
7.396877666145210242e+03 4.806031501018359449e-20 4.193973655855668242e-20
7.401883594078265560e+03 2.084158856037617469e-19 4.198816729664957517e-20
7.406889522011320878e+03 2.287888294667041768e-19 3.908803308162955626e-20
7.411895449944377106e+03 2.177725911312135828e-19 3.438493321473343189e-20
7.416901377877432424e+03 1.493816039781672217e-19 3.465772040792323903e-20
7.421907305810487742e+03 1.572935565296443631e-19 3.557590030218002380e-20
7.426913233743543969e+03 1.218477319750737789e-19 3.707155364936646336e-20
7.431919161676600197e+03 1.178376450862317822e-19 3.876855816428513855e-20
7.436925089609655515e+03 1.344506162788721412e-19 3.864353620777545168e-20
7.441931017542710833e+03 1.611001340255845783e-19 3.669281973613305321e-20
7.446936945475767061e+03 1.733064838825233063e-19 3.234244211952245545e-20
7.451942873408822379e+03 1.930707126446175978e-19 3.160501162366702389e-20
7.456948801341877697e+03 2.222368660142469331e-19 3.224189521109570121e-20
7.461954729274933925e+03 3.282662882883711306e-19 3.372333591022962043e-20
7.466960657207990153e+03 2.346858042074794634e-19 3.631080539014144409e-20
7.471966585141045471e+03 2.053377583581213682e-19 3.742500655731383863e-20
7.476972513074100789e+03 1.918999906832823479e-19 3.906425209210930023e-20
7.481978441007157016e+03 2.426747085787973472e-19 3.766077631870541132e-20
7.486984368940212335e+03 2.815708784987110448e-19 3.514176218459639128e-20
7.491990296873267653e+03 2.364011124221162363e-19 3.213757874325718541e-20
7.496996224806323880e+03 2.048539871556400479e-19 3.179920826926643287e-20
7.502002152739380108e+03 1.543424012215594116e-19 3.081783942264044527e-20
7.507008080672435426e+03 1.980835167116844357e-19 3.072238344653296411e-20
7.512014008605490744e+03 1.415456477832916890e-19 3.194330810615656228e-20
7.517019936538546972e+03 1.970913031739132366e-19 3.826543420472637075e-20
7.522025864471602290e+03 1.763454609089027986e-19 4.549468812692708985e-20
7.527031792404657608e+03 1.891225412927507379e-19 4.672036096062078432e-20
7.532037720337713836e+03 2.583238311123858662e-19 3.911515550673424206e-20
7.537043648270770063e+03 1.890638444650047891e-19 3.626105674617777892e-20
7.542049576203824472e+03 1.197042714555205808e-19 3.548015328333546309e-20
7.547055504136880700e+03 1.357178495485837444e-19 3.562079637554080218e-20
7.552061432069936927e+03 2.125105299178944060e-19 3.731451155973177016e-20
7.557067360002992245e+03 2.069795944946803433e-19 3.724718935760317766e-20
7.562073287936047564e+03 2.281306261025031108e-19 3.689540464599909909e-20
7.567079215869103791e+03 2.150906267379611012e-19 4.181029545596842131e-20
7.572085143802159109e+03 1.640269915975041759e-19 4.251537548865238799e-20
7.577091071735214427e+03 2.239470953207972197e-19 3.798882867991997519e-20
7.582096999668270655e+03 1.842176171832337343e-19 3.467093321548899381e-20
7.587102927601326883e+03 1.151247638323738385e-19 3.443019012921457862e-20
7.592108855534382201e+03 1.639378024120934533e-19 3.365828739380077529e-20
7.597114783467437519e+03 2.303122839410309054e-19 3.308140775215626869e-20
7.602120711400493747e+03 4.966621679929017361e-19 3.180319790099946335e-20
7.607126639333549065e+03 5.690736068743638680e-19 2.915210285833308810e-20
7.612132567266604383e+03 3.595736249101171077e-19 3.091277031857475128e-20
7.617138495199660611e+03 2.089725680395245560e-19 3.266068123115987253e-20
7.622144423132716838e+03 4.290075236037779186e-19 3.431889836606004971e-20
7.627150351065772156e+03 4.229861445926552556e-19 3.411219473347094295e-20
7.632156278998827474e+03 3.427945830368736182e-19 3.330387285752661985e-20
7.637162206931883702e+03 3.320727141096857020e-19 3.095462045263094769e-20
7.642168134864939020e+03 3.152136229200294205e-19 3.095219066959947849e-20
7.647174062797994338e+03 1.658796365314463907e-19 3.229217613121920321e-20
7.652179990731050566e+03 1.172492180062770554e-19 3.347583456848020876e-20
7.657185918664106794e+03 1.525490044380319458e-19 3.569572617370541758e-20
7.662191846597162112e+03 1.388316530669132528e-19 3.606322285138261172e-20
7.667197774530217430e+03 1.777349552381824854e-19 3.553342111707208645e-20
7.672203702463273657e+03 2.103420206220769592e-19 3.443295925527420428e-20
7.677209630396328976e+03 1.400232281955727615e-19 3.529577917239965344e-20
7.682215558329384294e+03 1.299540729128043571e-19 3.571550029030199662e-20
7.687221486262440521e+03 1.028651421567799504e-19 3.603136141242152254e-20
7.692227414195496749e+03 1.525234941284433966e-19 3.540721991313882241e-20
7.697233342128551158e+03 9.030142013075772903e-20 3.514823701607679039e-20
7.702239270061607385e+03 1.126632024707461327e-19 3.450389801382782250e-20
7.707245197994663613e+03 1.031673768765171157e-19 4.634614742265066817e-20
7.712251125927718931e+03 1.825605024639640364e-19 5.905413064918869655e-20
7.717257053860774249e+03 1.108146960952058086e-19 5.744431466815623727e-20
7.722262981793830477e+03 -5.629881084851659458e-20 4.612476606111002875e-20
7.727268909726885795e+03 1.274956836191770925e-19 3.693529063931600395e-20
7.732274837659941113e+03 7.910879141227324356e-20 3.345257464613768022e-20
7.737280765592997341e+03 6.361267397978917415e-20 3.193024532590041607e-20
7.742286693526053568e+03 5.984640719877439314e-20 3.712653159885652577e-20
7.747292621459108886e+03 -2.179598839074392708e-20 5.232891406440792329e-20
7.752298549392164205e+03 1.065394169552057625e-20 5.471682168635263670e-20
7.757304477325220432e+03 -6.908342486506871025e-20 4.630021850516516061e-20
7.762310405258275750e+03 1.484013505809083417e-19 3.983689211051317878e-20
7.767316333191331069e+03 3.816647874316374222e-20 3.666601117328860489e-20
7.772322261124387296e+03 7.712047749783312763e-20 3.851362814444155455e-20
7.777328189057443524e+03 2.073492172871949090e-20 4.184585503775247539e-20
7.782334116990498842e+03 3.486098633138912974e-20 3.943197959624136664e-20
7.787340044923554160e+03 9.864134775717035994e-20 4.518010618597396116e-20
7.792345972856610388e+03 -5.851189845101335693e-20 5.359295114926502129e-20
7.797351900789665706e+03 4.219092766884843648e-21 5.185190142848145741e-20
7.802357828722721024e+03 1.477843710722191503e-19 4.269459399046389742e-20
7.807363756655777252e+03 4.590375786874632882e-20 4.457376020358322659e-20
7.812369684588833479e+03 9.541414925039337270e-20 4.509089649865421591e-20
7.817375612521888797e+03 -1.837187319498117756e-19 5.516820698298744954e-20
7.822381540454944115e+03 1.595855449496273758e-19 5.575373640897982992e-20
7.827387468388000343e+03 -7.250248625715752226e-21 4.385248469197356071e-20
7.832393396321055661e+03 5.871085867562965006e-21 3.411623465882094508e-20
7.837399324254110979e+03 3.994540564490087576e-20 3.886608578510174423e-20
7.842405252187167207e+03 3.492863644197407597e-20 4.010035557111272126e-20
7.847411180120223435e+03 3.764657279254951552e-20 4.964437417791703876e-20
7.852417108053277843e+03 -3.195277026159029357e-20 5.604473978794669770e-20
7.857423035986334071e+03 8.112465623957525032e-21 5.556492240224282248e-20
7.862428963919390299e+03 1.742458117975406443e-20 4.600213275697266353e-20
7.867434891852445617e+03 -4.605046640325086590e-20 4.602914995746875282e-20
7.872440819785500935e+03 1.123831759251733585e-19 4.613741652982871568e-20
7.877446747718557162e+03 -6.456222425436546376e-21 4.324712469212663353e-20
7.882452675651613390e+03 1.417562788823726863e-19 4.433081231604223153e-20
7.887458603584667799e+03 5.745621286922438804e-20 4.621112241114214910e-20
7.892464531517724026e+03 1.594565977181761910e-19 4.440065520486882385e-20
7.897470459450780254e+03 -5.091215590878112427e-20 3.605954968299411350e-20
7.902476387383835572e+03 7.097998672632803356e-20 3.390333210705909672e-20
7.907482315316890890e+03 -2.413979169618233803e-20 5.184962000208818221e-20
7.912488243249947118e+03 -6.854156885565690681e-20 6.389622623773390344e-20
7.917494171183002436e+03 -3.551639111388591907e-20 6.722090414415244192e-20
7.922500099116057754e+03 7.564841680057047918e-20 5.209345865787471127e-20
7.927506027049113982e+03 5.219753146011265662e-20 4.984816926655074603e-20
7.932511954982170209e+03 8.579537939190334679e-21 4.645762078573646956e-20
7.937517882915225528e+03 3.979870719258358308e-20 3.992321837119711897e-20
7.942523810848280846e+03 5.649681170572947173e-20 3.944853373018819974e-20
7.947529738781337073e+03 1.596418267945292411e-19 4.211170661643008583e-20
7.952535666714392391e+03 1.448460706786384920e-19 3.940589387231327490e-20
7.957541594647447710e+03 1.153739271072466551e-19 4.332257575443437951e-20
7.962547522580503937e+03 1.267268134425265942e-19 5.321668259513093773e-20
7.967553450513560165e+03 1.538780017619228866e-19 5.166883749218842274e-20
7.972559378446615483e+03 5.682515682813310626e-20 4.078482424417426754e-20
7.977565306379670801e+03 5.313201813573245093e-20 4.184072795321483768e-20
7.982571234312727029e+03 1.309093860313698321e-19 4.067216511522768825e-20
7.987577162245782347e+03 5.710482291169888133e-20 4.758579248539978287e-20
7.992583090178837665e+03 2.460661839209268313e-19 5.270127493840066224e-20
7.997589018111893893e+03 -3.882193099022428139e-20 4.858451551639039516e-20
8.002594946044950120e+03 4.381148410554120981e-20 3.305725007293588314e-20
8.007600873978005438e+03 -4.178648059184020429e-20 3.492297072741303342e-20
8.012606801911060757e+03 -2.271507376941330072e-20 3.829780010800086768e-20
8.017612729844116984e+03 3.797001241044773404e-20 4.170504014207678195e-20
8.022618657777172302e+03 8.900985718462230421e-21 4.913394289377783706e-20
8.027624585710227620e+03 9.650717013967448249e-20 4.986967325976724849e-20
8.032630513643283848e+03 9.492481224552377573e-20 4.003378626841659147e-20
8.037636441576340076e+03 4.965393571217607534e-20 3.363796588405926452e-20
8.042642369509394484e+03 1.295312451396739336e-19 3.395805652274879030e-20
8.047648297442450712e+03 5.879540033273680564e-20 3.837597689749044339e-20
8.052654225375506940e+03 4.198668920059667356e-20 4.016447191967943202e-20
8.057660153308562258e+03 7.555920248128104060e-20 4.603972380918046644e-20
8.062666081241617576e+03 -6.895378627378581404e-20 4.552007354591368484e-20
8.067672009174673803e+03 -7.796822924952904808e-20 4.050837896280394423e-20
8.072677937107729122e+03 2.353276999830895022e-20 3.494290460193722863e-20
8.077683865040784440e+03 6.559156232257447572e-20 3.477682328899807395e-20
8.082689792973840667e+03 1.329750487515471366e-19 3.425738805507605665e-20
8.087695720906896895e+03 4.355055310758194466e-20 3.463668993622216352e-20
8.092701648839952213e+03 7.017219851614656938e-20 3.501845496064863941e-20
8.097707576773007531e+03 6.270658076689508892e-20 3.708976763443751925e-20
8.102713504706063759e+03 3.992895845629851839e-20 3.619456586041578724e-20
8.107719432639119077e+03 1.023038383358546202e-19 3.434829710767883458e-20
8.112725360572174395e+03 1.525812094331173501e-21 3.175010165271318804e-20
8.117731288505230623e+03 9.359570987351281725e-20 3.122319147699017083e-20
8.122737216438286850e+03 7.281376643628587356e-20 3.126452957595416163e-20
8.127743144371342169e+03 5.494575095880652734e-20 3.158976012735690227e-20
8.132749072304397487e+03 2.938274292560828791e-20 3.268815024883436044e-20
8.137755000237453714e+03 6.148426006324412114e-20 3.387350832433687469e-20
8.142760928170509032e+03 6.400017722409626275e-20 3.531092768701581580e-20
8.147766856103564351e+03 1.452817284190784451e-19 3.498287802982185592e-20
8.152772784036620578e+03 1.266085496884146950e-19 3.385472482709584905e-20
8.157778711969676806e+03 5.732294798697555587e-20 3.327479040514078312e-20
8.162784639902732124e+03 4.686531741627585302e-20 3.348701755162264122e-20
8.167790567835787442e+03 6.477069239169688075e-20 3.291974112921293736e-20
8.172796495768843670e+03 3.084106988735891822e-20 3.327227507243676369e-20
8.177802423701898988e+03 1.906175618747742445e-20 3.398672998012346871e-20
8.182808351634954306e+03 6.750020983741493789e-20 3.510972973977553327e-20
8.187814279568010534e+03 4.635146494682784606e-20 3.600452047430564715e-20
8.192820207501066761e+03 4.273058950550290361e-20 3.596710535875761788e-20
8.197826135434121170e+03 6.567614799967897830e-20 3.493614641191758540e-20
8.202832063367177398e+03 7.344637952809908649e-20 3.414399292060543007e-20
8.207837991300233625e+03 7.011759128008467624e-20 3.575625468077304838e-20
8.212843919233288034e+03 1.295063499226081424e-19 3.653958744965034371e-20
8.217849847166344261e+03 4.964405172475437354e-20 3.335572601185018617e-20
8.222855775099400489e+03 5.027993057337810614e-20 3.205537324166304572e-20
8.227861703032456717e+03 3.468444301099305551e-20 3.159493153150131535e-20
8.232867630965511125e+03 4.808217727653879563e-20 3.137752307920512920e-20
8.237873558898567353e+03 6.359048062920256986e-20 3.174170536024763730e-20
8.242879486831623581e+03 6.032581781626867711e-20 3.237607451662996400e-20
8.247885414764677989e+03 4.893256056213300000e-20 3.226937287878530501e-20
8.252891342697734217e+03 -3.400045664990100204e-20 3.201290130633777212e-20
8.257897270630790445e+03 1.353766539388671809e-20 3.161944162609648195e-20
8.262903198563846672e+03 1.063562637620520115e-19 3.172424332818879718e-20
8.267909126496901081e+03 4.719430088244970204e-20 3.216110534335064612e-20
8.272915054429957308e+03 1.938625871730336361e-20 3.849480946190513316e-20
8.277920982363013536e+03 1.629257192947339037e-19 4.977685680599314416e-20
8.282926910296067945e+03 9.203355530151151353e-20 6.035882401870092494e-20
8.287932838229124172e+03 8.070357110260235682e-20 5.869750886453051690e-20
8.292938766162180400e+03 2.938149935390981980e-19 6.344710051458849971e-20
8.297944694095236628e+03 7.253654170518273282e-20 6.132292582808937164e-20
8.302950622028291036e+03 -3.303452627864169831e-20 5.590288680889070261e-20
8.307956549961347264e+03 1.204128737436837569e-19 4.546488994898490249e-20
8.312962477894403492e+03 1.971301621583312550e-20 4.499204786121542639e-20
8.317968405827457900e+03 2.740687062124457605e-21 3.877870042192666165e-20
8.322974333760514128e+03 6.914867830274799532e-20 3.575369523958752094e-20
8.327980261693570355e+03 1.164861109101439130e-19 3.456838692543061313e-20
8.332986189626626583e+03 7.616395762537564424e-20 3.528435912061034380e-20
8.337992117559680992e+03 1.468356423958084434e-20 6.221555393483664341e-20
8.342998045492737219e+03 -1.522621522907608787e-20 7.788322433657347473e-20
8.348003973425793447e+03 -2.559758642064842165e-20 7.858629133684175568e-20
8.353009901358847856e+03 9.372651241817911659e-20 5.352747440700383662e-20
8.358015829291904083e+03 -3.497767357394265294e-20 4.677832379296563277e-20
8.363021757224960311e+03 1.197036993928632825e-19 4.067543983835961387e-20
8.368027685158016538e+03 1.107432654820873624e-19 3.831997851571234821e-20
8.373033613091070947e+03 3.060935396081897915e-20 3.482882121620507804e-20
8.378039541024127175e+03 -8.849978242089551840e-20 4.348839858579130939e-20
8.383045468957181583e+03 -2.169619316540291916e-20 4.477032722853801430e-20
8.388051396890237811e+03 -4.027811922146848471e-21 3.941920290529133638e-20
8.393057324823294039e+03 1.260034846634196603e-20 5.488914753738939485e-20
8.398063252756350266e+03 3.279833567220872874e-20 6.523019005143052862e-20
8.403069180689406494e+03 6.163978500135018474e-20 6.101299765195058030e-20
8.408075108622460903e+03 6.851677694871762177e-20 4.272297169141667181e-20
8.413081036555517130e+03 -6.313001782251348306e-20 4.881433493250523187e-20
8.418086964488571539e+03 -4.477562969378854945e-20 4.885218288284802054e-20
8.423092892421627766e+03 5.643563027288845658e-20 5.653316936783725956e-20
8.428098820354683994e+03 1.809918534364330939e-19 7.440341341991780410e-20
8.433104748287740222e+03 -6.607834643532113167e-20 7.281919305466841264e-20
8.438110676220796449e+03 1.945350630320672273e-20 4.384761304001334439e-20
8.443116604153850858e+03 1.292848393980285297e-19 3.982247454951326964e-20
8.448122532086907086e+03 5.840659775258056790e-21 5.037099635441869958e-20
8.453128460019961494e+03 8.981710587272173119e-20 5.017557949969750917e-20
8.458134387953017722e+03 2.212040774664388320e-19 5.490677240566692308e-20
8.463140315886073950e+03 -3.679619972374365676e-20 6.367060496488875374e-20
8.468146243819130177e+03 5.976530334017566096e-20 6.059489368019140022e-20
8.473152171752186405e+03 3.105555725363828812e-20 3.873714232473414775e-20
8.478158099685240813e+03 8.556011303143286355e-20 3.375000736763054069e-20
8.483164027618297041e+03 9.848350838394465432e-20 3.295839294410182072e-20
8.488169955551351450e+03 -2.200989004488821757e-22 3.961970994052629834e-20
8.493175883484407677e+03 -4.268950500024208858e-20 4.177549111136358961e-20
8.498181811417463905e+03 9.681706093066136491e-20 4.678348225688914277e-20
8.503187739350520133e+03 1.320331789475710449e-19 4.927199180007234165e-20
8.508193667283574541e+03 1.569298631745610169e-19 4.655706541479874591e-20
8.513199595216630769e+03 -1.551163536074234969e-20 3.427919713338573949e-20
8.518205523149686996e+03 5.162140219988483017e-20 3.264803312633112018e-20
8.523211451082741405e+03 6.144129755224987591e-20 3.292837546903170319e-20
8.528217379015797633e+03 8.434698701626971305e-20 3.277123366858803671e-20
8.533223306948853860e+03 3.475631367732898953e-20 3.620844932388075184e-20
8.538229234881910088e+03 -5.368423680841250293e-21 3.832456475358938615e-20
8.543235162814964497e+03 -2.421654388795993897e-20 4.293306170279864922e-20
8.548241090748020724e+03 7.537194389815451100e-20 4.367210982656248057e-20
8.553247018681076952e+03 1.017162140189902343e-19 4.160473732218501258e-20
8.558252946614131361e+03 9.879480921813102957e-20 3.612648158764628424e-20
8.563258874547187588e+03 -8.195648482373445210e-21 3.655365188180151925e-20
8.568264802480243816e+03 3.359809975961317772e-20 3.770528595571982560e-20
8.573270730413300043e+03 8.397627826755329678e-20 3.813997162730957594e-20
8.578276658346354452e+03 2.177492012875015889e-20 3.739556929065210072e-20
8.583282586279410680e+03 5.347918788554181825e-20 3.812421499067287588e-20
8.588288514212466907e+03 1.375909616373127548e-19 3.863503572954413679e-20
8.593294442145521316e+03 6.875132031206044333e-20 3.961360960140779539e-20
8.598300370078577544e+03 9.648270698762862561e-20 3.779814066131382030e-20
8.603306298011633771e+03 4.840865592257368427e-20 3.583005725012496395e-20
8.608312225944689999e+03 3.473817181219661684e-20 3.677271222492236066e-20
8.613318153877744408e+03 2.267839436683617267e-20 4.202803188323394488e-20
8.618324081810800635e+03 -1.230319969670950112e-21 4.912936573751364980e-20
8.623330009743856863e+03 1.351274768958933900e-19 5.593524970940973798e-20
8.628335937676911271e+03 8.220470014785673396e-20 5.896665867900997799e-20
8.633341865609967499e+03 5.896142754160217009e-20 5.675629695305529405e-20
8.638347793543023727e+03 5.196656130125408409e-20 5.008278891575844671e-20
8.643353721476079954e+03 5.138754107885788197e-20 4.679631149698288465e-20
8.648359649409134363e+03 -4.594558264914364137e-20 5.223245552172828904e-20
8.653365577342190591e+03 5.050419394398449193e-20 5.949768515503423363e-20
8.658371505275246818e+03 2.330745344555801011e-19 6.128146469564916863e-20
8.663377433208301227e+03 7.739625943672777330e-20 5.992549595572323094e-20
8.668383361141357454e+03 4.219858922292653151e-20 5.754786730348855578e-20
8.673389289074413682e+03 1.083739448947924772e-19 5.336153078511731427e-20
8.678395217007469910e+03 7.530817474389034538e-20 4.958510300113244425e-20
8.683401144940524318e+03 2.205166944680207900e-19 4.589057734158402632e-20
8.688407072873580546e+03 1.172575861098396829e-19 4.333264836406531182e-20
8.693413000806636774e+03 -6.525385747740903659e-20 4.292445804331971472e-20
8.698418928739691182e+03 -5.713181273797648938e-20 4.294581561882682711e-20
8.703424856672747410e+03 9.055662880988903687e-20 4.300630222530325713e-20
8.708430784605803638e+03 1.448224249263444831e-19 4.066466553937030084e-20
8.713436712538859865e+03 4.118447065542216726e-20 3.867498591843271979e-20
8.718442640471914274e+03 4.345499369649269965e-20 3.749386460895741707e-20
8.723448568404970501e+03 6.001518157774441048e-20 3.743293525370494394e-20
8.728454496338024910e+03 4.482389171898394745e-20 3.684122655535890402e-20
8.733460424271081138e+03 3.928595075536621516e-20 3.673229185541458076e-20
8.738466352204137365e+03 7.840054486909801797e-20 3.693029076252212141e-20
8.743472280137193593e+03 1.179090878632318584e-19 3.666971249052710526e-20
8.748478208070249821e+03 7.396224917443007708e-20 3.692173576368042681e-20
8.753484136003304229e+03 6.088505124519462807e-20 4.980649717085133299e-20
8.758490063936360457e+03 9.785489073198809887e-20 6.759472193264458430e-20
8.763495991869414866e+03 1.463878398074020017e-19 8.306294654401219018e-20
8.768501919802471093e+03 1.421899519939803989e-19 7.628320700401732660e-20
8.773507847735527321e+03 2.147717337754513733e-19 7.981105411146757919e-20
8.778513775668583548e+03 2.006487653405332553e-19 7.415807950203779021e-20
8.783519703601639776e+03 8.183858556844280365e-20 6.075473325264235164e-20
8.788525631534694185e+03 2.539850011111556984e-20 5.175192088682777994e-20
8.793531559467750412e+03 -3.648371588011809238e-20 5.134868704043718285e-20
8.798537487400804821e+03 7.400496441166940120e-20 4.130745556593235795e-20
8.803543415333861049e+03 1.121593289976452733e-19 3.994272210396267753e-20
8.808549343266917276e+03 6.239942128219869743e-20 4.136594589546752096e-20
8.813555271199973504e+03 3.515777533666326978e-20 4.198038957465383647e-20
8.818561199133029731e+03 1.806192860706336353e-19 6.361837801723140302e-20
8.823567127066084140e+03 2.021408550634178438e-19 1.090074911647037241e-19
8.828573054999140368e+03 1.185523495350226618e-19 1.166418126430774532e-19
8.833578982932194776e+03 1.295130105759470453e-19 9.281137288491848852e-20
8.838584910865251004e+03 1.179635089106207949e-19 7.194285652815059012e-20
8.843590838798307232e+03 6.890020513703051773e-20 5.497651504098582027e-20
8.848596766731363459e+03 8.908539187017486032e-20 5.204398791052262167e-20
8.853602694664417868e+03 -9.942672113682132040e-20 4.858499069652882959e-20
8.858608622597474096e+03 5.070579099626935242e-20 4.566754456777721672e-20
8.863614550530530323e+03 -1.103164949864553402e-19 5.937901752866798643e-20
8.868620478463584732e+03 -3.017968315776383242e-20 5.934890686844039646e-20
8.873626406396640959e+03 -4.908814982315486670e-20 4.688989017886989427e-20
8.878632334329697187e+03 -7.332736288108401821e-20 6.274811894088850984e-20
8.883638262262753415e+03 1.353199550693757058e-19 8.535016597199353748e-20
8.888644190195807823e+03 2.689878766920596206e-19 8.234189125577408754e-20
8.893650118128864051e+03 5.854357947668759355e-20 5.121501698673832719e-20
8.898656046061920279e+03 2.482040182172021305e-19 6.067835945912409144e-20
8.903661973994974687e+03 2.278418002580962331e-19 6.349742661906469850e-20
8.908667901928030915e+03 1.590896367325333220e-20 5.476604483128691110e-20
8.913673829861087142e+03 9.778594743474852688e-21 8.042554586615460538e-20
8.918679757794143370e+03 4.534658639985282175e-21 9.467377270636944496e-20
8.923685685727199598e+03 1.543199414461880548e-20 8.653893925683137373e-20
8.928691613660254006e+03 -4.001023419980363271e-20 4.841186340828838771e-20
8.933697541593308415e+03 1.025371243606249984e-20 4.606672174989092890e-20
8.938703469526364643e+03 -2.234240982537628956e-19 6.306911792234838708e-20
8.943709397459420870e+03 1.577434608910966051e-20 6.710345524818934682e-20
8.948715325392477098e+03 1.767271100085530821e-20 6.310825430723079037e-20
8.953721253325533326e+03 3.735244778578561467e-22 8.851139502009341980e-20
8.958727181258589553e+03 3.231553223848221479e-19 9.227142361898915542e-20
8.963733109191643962e+03 7.724155004101774529e-20 6.955529951322062952e-20
8.968739037124698370e+03 8.238052694710431282e-21 4.607755137987529260e-20
8.973744965057754598e+03 6.659427138107135289e-20 4.544980749306190521e-20
8.978750892990810826e+03 1.044578227399791267e-19 4.676107061762896849e-20
8.983756820923867053e+03 -2.881626492217589524e-20 5.732666056894317079e-20
8.988762748856923281e+03 -1.407464164000301902e-19 5.766599593242707506e-20
8.993768676789977690e+03 1.003301025520250963e-19 5.979313783759279387e-20
8.998774604723033917e+03 1.163820172946650942e-20 6.823185746721909211e-20
9.003780532656088326e+03 2.363399333278820350e-19 6.565336248261725309e-20
9.008786460589144554e+03 5.534220108804660853e-20 4.563930867782487096e-20
9.013792388522200781e+03 1.734104519872293118e-20 4.054945381446567717e-20
9.018798316455257009e+03 8.480940371580062068e-20 4.095726584689289810e-20
9.023804244388313236e+03 8.953662989101018896e-20 4.189611536574274606e-20
9.028810172321367645e+03 7.387123156805387761e-20 4.319888561706750766e-20
9.033816100254423873e+03 -3.541699511488236325e-20 4.935559332245369041e-20
9.038822028187478281e+03 -2.140869097785912840e-20 5.154251136432472196e-20
9.043827956120534509e+03 6.355375145148645752e-20 5.681822581043370268e-20
9.048833884053590737e+03 -1.014914075114008739e-20 5.897274570995126523e-20
9.053839811986646964e+03 -1.212813591660825170e-19 5.587232850827364232e-20
9.058845739919703192e+03 -4.604644151902265733e-20 4.657349829793751367e-20
9.063851667852757600e+03 1.590140300862857615e-19 4.754044323819712471e-20
9.068857595785813828e+03 5.856192844035375648e-20 4.842806150991757725e-20
9.073863523718868237e+03 4.041069783696618113e-20 4.835553810314564327e-20
9.078869451651924464e+03 8.525440619642249059e-21 4.862510734027390194e-20
9.083875379584980692e+03 -3.315478297130886156e-20 5.009880118329311574e-20
9.088881307518036920e+03 1.226101455271438145e-19 5.315191348430935464e-20
9.093887235451093147e+03 4.827403709701793787e-20 5.398407515828050140e-20
9.098893163384147556e+03 3.075818272721260746e-20 5.600862664770802990e-20
9.103899091317203784e+03 -5.070830263486816825e-20 5.382400321334787230e-20
9.108905019250258192e+03 4.803248389875549452e-20 4.808011771900689801e-20
9.113910947183314420e+03 1.320757021289177685e-19 4.456311696390924579e-20
9.118916875116370647e+03 4.681655443595686179e-20 4.372676043971954086e-20
9.123922803049426875e+03 1.636746382929137288e-20 4.332072050136164553e-20
9.128928730982483103e+03 4.247842534943193525e-20 4.330086323252855139e-20
9.133934658915537511e+03 4.727787315835213576e-20 4.355940005870145361e-20
9.138940586848593739e+03 3.131134103872419826e-20 4.356237198308620544e-20
9.143946514781648148e+03 5.163759640700962437e-20 4.473458106553751695e-20
9.148952442714704375e+03 2.640106445688637595e-20 4.747739858737175953e-20
9.153958370647760603e+03 2.656452520343699089e-20 5.013264311809011265e-20
9.158964298580816831e+03 -1.382633370789800677e-20 5.056600248239716470e-20
9.163970226513873058e+03 7.410124525567797750e-20 4.938449134502195379e-20
9.168976154446927467e+03 1.018962870799942811e-19 4.608790693696281825e-20
9.173982082379983694e+03 1.994353959301269818e-19 4.613349157544498616e-20
9.178988010313038103e+03 1.137995244029134091e-19 4.701650468623553718e-20
9.183993938246094331e+03 2.956597339335565091e-20 4.760386521593085359e-20
9.188999866179150558e+03 1.102863442537459481e-19 4.835988143427043112e-20
9.194005794112206786e+03 6.906317349475908600e-20 4.887750104822195353e-20
9.199011722045263014e+03 8.139779401549317163e-20 5.027231317198079282e-20
9.204017649978317422e+03 4.579273937769578800e-20 5.174433779690004192e-20
9.209023577911373650e+03 3.937459181842028680e-20 5.351959516432144678e-20
9.214029505844428058e+03 1.013423301810304804e-19 5.507361755069761031e-20
9.219035433777484286e+03 -1.874189285700231344e-20 5.659425927285761355e-20
9.224041361710540514e+03 -3.445345793728285567e-20 5.500355044909590261e-20
9.229047289643596741e+03 -1.047416165219777053e-19 5.254369063467052784e-20
9.234053217576652969e+03 -3.202262204063222703e-20 4.901174507329868217e-20
9.239059145509707378e+03 4.199276441857380882e-20 4.826303041622019205e-20
9.244065073442761786e+03 -4.733957566351861830e-20 4.897237993080107048e-20
9.249071001375818014e+03 1.672859715930859082e-19 4.963941886404679899e-20
9.254076929308874242e+03 1.221085035877328248e-19 4.917984985308757601e-20
9.259082857241930469e+03 7.201168942568853580e-20 4.933271394796564285e-20
9.264088785174986697e+03 3.005928057266913683e-21 4.879751141669965410e-20
9.269094713108042924e+03 -5.328766271666023683e-20 4.792406860922601457e-20
9.274100641041097333e+03 6.523772118210152889e-20 4.683577325511881214e-20
9.279106568974151742e+03 -1.333712284081154045e-21 4.835077732431130403e-20
9.284112496907207969e+03 1.647850101428596754e-20 5.071513965919439869e-20
9.289118424840264197e+03 2.043700493705109967e-20 5.289495256637536598e-20
9.294124352773320425e+03 3.548270073696900807e-20 5.275255254890522838e-20
9.299130280706376652e+03 7.628020821594678931e-20 6.711158703436861190e-20
9.304136208639432880e+03 8.573346600251329923e-20 9.861910221607789512e-20
9.309142136572487289e+03 8.636273833493257705e-20 1.283013439014502600e-19
9.314148064505541697e+03 7.961837824110284944e-20 1.207797625607597764e-19
9.319153992438597925e+03 3.821976441562254356e-20 1.157481151850820198e-19
9.324159920371654152e+03 -1.988299404976212946e-19 1.050716376158631506e-19
9.329165848304710380e+03 8.329290979434699688e-20 8.733081353755630031e-20
9.334171776237766608e+03 -2.013142606130821082e-20 7.635602763991709482e-20
9.339177704170821016e+03 2.579652634081147306e-20 7.370754387739972544e-20
9.344183632103877244e+03 -1.379926112571235886e-19 6.511815229488200529e-20
9.349189560036931653e+03 -2.119410547113633595e-20 6.041301024670471624e-20
9.354195487969987880e+03 -4.881621886129025063e-20 5.814527302740008592e-20
9.359201415903044108e+03 -6.887452439328177448e-20 5.648098854642359498e-20
9.364207343836100335e+03 1.458170442976734683e-20 6.003570059306073648e-20
9.369213271769156563e+03 7.627864799402548125e-20 1.148097528537455297e-19
9.374219199702210972e+03 8.458626021673833745e-20 1.407416564092475707e-19
9.379225127635267199e+03 1.403088323133003367e-19 1.292114554841556295e-19
9.384231055568321608e+03 -1.765740023420046422e-19 7.143159213436637370e-20
9.389236983501377836e+03 -4.629411854257937257e-21 6.034747448527627902e-20
9.394242911434434063e+03 -8.554706729428288109e-20 6.070824591234716973e-20
9.399248839367490291e+03 3.430353160643212419e-20 6.843465056055314011e-20
9.404254767300546519e+03 -6.895351497104543875e-20 6.713563275403829891e-20
9.409260695233600927e+03 5.165916588163498371e-20 5.785267661969934649e-20
9.414266623166657155e+03 5.302619950942638274e-20 7.475101317046250688e-20
9.419272551099711563e+03 1.272701690013705920e-19 8.302551928856033464e-20
9.424278479032767791e+03 -1.250459835883901908e-19 7.608573531858825667e-20
9.429284406965824019e+03 -1.144980603431948294e-20 6.185053062717985921e-20
9.434290334898880246e+03 -1.875332305327528274e-19 1.081363572016669908e-19
9.439296262831936474e+03 2.694434683372758071e-20 1.228937146586358894e-19
9.444302190764990883e+03 -1.263966042888892052e-20 1.078381964794277929e-19
9.449308118698047110e+03 -8.744349684113929556e-20 7.307885952899413255e-20
9.454314046631101519e+03 7.840514704775047381e-20 9.655539048162489942e-20
9.459319974564157746e+03 6.185422342868497155e-20 1.002502326108600031e-19
9.464325902497213974e+03 1.357056506622071143e-19 8.163227421361110607e-20
9.469331830430270202e+03 -1.842250673432160481e-19 9.550321917766145706e-20
9.474337758363326429e+03 -1.998557451759297120e-19 1.270832580897491296e-19
9.479343686296380838e+03 2.281579213476631494e-20 1.209065308345327415e-19
9.484349614229437066e+03 -1.504890454550554900e-19 7.584408680745215000e-20
9.489355542162491474e+03 -6.943522070193099802e-20 6.221983780699194023e-20
9.494361470095547702e+03 -3.142224899303563796e-20 6.805737681531435747e-20
9.499367398028603930e+03 1.375669208025576231e-19 8.567039661216822466e-20
9.504373325961660157e+03 -2.902146054737619859e-20 8.634935465001812343e-20
9.509379253894716385e+03 -1.110168170507654002e-19 7.128723732064042474e-20
9.514385181827770793e+03 -8.900584425173953101e-20 8.985086330727560037e-20
9.519391109760827021e+03 1.583468027996241601e-19 9.509445354110565358e-20
9.524397037693881430e+03 5.862400792510938776e-20 8.221950523386656574e-20
9.529402965626937657e+03 1.489408015399796878e-19 6.319352183877784913e-20
9.534408893559993885e+03 3.785717716968511240e-20 6.319839450545072293e-20
9.539414821493050113e+03 1.330372038732913589e-19 6.188096679145873612e-20
9.544420749426106340e+03 1.424377780962713226e-20 6.533444275532816087e-20
9.549426677359160749e+03 -3.616671587044329941e-20 7.886634808202567202e-20
9.554432605292216977e+03 -1.595539476023608530e-19 8.138929215572293804e-20
9.559438533225271385e+03 -1.436024708635014125e-19 8.078001931458970259e-20
9.564444461158327613e+03 2.073609737323356151e-19 1.012212853577327300e-19
9.569450389091383840e+03 3.515364219830670979e-20 1.033473200870950179e-19
9.574456317024440068e+03 -1.993694402019748386e-19 7.835445802372447789e-20
9.579462244957496296e+03 4.385226746138786462e-20 6.703424266737872828e-20
9.584468172890550704e+03 -3.619610777584332360e-21 6.802838914844503975e-20
9.589474100823605113e+03 6.278415399334884529e-20 7.040630014040189205e-20
9.594480028756661341e+03 9.580763919652466788e-20 7.129971270245914717e-20
9.599485956689717568e+03 -1.523335775920898737e-22 7.320132099943098267e-20
9.604491884622773796e+03 2.118248128782283901e-20 8.045953857091492799e-20
9.609497812555830023e+03 -5.292315225321766546e-20 7.978341158693762077e-20
9.614503740488886251e+03 -2.040349709797134514e-19 8.101681563821086347e-20
9.619509668421940660e+03 7.800474251044369814e-20 8.408660480369073267e-20
9.624515596354995068e+03 5.645822646595871756e-20 8.037333491085385519e-20
9.629521524288051296e+03 6.692125352885983858e-20 6.904636819487941769e-20
9.634527452221107524e+03 -1.492297119573676075e-20 6.597924297338778582e-20
9.639533380154163751e+03 -3.310066469854537398e-20 6.437973707208646811e-20
9.644539308087219979e+03 -4.839991086323075351e-20 6.462353851937159573e-20
9.649545236020274388e+03 4.934136067810660188e-20 6.666921912158441387e-20
9.654551163953330615e+03 -6.320489379098226081e-20 6.947628481978613854e-20
9.659557091886385024e+03 -3.344846010916452052e-20 7.086850366785713280e-20
9.664563019819441251e+03 5.496732206661355821e-20 7.925623940661214231e-20
9.669568947752497479e+03 1.283573953212742220e-19 8.252020658191645446e-20
9.674574875685553707e+03 1.044720408282578045e-19 8.822548385579800351e-20
9.679580803618609934e+03 8.208245723395018357e-20 9.458326297055054094e-20
9.684586731551664343e+03 2.715506469298390506e-20 9.567281711095372412e-20
9.689592659484720571e+03 -1.861625553859955886e-19 8.572611217121746359e-20
9.694598587417774979e+03 1.176648563896594207e-19 1.002837332138155652e-19
9.699604515350831207e+03 3.484631318505529465e-19 1.025767474325103262e-19
9.704610443283887435e+03 2.539262996015278304e-20 9.718962726432699221e-20
9.709616371216943662e+03 -1.322290000690453160e-19 9.311119750015780185e-20
9.714622299149999890e+03 -2.954496876652089129e-19 1.172406115226160393e-19
9.719628227083054298e+03 -9.764004344698397965e-20 1.214440972987838827e-19
9.724634155016110526e+03 -3.354004529865740337e-19 1.096789146929934521e-19
9.729640082949164935e+03 9.059228611350738567e-20 8.995383740148179861e-20
9.734646010882221162e+03 8.892456973177497795e-20 9.678559091510871573e-20
9.739651938815277390e+03 8.116310979344856999e-21 9.764867996573434276e-20
9.744657866748333618e+03 8.312854935655293817e-20 8.855658358419638002e-20
9.749663794681389845e+03 1.856739678762236086e-20 8.226315187354621608e-20
9.754669722614444254e+03 6.020844571349944467e-20 7.596858073184231960e-20
9.759675650547500481e+03 -4.564230220103902681e-20 7.483858705579108204e-20
9.764681578480554890e+03 1.672563758016622572e-19 7.410671197730277828e-20
9.769687506413611118e+03 6.425399588141351081e-20 7.416792312432467831e-20
9.774693434346667345e+03 -5.452376173552808897e-20 7.408790012891107007e-20
9.779699362279723573e+03 1.966227776077072684e-19 7.645116567470095945e-20
9.784705290212779801e+03 2.437873994416176471e-19 1.092786833453972589e-19
9.789711218145834209e+03 8.269665101197989588e-20 1.317060258980096682e-19
9.794717146078890437e+03 2.257558648936987505e-19 1.342184804719986357e-19
9.799723074011944846e+03 -7.039481876523837536e-20 1.055571320537635258e-19
9.804729001945001073e+03 -1.434189649060994280e-19 9.854489878544102793e-20
9.809734929878057301e+03 -2.361827261647357264e-19 9.346491491099048717e-20
9.814740857811113528e+03 -2.991624388947511545e-19 9.322162293307190574e-20
9.819746785744169756e+03 7.506055922078051602e-20 8.789113261319487551e-20
9.824752713677224165e+03 1.506962918578100460e-19 8.577015612948001071e-20
9.829758641610280392e+03 -9.424528659448956806e-20 8.677350550512370316e-20
9.834764569543334801e+03 -1.518551867641522714e-19 8.613798539198321354e-20
9.839770497476391029e+03 -1.350485077529249440e-19 8.900598127157681517e-20
9.844776425409447256e+03 -9.584261614432152348e-20 1.064138356304738250e-19
9.849782353342503484e+03 -2.718354841519431809e-19 1.091557531541759958e-19
9.854788281275559712e+03 2.358315925429788136e-20 9.990589474499988801e-20
9.859794209208614120e+03 6.007436186375874804e-20 9.063859914190798911e-20
9.864800137141670348e+03 -2.973615041797289707e-19 1.156395181113473695e-19
9.869806065074724756e+03 -2.440917620706147387e-19 1.500056383447476348e-19
9.874811993007780984e+03 -7.091402177304727824e-19 1.465776962236338391e-19
9.879817920940837212e+03 -3.825980039245229181e-19 1.061985818436519518e-19
9.884823848873893439e+03 -1.975644705177803295e-19 9.587508903863891973e-20
9.889829776806949667e+03 -2.522379138555213063e-19 1.105599662282839233e-19
9.894835704740004076e+03 8.460369810151045341e-20 1.141298297512180618e-19
9.899841632673058484e+03 3.632404666707914710e-20 1.065347341176966621e-19
9.904847560606114712e+03 -1.524581773109344155e-19 9.657231446516644986e-20
9.909853488539170939e+03 -1.228766593624316554e-19 1.322108259520924280e-19
9.914859416472227167e+03 -2.976845715117603965e-19 1.423017991402313695e-19
9.919865344405283395e+03 -1.895009029275630366e-19 1.265521154115845445e-19
9.924871272338339622e+03 -2.117008862530596507e-19 9.514821653895579182e-20
9.929877200271394031e+03 -2.085039170445950636e-19 9.480772822332857746e-20
9.934883128204448440e+03 1.057140909209155951e-19 1.086126717374105245e-19
9.939889056137504667e+03 5.643303179675801877e-19 1.478761188620366419e-19
9.944894984070560895e+03 7.040642018420086860e-19 1.770456087708461086e-19
9.949900912003617123e+03 1.289222366456581605e-19 1.770725027695620313e-19
9.954906839936673350e+03 -1.205623099334746753e-18 1.739166613494783428e-19
9.959912767869729578e+03 -1.445807290812233124e-18 1.832251805498336766e-19
9.964918695802783986e+03 -3.349638397820077189e-19 1.586039730225413256e-19
9.969924623735838395e+03 1.611379662215558532e-19 1.363273655611411275e-19
9.974930551668894623e+03 -2.109034481959796700e-19 1.314339065846910337e-19
9.979936479601950850e+03 -3.924258903930585014e-19 1.213534242719735278e-19
9.984942407535007078e+03 2.566602932612766570e-20 1.123456371837054110e-19
9.989948335468063306e+03 -1.012065424626183579e-19 1.090813839330778662e-19
9.994954263401117714e+03 -3.097822193895346440e-19 1.136196364204544397e-19
9.999960191334173942e+03 -7.673687498170283480e-20 1.170865498721283105e-19
1.000496611926722835e+04 -5.650758663146397117e-19 1.334661262349512997e-19
1.000997204720028458e+04 -5.328733286011476776e-19 1.776141785610588648e-19
1.001497797513334081e+04 -9.623398461233543096e-19 1.811646563166272959e-19
1.001998390306639703e+04 -9.103521215456301504e-19 1.541707180320537473e-19
1.002498983099945326e+04 -8.719847520562277649e-19 1.367589181992803111e-19
1.002999575893250767e+04 -6.267083979396521503e-19 1.284995343678236778e-19
1.003500168686556390e+04 -2.601837109794740694e-19 1.117016613912549991e-19
1.004000761479861831e+04 -8.332201440618909951e-20 1.149525523609926415e-19
1.004501354273167453e+04 -1.303638108625927936e-19 1.149876815350263937e-19
1.005001947066473076e+04 -1.249247527723389204e-19 1.104869897692333090e-19
1.005502539859778699e+04 -2.513869888713778724e-19 1.164430274212512922e-19
1.006003132653084322e+04 -2.635618447305283279e-19 1.249125037874118390e-19
1.006503725446389763e+04 -3.422619160293221280e-19 1.286703782568490620e-19
1.007004318239695385e+04 -2.652854766175821467e-19 1.232155870134160287e-19
1.007504911033000826e+04 -1.059651091450610983e-19 1.357070773123230112e-19
1.008005503826306449e+04 -1.033931643142906332e-19 1.718970202992983610e-19
1.008506096619612072e+04 3.645616154220329082e-20 1.785122159946852099e-19
1.009006689412917694e+04 -1.490821552260466633e-19 1.529330960298214434e-19
1.009507282206223317e+04 -6.965076220674465345e-20 1.423398730080508290e-19
1.010007874999528758e+04 -9.151282722342603184e-20 1.599088482934866857e-19
1.010508467792834381e+04 -4.590000023958785404e-19 1.635609740483218481e-19
1.011009060586139822e+04 -3.923814208034686920e-19 1.516309793024350300e-19
1.011509653379445444e+04 -3.640816539045275004e-19 1.432471620944150493e-19
1.012010246172751067e+04 4.167360739754003456e-20 1.752899439935824438e-19
1.012510838966056690e+04 -1.947231961697320590e-19 1.815007229467047161e-19
1.013011431759362313e+04 -2.495425979860405497e-19 1.652103784587428582e-19
1.013512024552667754e+04 -2.057522271684447716e-19 1.383759923973094888e-19
1.014012617345973376e+04 -2.598774030277725571e-19 1.385730161101089479e-19
1.014513210139278817e+04 -1.307210864587963966e-19 1.431053614110780584e-19
1.015013802932584440e+04 -2.326367110931226459e-19 1.530581224948682503e-19
1.015514395725890063e+04 -4.558376666270966555e-19 1.564733573596683646e-19
1.016014988519195686e+04 -5.733446122509355494e-19 1.519269131190233248e-19
1.016515581312501308e+04 -1.998711774457659721e-19 1.579564178889025914e-19
1.017016174105806749e+04 -5.379377992186913598e-19 1.780089280345114240e-19
1.017516766899112372e+04 -4.219412873743754833e-19 1.768084046540695411e-19
1.018017359692417813e+04 -3.491171807038101627e-19 1.568228861970367118e-19
1.018517952485723436e+04 -9.105949701321787660e-19 1.622551203436972726e-19
1.019018545279029058e+04 -7.947830211608438590e-19 1.684071751915249055e-19
1.019519138072334681e+04 -3.275372114391810261e-19 1.649747297806203276e-19
1.020019730865640304e+04 -2.123265998139942528e-19 1.592650256457412646e-19
1.020520323658945745e+04 -1.335538740405427862e-19 1.748818518712734835e-19
1.021020916452251367e+04 -6.709241121991954005e-19 1.895216824088778714e-19
1.021521509245556808e+04 -9.500408080975452054e-19 1.870383542021473140e-19
1.022022102038862431e+04 -3.084975183342907017e-19 1.760751698523628855e-19
1.022522694832168054e+04 -1.314961587103013624e-19 1.862901593444284154e-19
1.023023287625473677e+04 -6.100236207541686580e-19 1.896737709956861497e-19
1.023523880418779299e+04 5.951014315073456909e-21 1.778256779190711363e-19
1.024024473212084740e+04 -1.184657171211675859e-19 1.658811387169891055e-19
1.024525066005390181e+04 -3.187996219834025241e-19 1.613756202772932556e-19
1.025025658798695804e+04 -2.752009323302360841e-19 1.602997149341872786e-19
1.025526251592001427e+04 -8.464101413065197179e-20 1.598005700195225606e-19
1.026026844385307049e+04 -1.511627099484596497e-19 1.611305669489004920e-19
1.026527437178612672e+04 -1.666641388309013579e-19 1.625374315697092296e-19
1.027028029971918295e+04 -1.785810955249995495e-19 1.658424929945439336e-19
1.027528622765223736e+04 -4.000888649767677962e-19 1.662171669092067139e-19
1.028029215558529177e+04 -5.216985291835183652e-19 1.862948916671167812e-19
1.028529808351834799e+04 -7.553205807010886790e-19 2.205737564667749609e-19
1.029030401145140422e+04 -9.487301917195393206e-20 2.261018560520640556e-19
1.029530993938446045e+04 -2.021380521549033869e-19 2.026901886068319752e-19
