#  wl flam flam_err
4.803806996822357178e+03 -1.022320759955771145e-19 2.831702834597237331e-18
4.808812924755412496e+03 -1.408855986810038220e-18 2.535595103038135206e-18
4.813818852688468723e+03 6.010271509374293318e-19 2.234490453867401888e-18
4.818824780621524042e+03 -9.415846397493743837e-19 1.932435117343355161e-18
4.823830708554580269e+03 -1.171640184000785700e-18 1.689361538969149166e-18
4.828836636487635587e+03 4.299534426695858555e-19 1.504900941917003428e-18
4.833842564420691815e+03 2.887713472281458306e-19 1.379899997608578442e-18
4.838848492353747133e+03 -6.360137925738179648e-19 1.284246704566501383e-18
4.843854420286802451e+03 -8.662549465640272183e-19 1.172543865965658766e-18
4.848860348219858679e+03 4.468264674704819930e-19 1.061484206962805731e-18
4.853866276152913997e+03 -3.418443138175118889e-19 9.521147020871110509e-19
4.858872204085970225e+03 -5.756172868907179636e-19 8.590924890005426384e-19
4.863878132019025543e+03 -5.605725754070503877e-19 7.945739308490839583e-19
4.868884059952080861e+03 6.739046448553615570e-19 7.530806217065032026e-19
4.873889987885137089e+03 -5.064831337154857117e-19 7.247493008313924007e-19
4.878895915818192407e+03 -6.525068402287704510e-19 6.991293908095658397e-19
4.883901843751248634e+03 1.243070274568477239e-19 6.773437223806129428e-19
4.888907771684303952e+03 5.117742850016427109e-19 6.530911677033142776e-19
4.893913699617360180e+03 7.902403599253392538e-19 6.228967465022540339e-19
4.898919627550415498e+03 3.878944736663326133e-19 5.909902676736132556e-19
4.903925555483470816e+03 -1.107328889361502906e-19 5.561711290950738460e-19
4.908931483416527044e+03 -8.122569201471352178e-21 5.206170403179861145e-19
4.913937411349582362e+03 3.297605599007992893e-19 4.826293849498422632e-19
4.918943339282638590e+03 -2.765224742013235139e-20 4.488399969122302770e-19
4.923949267215693908e+03 -4.141468527515649936e-19 4.230720753102153651e-19
4.928955195148750136e+03 -5.064617485974982873e-19 4.071764652674945876e-19
4.933961123081805454e+03 -3.144081731889724173e-19 3.964063932133864829e-19
4.938967051014860772e+03 5.473173324386696823e-19 3.926695132993843349e-19
4.943972978947916999e+03 6.594558284292222575e-19 3.871548931397333285e-19
4.948978906880972318e+03 -3.531412260330664660e-19 3.833902691796454951e-19
4.953984834814028545e+03 -1.049484441598312112e-19 3.734698647213909448e-19
4.958990762747083863e+03 9.142143670859172298e-20 3.649518059008595577e-19
4.963996690680139181e+03 -1.395887900722594208e-19 3.493108387278162751e-19
4.969002618613195409e+03 3.357189460193392379e-19 3.354264280696369477e-19
4.974008546546250727e+03 -1.735193001032542255e-20 3.207930072713721055e-19
4.979014474479306955e+03 4.202902791034968299e-19 3.131230680340129894e-19
4.984020402412362273e+03 1.653833636273363117e-20 3.065653194649121595e-19
4.989026330345418501e+03 2.030463096781290772e-19 3.064456820614718275e-19
4.994032258278473819e+03 2.766727713592234402e-19 3.088435451056128615e-19
4.999038186211529137e+03 1.956665549714642289e-19 3.043482951034148331e-19
5.004044114144585365e+03 3.041080718228814338e-19 2.931291087428310910e-19
5.009050042077640683e+03 2.165828603834616311e-19 2.807809348607268322e-19
5.014055970010696910e+03 2.123986287854103410e-19 2.663465450547616800e-19
5.019061897943752228e+03 1.640461918371109752e-19 2.518002415459071531e-19
5.024067825876807547e+03 2.411793024561278167e-19 2.393475587052068957e-19
5.029073753809863774e+03 4.894843076582159988e-20 2.275808664938338961e-19
5.034079681742919092e+03 1.922938660696478667e-19 2.197330036259843155e-19
5.039085609675975320e+03 3.227711291786260350e-19 2.157725403514388938e-19
5.044091537609030638e+03 1.293511049876347334e-19 2.136729396759792424e-19
5.049097465542086866e+03 2.852391091716871158e-19 2.146242503271865646e-19
5.054103393475142184e+03 5.701252431902618535e-20 2.167572856808935249e-19
5.059109321408197502e+03 -2.472994693327474924e-19 2.170989887602530954e-19
5.064115249341253730e+03 2.366626663710240173e-19 2.155814079124584274e-19
5.069121177274309048e+03 5.764962520601655046e-19 2.112500186781378609e-19
5.074127105207365275e+03 4.000636146413092230e-19 2.058273233475322244e-19
5.079133033140420594e+03 2.553045679670697217e-19 2.013960854097598206e-19
5.084138961073476821e+03 -1.760949077835877567e-19 1.961277821455778161e-19
5.089144889006532139e+03 9.101624444016172338e-21 1.946512049593408297e-19
5.094150816939587457e+03 -5.652346515670074418e-20 1.927656392257545900e-19
5.099156744872643685e+03 1.719916634468072495e-19 1.936761231021708242e-19
5.104162672805699003e+03 3.075457019149514143e-19 1.961402964009849281e-19
5.109168600738755231e+03 -1.623725526939168371e-20 2.025491415700753397e-19
5.114174528671810549e+03 -1.637260854778538340e-19 2.132762112483530626e-19
5.119180456604865867e+03 6.702581755635265740e-19 2.188648372775667843e-19
5.124186384537922095e+03 2.813116699400998495e-19 2.188172317556009235e-19
5.129192312470977413e+03 -1.146431608870228130e-19 2.126628004373470635e-19
5.134198240404033641e+03 4.993785469264028463e-19 2.013200463146864584e-19
5.139204168337088959e+03 4.415083261382741392e-20 1.923655913829476469e-19
5.144210096270145186e+03 2.248638905668845193e-19 1.817324814865971783e-19
5.149216024203200504e+03 -3.483642442899562427e-20 1.731174337172313094e-19
5.154221952136255823e+03 1.207703652445962691e-20 1.644619356705227144e-19
5.159227880069312050e+03 6.693068996848045399e-20 1.572561149555578501e-19
5.164233808002367368e+03 2.131193098540849366e-19 1.494442153078074701e-19
5.169239735935423596e+03 6.639420111549060903e-20 1.444697266489442501e-19
5.174245663868478914e+03 -1.341373514412202187e-19 1.449802608701500934e-19
5.179251591801534232e+03 2.617853347379169331e-20 1.452685279124400225e-19
5.184257519734590460e+03 -6.351158341364191180e-20 1.487987561545820305e-19
5.189263447667645778e+03 1.442322939420091097e-19 1.514746146771747841e-19
5.194269375600702006e+03 -4.913356570560711700e-20 1.554773626969081630e-19
5.199275303533757324e+03 1.863819021935760062e-21 1.575326886871307071e-19
5.204281231466813551e+03 1.927049326484696251e-19 1.562634411710317497e-19
5.209287159399868870e+03 4.094920238183859878e-20 1.550684104252364436e-19
5.214293087332924188e+03 1.717122784819435066e-19 1.518940820607587790e-19
5.219299015265980415e+03 1.036118854731697962e-19 1.499301293154624461e-19
5.224304943199035733e+03 2.576838006487385595e-19 1.483529008273684436e-19
5.229310871132091961e+03 -1.562652007122898217e-19 1.473595525269153033e-19
5.234316799065147279e+03 1.819651587821451763e-19 1.483735857876125227e-19
5.239322726998203507e+03 1.590734515623169514e-19 1.510207453905682597e-19
5.244328654931258825e+03 -4.123839725628105464e-20 1.535177407524350076e-19
5.249334582864314143e+03 1.224213188744601814e-19 1.566017503080028407e-19
5.254340510797370371e+03 2.105062655735347274e-19 1.573875545761234454e-19
5.259346438730425689e+03 8.811845347009546483e-20 1.538621093611579224e-19
5.264352366663481916e+03 2.962512187670217012e-19 1.490852046507235957e-19
5.269358294596537235e+03 1.426797907131231249e-19 1.466872624025728132e-19
5.274364222529593462e+03 1.281763328097710204e-19 1.452695699430135646e-19
5.279370150462648780e+03 1.572132763630670809e-19 1.439327586329855332e-19
5.284376078395704099e+03 2.264815905272103065e-19 1.408541275655649966e-19
5.289382006328760326e+03 2.229319914007235315e-19 1.392874714478991490e-19
5.294387934261815644e+03 7.054445278688921028e-20 1.350582745764936921e-19
5.299393862194871872e+03 2.843333508865379800e-19 1.316759153931519024e-19
5.304399790127927190e+03 2.989280577637357259e-19 1.283475577775279918e-19
5.309405718060982508e+03 2.900763412821932293e-20 1.253151670198439300e-19
5.314411645994038736e+03 3.747644022783831062e-19 1.225306219461151162e-19
5.319417573927094054e+03 2.169741156023815498e-19 1.220046106357703342e-19
5.324423501860150282e+03 2.535998731049116628e-19 1.225918354578191279e-19
5.329429429793205600e+03 4.591317891809258403e-19 1.228876635330190577e-19
5.334435357726260918e+03 2.878701098549034197e-19 1.246386679252745494e-19
5.339441285659317145e+03 2.077191348443504321e-19 1.277482240781007499e-19
5.344447213592372464e+03 1.704274793218404810e-19 1.300315230013266171e-19
5.349453141525428691e+03 1.375530117767059832e-19 1.331111697386778812e-19
5.354459069458484009e+03 1.503588146055427638e-19 1.352491632737233050e-19
5.359464997391540237e+03 1.534871701936832799e-19 1.366030237365597633e-19
5.364470925324595555e+03 1.178816404846513673e-19 1.369395572561642172e-19
5.369476853257650873e+03 -1.114100120476913557e-19 1.377166513250948844e-19
5.374482781190707101e+03 8.737221075410670457e-20 1.388771650127205429e-19
5.379488709123762419e+03 2.576729286485712425e-19 1.362471863599504619e-19
5.384494637056818647e+03 1.185447501043496755e-19 1.322438530148774399e-19
5.389500564989873965e+03 3.014693178458218879e-20 1.262194375622168987e-19
5.394506492922930192e+03 -1.996518639132165817e-19 1.210710748090526875e-19
5.399512420855985511e+03 1.880070915390316389e-19 1.177767077958425278e-19
5.404518348789040829e+03 5.286583112116155665e-20 1.150887511203720656e-19
5.409524276722097056e+03 9.925296778497579127e-20 1.134559777991907206e-19
5.414530204655152374e+03 3.555459523217411761e-20 1.130399277972769076e-19
5.419536132588208602e+03 1.746071946749032301e-19 1.134006318776856246e-19
5.424542060521263920e+03 1.922774203206178130e-19 1.149894807495367349e-19
5.429547988454320148e+03 1.719539368435463275e-19 1.158403761676424773e-19
5.434553916387375466e+03 -4.943949635892885521e-20 1.168200520445169881e-19
5.439559844320430784e+03 1.797574892564793968e-19 1.178628783955653506e-19
5.444565772253487012e+03 1.112293399837639302e-19 1.186488540084715558e-19
5.449571700186542330e+03 1.878197499662803724e-19 1.194044145236340405e-19
5.454577628119598558e+03 2.646345371066337128e-19 1.201116934572664167e-19
5.459583556052653876e+03 1.905176444674032590e-20 1.199290214730316987e-19
5.464589483985709194e+03 1.598025685842747988e-19 1.193722374627043241e-19
5.469595411918765421e+03 1.258690521370693513e-19 1.192741564081869201e-19
5.474601339851820740e+03 1.005328016534778356e-20 1.186670983166385018e-19
5.479607267784876967e+03 -7.758144235492925685e-20 1.179449531730397704e-19
5.484613195717932285e+03 4.895661491171555401e-20 1.170620207003326392e-19
5.489619123650987603e+03 2.819192955590569051e-19 1.164563835824028127e-19
5.494625051584043831e+03 2.385904712835125564e-19 1.167007830753994126e-19
5.499630979517099149e+03 3.084639784327622013e-19 1.168103958764574306e-19
5.504636907450155377e+03 2.397002011308700336e-20 1.170918569245139912e-19
5.509642835383210695e+03 2.481850767469107915e-19 1.155454066238584512e-19
5.514648763316266923e+03 2.806357626705006551e-19 1.132343313038189931e-19
5.519654691249322241e+03 1.487964737506083642e-19 1.109236306081211791e-19
5.524660619182377559e+03 1.195022509590414475e-19 1.095270705501267868e-19
5.529666547115433787e+03 -2.767248694384898638e-20 1.081296488797471003e-19
5.534672475048489105e+03 -4.361631221200882413e-21 1.085095674172033897e-19
5.539678402981545332e+03 -1.273538784524143154e-19 1.099337614023514316e-19
5.544684330914600650e+03 1.034276482792433973e-19 1.109451304073600512e-19
5.549690258847656878e+03 3.101913031923197814e-19 1.105640436021276780e-19
5.554696186780712196e+03 2.437980466299145042e-19 1.116300481020901244e-19
5.559702114713767514e+03 3.905641958157136491e-19 1.125892950346990271e-19
5.564708042646823742e+03 1.347626339797128073e-19 1.176136221757186577e-19
5.569713970579879060e+03 9.698903832753014228e-20 1.839653476046337217e-19
5.574719898512935288e+03 1.333069831131618086e-19 2.518573015309704595e-19
5.579725826445990606e+03 1.329178643671836316e-19 2.408701485758064470e-19
5.584731754379046833e+03 1.013204572267021241e-19 1.518368495762432980e-19
5.589737682312102152e+03 1.054064592647852057e-19 1.121897641148934554e-19
5.594743610245157470e+03 8.665651428676502292e-20 1.098483750171601425e-19
5.599749538178213697e+03 6.849761613435360564e-20 1.084628340849525547e-19
5.604755466111269016e+03 3.479095390411632675e-19 1.075157603797762002e-19
5.609761394044325243e+03 2.783625161110550539e-19 1.054879999631213864e-19
5.614767321977380561e+03 1.370498145018521200e-19 1.038228619203986805e-19
5.619773249910436789e+03 5.848613065378687251e-20 1.042693484931736585e-19
5.624779177843492107e+03 -6.430451258609556999e-20 1.048519182673248114e-19
5.629785105776547425e+03 -8.660467122541357767e-20 1.054360279835624528e-19
5.634791033709603653e+03 -8.512928823678452124e-20 1.036551116426853901e-19
5.639796961642658971e+03 1.358787981559016371e-19 1.027011636556208060e-19
5.644802889575714289e+03 -6.314676505015066117e-20 1.002917585378782327e-19
5.649808817508770517e+03 1.399375694520433844e-19 9.686895454918315348e-20
5.654814745441825835e+03 1.683906481047780847e-19 9.535175512826625194e-20
5.659820673374882062e+03 -7.198447314422977709e-20 9.517901582937696080e-20
5.664826601307937381e+03 -8.369944793416488250e-20 9.489669951347201521e-20
5.669832529240993608e+03 -2.355846617000123501e-19 9.500138013518513412e-20
5.674838457174048926e+03 1.403346899170750872e-19 9.540607813601624219e-20
5.679844385107104245e+03 -7.099448801242173618e-21 9.609582526090801859e-20
5.684850313040160472e+03 1.269519682459698007e-20 9.696260698274581758e-20
5.689856240973215790e+03 -3.447216181030364397e-21 9.698816808555241374e-20
5.694862168906272018e+03 -1.336929499091273966e-19 9.681104334711216145e-20
5.699868096839327336e+03 1.177809957446262444e-19 9.712698532304133087e-20
5.704874024772383564e+03 1.222214999102738975e-19 9.657004574817317946e-20
5.709879952705438882e+03 2.483047076566811412e-19 9.586678025140813747e-20
5.714885880638494200e+03 1.050300992343537032e-19 9.550944390425010983e-20
5.719891808571550428e+03 1.634656338521018866e-19 9.523921649702725321e-20
5.724897736504605746e+03 1.355184366635764243e-19 9.535217836865040875e-20
5.729903664437661973e+03 1.984738906557136519e-19 9.530971289240722131e-20
5.734909592370717291e+03 3.847165939283582053e-19 9.550119162812719936e-20
5.739915520303773519e+03 8.116382830470056633e-20 9.584991050696721733e-20
5.744921448236828837e+03 1.063353771814055079e-19 9.613616397520531527e-20
5.749927376169884155e+03 1.018544556542302233e-19 9.686226609019418212e-20
5.754933304102940383e+03 1.405705466031849402e-19 9.776293086088643490e-20
5.759939232035995701e+03 1.937973085554545580e-19 9.830737953040765545e-20
5.764945159969051929e+03 -1.839497025143559354e-20 9.764399229432606146e-20
5.769951087902107247e+03 1.231726654008574322e-19 9.484251225514601858e-20
5.774957015835163475e+03 1.348973203730828916e-19 9.233709484227516033e-20
5.779962943768218793e+03 2.386719855383630933e-19 9.001066720799744108e-20
5.784968871701274111e+03 -1.919725984398868009e-20 8.766041668850512249e-20
5.789974799634330338e+03 1.394647522370533147e-19 8.647037961876514533e-20
5.794980727567385657e+03 1.635190208780627051e-19 8.509616121556505762e-20
5.799986655500441884e+03 2.588949771965468414e-19 8.444754750374116484e-20
5.804992583433497202e+03 1.146652687199001722e-19 8.353487981785027849e-20
5.809998511366552520e+03 1.840113656299952231e-19 8.263874608756533184e-20
5.815004439299608748e+03 1.069159501240063046e-19 8.243269734937220263e-20
5.820010367232664066e+03 -1.937848105482074099e-20 8.166897208528682507e-20
5.825016295165720294e+03 1.109668183950965424e-19 8.229272256251396198e-20
5.830022223098775612e+03 5.284627920799859818e-20 8.276353118799460635e-20
5.835028151031830930e+03 6.828239139387660817e-20 8.339370339237879692e-20
5.840034078964887158e+03 1.125565613109993221e-19 8.391818421388233039e-20
5.845040006897942476e+03 1.406520407840177852e-19 8.406475554220688756e-20
5.850045934830998704e+03 4.026670003289477874e-19 8.544093115618653288e-20
5.855051862764054022e+03 2.204189529791616653e-19 8.598677825136794602e-20
5.860057790697110249e+03 1.754964935494802850e-19 9.026786943580374145e-20
5.865063718630165567e+03 1.816212596009027259e-19 9.345857601817524181e-20
5.870069646563220886e+03 3.454606642623834726e-19 9.490704857183836180e-20
5.875075574496277113e+03 7.874239336994497590e-20 9.347690844106117011e-20
5.880081502429332431e+03 3.629439589380330540e-20 9.875190001932203527e-20
5.885087430362388659e+03 1.069192997726025417e-19 1.171978826542728192e-19
5.890093358295443977e+03 2.894825036118013419e-19 1.254185165116141867e-19
5.895099286228500205e+03 1.452713086218610645e-19 1.138013693955251573e-19
5.900105214161555523e+03 3.515017037508971314e-20 9.976952629920850499e-20
5.905111142094610841e+03 7.373542779493063290e-20 9.290194296998378095e-20
5.910117070027667069e+03 1.410960457821348745e-19 9.448107905291886165e-20
5.915122997960722387e+03 1.134891135636579076e-19 9.428282816689152235e-20
5.920128925893778614e+03 2.918157436791224901e-20 9.330421785325024726e-20
5.925134853826833933e+03 1.031573360012899168e-19 9.242245466434604571e-20
5.930140781759890160e+03 3.286536601124114103e-19 9.195519572943763893e-20
5.935146709692945478e+03 2.580045304262747527e-19 8.939197192046791215e-20
5.940152637626000796e+03 6.385344661418347664e-22 8.543640846710274626e-20
5.945158565559057024e+03 1.405231911692018891e-19 8.474180833804939049e-20
5.950164493492112342e+03 3.418274289487177173e-19 8.503708447511506001e-20
5.955170421425167660e+03 3.243583141104850735e-19 8.299400768754704870e-20
5.960176349358223888e+03 1.237951471082101186e-19 8.030188587296052485e-20
5.965182277291280116e+03 2.757546693802896793e-20 7.953015615835775567e-20
5.970188205224335434e+03 1.505013989834358665e-19 8.044656976222667841e-20
5.975194133157390752e+03 9.698431748402653059e-21 8.025195503836718896e-20
5.980200061090446980e+03 5.441104206559554851e-20 7.907394232217474139e-20
5.985205989023502298e+03 2.659532285094123206e-19 7.713949429720351511e-20
5.990211916956557616e+03 -6.245994207957902063e-20 7.715794336498712814e-20
5.995217844889613843e+03 2.671890100475691418e-20 7.825425473372461835e-20
6.000223772822669162e+03 -9.710364265627328257e-20 7.906778603233675627e-20
6.005229700755725389e+03 -3.683404348405961959e-20 7.983708057402945701e-20
6.010235628688780707e+03 2.918543724136958991e-20 7.985557902874902998e-20
6.015241556621836935e+03 4.738550530889063071e-20 8.055725738160616607e-20
6.020247484554892253e+03 -1.345176490520628751e-19 8.067986331554634362e-20
6.025253412487947571e+03 1.727843889236135976e-19 7.982932516489664781e-20
6.030259340421003799e+03 -2.412133138822029408e-20 7.868476647995192265e-20
6.035265268354059117e+03 9.393580123944034340e-20 7.735102639513607265e-20
6.040271196287115345e+03 -5.064821902259901843e-20 7.564366156877043005e-20
6.045277124220170663e+03 1.230818999347793356e-19 7.434003883957164739e-20
6.050283052153226890e+03 -3.826254290387415045e-20 7.347864136631509937e-20
6.055288980086282209e+03 2.489977021647066523e-19 7.230464373745520568e-20
6.060294908019337527e+03 1.196405131683833172e-19 7.098175189554703913e-20
6.065300835952393754e+03 1.765045076633019983e-19 7.041130472318679181e-20
6.070306763885449072e+03 1.282225964457448135e-19 6.916528320927509758e-20
6.075312691818505300e+03 3.123730404272437268e-20 6.798177105264983592e-20
6.080318619751560618e+03 2.472419623911097202e-20 6.690812162712765112e-20
6.085324547684616846e+03 6.465209704696946803e-20 6.636678671090217572e-20
6.090330475617672164e+03 -4.057093862622797551e-20 6.669893254410710266e-20
6.095336403550727482e+03 4.769554905726699691e-20 6.650393095739833329e-20
6.100342331483783710e+03 -2.207416305450651003e-21 6.650734287978425771e-20
6.105348259416839028e+03 9.754266606638894716e-20 6.674706504580879609e-20
6.110354187349894346e+03 1.756664039506547191e-20 6.683192390286356112e-20
6.115360115282950574e+03 1.279325919670634065e-19 6.755199492332696991e-20
6.120366043216006801e+03 1.410771006286921187e-20 6.824639109251534863e-20
6.125371971149062119e+03 -5.190035749319944288e-20 6.917512612855889293e-20
6.130377899082117438e+03 2.946771043916475318e-20 7.098334690641348725e-20
6.135383827015173665e+03 -6.194394774982752013e-20 7.322655952798744290e-20
6.140389754948228983e+03 1.617201258871923851e-19 7.566997658058996439e-20
6.145395682881284301e+03 2.906473873959913613e-19 7.604462503060496161e-20
6.150401610814340529e+03 4.027254467543666596e-19 7.451006676254308796e-20
6.155407538747396757e+03 2.375078535409203173e-19 7.257743920696087352e-20
6.160413466680452075e+03 1.423546817166920463e-19 7.140658246488093263e-20
6.165419394613507393e+03 1.307106573699705642e-19 7.046996751031017214e-20
6.170425322546563621e+03 1.716671461550830098e-19 7.089038488846231354e-20
6.175431250479618939e+03 3.124707874345126647e-19 6.921688166876167162e-20
6.180437178412674257e+03 6.761693377718972538e-20 6.733214895213378013e-20
6.185443106345730484e+03 1.619248241486596942e-19 6.577764266347824866e-20
6.190449034278785803e+03 1.010989162322451025e-19 6.516903701305951236e-20
6.195454962211842030e+03 1.081827782562239913e-19 6.483728170033269608e-20
6.200460890144897348e+03 2.030128740321415009e-19 6.422182854931033813e-20
6.205466818077953576e+03 2.311098018173750367e-19 6.339653921133615764e-20
6.210472746011008894e+03 8.502934358641728017e-20 6.272727733960950495e-20
6.215478673944064212e+03 1.174337066837342525e-19 6.312744839948145670e-20
6.220484601877120440e+03 2.598574450884574325e-19 6.282841973327883158e-20
6.225490529810175758e+03 1.822699315096998311e-19 6.330176985019132106e-20
6.230496457743231986e+03 1.914363884895213421e-19 6.755785269427277830e-20
6.235502385676287304e+03 2.218937077195100354e-20 7.123971292122995239e-20
6.240508313609343531e+03 2.443625267919346146e-19 6.931486320335753058e-20
6.245514241542398850e+03 1.505472770874709696e-19 6.530096611781430557e-20
6.250520169475454168e+03 2.851958529205482903e-21 6.730675357828507724e-20
6.255526097408510395e+03 2.819801610405571151e-19 7.272663974730137555e-20
6.260532025341565713e+03 5.154668278527401801e-20 7.522122072209946637e-20
6.265537953274621032e+03 2.970404425811764834e-19 7.262868208938319464e-20
6.270543881207677259e+03 4.013221536044060820e-19 7.241407241856790199e-20
6.275549809140733487e+03 2.375034430412196199e-19 7.082993777210640945e-20
6.280555737073788805e+03 3.315630824956039432e-19 7.215549035704450861e-20
6.285561665006844123e+03 3.205889595372844950e-19 7.248862305522069384e-20
6.290567592939900351e+03 1.001621972243821464e-19 7.655867582478174343e-20
6.295573520872955669e+03 2.145756150415047449e-20 1.028701997553790216e-19
6.300579448806010987e+03 2.765356165320397523e-19 1.082908561798385326e-19
6.305585376739067215e+03 4.387376256718630197e-19 9.374206771731740655e-20
6.310591304672123442e+03 1.353915702967522042e-19 6.657391130357350042e-20
6.315597232605178760e+03 2.226636689181801049e-19 6.212750325939993804e-20
6.320603160538234079e+03 1.542798682959331461e-19 6.324976623705262732e-20
6.325609088471290306e+03 2.243859502202719482e-19 6.529199914370229127e-20
6.330615016404345624e+03 1.273467242255838877e-19 6.412970985301877637e-20
6.335620944337400942e+03 1.406743338700561888e-19 6.105580349958502544e-20
6.340626872270457170e+03 2.260174021037460872e-19 6.001698021972289230e-20
6.345632800203512488e+03 3.300305826821074116e-19 6.092503032138769289e-20
6.350638728136568716e+03 1.786977383898685136e-19 6.334610947093735352e-20
6.355644656069624034e+03 1.957558805340667642e-19 6.789658693405820662e-20
6.360650584002680262e+03 2.951423194318610516e-19 7.902743277349053548e-20
6.365656511935735580e+03 3.468476376222120899e-20 7.769843779460095322e-20
6.370662439868790898e+03 1.805698712027983626e-19 6.824373712820761912e-20
6.375668367801847126e+03 2.617387706484150572e-19 6.356557104183973670e-20
6.380674295734902444e+03 2.029482541102150214e-19 6.616354014675460332e-20
6.385680223667958671e+03 1.765916855604679609e-19 6.723056428316560618e-20
6.390686151601013989e+03 2.630389445937740825e-19 6.692284759131166709e-20
6.395692079534070217e+03 1.828017661863848964e-19 6.675517510485592463e-20
6.400698007467125535e+03 3.515962800560943188e-19 6.719480199093127687e-20
6.405703935400180853e+03 3.035973423105028201e-19 6.632458940733557527e-20
6.410709863333237081e+03 3.796339013024752890e-19 6.547111949811489118e-20
6.415715791266292399e+03 3.469806669117608939e-19 6.530420531952187531e-20
6.420721719199348627e+03 1.762691945776720774e-19 6.374745733642523296e-20
6.425727647132403945e+03 1.393687174607204458e-19 6.226935784323908152e-20
6.430733575065460172e+03 2.802063480530445055e-19 6.113168930493264154e-20
6.435739502998515491e+03 2.864054611822288256e-19 6.020242762904972293e-20
6.440745430931570809e+03 3.884776685156177678e-19 5.986191546020832669e-20
6.445751358864627036e+03 3.269578742998268004e-19 5.982112969596277407e-20
6.450757286797682355e+03 2.017702719261200866e-19 5.996552566927950917e-20
6.455763214730737673e+03 2.094384391440268911e-19 6.082002852868534282e-20
6.460769142663793900e+03 1.912502921271110680e-19 6.411731983075123387e-20
6.465775070596850128e+03 2.355457408929989149e-19 6.638507399174204550e-20
6.470780998529905446e+03 3.202630785782246500e-19 6.468517784371894241e-20
6.475786926462960764e+03 1.792414325522524332e-19 6.181365424744347310e-20
6.480792854396016992e+03 2.169403678196137043e-19 6.002930994164587527e-20
6.485798782329072310e+03 2.746064573908449053e-19 5.963671032267105348e-20
6.490804710262127628e+03 2.967975518874126590e-19 6.333043449701103288e-20
6.495810638195183856e+03 2.676353297908305441e-19 6.967795042955553063e-20
6.500816566128239174e+03 3.489328265498413715e-19 7.159316002092484992e-20
6.505822494061295401e+03 2.660794161432988558e-19 6.703501904475369217e-20
6.510828421994350720e+03 2.371579034579037355e-19 6.490361938253267600e-20
6.515834349927406947e+03 2.819394413430200387e-19 6.600975890886646310e-20
6.520840277860462265e+03 2.683262346002980048e-19 6.815341194416595264e-20
6.525846205793517584e+03 1.167976883720434074e-19 7.190765859464278390e-20
6.530852133726573811e+03 3.281619326447265762e-19 7.302147830818626914e-20
6.535858061659629129e+03 1.259725467681060603e-19 7.107381941055395165e-20
6.540863989592685357e+03 1.739367644109790877e-19 6.631625998483748374e-20
6.545869917525740675e+03 1.162424267198216045e-19 6.808850186157089336e-20
6.550875845458796903e+03 1.299377449335403213e-19 6.785587917361841854e-20
6.555881773391852221e+03 3.135305359557226431e-19 6.585413078390202837e-20
6.560887701324907539e+03 2.989775123152737247e-19 6.123074922780188738e-20
6.565893629257963767e+03 6.421078886522771183e-20 6.031985362517223649e-20
6.570899557191019085e+03 2.441726235709505411e-19 6.105642119514245550e-20
6.575905485124075312e+03 6.250078963266869966e-20 6.024269872663333241e-20
6.580911413057130630e+03 -1.203008792960879449e-20 5.735788333622737981e-20
6.585917340990186858e+03 9.428341943377644219e-20 5.393179264921770768e-20
6.590923268923242176e+03 2.227782835949210512e-19 5.405316260665930880e-20
6.595929196856297494e+03 2.032458652541332356e-19 5.496351245070786118e-20
6.600935124789353722e+03 4.261385415384654870e-19 5.552793499936614443e-20
6.605941052722409040e+03 3.175649407021943902e-19 5.440946525321352345e-20
6.610946980655464358e+03 2.576276109436321034e-19 5.252855270804851894e-20
6.615952908588520586e+03 3.468745933318574394e-19 5.240806141656937396e-20
6.620958836521576814e+03 2.069295103857599980e-19 5.279084002748849697e-20
6.625964764454632132e+03 2.766522557784013608e-19 5.380334840179472584e-20
6.630970692387687450e+03 3.141964576488506994e-19 5.522735914929466798e-20
6.635976620320743677e+03 2.487159570714338931e-19 5.507907318596797474e-20
6.640982548253798996e+03 3.097033540083135862e-19 5.481647831989744699e-20
6.645988476186854314e+03 2.057334381805697064e-19 5.528725370415243248e-20
6.650994404119910541e+03 1.087984638974746291e-19 5.654067872107404705e-20
6.656000332052965859e+03 9.496225111913470779e-20 5.736520154031453931e-20
6.661006259986022087e+03 3.758356971411747401e-19 5.698094863214530248e-20
6.666012187919077405e+03 2.459170042853432017e-19 5.611718170872288718e-20
6.671018115852133633e+03 2.074646566587019031e-19 5.500310507989274614e-20
6.676024043785188951e+03 3.152787752570086586e-19 5.379328918842402312e-20
6.681029971718244269e+03 2.792837627177380519e-19 5.329046435909873584e-20
6.686035899651300497e+03 2.302814218715745727e-19 5.291475980902223257e-20
6.691041827584355815e+03 2.879384911980140080e-19 5.252777939030573622e-20
6.696047755517412043e+03 2.477082415125964642e-19 5.238567631050804279e-20
6.701053683450467361e+03 2.626292592935878737e-19 5.241115758826755262e-20
6.706059611383523588e+03 2.784082580033832730e-19 5.212181684728051084e-20
6.711065539316578906e+03 2.245763523154497212e-19 5.215504593267398088e-20
6.716071467249634225e+03 2.203398781465341047e-19 5.187269400444034065e-20
6.721077395182690452e+03 2.393133153328688448e-19 5.185455419041075593e-20
6.726083323115745770e+03 1.693118987203459398e-19 5.175566723462928816e-20
6.731089251048801998e+03 1.025764642641855832e-19 5.213692169426826328e-20
6.736095178981857316e+03 9.703882523305915009e-20 5.268765784424361078e-20
6.741101106914913544e+03 -1.166987910871658301e-20 5.335244633190511310e-20
6.746107034847968862e+03 2.500649500522171619e-19 5.354036451910468681e-20
6.751112962781024180e+03 3.739956820980128610e-19 5.372460580348163382e-20
6.756118890714080408e+03 3.497457502747145625e-19 5.434133008415190613e-20
6.761124818647135726e+03 3.123573424990282813e-19 5.486513663311770031e-20
6.766130746580191044e+03 2.509372779670867791e-19 5.511682183970616995e-20
6.771136674513247272e+03 2.742859895685929644e-19 5.559931708553114358e-20
6.776142602446303499e+03 3.555365251338833877e-19 5.647676919529344656e-20
6.781148530379358817e+03 2.141038585131102381e-19 5.711469389566494210e-20
6.786154458312414135e+03 1.312796697418534098e-19 5.656501040718515523e-20
6.791160386245470363e+03 2.513441669169517648e-19 5.467346044125074952e-20
6.796166314178525681e+03 1.750431898427550511e-19 5.322137603736121821e-20
6.801172242111580999e+03 2.537335893872778674e-19 5.166490461183267833e-20
6.806178170044637227e+03 2.994829667465959214e-19 5.066710738826532703e-20
6.811184097977693455e+03 3.022339072040265183e-19 4.984379044711474175e-20
6.816190025910748773e+03 2.456570013078811813e-19 4.893955129456632410e-20
6.821195953843804091e+03 3.163233394494694237e-19 5.391428107260138845e-20
6.826201881776860318e+03 2.583687931669066428e-19 6.145773925742556524e-20
6.831207809709915637e+03 1.278204407876664102e-19 6.367233355222448105e-20
6.836213737642970955e+03 3.310492775603604462e-19 5.754571423665014178e-20
6.841219665576027182e+03 2.084515156526790971e-19 4.994236978565981619e-20
6.846225593509082501e+03 1.152508507078271113e-19 4.756578494221171470e-20
6.851231521442138728e+03 9.937338373180630292e-20 4.682300644623383141e-20
6.856237449375194046e+03 1.215804371037428602e-19 5.359817114789872050e-20
6.861243377308250274e+03 2.628046539547710140e-19 1.852199216389374041e-19
6.866249305241305592e+03 1.751792152443272949e-19 3.817716244305116611e-19
6.871255233174360910e+03 2.876551243548755494e-19 3.487749893056607665e-19
6.876261161107417138e+03 4.119327002042467553e-20 2.259282532830618211e-19
6.881267089040473365e+03 1.138406454390301209e-19 1.268178462896576621e-19
6.886273016973527774e+03 2.675244611715633781e-19 1.329840505833653946e-19
6.891278944906584002e+03 2.491762407103560029e-19 1.461915430286763659e-19
6.896284872839640229e+03 2.123547621839642525e-19 1.156075724143893895e-19
6.901290800772695547e+03 3.347771779825557339e-19 1.102340955676384567e-19
6.906296728705750866e+03 1.970662690564300050e-19 1.049906919078497947e-19
6.911302656638807093e+03 2.575912181033520079e-19 1.354798289538381772e-19
6.916308584571862411e+03 2.166752549738329286e-19 8.811555184376947817e-20
6.921314512504917730e+03 2.523672617014282268e-19 7.942342151569773985e-20
6.926320440437973957e+03 3.625759793221481577e-19 8.256987145668618067e-20
6.931326368371030185e+03 2.820439289743795046e-19 5.995313111772862093e-20
6.936332296304085503e+03 1.859165301773880352e-19 9.231603369826049430e-20
6.941338224237140821e+03 1.825682883322040811e-19 6.698456860751511697e-20
6.946344152170197049e+03 2.071009616337585968e-19 6.426679665288549630e-20
6.951350080103252367e+03 2.530043233754989299e-19 5.782816345343549028e-20
6.956356008036307685e+03 2.816627880571436617e-19 4.910585089007618605e-20
6.961361935969363913e+03 2.526996869180317532e-19 4.782660071983296285e-20
6.966367863902420140e+03 2.905173139900212084e-19 4.892626747249484770e-20
6.971373791835475458e+03 2.444848066316484905e-19 5.156968248795396884e-20
6.976379719768530776e+03 3.672672889521470629e-19 5.188299271085932213e-20
6.981385647701587004e+03 3.362391111633151607e-19 4.975779383069529605e-20
6.986391575634642322e+03 2.593271746204508252e-19 4.522876332045646523e-20
6.991397503567697640e+03 2.082174746929472059e-19 4.480700335595818974e-20
6.996403431500753868e+03 2.273740162043449932e-19 4.626118609359199716e-20
7.001409359433810096e+03 2.405006374471904018e-19 4.801176864127460745e-20
7.006415287366865414e+03 2.733308712224590700e-19 5.034796365842699556e-20
7.011421215299920732e+03 1.590155760083901922e-19 5.025517179967388060e-20
7.016427143232976960e+03 1.924893879303744698e-19 4.987320621313851941e-20
7.021433071166032278e+03 2.528098316636782167e-19 4.919699170534549892e-20
7.026438999099087596e+03 1.510953095741275515e-19 5.056192801606843387e-20
7.031444927032143823e+03 5.136391632741749378e-20 5.200014185437995930e-20
7.036450854965200051e+03 8.543402751637734783e-20 5.420751437045518255e-20
7.041456782898254460e+03 1.521442474953621581e-19 5.668586900059587870e-20
7.046462710831310687e+03 2.446740454315562095e-19 5.729801862614807454e-20
7.051468638764366915e+03 2.118648474801754971e-19 5.581013261430582271e-20
7.056474566697422233e+03 1.607352063614253334e-19 5.271215964950714508e-20
7.061480494630477551e+03 1.873619993216178755e-19 5.167701718179690983e-20
7.066486422563533779e+03 2.084573007408407072e-19 5.127264217486621421e-20
7.071492350496589097e+03 1.366116424154756637e-19 5.024719398189470413e-20
7.076498278429644415e+03 1.222787011808670450e-19 4.925297094947684525e-20
7.081504206362700643e+03 8.341730650937496095e-20 4.854190411461248298e-20
7.086510134295756870e+03 1.460120667971997168e-19 4.768682653379510031e-20
7.091516062228812189e+03 1.963160533944886690e-19 4.632396060974227376e-20
7.096521990161867507e+03 2.605877832034345625e-19 4.475695208247185156e-20
7.101527918094923734e+03 2.794687117175324766e-19 4.378134324287987085e-20
7.106533846027979052e+03 1.860500097311576546e-19 4.358363768350384690e-20
7.111539773961034371e+03 2.711006654526673586e-19 4.350081225484101693e-20
7.116545701894090598e+03 2.615066386191224632e-19 4.336265001233564879e-20
7.121551629827146826e+03 2.395506467907411768e-19 4.379533560418091098e-20
7.126557557760202144e+03 2.623486813551093436e-19 4.477526739140125762e-20
7.131563485693257462e+03 1.984827084460112621e-19 4.569693394722053774e-20
7.136569413626313690e+03 2.429311742553839255e-19 4.714162857288536378e-20
7.141575341559369008e+03 2.402660631581758111e-19 4.862924410005445185e-20
7.146581269492424326e+03 1.240432692081011949e-19 5.013938570432874482e-20
7.151587197425480554e+03 2.441839837986985545e-19 5.044516202987854135e-20
7.156593125358536781e+03 2.269449769391259844e-19 5.163224040944905539e-20
7.161599053291592099e+03 2.077957861092548876e-19 5.365106945803100392e-20
7.166604981224647418e+03 1.938451658449882200e-19 5.438594038358592660e-20
7.171610909157703645e+03 2.469532079136854316e-19 5.378708942468453183e-20
7.176616837090758963e+03 1.577237394688793786e-19 5.310936522780561527e-20
7.181622765023814281e+03 2.160005588109320229e-19 5.115441661972801169e-20
7.186628692956870509e+03 1.260599566014943607e-19 4.925744314684259040e-20
7.191634620889926737e+03 2.554860660624767562e-19 4.838250863237828286e-20
7.196640548822981145e+03 3.347918944540025460e-19 4.728093681846768071e-20
7.201646476756037373e+03 8.665645221251586954e-20 4.622586947866913479e-20
7.206652404689093601e+03 2.494965336946276658e-19 4.527801586407468845e-20
7.211658332622148919e+03 1.964813692256904825e-19 4.445251868379910889e-20
7.216664260555204237e+03 2.113030510674296543e-19 4.417146056151962965e-20
7.221670188488260465e+03 2.799947927748819786e-19 4.388042346357034642e-20
7.226676116421315783e+03 2.403771079172592122e-19 4.405565833389208936e-20
7.231682044354371101e+03 1.931186277088430625e-19 5.198918000082232349e-20
7.236687972287427328e+03 1.515944549313914097e-19 6.897088825527018113e-20
7.241693900220483556e+03 2.849762020581631879e-19 7.767019789014755804e-20
7.246699828153538874e+03 6.244902119851668939e-20 6.933482599777527145e-20
7.251705756086594192e+03 9.325208589477243263e-20 5.619407529824864570e-20
7.256711684019650420e+03 1.711379653767071484e-19 5.073440818207560375e-20
7.261717611952705738e+03 1.286399964860858358e-19 4.833996258949632796e-20
7.266723539885761056e+03 2.291548158701161599e-19 5.329940707892930691e-20
7.271729467818817284e+03 2.704407843443643389e-19 7.782824414452701006e-20
7.276735395751873511e+03 2.048009714050464268e-19 8.597777842789980435e-20
7.281741323684928830e+03 2.514152732518204789e-19 7.875820297687577093e-20
7.286747251617984148e+03 2.925242724274776408e-19 6.718214818655099535e-20
7.291753179551040375e+03 2.459078664734196577e-19 6.067052397699782626e-20
7.296759107484095694e+03 1.824863928454524114e-19 6.265070909304472780e-20
7.301765035417151012e+03 2.212458158743523780e-19 6.235592406250847089e-20
7.306770963350207239e+03 1.540752513900603377e-19 6.322667356487010216e-20
7.311776891283263467e+03 6.127999117539655658e-20 7.380288918107744550e-20
7.316782819216318785e+03 1.544030755932341608e-19 7.178638523273974137e-20
7.321788747149374103e+03 3.503476072044923746e-19 6.130376513989398912e-20
7.326794675082430331e+03 3.028528101343123744e-19 5.645050215246178954e-20
7.331800603015485649e+03 2.818992885847063835e-19 6.037453731129496061e-20
7.336806530948540967e+03 2.501637453669687249e-19 6.883353138045889308e-20
7.341812458881597195e+03 -7.321975376961597401e-21 6.867749116368352976e-20
7.346818386814653422e+03 8.055747311371723003e-20 5.502751731461170453e-20
7.351824314747707831e+03 2.171687395240391527e-19 4.964268990208299120e-20
7.356830242680764059e+03 2.840133234341958396e-19 5.328745731192057607e-20
7.361836170613820286e+03 3.077749613958278899e-19 5.999992078310414896e-20
7.366842098546875604e+03 1.798681970625499902e-19 6.628258945759469611e-20
7.371848026479930923e+03 3.578192924934176320e-19 6.494247632384004033e-20
7.376853954412987150e+03 3.073895275830402238e-19 5.062628038333321210e-20
7.381859882346043378e+03 2.302086747325051615e-19 4.747534319184872837e-20
7.386865810279097786e+03 2.182080839030111244e-19 5.389230929601056966e-20
7.391871738212154014e+03 2.847792833315837199e-19 5.747646325597910362e-20
7.396877666145210242e+03 1.827084923563249059e-19 6.589691288520001650e-20
7.401883594078265560e+03 1.701493176301238012e-19 6.552860993407193619e-20
7.406889522011320878e+03 2.920096620301653918e-19 5.865532248397788699e-20
7.411895449944377106e+03 1.353912898950612152e-19 5.151056717104505627e-20
7.416901377877432424e+03 1.538439979663756119e-19 5.190991912029346066e-20
7.421907305810487742e+03 1.872234068016817056e-19 5.310276983513640868e-20
7.426913233743543969e+03 2.687998611821736498e-19 5.498188983826864551e-20
7.431919161676600197e+03 2.255136012500229134e-19 5.765815374420477499e-20
7.436925089609655515e+03 2.857879224815309035e-19 5.602679945065874106e-20
7.441931017542710833e+03 1.900051263654131934e-19 5.230194055253512523e-20
7.446936945475767061e+03 1.847957486494519066e-19 4.584160074350474987e-20
7.451942873408822379e+03 2.469396997064573607e-19 4.516141475738517282e-20
7.456948801341877697e+03 2.114754870738565429e-19 4.706243235718548181e-20
7.461954729274933925e+03 1.662129380136068972e-19 5.025618086984829561e-20
7.466960657207990153e+03 2.367120617721432578e-19 5.514434212716444222e-20
7.471966585141045471e+03 2.482451509041556777e-19 5.742715756630697241e-20
7.476972513074100789e+03 2.675674843815105432e-19 6.066368278136665070e-20
7.481978441007157016e+03 9.285619206713464754e-20 5.894951289769328070e-20
7.486984368940212335e+03 1.738426033777508735e-19 5.443517606584603890e-20
7.491990296873267653e+03 2.843796588284912641e-19 5.011374539390228069e-20
7.496996224806323880e+03 2.177085333294056935e-19 4.915705857952231021e-20
7.502002152739380108e+03 2.255069897064499430e-19 4.746792785504652418e-20
7.507008080672435426e+03 1.692413423653859833e-19 4.730395704526316214e-20
7.512014008605490744e+03 2.155688189563355836e-19 4.860396326889455992e-20
7.517019936538546972e+03 1.471125399193490747e-19 6.066265947802481822e-20
7.522025864471602290e+03 2.909383103746958189e-19 6.898925159958849750e-20
7.527031792404657608e+03 6.824649134751612094e-20 6.841927366109745687e-20
7.532037720337713836e+03 2.358634923775666830e-19 5.630478472144188082e-20
7.537043648270770063e+03 2.640771571488786284e-19 5.169385688272288247e-20
7.542049576203824472e+03 2.234704104308034347e-19 5.054012040308328992e-20
7.547055504136880700e+03 2.559387044319401296e-19 5.096708724183706064e-20
7.552061432069936927e+03 3.109191394464939420e-19 5.434355559611636424e-20
7.557067360002992245e+03 2.217043938585367502e-19 5.520357744206601353e-20
7.562073287936047564e+03 1.824442383202996424e-19 5.544746624379594084e-20
7.567079215869103791e+03 3.555352593669930188e-19 6.422316617365669722e-20
7.572085143802159109e+03 2.935301846156542881e-19 8.052781663245644666e-20
7.577091071735214427e+03 3.870536556313875123e-20 8.212458645449924980e-20
7.582096999668270655e+03 3.330876359380486773e-19 7.788959593878039246e-20
7.587102927601326883e+03 2.284914670083173239e-19 1.241047781523526020e-19
7.592108855534382201e+03 1.748024740178585447e-19 2.104997452139732263e-18
7.597114783467437519e+03 1.679932002530834920e-19 1.102920222644542508e-16
7.602120711400493747e+03 2.068077049877092227e-19 3.055531730294591090e-16
7.607126639333549065e+03 2.073999000534457555e-19 1.726910503703410417e-16
7.612132567266604383e+03 2.722153402655823511e-22 1.692576444974384967e-17
7.617138495199660611e+03 2.749966969970195064e-19 1.178652601957651595e-18
7.622144423132716838e+03 2.448996460623057857e-19 2.871877891360817174e-18
7.627150351065772156e+03 2.982380597723462821e-19 1.226623147365078187e-17
7.632156278998827474e+03 2.244582318694173718e-19 4.146781818528140579e-18
7.637162206931883702e+03 1.875485689093962901e-19 2.941128447587896610e-18
7.642168134864939020e+03 1.356672489699448309e-19 1.139385797026949763e-18
7.647174062797994338e+03 2.978712558122467856e-19 5.976888474930997466e-19
7.652179990731050566e+03 2.604116610552007173e-19 3.706934636137561039e-19
7.657185918664106794e+03 1.946600030231770749e-19 3.274023657464903982e-19
7.662191846597162112e+03 2.163854799795462103e-19 2.044107948101350322e-19
7.667197774530217430e+03 2.377738611453804072e-19 1.486938555303893013e-19
7.672203702463273657e+03 1.918804855434350803e-19 9.384411917910248744e-20
7.677209630396328976e+03 2.009939046848720079e-19 8.815463342997182432e-20
7.682215558329384294e+03 1.612996309826423114e-19 7.627122418478617244e-20
7.687221486262440521e+03 1.240701350908787184e-19 7.801154331647361172e-20
7.692227414195496749e+03 4.934423394526258043e-20 7.585866838353971253e-20
7.697233342128551158e+03 2.761746533449167950e-19 7.886462280914135106e-20
7.702239270061607385e+03 3.584700242206508057e-20 6.404783032859865199e-20
7.707245197994663613e+03 -1.088019936947928667e-19 7.848479896092083399e-20
7.712251125927718931e+03 -1.263919241514517098e-20 8.920374407187582997e-20
7.717257053860774249e+03 2.154570325842766223e-19 8.447546268926793440e-20
7.722262981793830477e+03 2.490833046406987362e-19 6.771851686203831813e-20
7.727268909726885795e+03 2.599814799399717260e-19 5.562453225863367534e-20
7.732274837659941113e+03 2.128802223275216096e-19 5.109628188575745224e-20
7.737280765592997341e+03 2.228448257434690149e-19 4.975248277735891543e-20
7.742286693526053568e+03 2.837715479301278783e-19 6.058026641030239459e-20
7.747292621459108886e+03 4.477443529198870103e-19 8.403369805162631151e-20
7.752298549392164205e+03 3.625629888245297716e-19 8.856803891204650443e-20
7.757304477325220432e+03 2.619539720453366899e-19 7.412036650608571920e-20
7.762310405258275750e+03 2.295593253275362093e-19 6.453141843868899358e-20
7.767316333191331069e+03 1.442293443380567999e-19 6.108779221142934042e-20
7.772322261124387296e+03 2.799466023070131293e-19 6.544245298354042859e-20
7.777328189057443524e+03 1.892415927145827816e-19 6.750870709587560879e-20
7.782334116990498842e+03 2.566031642826729415e-19 6.262239419141471272e-20
7.787340044923554160e+03 1.573225527525842692e-19 7.282568853172086337e-20
7.792345972856610388e+03 6.131196820661682118e-20 8.090547986299561246e-20
7.797351900789665706e+03 2.325574233328053996e-19 7.597259070119118553e-20
7.802357828722721024e+03 1.945599651850187665e-19 6.536451018829394308e-20
7.807363756655777252e+03 3.406296920232532628e-20 6.767333456113419093e-20
7.812369684588833479e+03 7.129131322215888528e-20 7.089949454049577503e-20
7.817375612521888797e+03 2.458388517059493673e-19 8.564430336222524930e-20
7.822381540454944115e+03 1.531443807796017542e-19 8.695710112007788631e-20
7.827387468388000343e+03 3.047018127081334536e-20 6.927549803489175082e-20
7.832393396321055661e+03 2.671852287189203903e-19 5.595942795223498792e-20
7.837399324254110979e+03 1.897442134410600185e-19 6.430885192980955938e-20
7.842405252187167207e+03 2.218546147107228865e-19 6.755155642590036717e-20
7.847411180120223435e+03 1.650420516414292237e-19 8.487762457110082550e-20
7.852417108053277843e+03 2.800830676001013013e-19 9.292278995945267554e-20
7.857423035986334071e+03 4.310319103937948853e-19 8.772421830058045130e-20
7.862428963919390299e+03 3.378801995661212027e-19 7.427099317129499260e-20
7.867434891852445617e+03 3.957132799263430240e-19 7.151990631832714169e-20
7.872440819785500935e+03 1.838499031057380738e-19 7.122653085696457466e-20
7.877446747718557162e+03 1.708538963303676378e-19 6.523363581039919025e-20
7.882452675651613390e+03 3.426776984079984106e-19 6.783811942441368102e-20
7.887458603584667799e+03 3.847061499089611128e-19 7.005842289901287840e-20
7.892464531517724026e+03 3.045212852420287413e-19 6.703946251106651253e-20
7.897470459450780254e+03 1.756291053137988171e-19 5.550764198580988413e-20
7.902476387383835572e+03 2.309734476097902969e-19 5.411093197657596325e-20
7.907482315316890890e+03 1.399741114126917333e-19 8.453936041911467725e-20
7.912488243249947118e+03 -5.437754189123664089e-20 1.047770057316959120e-19
7.917494171183002436e+03 1.114558614206222261e-19 1.100517066145214047e-19
7.922500099116057754e+03 3.312698874457267259e-20 8.644044361053790456e-20
7.927506027049113982e+03 2.413656607247723019e-19 8.139377517050912091e-20
7.932511954982170209e+03 2.962610192657438331e-19 7.545700542675844464e-20
7.937517882915225528e+03 2.729783887199630653e-19 6.355274964417565253e-20
7.942523810848280846e+03 4.926763793972938176e-20 6.389817101165931983e-20
7.947529738781337073e+03 3.400690173078033964e-19 6.615699781924196557e-20
7.952535666714392391e+03 1.355767637070926648e-19 6.083669328781830372e-20
7.957541594647447710e+03 3.007753406492893049e-19 6.894316680305848512e-20
7.962547522580503937e+03 3.371897362514503043e-19 8.198588975651618425e-20
7.967553450513560165e+03 3.397768033914955228e-21 7.934100327966729226e-20
7.972559378446615483e+03 1.720718279080605453e-19 6.495338302264755616e-20
7.977565306379670801e+03 1.451060770552061935e-19 6.718101930740522478e-20
7.982571234312727029e+03 3.038018007419208413e-19 6.770000000603265913e-20
7.987577162245782347e+03 3.384736217567791760e-19 8.041476599776299306e-20
7.992583090178837665e+03 4.905247899418169765e-19 8.943753418826333084e-20
7.997589018111893893e+03 1.914060192521492186e-19 8.105703645716581637e-20
8.002594946044950120e+03 2.484039055500629714e-19 5.513963938422375299e-20
8.007600873978005438e+03 1.924603082700687546e-19 5.948589109095287439e-20
8.012606801911060757e+03 2.676568471731116829e-19 6.436429727733569245e-20
8.017612729844116984e+03 2.749801993298627365e-19 7.056952261128493427e-20
8.022618657777172302e+03 2.272816775132267446e-19 7.982786639721248465e-20
8.027624585710227620e+03 3.210227548718803745e-19 7.851413428636653545e-20
8.032630513643283848e+03 2.866307808089002929e-19 6.123459464403065231e-20
8.037636441576340076e+03 1.287480064398179502e-19 5.139325539797017146e-20
8.042642369509394484e+03 2.277291777773119755e-19 5.286361778379538516e-20
8.047648297442450712e+03 2.462306944258070908e-19 6.065069033135560951e-20
8.052654225375506940e+03 3.325950281622948839e-19 6.524350167814138155e-20
8.057660153308562258e+03 3.432574116773488517e-19 7.527926735293763667e-20
8.062666081241617576e+03 1.613745593072161943e-19 7.571465989674480309e-20
8.067672009174673803e+03 2.032016245801786709e-19 6.752595335522292801e-20
8.072677937107729122e+03 2.674831682052834702e-19 5.800584726025698380e-20
8.077683865040784440e+03 2.220383792802363478e-19 5.749736838571752388e-20
8.082689792973840667e+03 2.605645838492111522e-19 5.653369719802912495e-20
8.087695720906896895e+03 1.649618952618697607e-19 5.683424813101934143e-20
8.092701648839952213e+03 -5.869054492251471855e-21 5.610564842715940089e-20
8.097707576773007531e+03 2.027930636085527656e-19 5.867395647435096959e-20
8.102713504706063759e+03 6.793527238457967504e-20 5.622171822878113921e-20
8.107719432639119077e+03 1.853129338470893767e-19 5.201662121119318763e-20
8.112725360572174395e+03 2.112779893789941977e-19 4.806377423103260227e-20
8.117731288505230623e+03 8.494518863830449276e-20 4.762030320257886845e-20
8.122737216438286850e+03 1.281069441581998896e-19 4.834819687827949850e-20
8.127743144371342169e+03 1.866446693911974946e-19 4.993754104006951447e-20
8.132749072304397487e+03 3.521710452855553020e-20 5.238898759472423245e-20
8.137755000237453714e+03 6.832519930071392948e-20 5.459740009161694044e-20
8.142760928170509032e+03 1.860192633177316368e-19 5.708315065510927715e-20
8.147766856103564351e+03 2.877659686156401691e-19 5.652601130268158436e-20
8.152772784036620578e+03 1.377918627189599056e-19 5.418048516668745996e-20
8.157778711969676806e+03 2.146077861288170162e-19 5.295961253180105005e-20
8.162784639902732124e+03 2.328363962910796870e-19 5.287223480938422431e-20
8.167790567835787442e+03 2.673534957097297891e-19 5.285710930186011311e-20
8.172796495768843670e+03 2.469831156966376413e-19 5.251475149256031279e-20
8.177802423701898988e+03 2.805033058428371897e-19 5.291174879544577791e-20
8.182808351634954306e+03 1.873380481977583871e-19 5.460730752291484317e-20
8.187814279568010534e+03 2.011958935816353564e-19 5.587039044105573154e-20
8.192820207501066761e+03 1.332307819884857394e-19 5.639069419057488407e-20
8.197826135434121170e+03 1.494358162901285568e-19 5.595330665506301608e-20
8.202832063367177398e+03 1.859586481770941586e-19 5.552831319443845567e-20
8.207837991300233625e+03 2.473981304872658813e-19 5.594659785637077807e-20
8.212843919233288034e+03 2.088547739625776124e-19 5.561603725190334527e-20
8.217849847166344261e+03 2.384121761038405715e-19 5.472721478557660715e-20
8.222855775099400489e+03 1.509892724828039898e-19 5.350807703135783339e-20
8.227861703032456717e+03 1.634408248781090457e-19 5.257721847847949566e-20
8.232867630965511125e+03 1.673819825750605689e-19 5.146273297584478577e-20
8.237873558898567353e+03 2.237726588136182794e-19 5.130818671824285031e-20
8.242879486831623581e+03 2.393987355182759452e-19 5.097573494587961978e-20
8.247885414764677989e+03 7.656978384617366509e-20 4.999135276570427160e-20
8.252891342697734217e+03 1.476145568463468777e-19 4.930112908552454707e-20
8.257897270630790445e+03 2.800363399207900852e-19 4.896878053409048376e-20
8.262903198563846672e+03 1.476547664260533891e-19 4.888782245113431588e-20
8.267909126496901081e+03 3.276366379763706634e-19 5.131711570034074503e-20
8.272915054429957308e+03 2.702995501012737132e-19 6.347615479249458220e-20
8.277920982363013536e+03 2.341916910623164842e-19 8.394736702107678611e-20
8.282926910296067945e+03 2.215375909131326146e-19 1.029977391509568016e-19
8.287932838229124172e+03 1.270602606095400877e-19 1.012541979352666680e-19
8.292938766162180400e+03 1.112089896300667387e-19 1.086994645528516791e-19
8.297944694095236628e+03 2.279461112858434667e-19 1.039547640555909174e-19
8.302950622028291036e+03 1.119921958464970397e-19 9.306628732074527956e-20
8.307956549961347264e+03 1.914513107735469349e-19 7.386163166659242150e-20
8.312962477894403492e+03 3.793755282036064296e-20 7.123099705736063719e-20
8.317968405827457900e+03 2.980037673909414410e-19 6.071032824744533590e-20
8.322974333760514128e+03 2.816773600364984497e-19 5.595032445568569765e-20
8.327980261693570355e+03 2.163083407791442234e-19 5.395135990924519856e-20
8.332986189626626583e+03 1.548557027224485961e-19 5.762733898029446402e-20
8.337992117559680992e+03 -4.717882757440899473e-20 1.009046099507731072e-19
8.342998045492737219e+03 6.020373810650830473e-20 1.287007734459007208e-19
8.348003973425793447e+03 4.589391183969355936e-19 1.313915583324641671e-19
8.353009901358847856e+03 2.289370455634884451e-19 9.195473779149435588e-20
8.358015829291904083e+03 6.051462163594973106e-20 7.923332658007656866e-20
8.363021757224960311e+03 1.682664954512048152e-19 6.881991589864554699e-20
8.368027685158016538e+03 1.137921161121127259e-19 6.339052330264981823e-20
8.373033613091070947e+03 2.554479374168071469e-19 5.805353538578614920e-20
8.378039541024127175e+03 1.895180637961299329e-19 7.078321261481374449e-20
8.383045468957181583e+03 -4.664669605815181454e-20 7.126385710836733573e-20
8.388051396890237811e+03 7.666915322058973387e-20 6.304812634194918899e-20
8.393057324823294039e+03 3.366310150911196577e-19 8.572000448947496614e-20
8.398063252756350266e+03 5.923760663050108321e-19 1.028481452469654751e-19
8.403069180689406494e+03 4.707820899935837666e-19 9.723040766855196854e-20
8.408075108622460903e+03 5.477652392266473511e-20 7.011185290210487162e-20
8.413081036555517130e+03 2.544721324728501825e-19 8.017424036490659538e-20
8.418086964488571539e+03 4.497606086161770068e-19 8.289335951867926040e-20
8.423092892421627766e+03 -3.573008605687046511e-20 9.646881217722929623e-20
8.428098820354683994e+03 -1.464174626691580518e-19 1.272408329031567309e-19
8.433104748287740222e+03 -1.290297658868238031e-19 1.214202377273200540e-19
8.438110676220796449e+03 1.623520836901340831e-19 7.267940172597743696e-20
8.443116604153850858e+03 1.580578010574333375e-19 6.608046862752640060e-20
8.448122532086907086e+03 -2.782923788187607458e-20 8.183073756965803537e-20
8.453128460019961494e+03 4.835243107942380747e-19 8.053957463282145323e-20
8.458134387953017722e+03 2.393421457399818236e-19 8.769654888668566959e-20
8.463140315886073950e+03 5.893247126525152660e-20 1.015469787098051637e-19
8.468146243819130177e+03 1.229916702422177181e-19 9.664789510787347888e-20
8.473152171752186405e+03 8.932691171511901923e-20 6.482363829496475310e-20
8.478158099685240813e+03 1.655306914248326021e-20 5.491209039773708696e-20
8.483164027618297041e+03 2.534703206763367168e-19 5.503177767031278046e-20
8.488169955551351450e+03 3.568294989415385089e-19 6.673210848583361413e-20
8.493175883484407677e+03 2.388833837858606825e-19 7.121605530109838214e-20
8.498181811417463905e+03 3.567995762101703833e-19 7.947848000611339478e-20
8.503187739350520133e+03 4.046599816455053140e-19 8.141258425961560519e-20
8.508193667283574541e+03 3.808361750947460546e-19 7.438734156787715478e-20
8.513199595216630769e+03 4.279485096476884765e-19 5.400728454549930022e-20
8.518205523149686996e+03 1.773058551734479441e-19 5.018318364940375379e-20
8.523211451082741405e+03 2.158378945110822486e-19 5.011526712577230918e-20
8.528217379015797633e+03 1.255313969700019491e-19 5.019864629690791136e-20
8.533223306948853860e+03 1.915762671610553636e-19 5.656901659391651389e-20
8.538229234881910088e+03 3.484312116631918239e-19 6.111069886055226098e-20
8.543235162814964497e+03 1.803146121839366216e-19 7.015433035443258517e-20
8.548241090748020724e+03 2.258546990043932725e-19 7.198003889523823408e-20
8.553247018681076952e+03 2.258737206567212598e-19 6.861811688640234431e-20
8.558252946614131361e+03 2.427084730006096471e-19 5.860753444262579494e-20
8.563258874547187588e+03 1.162993431606528867e-19 5.817108565378465380e-20
8.568264802480243816e+03 1.497104709111289181e-19 5.958153766999773831e-20
8.573270730413300043e+03 1.942550340248762970e-19 5.923645095367235731e-20
8.578276658346354452e+03 4.835303444142685827e-20 5.719793984134133823e-20
8.583282586279410680e+03 2.199821772841894210e-19 5.816597749694348335e-20
8.588288514212466907e+03 2.102397242724126400e-19 5.945543272755692986e-20
8.593294442145521316e+03 1.398543805519564947e-19 6.148812819867829535e-20
8.598300370078577544e+03 2.112957137432443081e-19 5.946353512113091436e-20
8.603306298011633771e+03 1.455889918432031048e-19 5.741599379399946140e-20
8.608312225944689999e+03 2.419571643741228525e-19 5.885379685017410476e-20
8.613318153877744408e+03 1.484578177089828735e-19 6.788916688118207992e-20
8.618324081810800635e+03 8.611531016428853814e-20 7.891867655862914481e-20
8.623330009743856863e+03 3.392607273798448023e-19 8.823076523698937584e-20
8.628335937676911271e+03 2.241857672311835118e-19 9.075655787324667741e-20
8.633341865609967499e+03 2.101779047880172840e-19 8.558220509593885343e-20
8.638347793543023727e+03 1.978849912722703025e-19 7.550120302370339659e-20
8.643353721476079954e+03 1.374607461956850814e-20 6.946702563943625407e-20
8.648359649409134363e+03 -1.392014010240437065e-19 7.619935529512269453e-20
8.653365577342190591e+03 2.012992935543456270e-19 8.673305381207029525e-20
8.658371505275246818e+03 3.975291784041544129e-19 9.135548968469457647e-20
8.663377433208301227e+03 1.785471577482445529e-19 9.165356147114978630e-20
8.668383361141357454e+03 1.885892165425721315e-19 8.869577876312830696e-20
8.673389289074413682e+03 1.336278667450135177e-19 8.210757171383855459e-20
8.678395217007469910e+03 5.202141302758253085e-20 7.664824715765535632e-20
8.683401144940524318e+03 1.304881262774359116e-19 7.150812790955509733e-20
8.688407072873580546e+03 3.764718626691981305e-19 6.754525335022460350e-20
8.693413000806636774e+03 2.693089018592981531e-19 6.541210230343581849e-20
8.698418928739691182e+03 1.939112973246859195e-19 6.448751405611659767e-20
8.703424856672747410e+03 2.917631015203826357e-19 6.407442562788713330e-20
8.708430784605803638e+03 1.771731765815217648e-19 6.041916219182868517e-20
8.713436712538859865e+03 3.131271127085636133e-19 5.732561330113344189e-20
8.718442640471914274e+03 2.002523388252240058e-19 5.605707398688295069e-20
8.723448568404970501e+03 1.929505042748830809e-19 5.637702161993868393e-20
8.728454496338024910e+03 1.461376569568598361e-19 5.694599212490086840e-20
8.733460424271081138e+03 2.266831206908253211e-19 5.734189563936509472e-20
8.738466352204137365e+03 1.574939130416610762e-19 5.738907623574476035e-20
8.743472280137193593e+03 1.712309584479036546e-19 5.738529661970602854e-20
8.748478208070249821e+03 1.193280115851273006e-19 5.801257085922479710e-20
8.753484136003304229e+03 1.371691311482927319e-19 8.001568606275336981e-20
8.758490063936360457e+03 6.254149517156596489e-19 1.071798628713214187e-19
8.763495991869414866e+03 5.858562509428250203e-19 1.266553302010274294e-19
8.768501919802471093e+03 5.958019970247097206e-19 1.171191491776962588e-19
8.773507847735527321e+03 1.502010354224577998e-19 1.215462812365307206e-19
8.778513775668583548e+03 2.676775117433220478e-19 1.133485605003380054e-19
8.783519703601639776e+03 2.103892862617203467e-19 9.647633462742981244e-20
8.788525631534694185e+03 2.239078918044042953e-19 7.993506397751620893e-20
8.793531559467750412e+03 4.363021920805712402e-19 7.991553759209134476e-20
8.798537487400804821e+03 2.466091807429795064e-19 6.620717336955562595e-20
8.803543415333861049e+03 1.452171940204883568e-19 6.287957192778275326e-20
8.808549343266917276e+03 1.462256860543984450e-19 6.479662622844697125e-20
8.813555271199973504e+03 2.669541085366296900e-19 6.440270068731782464e-20
8.818561199133029731e+03 1.078304188370880412e-19 1.022708827702660180e-19
8.823567127066084140e+03 3.119467687470746279e-20 1.660524594387096014e-19
8.828573054999140368e+03 1.890599643098469598e-19 1.773054354633928857e-19
8.833578982932194776e+03 1.482536312180725111e-19 1.432697163884286183e-19
8.838584910865251004e+03 2.199702619622903938e-19 1.088011698525442588e-19
8.843590838798307232e+03 4.869413900072287703e-20 8.622996968866091936e-20
8.848596766731363459e+03 9.579641108361437751e-20 8.061357163424656885e-20
8.853602694664417868e+03 7.634480743571104582e-20 7.656438582552775550e-20
8.858608622597474096e+03 1.923441158804403442e-19 7.211928992712896977e-20
8.863614550530530323e+03 2.023080810252083142e-19 9.437551094611335766e-20
8.868620478463584732e+03 2.265730195043175513e-19 9.362987413046846761e-20
8.873626406396640959e+03 1.460148309537384860e-19 7.378788379032402698e-20
8.878632334329697187e+03 5.846197398842628368e-19 9.780747407143518153e-20
8.883638262262753415e+03 1.429744495743418623e-19 1.272179082621941832e-19
8.888644190195807823e+03 6.246343202956694628e-20 1.213170324447160922e-19
8.893650118128864051e+03 1.627895759539616421e-19 8.066117137657815750e-20
8.898656046061920279e+03 -5.265043314575850421e-20 8.985254752633391326e-20
8.903661973994974687e+03 1.671667034191225510e-19 9.723297557153432516e-20
8.908667901928030915e+03 3.690655458444590726e-19 8.802142765365251601e-20
8.913673829861087142e+03 4.972171055529961822e-20 1.237243802034866548e-19
8.918679757794143370e+03 2.374525377507590442e-19 1.510115802410541238e-19
8.923685685727199598e+03 5.111717518806622563e-19 1.387760170374493064e-19
8.928691613660254006e+03 4.149472409427444568e-19 7.707765416043856780e-20
8.933697541593308415e+03 2.381171243999040401e-19 7.076022107766639636e-20
8.938703469526364643e+03 3.583573170901251186e-19 9.546439965186394183e-20
8.943709397459420870e+03 3.442656187013744406e-20 1.007199842101918217e-19
8.948715325392477098e+03 9.652012623484951268e-20 9.840253040417763091e-20
8.953721253325533326e+03 5.947240272372217010e-20 1.322643266628897374e-19
8.958727181258589553e+03 -6.127881888057167679e-20 1.413496416468340833e-19
8.963733109191643962e+03 1.423812827570498341e-19 1.121775574113297295e-19
8.968739037124698370e+03 1.865468978645485200e-19 7.270759472777290010e-20
8.973744965057754598e+03 3.138941366673689217e-19 7.170899406214226201e-20
8.978750892990810826e+03 1.858441828819049143e-19 7.336247674573815422e-20
8.983756820923867053e+03 2.552241491965423028e-19 9.163755361003924509e-20
8.988762748856923281e+03 3.271191478912912517e-19 9.351756741354866284e-20
8.993768676789977690e+03 2.631171236128992613e-19 9.643873561710766831e-20
8.998774604723033917e+03 1.743101745492203429e-19 1.177555236435184322e-19
9.003780532656088326e+03 3.461773326098549984e-19 1.455870459472581547e-19
9.008786460589144554e+03 3.326454176165234465e-19 1.118515546566457889e-19
9.013792388522200781e+03 1.874935037008249566e-19 1.097107988297897958e-19
9.018798316455257009e+03 2.956995911270672939e-19 1.171047076228858392e-19
9.023804244388313236e+03 2.603399094301144393e-19 9.573175923520411759e-20
9.028810172321367645e+03 2.595658525068927715e-19 7.140426394018301416e-20
9.033816100254423873e+03 2.102628883195217337e-19 7.720096582606194095e-20
9.038822028187478281e+03 -4.937424189340682508e-20 8.404904135458198903e-20
9.043827956120534509e+03 1.753493483070436906e-19 9.530407037626290320e-20
9.048833884053590737e+03 4.189239056175700520e-21 9.465205525513692437e-20
9.053839811986646964e+03 -1.587607024517906912e-20 8.431785711033617494e-20
9.058845739919703192e+03 1.777115274895896255e-19 7.353255707993402048e-20
9.063851667852757600e+03 2.045607544279993297e-19 8.204528379833296127e-20
9.068857595785813828e+03 2.035208711485001230e-19 9.743132742264724615e-20
9.073863523718868237e+03 1.053920803925647347e-19 1.026127993081327911e-19
9.078869451651924464e+03 1.169927732355336582e-19 1.433395974147259837e-19
9.083875379584980692e+03 2.013686494641527789e-19 1.413008237187858781e-19
9.088881307518036920e+03 1.207805010243849007e-19 1.356176832722232695e-19
9.093887235451093147e+03 -2.665325805699845698e-20 1.228913509588080952e-19
9.098893163384147556e+03 8.289858217689130976e-20 1.351657097645708500e-19
9.103899091317203784e+03 -7.780278204832322495e-20 1.194754704233408678e-19
9.108905019250258192e+03 1.553355836241137329e-19 8.282411643960333859e-20
9.113910947183314420e+03 1.179371908452570282e-19 7.145143341219599560e-20
9.118916875116370647e+03 1.913828031534961766e-19 8.358177312555192429e-20
9.123922803049426875e+03 1.220695260571771357e-19 7.342662085943994566e-20
9.128928730982483103e+03 2.682054404315059619e-19 8.674827005964228874e-20
9.133934658915537511e+03 1.286838036260522003e-19 9.249265297738352295e-20
9.138940586848593739e+03 2.170429353670105954e-19 8.231651089225390562e-20
9.143946514781648148e+03 1.822044794723869263e-19 8.286611594031301325e-20
9.148952442714704375e+03 1.480031252968470903e-19 1.094354741796377342e-19
9.153958370647760603e+03 1.121011890048660113e-19 1.241383574117985507e-19
9.158964298580816831e+03 1.312574034277734307e-19 1.025463774601124080e-19
9.163970226513873058e+03 1.258797799745530537e-19 9.116372651658514010e-20
9.168976154446927467e+03 7.589157725124171824e-20 1.038918211078502455e-19
9.173982082379983694e+03 7.992637765526255375e-20 1.182633569579452846e-19
9.178988010313038103e+03 2.104228380603943798e-19 9.562628583110356955e-20
9.183993938246094331e+03 1.869991438895468371e-19 9.576373518270959694e-20
9.188999866179150558e+03 2.016524904184762189e-19 9.500050518745692498e-20
9.194005794112206786e+03 2.190438291880993235e-19 9.919232916179590272e-20
9.199011722045263014e+03 2.010306740798636106e-19 9.445123530061768086e-20
9.204017649978317422e+03 1.549076611274726981e-19 9.417795244818260862e-20
9.209023577911373650e+03 2.563260708340782594e-19 1.047918006742406387e-19
9.214029505844428058e+03 2.250023775620530520e-19 1.144110350362326958e-19
9.219035433777484286e+03 2.547530259277228797e-19 1.045073387066577055e-19
9.224041361710540514e+03 2.578357855887757580e-19 1.016874001219741039e-19
9.229047289643596741e+03 2.691552877187981392e-19 1.225042452034565413e-19
9.234053217576652969e+03 2.763575502004072524e-19 1.216876320677011005e-19
9.239059145509707378e+03 9.917362584788849478e-20 1.226940763617747428e-19
9.244065073442761786e+03 7.856057088885182028e-20 1.104313855464994330e-19
9.249071001375818014e+03 1.830646484317292367e-19 1.151871156408377726e-19
9.254076929308874242e+03 6.725780327756764906e-20 1.214675791464246260e-19
9.259082857241930469e+03 2.515926979224295392e-19 1.178706624825749491e-19
9.264088785174986697e+03 2.291740003651358859e-19 1.018511258647489038e-19
9.269094713108042924e+03 1.569879780069300964e-19 9.246684637833978855e-20
9.274100641041097333e+03 2.241950803847334699e-19 9.564187072441038195e-20
9.279106568974151742e+03 2.779682851381892004e-19 1.143492619359152944e-19
9.284112496907207969e+03 1.476981499543390897e-19 1.452273120012243329e-19
9.289118424840264197e+03 1.385487787138726103e-19 1.853434128020302171e-19
9.294124352773320425e+03 1.306734927219287143e-19 1.585335544971305549e-19
9.299130280706376652e+03 4.963628906338555715e-19 7.879637357770920470e-19
9.304136208639432880e+03 1.490532461329878244e-19 1.335598383702488623e-18
9.309142136572487289e+03 1.889711555471852761e-19 9.626547235849098012e-19
9.314148064505541697e+03 3.972602670313230641e-19 3.760252779517398102e-18
9.319153992438597925e+03 1.571168445930339458e-19 1.882864381111821575e-17
9.324159920371654152e+03 -1.931073776171520689e-19 6.265136689260436696e-18
9.329165848304710380e+03 1.226778139072319949e-19 2.466099360018907441e-18
9.334171776237766608e+03 3.313967231207820565e-19 1.715252442231982377e-18
9.339177704170821016e+03 1.262544203486608792e-19 4.292450675152325581e-18
9.344183632103877244e+03 1.581085939597749075e-19 6.861935830151812775e-18
9.349189560036931653e+03 -1.288674153658641986e-20 1.644324326713222359e-18
9.354195487969987880e+03 3.049934463008018326e-19 2.418124695543357568e-18
9.359201415903044108e+03 1.384624346169171958e-19 2.050921249890844868e-18
9.364207343836100335e+03 2.291725309641159001e-19 1.720679954946063259e-18
9.369213271769156563e+03 1.576378822114973978e-19 2.528876041056312660e-18
9.374219199702210972e+03 3.036562244792842913e-19 7.450927688123108853e-18
9.379225127635267199e+03 1.590677774169424777e-19 5.759372876713309881e-18
9.384231055568321608e+03 1.522439535567727554e-19 1.458069789622943587e-18
9.389236983501377836e+03 2.174996032286429997e-19 4.177593508717242736e-19
9.394242911434434063e+03 1.880058436071792884e-19 4.481757964802657286e-19
9.399248839367490291e+03 8.556001205654735586e-20 6.784358089040426905e-19
9.404254767300546519e+03 1.399671917290632459e-19 6.656387238163691911e-19
9.409260695233600927e+03 3.988380656579888475e-21 6.223952447850907964e-19
9.414266623166657155e+03 -1.381572572139840915e-19 6.869443894187636914e-19
9.419272551099711563e+03 2.123789972616483043e-19 8.297705657493703870e-19
9.424278479032767791e+03 5.418310029570596076e-19 1.359118903078590246e-18
9.429284406965824019e+03 6.486466202816357715e-20 1.762582634686535889e-18
9.434290334898880246e+03 -8.544011304689576831e-20 1.386606183347765881e-18
9.439296262831936474e+03 1.699537449833912292e-19 3.360039589191949471e-18
9.444302190764990883e+03 2.874981458484767453e-19 3.135141648157133859e-18
9.449308118698047110e+03 3.265911921448402396e-19 9.024560756187083087e-19
9.454314046631101519e+03 7.627056908592649652e-20 1.873113834635136528e-18
9.459319974564157746e+03 -2.447921499613818199e-19 2.489562881433129529e-18
9.464325902497213974e+03 -8.197737581976442236e-20 1.402686292959410106e-18
9.469331830430270202e+03 3.175520870151619748e-20 1.065164132848456985e-18
9.474337758363326429e+03 3.183530646728471366e-19 2.046874721054306646e-18
9.479343686296380838e+03 3.237513384498754885e-19 7.689188492934273896e-18
9.484349614229437066e+03 1.032071465919562975e-19 1.677008873222049763e-18
9.489355542162491474e+03 2.186125760524882348e-19 8.360449087639216571e-19
9.494361470095547702e+03 4.683408056614407461e-19 1.719045041903340307e-18
9.499367398028603930e+03 5.457449550545996575e-19 3.326575924578326043e-18
9.504373325961660157e+03 4.852885506849124357e-20 2.071920023518213859e-18
9.509379253894716385e+03 6.254193273059749263e-20 1.185253578914641794e-18
9.514385181827770793e+03 2.938159933680902975e-19 2.208763950524712856e-18
9.519391109760827021e+03 1.870927945520004549e-19 2.580089393113965694e-18
9.524397037693881430e+03 -1.431356161561948377e-19 2.597933658822808259e-18
9.529402965626937657e+03 -1.153024302577618434e-19 8.502139680246718435e-19
9.534408893559993885e+03 4.627398384950196446e-19 6.590698376188561023e-19
9.539414821493050113e+03 4.024903244577673190e-19 9.926839397123750128e-19
9.544420749426106340e+03 1.395111585603356460e-19 1.235649900926324751e-18
9.549426677359160749e+03 2.444612784801899137e-19 1.505511496709110320e-18
9.554432605292216977e+03 2.127814856946003416e-20 2.038928419631132490e-18
9.559438533225271385e+03 1.559921784896254815e-19 1.975159912513083802e-18
9.564444461158327613e+03 7.315139287178187261e-19 1.480156769133890932e-18
9.569450389091383840e+03 2.881200850276641999e-19 1.221549618427852130e-18
9.574456317024440068e+03 3.068253905226984335e-19 9.600676704372283571e-19
9.579462244957496296e+03 1.988773812803855930e-19 1.181131816945903726e-18
9.584468172890550704e+03 3.123848403184883361e-19 9.606569628524906876e-19
9.589474100823605113e+03 2.467635170146607021e-19 1.063613973098601455e-18
9.594480028756661341e+03 -2.641885022984221237e-20 1.105048299932119875e-18
9.599485956689717568e+03 2.692704769921085393e-19 1.056463349626568522e-18
9.604491884622773796e+03 1.696034850429221877e-19 1.400615550971039473e-18
9.609497812555830023e+03 9.164777205420469421e-20 9.606367036931569736e-19
9.614503740488886251e+03 1.122396339931443241e-19 1.008210780869215475e-18
9.619509668421940660e+03 -9.370622831333331195e-20 1.046549982516542038e-18
9.624515596354995068e+03 -8.948904780807059208e-20 1.123489292085588972e-18
9.629521524288051296e+03 7.042751340918122540e-20 5.607984767337722932e-19
9.634527452221107524e+03 5.686472017810518242e-20 6.629994751594855871e-19
9.639533380154163751e+03 2.976099635226952135e-19 8.069790567911215150e-19
9.644539308087219979e+03 2.777508099557265227e-19 7.663126433819972522e-19
9.649545236020274388e+03 -3.130303501860241135e-20 6.212934120713377205e-19
9.654551163953330615e+03 2.906816144398280168e-19 7.296464961390613531e-19
9.659557091886385024e+03 3.356208650394848897e-19 8.597948793667976454e-19
9.664563019819441251e+03 1.146262992463551644e-19 6.655144737225456750e-19
9.669568947752497479e+03 1.254734613761172255e-19 6.741023362943143853e-19
9.674574875685553707e+03 2.389111717452909266e-19 7.297935396929218202e-19
9.679580803618609934e+03 1.862878691864960537e-19 6.078564653681318019e-19
9.684586731551664343e+03 7.673334715609307780e-20 9.092107685015038793e-19
9.689592659484720571e+03 1.156354870040666445e-19 6.906774880733727103e-19
9.694598587417774979e+03 3.485818357664886046e-19 5.679076054036771759e-19
9.699604515350831207e+03 -6.468158492325874713e-20 6.154072582966020383e-19
9.704610443283887435e+03 9.415704870454894529e-20 7.715971122538997647e-19
9.709616371216943662e+03 6.171245741922721799e-19 6.594033792605743103e-19
9.714622299149999890e+03 1.793704992652585834e-19 1.107797824716075607e-18
9.719628227083054298e+03 4.854827394155536393e-19 9.638927656628400190e-19
9.724634155016110526e+03 1.126865578211893409e-19 9.147061468819217656e-19
9.729640082949164935e+03 7.030775412273756076e-20 1.164088114499809000e-18
9.734646010882221162e+03 -1.145865260507960945e-19 1.505287715989397219e-18
9.739651938815277390e+03 1.251979738214946963e-19 1.250697104757911288e-18
9.744657866748333618e+03 7.783990382167754445e-20 1.485525928410104146e-18
9.749663794681389845e+03 -2.431816853004445450e-20 1.278002142010254096e-18
9.754669722614444254e+03 -7.146947762529682847e-20 1.211190389939338656e-18
9.759675650547500481e+03 3.662362973799645778e-19 1.153739793164991662e-18
9.764681578480554890e+03 3.323725165177746652e-19 1.196291938584470476e-18
9.769687506413611118e+03 4.768139310675686402e-19 1.293527871277029468e-18
9.774693434346667345e+03 2.482582245994824710e-19 9.937593915777059027e-19
9.779699362279723573e+03 8.839033797276086764e-20 1.212132351329362134e-18
9.784705290212779801e+03 2.592703647255135515e-19 2.656359229940404092e-18
9.789711218145834209e+03 1.803146250297408374e-19 3.877450706250131170e-17
9.794717146078890437e+03 1.778009759327702813e-19 6.082360104968713900e-17
9.799723074011944846e+03 -1.176585325504621246e-19 8.550977213749590651e-17
9.804729001945001073e+03 7.673442549137452633e-20 1.625067027578082335e-18
9.809734929878057301e+03 -4.243330420597448370e-20 9.709309558448305306e-19
9.814740857811113528e+03 -1.097530911195325890e-19 1.411478881075707189e-18
9.819746785744169756e+03 4.738946402391578269e-19 2.020312015747692313e-18
9.824752713677224165e+03 4.912382761273956224e-19 1.506325795623883481e-18
9.829758641610280392e+03 8.008276854990537558e-20 1.534749411912382343e-18
9.834764569543334801e+03 2.873717363884991985e-19 1.934078803403164592e-18
9.839770497476391029e+03 3.864807743560228956e-19 1.754246746851551910e-18
9.844776425409447256e+03 -4.291200986722665461e-21 2.527537954469574912e-18
9.849782353342503484e+03 6.764081323370401451e-19 2.252309928452045070e-18
9.854788281275559712e+03 1.305617729201157188e-19 1.732779728821552970e-18
9.859794209208614120e+03 2.342797252565808479e-19 2.114231472916311557e-18
9.864800137141670348e+03 1.564368697399873058e-19 2.286001318454180983e-18
9.869806065074724756e+03 6.350652430951813006e-19 3.359086555819062860e-18
9.874811993007780984e+03 9.307763236004073067e-19 1.339344434089724689e-17
9.879817920940837212e+03 -1.368147388497271033e-19 2.960517248060101494e-18
9.884823848873893439e+03 1.931235662069929903e-19 1.921098551077529593e-18
9.889829776806949667e+03 1.011220641593799886e-19 2.467268984234181547e-18
9.894835704740004076e+03 9.911255183037834293e-20 2.325059843471841370e-18
9.899841632673058484e+03 1.881049248155782235e-19 2.636680117782907902e-18
9.904847560606114712e+03 1.510193562712046703e-21 2.435235878809373840e-18
9.909853488539170939e+03 3.624020170851506211e-19 2.545652157524935354e-18
9.914859416472227167e+03 6.632536617877126618e-19 1.971223956062945692e-18
9.919865344405283395e+03 5.054536898600239666e-19 2.120942221811113463e-18
9.924871272338339622e+03 1.817826284102755822e-20 1.700861368941737489e-18
9.929877200271394031e+03 2.187147641551666462e-19 2.134468558293264141e-18
9.934883128204448440e+03 -1.201795384624461243e-19 2.091198629727122816e-18
9.939889056137504667e+03 -1.821107651959568259e-19 4.060466731472140765e-18
9.944894984070560895e+03 -9.519689101502401715e-20 3.592494266493406801e-18
9.949900912003617123e+03 1.706490412339611752e-19 8.393077302246019765e-17
9.954906839936673350e+03 -2.935487560041706720e-19 7.472095570217894665e-18
9.959912767869729578e+03 1.259586019225614565e-19 6.405471433777573297e-18
9.964918695802783986e+03 1.156239083994437531e-20 7.592849259407902374e-18
9.969924623735838395e+03 4.315142124495567077e-19 5.331763813198880356e-18
9.974930551668894623e+03 1.859698204019289679e-19 3.375761940582256525e-18
9.979936479601950850e+03 3.872230859133717399e-19 5.672900825494119679e-18
9.984942407535007078e+03 -4.013816570401395182e-20 3.066901043682275261e-18
9.989948335468063306e+03 3.717925255119316091e-19 3.269063606877853605e-18
9.994954263401117714e+03 6.329257786079969750e-19 3.463111123287678266e-18
9.999960191334173942e+03 2.804809366895302899e-19 6.236189885684724337e-18
1.000496611926722835e+04 1.118546761133991636e-18 5.094301822129993215e-18
1.000997204720028458e+04 8.975500397506439029e-19 3.143704218997499108e-17
1.001497797513334081e+04 2.420273603919279380e-19 6.815410114294896190e-18
1.001998390306639703e+04 3.646526125005845550e-19 7.583780477879099083e-18
1.002498983099945326e+04 5.648285879125819554e-19 1.412455740124559813e-17
1.002999575893250767e+04 2.776736025925891381e-19 1.082900336946583993e-17
1.003500168686556390e+04 2.970199355748847541e-19 7.129280352936996095e-18
1.004000761479861831e+04 -1.342817067881955803e-19 7.874210561325710441e-18
1.004501354273167453e+04 -1.375849126519151127e-19 8.819588667849312769e-18
1.005001947066473076e+04 1.172213976089312145e-19 8.491915033502436393e-18
1.005502539859778699e+04 3.390783805155795782e-19 7.881130414770452578e-18
1.006003132653084322e+04 -1.080167421372510775e-19 1.009360719537510773e-17
1.006503725446389763e+04 -4.164112425009901105e-19 1.109098400992705247e-17
1.007004318239695385e+04 1.352711607999463589e-19 1.260742005178599198e-17
1.007504911033000826e+04 -5.037873604865844134e-19 1.403810775154884184e-17
1.008005503826306449e+04 1.872788443628316618e-19 2.028449765587203455e-17
1.008506096619612072e+04 -2.993013697809143269e-19 4.248198460926483278e-17
1.009006689412917694e+04 2.373891106291374905e-19 4.684927800781720245e-17
1.009507282206223317e+04 5.636451561011583436e-19 5.339937394196808527e-17
1.010007874999528758e+04 2.040872683101279820e-19 2.126640923829982003e-17
1.010508467792834381e+04 3.472302297088957423e-20 5.041129098460905773e-17
1.011009060586139822e+04 2.712304852689744733e-19 8.312651345625015725e-17
1.011509653379445444e+04 -6.698046342639241440e-20 3.172634449118136812e-17
1.012010246172751067e+04 -3.538519649210172225e-19 2.042821201990763907e-17
1.012510838966056690e+04 -8.714340595811532832e-19 3.621988287921276745e-17
1.013011431759362313e+04 3.341270750545431081e-19 4.269376828153677826e-17
1.013512024552667754e+04 -4.368035056579380417e-19 4.284867116376259603e-17
1.014012617345973376e+04 3.371497760948443801e-19 6.899477494676488394e-17
1.014513210139278817e+04 -2.370638324628351173e-20 1.105536408052816141e-16
1.015013802932584440e+04 2.351436552664653956e-19 5.348547752187764040e-16
1.015514395725890063e+04 1.970193593648524214e-19 4.607431530857220956e-15
1.016014988519195686e+04 8.908591341929910264e-20 1.804976128369687251e-16
1.016515581312501308e+04 7.393818760445695889e-19 5.651392700835101783e-16
1.017016174105806749e+04 4.632575046370410333e-19 1.670079614862165078e-16
1.017516766899112372e+04 1.692455307965183400e-18 6.374905016967009082e-16
1.018017359692417813e+04 1.004347708488763466e-19 4.779800923442540197e-16
1.018517952485723436e+04 3.501527967710622224e-20 2.656709385699171212e-16
1.019018545279029058e+04 -3.999061479496212663e-19 5.646975869766419678e-17
1.019519138072334681e+04 -1.557737855970049923e-18 1.774412310512697468e-16
1.020019730865640304e+04 1.761765732829689697e-19 1.062992256285497144e-16
1.020520323658945745e+04 1.053064133596286418e-18 1.151085536939771199e-16
1.021020916452251367e+04 1.025260696673504651e-18 1.347366480818187237e-16
1.021521509245556808e+04 -1.184971822142168837e-19 1.894576694199466336e-16
1.022022102038862431e+04 1.445618701456333639e-18 1.507976225862050573e-16
1.022522694832168054e+04 6.276720224775105031e-19 2.748742375740819215e-16
1.023023287625473677e+04 2.721231914568060987e-19 2.163022592010577450e-16
1.023523880418779299e+04 -1.337527325766833001e-18 1.127699270742672701e-16
1.024024473212084740e+04 6.682860559939276836e-20 6.037905296965665253e-17
1.024525066005390181e+04 5.296374846588087241e-19 1.495836906011266364e-16
1.025025658798695804e+04 3.403893563458124543e-19 2.806053669222773428e-17
1.025526251592001427e+04 -7.502836994173002316e-20 2.228363799263527832e-16
1.026026844385307049e+04 9.106262693120095074e-20 6.011599065644925714e-17
1.026527437178612672e+04 3.566670575593186458e-19 5.762986606594563461e-17
1.027028029971918295e+04 -1.812369522901178555e-19 1.509143070468763084e-16
1.027528622765223736e+04 8.732557436526110073e-20 1.706429433997426130e-16
1.028029215558529177e+04 -6.879185527206082661e-19 2.690964190890939157e-17
1.028529808351834799e+04 3.063668310477073178e-19 4.980986879819606839e-17
1.029030401145140422e+04 1.296823687505759106e-18 2.562294202017978478e-16
1.029530993938446045e+04 -5.853476864564610752e-21 1.677097421290126591e-16
