#  wl flam flam_err
4.803806996822357178e+03 5.343778577378889837e-19 1.466112681911460816e-18
4.808812924755412496e+03 4.232650172296771296e-19 1.319808734411951033e-18
4.813818852688468723e+03 2.807554260852207598e-19 1.187733230684772888e-18
4.818824780621524042e+03 6.933546421565803087e-19 1.055559362036148760e-18
4.823830708554580269e+03 -6.207141987107253522e-19 9.392070973795728409e-19
4.828836636487635587e+03 -2.095205019186385947e-19 8.391307421666483221e-19
4.833842564420691815e+03 -8.678581618374873555e-20 7.641018014071005656e-19
4.838848492353747133e+03 -2.478523383963997579e-21 6.884926811304014991e-19
4.843854420286802451e+03 1.797869130217024162e-19 6.242281826543265838e-19
4.848860348219858679e+03 1.280479242829294396e-19 5.585958526769922031e-19
4.853866276152913997e+03 4.924881052827336735e-19 5.011951182531859783e-19
4.858872204085970225e+03 7.004281541320904425e-20 4.560157744286261232e-19
4.863878132019025543e+03 1.168201457033717300e-19 4.328607389925612026e-19
4.868884059952080861e+03 2.230606744648004077e-19 4.165361444444345581e-19
4.873889987885137089e+03 1.380774766971309454e-19 4.025758943401172517e-19
4.878895915818192407e+03 2.748399373146786204e-19 3.888122620776095194e-19
4.883901843751248634e+03 -3.222685608229029477e-19 3.734490244554067528e-19
4.888907771684303952e+03 -6.785487619750160816e-20 3.520635061177319650e-19
4.893913699617360180e+03 1.953803434742211573e-19 3.301488411288037295e-19
4.898919627550415498e+03 4.361575290761492518e-19 3.096607515446216952e-19
4.903925555483470816e+03 4.263690942291069172e-19 2.914426245584647545e-19
4.908931483416527044e+03 2.001281363031256780e-19 2.729732875946252078e-19
4.913937411349582362e+03 2.502040993305145661e-19 2.603519957466353919e-19
4.918943339282638590e+03 1.409167476735510073e-19 2.492003113229101680e-19
4.923949267215693908e+03 1.845440568451644690e-19 2.389243721541196970e-19
4.928955195148750136e+03 1.410526997116188131e-19 2.303765108192673326e-19
4.933961123081805454e+03 3.099118366392304100e-19 2.221312644444343445e-19
4.938967051014860772e+03 1.062361719489064164e-19 2.142760038615720694e-19
4.943972978947916999e+03 1.643517785502059218e-19 2.066174329080665814e-19
4.948978906880972318e+03 1.064702014072445118e-19 1.995077959636541632e-19
4.953984834814028545e+03 5.540100486146117311e-20 1.947069715580611853e-19
4.958990762747083863e+03 3.332785061999739859e-19 1.908273926536482784e-19
4.963996690680139181e+03 3.386157565949566491e-19 1.882421967099783689e-19
4.969002618613195409e+03 2.871765689748302304e-19 1.854052055912096549e-19
4.974008546546250727e+03 1.685258288871386898e-19 1.818422378147397514e-19
4.979014474479306955e+03 2.259370903890101408e-19 1.780032145306966842e-19
4.984020402412362273e+03 4.461830357813714366e-19 1.749448108716305280e-19
4.989026330345418501e+03 2.321999328500621739e-19 1.716729459303389016e-19
4.994032258278473819e+03 2.133788792549853532e-19 1.685328204304127089e-19
4.999038186211529137e+03 9.604744499630632883e-20 1.630914847956957699e-19
5.004044114144585365e+03 5.143153212160156924e-20 1.549621507050919344e-19
5.009050042077640683e+03 3.048529836938748181e-19 1.486935703243331769e-19
5.014055970010696910e+03 1.746981584127977642e-19 1.422415232637504378e-19
5.019061897943752228e+03 1.909966165964482173e-19 1.358218581031544552e-19
5.024067825876807547e+03 -1.386517461500045849e-20 1.316893954954772730e-19
5.029073753809863774e+03 3.024437993858240799e-19 1.291889098364827067e-19
5.034079681742919092e+03 2.268492116201520876e-19 1.254568108995509847e-19
5.039085609675975320e+03 1.090850635490959383e-19 1.240548830037613233e-19
5.044091537609030638e+03 1.277020545497158645e-19 1.224715303877366620e-19
5.049097465542086866e+03 1.568725805413553764e-19 1.207804494104818339e-19
5.054103393475142184e+03 1.325193265147145364e-19 1.188931985870320894e-19
5.059109321408197502e+03 1.002534934460782566e-19 1.167378061614897984e-19
5.064115249341253730e+03 2.745935657888561395e-19 1.146289554674874760e-19
5.069121177274309048e+03 3.032180787905323082e-19 1.113074952472663835e-19
5.074127105207365275e+03 1.831374718117045823e-19 1.099213685481891924e-19
5.079133033140420594e+03 1.154987119631698546e-19 1.092622851393638501e-19
5.084138961073476821e+03 8.282222568695840357e-20 1.105283004925324632e-19
5.089144889006532139e+03 8.542231194397110441e-20 1.114196699585250403e-19
5.094150816939587457e+03 -5.578744154336011530e-20 1.124275099395991693e-19
5.099156744872643685e+03 -1.005195437745774340e-19 1.130349240692399274e-19
5.104162672805699003e+03 2.546005379872534723e-19 1.126123346385612824e-19
5.109168600738755231e+03 5.754969083667292320e-20 1.137107968646483154e-19
5.114174528671810549e+03 1.266365392206048642e-19 1.167247480641303560e-19
5.119180456604865867e+03 2.373671456492574817e-19 1.192455926564114003e-19
5.124186384537922095e+03 1.134454634052860247e-19 1.185389656977603005e-19
5.129192312470977413e+03 8.590080515737094037e-21 1.134734682917166288e-19
5.134198240404033641e+03 2.152346576412646055e-20 1.086830099024087951e-19
5.139204168337088959e+03 8.863255960045185861e-20 1.045817308410100251e-19
5.144210096270145186e+03 8.338709287697842928e-20 1.007867197462295457e-19
5.149216024203200504e+03 2.717913599125895084e-20 9.657889672910950312e-20
5.154221952136255823e+03 -6.336032173645729885e-20 9.334589695455183955e-20
5.159227880069312050e+03 2.213230232228487951e-19 9.027601908569076720e-20
5.164233808002367368e+03 1.784411087421652125e-19 8.729930109718855935e-20
5.169239735935423596e+03 2.145323717724241221e-19 8.473431189240556254e-20
5.174245663868478914e+03 2.030194618675897041e-19 8.307259969956354545e-20
5.179251591801534232e+03 1.618265158204650656e-20 8.223980306856184833e-20
5.184257519734590460e+03 2.840771286581808538e-19 8.177477771965294710e-20
5.189263447667645778e+03 1.517544691507298478e-19 8.171935633145368120e-20
5.194269375600702006e+03 9.218193085418558257e-20 8.358693612250100034e-20
5.199275303533757324e+03 2.463083572544898596e-20 8.454885348980386383e-20
5.204281231466813551e+03 3.985060586997338625e-20 8.472160276478997662e-20
5.209287159399868870e+03 -5.002048230606949372e-20 8.452811237728675049e-20
5.214293087332924188e+03 5.339797145407583793e-20 8.506296264726616627e-20
5.219299015265980415e+03 -5.846862980630767440e-20 8.628354176237137595e-20
5.224304943199035733e+03 7.233465013586058346e-20 8.687286323406196897e-20
5.229310871132091961e+03 2.415816667208508163e-20 8.723059813017760503e-20
5.234316799065147279e+03 -1.255208559320168304e-20 8.761084261114860660e-20
5.239322726998203507e+03 2.821431151985057841e-20 8.741285840941261543e-20
5.244328654931258825e+03 -3.798797593611717056e-21 8.826981376727706828e-20
5.249334582864314143e+03 5.684918484817361107e-20 8.865518603688806694e-20
5.254340510797370371e+03 1.138037890133984303e-19 8.799167416239529492e-20
5.259346438730425689e+03 3.766025522335042116e-19 8.559412585049743253e-20
5.264352366663481916e+03 3.798112327585626864e-19 8.259503026873078890e-20
5.269358294596537235e+03 7.870486389698472086e-20 8.062753981631980615e-20
5.274364222529593462e+03 2.071410436250320555e-19 7.952864172229789575e-20
5.279370150462648780e+03 1.554158916880877879e-19 7.866046105581975464e-20
5.284376078395704099e+03 1.080432196039023553e-20 7.770316340452874803e-20
5.289382006328760326e+03 1.549628632230096635e-19 7.710012831468485998e-20
5.294387934261815644e+03 2.136023117915412690e-19 7.663985200042957842e-20
5.299393862194871872e+03 2.661692539761744934e-19 7.596571279655629148e-20
5.304399790127927190e+03 5.966213301403084336e-20 7.501212867079553613e-20
5.309405718060982508e+03 2.042937349871797702e-19 7.432291716562050485e-20
5.314411645994038736e+03 3.547798068996157263e-20 7.396134659610299065e-20
5.319417573927094054e+03 5.010205084263381695e-20 7.251694065580171160e-20
5.324423501860150282e+03 2.271013800706359108e-19 7.155014727704475837e-20
5.329429429793205600e+03 2.342849952387226184e-19 7.117845257376689449e-20
5.334435357726260918e+03 6.102746628147581637e-20 6.991415628366633445e-20
5.339441285659317145e+03 1.898518899005211142e-19 7.019626609183925631e-20
5.344447213592372464e+03 1.586466836856728975e-19 7.079679667214332974e-20
5.349453141525428691e+03 8.242398852186325123e-20 7.197577351979710667e-20
5.354459069458484009e+03 2.027562949269125661e-19 7.353396031645303058e-20
5.359464997391540237e+03 6.715996441254919395e-20 7.519767082800216419e-20
5.364470925324595555e+03 1.288267287911841608e-19 7.671517865485154680e-20
5.369476853257650873e+03 2.200083163931878611e-19 7.819261145409520970e-20
5.374482781190707101e+03 2.414417841947999833e-19 7.898925031847690180e-20
5.379488709123762419e+03 1.995485076067200894e-19 7.872208714250119014e-20
5.384494637056818647e+03 1.536903532975806172e-19 7.659185525916239604e-20
5.389500564989873965e+03 2.527391483615634734e-19 7.414062073452191620e-20
5.394506492922930192e+03 2.510283664281583617e-19 7.148907723927721861e-20
5.399512420855985511e+03 1.408268762148067981e-19 6.944665643916091689e-20
5.404518348789040829e+03 2.316393836309661376e-19 6.775052608021562522e-20
5.409524276722097056e+03 1.227183395691618392e-19 6.688654265645725509e-20
5.414530204655152374e+03 1.472740247979720592e-19 6.652232632750039105e-20
5.419536132588208602e+03 2.173704938185079025e-19 6.612982049924218623e-20
5.424542060521263920e+03 2.274028135270696598e-19 6.592307459747424621e-20
5.429547988454320148e+03 2.258818137777599147e-19 6.544873720064414932e-20
5.434553916387375466e+03 1.426644246488739327e-19 6.526704982068822634e-20
5.439559844320430784e+03 2.733113945757817628e-20 6.444586561410884002e-20
5.444565772253487012e+03 3.775171586857216544e-20 6.443911672018292276e-20
5.449571700186542330e+03 1.694934757532852297e-19 6.480636637240906619e-20
5.454577628119598558e+03 1.411246066422118293e-19 6.560216389544440513e-20
5.459583556052653876e+03 2.778289126178429823e-19 6.632100777696916644e-20
5.464589483985709194e+03 2.235897560099918445e-19 6.713708173613846200e-20
5.469595411918765421e+03 2.808418653388233357e-19 6.797254284832388306e-20
5.474601339851820740e+03 2.761842435268799853e-19 6.857305374610529901e-20
5.479607267784876967e+03 1.826803336152581187e-19 6.905528292785432970e-20
5.484613195717932285e+03 1.973504348188372900e-19 6.914578502485374436e-20
5.489619123650987603e+03 7.482818832541148160e-20 6.941582169290172656e-20
5.494625051584043831e+03 1.927533845983984116e-19 6.947921936256500367e-20
5.499630979517099149e+03 1.242101338408718952e-19 6.914681731160595781e-20
5.504636907450155377e+03 1.616455243149002908e-19 6.868364655394034160e-20
5.509642835383210695e+03 2.691472171997940843e-19 6.770716014200118565e-20
5.514648763316266923e+03 1.128435107222160674e-19 6.574423469169438508e-20
5.519654691249322241e+03 5.523761166896006115e-20 6.406597452812590791e-20
5.524660619182377559e+03 2.549480852959768735e-19 6.286633925420321323e-20
5.529666547115433787e+03 2.346703833405378640e-19 6.132187400998465409e-20
5.534672475048489105e+03 1.605199291015826308e-19 6.080840274961061099e-20
5.539678402981545332e+03 9.874650209279592484e-20 6.132271930887655450e-20
5.544684330914600650e+03 1.389115460344604332e-19 6.131018245385873371e-20
5.549690258847656878e+03 1.967851153472495435e-19 6.098963648880354663e-20
5.554696186780712196e+03 1.925038841076710890e-19 6.051855495870776150e-20
5.559702114713767514e+03 1.638464659134495374e-19 6.115460371839279298e-20
5.564708042646823742e+03 1.817819223911157933e-19 6.293163622234934333e-20
5.569713970579879060e+03 2.733044962878724825e-19 8.653558274712778941e-20
5.574719898512935288e+03 1.902927229573176340e-19 1.262914324741508217e-19
5.579725826445990606e+03 1.823307455552084364e-19 1.328199639884660585e-19
5.584731754379046833e+03 1.834158011555268653e-19 9.878821844086151322e-20
5.589737682312102152e+03 2.008282163208322326e-19 6.959584899988615830e-20
5.594743610245157470e+03 1.271343214177143697e-19 6.290851810019462132e-20
5.599749538178213697e+03 1.213934845858063583e-19 6.258938452980558434e-20
5.604755466111269016e+03 1.005165061280276322e-19 6.233469940515948357e-20
5.609761394044325243e+03 2.030872505487342173e-19 6.210206427028027800e-20
5.614767321977380561e+03 1.909746879199495946e-19 6.141610199173390017e-20
5.619773249910436789e+03 8.793595006619849967e-20 6.150345020074541366e-20
5.624779177843492107e+03 -1.303128113888993061e-19 6.134685205775927558e-20
5.629785105776547425e+03 1.851622890072063072e-20 6.116025278796643671e-20
5.634791033709603653e+03 -3.283174826830363263e-20 6.031383607393698378e-20
5.639796961642658971e+03 1.421819893268862515e-19 5.867102972504184242e-20
5.644802889575714289e+03 1.094404541707529613e-19 5.709625464384167401e-20
5.649808817508770517e+03 1.703529733637718029e-19 5.549272172601921304e-20
5.654814745441825835e+03 2.317683084205940456e-19 5.385585293656906329e-20
5.659820673374882062e+03 2.170755712801201200e-19 5.306993437883840998e-20
5.664826601307937381e+03 2.607954435261939701e-19 5.260032600580025039e-20
5.669832529240993608e+03 1.423554979849179343e-19 5.232509500005823334e-20
5.674838457174048926e+03 2.069300341386219959e-19 5.246356937252822730e-20
5.679844385107104245e+03 2.449349339969608167e-19 5.259792484753306893e-20
5.684850313040160472e+03 2.045186580721605182e-19 5.274270267938024243e-20
5.689856240973215790e+03 1.922562621161885837e-19 5.259395180267459565e-20
5.694862168906272018e+03 1.985690869539653863e-19 5.304902166978507314e-20
5.699868096839327336e+03 2.199785525666064281e-19 5.258013074251289507e-20
5.704874024772383564e+03 1.059011409561559720e-19 5.212904065448563815e-20
5.709879952705438882e+03 1.525931721263608423e-19 5.143508407441463952e-20
5.714885880638494200e+03 2.849225462836990782e-19 5.169797599067483231e-20
5.719891808571550428e+03 1.563775628097293217e-19 5.158615709969004563e-20
5.724897736504605746e+03 1.794981237546919056e-19 5.235322381102393471e-20
5.729903664437661973e+03 1.771685091871869167e-19 5.248470003067408301e-20
5.734909592370717291e+03 2.424178052428850092e-19 5.320341595403747897e-20
5.739915520303773519e+03 2.104586974187841446e-19 5.366603779235699524e-20
5.744921448236828837e+03 9.320562477479931324e-20 5.435794046609253194e-20
5.749927376169884155e+03 1.654110310915156434e-19 5.522636290170529485e-20
5.754933304102940383e+03 1.595737201246285023e-19 5.587961646775031853e-20
5.759939232035995701e+03 1.974824135124931544e-19 5.695930413844974885e-20
5.764945159969051929e+03 5.284179796679083487e-20 5.649357733366603555e-20
5.769951087902107247e+03 4.063985607059366508e-20 5.552461325151688347e-20
5.774957015835163475e+03 2.190299388701469806e-19 5.451321611916705936e-20
5.779962943768218793e+03 1.266618801887120409e-19 5.291313851238824510e-20
5.784968871701274111e+03 2.223954298145711933e-19 5.159854588372238001e-20
5.789974799634330338e+03 1.933597218890299682e-19 5.044248632220422337e-20
5.794980727567385657e+03 1.535159828363654561e-19 4.955319179762998086e-20
5.799986655500441884e+03 6.742048312072957855e-20 4.869640491766876068e-20
5.804992583433497202e+03 2.449613722035399252e-19 4.783769249145353716e-20
5.809998511366552520e+03 2.540803153376907861e-19 4.705816162123243725e-20
5.815004439299608748e+03 1.766387926114005987e-19 4.655988463267911199e-20
5.820010367232664066e+03 1.599611012802604060e-19 4.622833593372585968e-20
5.825016295165720294e+03 2.317233693321202803e-19 4.595373918685425572e-20
5.830022223098775612e+03 1.387909108202058738e-19 4.584510376654917982e-20
5.835028151031830930e+03 1.491326286470731100e-19 4.607782535182340295e-20
5.840034078964887158e+03 1.611631512982962749e-19 4.637769348375236126e-20
5.845040006897942476e+03 1.988717807063591244e-19 4.667539954094693742e-20
5.850045934830998704e+03 1.858558128528614314e-19 4.698691901886448415e-20
5.855051862764054022e+03 1.752820313320679703e-19 4.715408639491170596e-20
5.860057790697110249e+03 2.148322833187533120e-19 4.803875180086401746e-20
5.865063718630165567e+03 2.100051819164792593e-19 4.994271354013786883e-20
5.870069646563220886e+03 2.486731414755418600e-19 5.125424994917476867e-20
5.875075574496277113e+03 2.147144386117512286e-19 5.045091645899881222e-20
5.880081502429332431e+03 1.246684451101869658e-19 5.177993875241624006e-20
5.885087430362388659e+03 2.706507691215420567e-19 6.013052637600690572e-20
5.890093358295443977e+03 2.559668174062526076e-19 6.548792093390932484e-20
5.895099286228500205e+03 2.440501248539380990e-19 6.182474350961302578e-20
5.900105214161555523e+03 2.766519282251903085e-19 5.416255621947835210e-20
5.905111142094610841e+03 1.877892773471114739e-19 4.918330011908641381e-20
5.910117070027667069e+03 1.782424525396976564e-19 4.886763098627377071e-20
5.915122997960722387e+03 1.764868887820840454e-19 4.913854209419799824e-20
5.920128925893778614e+03 1.301695490053525805e-19 4.854615998357548621e-20
5.925134853826833933e+03 1.424610242195698931e-19 4.814441555639034524e-20
5.930140781759890160e+03 1.390156270860309075e-19 4.825861855906318035e-20
5.935146709692945478e+03 2.906088315104033807e-19 4.709663695655406512e-20
5.940152637626000796e+03 1.882771058579215728e-19 4.560998596235934833e-20
5.945158565559057024e+03 2.535937676182727603e-19 4.541001201083291417e-20
5.950164493492112342e+03 1.771602833233073229e-19 4.562462556001169025e-20
5.955170421425167660e+03 1.994926721281960565e-19 4.490201664002548367e-20
5.960176349358223888e+03 2.379342824122320573e-19 4.407466935143307784e-20
5.965182277291280116e+03 1.373788195125772866e-19 4.347536480021750376e-20
5.970188205224335434e+03 1.979062198130582427e-19 4.347164235778243438e-20
5.975194133157390752e+03 2.753514341392761899e-19 4.350666735212957219e-20
5.980200061090446980e+03 1.457027833069332283e-19 4.312521985444160798e-20
5.985205989023502298e+03 1.763786837679688348e-19 4.209587235029887074e-20
5.990211916956557616e+03 1.669155147813702818e-19 4.210102194592680664e-20
5.995217844889613843e+03 1.337568682494977748e-19 4.231614611864187921e-20
6.000223772822669162e+03 1.285958745562651386e-19 4.290786484316381240e-20
6.005229700755725389e+03 2.057983144475222675e-19 4.323332175650285451e-20
6.010235628688780707e+03 1.817825235105447835e-19 4.375776297518396254e-20
6.015241556621836935e+03 1.890285349750031457e-19 4.427334308076790564e-20
6.020247484554892253e+03 7.376708831769863640e-20 4.444276783348407742e-20
6.025253412487947571e+03 1.889986542879801717e-19 4.411323357691758423e-20
6.030259340421003799e+03 1.865818701463322585e-19 4.371591424861848250e-20
6.035265268354059117e+03 2.321109052169660587e-19 4.338196801180998653e-20
6.040271196287115345e+03 1.046990889889028249e-19 4.276494883521940332e-20
6.045277124220170663e+03 1.537252236836825814e-19 4.240597628719042748e-20
6.050283052153226890e+03 1.513398366426976013e-19 4.195859907284789137e-20
6.055288980086282209e+03 7.692857469511197636e-20 4.162231213295407801e-20
6.060294908019337527e+03 5.642235002416328877e-20 4.080560683728501181e-20
6.065300835952393754e+03 1.368703792659330101e-19 4.073211157567137990e-20
6.070306763885449072e+03 9.649014544033618346e-20 4.011310514093036918e-20
6.075312691818505300e+03 1.231716844406328154e-19 3.938586765046001556e-20
6.080318619751560618e+03 7.104978963019140170e-20 3.901343207992412009e-20
6.085324547684616846e+03 1.686185465939596211e-19 3.860760764096908743e-20
6.090330475617672164e+03 1.541765126180557580e-19 3.838588873119446047e-20
6.095336403550727482e+03 2.346856099799453438e-19 3.788344121196115921e-20
6.100342331483783710e+03 1.669982962352828166e-19 3.799666972516089598e-20
6.105348259416839028e+03 1.396150556042218226e-19 3.799712310503998898e-20
6.110354187349894346e+03 1.524227463829654709e-19 3.815699180619497219e-20
6.115360115282950574e+03 1.863578994220233337e-19 3.820650938166547443e-20
6.120366043216006801e+03 2.484944157192387306e-19 3.879994347917892934e-20
6.125371971149062119e+03 1.543199132972666067e-19 3.913250853671096274e-20
6.130377899082117438e+03 2.055087881858107345e-19 3.990209289824129375e-20
6.135383827015173665e+03 7.862405420112856701e-20 4.103114020115166682e-20
6.140389754948228983e+03 6.973431652247700672e-20 4.214015660835209703e-20
6.145395682881284301e+03 1.559916690281644564e-19 4.224093201995420656e-20
6.150401610814340529e+03 1.129036570911352551e-19 4.164332890156844624e-20
6.155407538747396757e+03 1.961498514422141434e-19 4.080890239861536226e-20
6.160413466680452075e+03 1.895501790265535415e-19 4.009075975872146923e-20
6.165419394613507393e+03 7.352606334345848758e-20 3.976499913362304786e-20
6.170425322546563621e+03 2.130424592898681404e-19 4.001913161687484650e-20
6.175431250479618939e+03 2.526017425410045978e-19 3.938214755879501866e-20
6.180437178412674257e+03 1.134306033563522524e-19 3.856631823593591757e-20
6.185443106345730484e+03 1.763418459466555473e-19 3.807266095706758876e-20
6.190449034278785803e+03 8.251129922514747182e-20 3.771750235026036577e-20
6.195454962211842030e+03 1.871580105999514002e-19 3.731167441827292729e-20
6.200460890144897348e+03 8.364613788212452046e-20 3.703426183627727465e-20
6.205466818077953576e+03 1.361761096452403578e-19 3.684341514762449661e-20
6.210472746011008894e+03 1.474821221618225678e-19 3.623522533588929149e-20
6.215478673944064212e+03 1.310240927430237262e-19 3.623092250783042365e-20
6.220484601877120440e+03 1.553188164854529742e-19 3.616539567489187503e-20
6.225490529810175758e+03 1.205046618534141798e-19 3.622313695907996644e-20
6.230496457743231986e+03 1.546228206222575908e-19 3.791920547070050367e-20
6.235502385676287304e+03 1.064076913298710129e-19 3.935924100204491028e-20
6.240508313609343531e+03 1.494711171963172530e-19 3.880366822651747181e-20
6.245514241542398850e+03 1.563251071814462575e-19 3.713319980164673711e-20
6.250520169475454168e+03 1.925436515749206679e-19 3.739919803468144668e-20
6.255526097408510395e+03 1.783277358439266648e-19 3.978556603221402188e-20
6.260532025341565713e+03 2.049487006798928815e-19 4.110636261782587832e-20
6.265537953274621032e+03 2.104855172865863094e-19 4.035711165816052985e-20
6.270543881207677259e+03 2.033425699444525386e-19 4.026191149972837172e-20
6.275549809140733487e+03 2.097301111807571061e-19 3.940242817176938009e-20
6.280555737073788805e+03 1.207368444093317959e-19 3.917302886352473780e-20
6.285561665006844123e+03 2.231589356550679880e-19 3.950310775312727272e-20
6.290567592939900351e+03 1.201790320986505811e-19 4.182566541061040121e-20
6.295573520872955669e+03 1.094748305314286763e-19 6.042167190372484342e-20
6.300579448806010987e+03 1.725748570341158301e-19 6.936488931953353672e-20
6.305585376739067215e+03 1.562437078889023622e-19 5.822482999945162510e-20
6.310591304672123442e+03 1.668309487223221087e-19 3.886266322741620467e-20
6.315597232605178760e+03 1.666024199946767417e-19 3.441889113852460655e-20
6.320603160538234079e+03 1.395344621475862445e-19 3.473817506423184760e-20
6.325609088471290306e+03 1.057426716193437760e-19 3.583990663877159192e-20
6.330615016404345624e+03 1.754984449969887407e-19 3.536686495576656458e-20
6.335620944337400942e+03 1.421828902272289989e-19 3.396593844646080282e-20
6.340626872270457170e+03 1.150113316782380680e-19 3.332012648092757017e-20
6.345632800203512488e+03 1.593435013209965658e-19 3.384669790879435515e-20
6.350638728136568716e+03 1.522461090579786626e-19 3.489427616636259663e-20
6.355644656069624034e+03 1.649724737924345798e-19 3.843191251179651979e-20
6.360650584002680262e+03 1.494241979444681070e-19 4.670429925103658849e-20
6.365656511935735580e+03 2.509437700908220276e-19 4.805674451320426368e-20
6.370662439868790898e+03 2.831489897116718066e-19 4.058421238974035866e-20
6.375668367801847126e+03 2.057022966794901865e-19 3.567090995135547426e-20
6.380674295734902444e+03 1.402031875188261023e-19 3.647149309826182088e-20
6.385680223667958671e+03 1.414896801212279435e-19 3.726997110113603355e-20
6.390686151601013989e+03 1.427067452569332641e-19 3.719453366656500801e-20
6.395692079534070217e+03 1.567669601838457612e-19 3.693980603849485422e-20
6.400698007467125535e+03 1.823111803997578645e-19 3.697419838945538067e-20
6.405703935400180853e+03 1.138213625677476751e-19 3.636718287152106882e-20
6.410709863333237081e+03 1.472358987529807706e-19 3.581278642189673675e-20
6.415715791266292399e+03 1.627187929622656109e-19 3.548009551266116830e-20
6.420721719199348627e+03 1.539209879671104319e-19 3.460200334165543537e-20
6.425727647132403945e+03 1.416280985731308325e-19 3.373926922106438486e-20
6.430733575065460172e+03 2.301777015985535848e-19 3.292823069762146941e-20
6.435739502998515491e+03 1.417374366178241831e-19 3.224222389395488371e-20
6.440745430931570809e+03 1.447445280132893939e-19 3.206750089916874309e-20
6.445751358864627036e+03 1.095927842218648337e-19 3.175777757597387369e-20
6.450757286797682355e+03 1.470395899071721883e-19 3.162698864309652958e-20
6.455763214730737673e+03 1.849612079224500324e-19 3.194306273892704090e-20
6.460769142663793900e+03 1.442183579009242893e-19 3.288698860316235262e-20
6.465775070596850128e+03 4.840854308089171275e-20 3.390199597473232667e-20
6.470780998529905446e+03 1.110246487049632738e-19 3.339085523043499525e-20
6.475786926462960764e+03 2.027584242030670731e-19 3.215055828154887791e-20
6.480792854396016992e+03 1.445769578757549437e-19 3.112202680843122264e-20
6.485798782329072310e+03 1.168917611653683846e-19 3.089449310414129668e-20
6.490804710262127628e+03 1.159199856434277306e-19 3.203131296340862429e-20
6.495810638195183856e+03 8.373870573736423953e-20 3.446547511927463844e-20
6.500816566128239174e+03 1.862408130881033916e-19 3.548450661799895022e-20
6.505822494061295401e+03 1.268701209976165964e-19 3.440626167994191477e-20
6.510828421994350720e+03 1.327295317206024537e-19 3.338364350881406791e-20
6.515834349927406947e+03 1.061356624318639406e-19 3.363783013354045195e-20
6.520840277860462265e+03 1.254416723491549937e-19 3.431097703021580546e-20
6.525846205793517584e+03 1.363462860465467370e-19 3.598531322873060950e-20
6.530852133726573811e+03 9.149796144277432987e-20 3.679646814653735914e-20
6.535858061659629129e+03 1.159445007622439136e-19 3.600332142127596217e-20
6.540863989592685357e+03 8.429174150064312642e-20 3.423877305386682558e-20
6.545869917525740675e+03 1.472989348105802602e-19 3.400608195371675007e-20
6.550875845458796903e+03 1.664729384937188328e-19 3.425938901814939112e-20
6.555881773391852221e+03 1.589162708980942886e-19 3.383444172986052828e-20
6.560887701324907539e+03 1.002129340253183920e-19 3.250483143162237857e-20
6.565893629257963767e+03 1.230335868309253965e-19 3.182544744341509685e-20
6.570899557191019085e+03 1.457385679385047234e-19 3.163775863361303120e-20
6.575905485124075312e+03 1.880374848781316026e-19 3.150016994619763828e-20
6.580911413057130630e+03 1.571907867782061575e-19 3.074660528212922380e-20
6.585917340990186858e+03 1.188222862979378082e-19 2.913513092833481985e-20
6.590923268923242176e+03 6.655005266848661528e-20 2.899205082663096267e-20
6.595929196856297494e+03 6.578206547122183705e-20 2.939375314201633904e-20
6.600935124789353722e+03 1.092313595747016899e-19 2.995984897302905134e-20
6.605941052722409040e+03 1.347688229846229470e-19 2.969165845662770139e-20
6.610946980655464358e+03 1.340989395282227394e-19 2.901208503698673451e-20
6.615952908588520586e+03 1.125531915718916207e-19 2.896681389350095353e-20
6.620958836521576814e+03 1.615605867445542170e-19 2.931279541984958088e-20
6.625964764454632132e+03 1.225877280488532973e-19 2.997936484770082552e-20
6.630970692387687450e+03 8.546581340790173658e-20 3.036655535059879678e-20
6.635976620320743677e+03 1.075796214485899265e-19 3.072091721679133642e-20
6.640982548253798996e+03 1.026326350099731805e-19 3.088762023735551597e-20
6.645988476186854314e+03 9.605372747895537413e-20 3.108918299247722870e-20
6.650994404119910541e+03 7.866915097639640571e-20 3.173687710555147419e-20
6.656000332052965859e+03 1.039187149363033083e-19 3.199470040385697700e-20
6.661006259986022087e+03 1.672542097143769139e-19 3.172672677028471144e-20
6.666012187919077405e+03 1.740044802166689015e-19 3.107757664049370011e-20
6.671018115852133633e+03 1.408993647254256003e-19 3.032005105869634250e-20
6.676024043785188951e+03 1.625268484263798619e-19 2.967013929159954889e-20
6.681029971718244269e+03 7.875918939297576117e-20 2.917596594499111887e-20
6.686035899651300497e+03 6.228635007838886147e-20 2.860726269163065696e-20
6.691041827584355815e+03 9.787043830091410879e-20 2.815771161375664316e-20
6.696047755517412043e+03 1.008478133132452711e-19 2.816035820208119515e-20
6.701053683450467361e+03 1.435314879709072519e-19 2.796914799915516057e-20
6.706059611383523588e+03 1.890695564792456542e-19 2.759073600399525242e-20
6.711065539316578906e+03 1.976175930283578465e-19 2.732477653353069890e-20
6.716071467249634225e+03 1.632589604209911533e-19 2.720901018040090257e-20
6.721077395182690452e+03 1.842180936069628463e-19 2.703866513203541922e-20
6.726083323115745770e+03 9.067350314028201319e-20 2.710370770740843869e-20
6.731089251048801998e+03 1.491237547872419087e-19 2.714116657345327996e-20
6.736095178981857316e+03 7.682014765122436257e-20 2.729509013375964182e-20
6.741101106914913544e+03 1.133301708860803387e-19 2.739123039389658091e-20
6.746107034847968862e+03 1.406382296875632123e-19 2.781728306772952444e-20
6.751112962781024180e+03 1.290490004171876317e-19 2.772727759925274497e-20
6.756118890714080408e+03 1.149159654720873996e-19 2.791212893043884391e-20
6.761124818647135726e+03 1.236231128736925530e-19 2.842553865033457975e-20
6.766130746580191044e+03 1.407907634655659859e-19 2.872236385132826871e-20
6.771136674513247272e+03 4.404446756528833287e-20 2.920554705188285366e-20
6.776142602446303499e+03 1.262436432329756225e-19 2.975225569065641463e-20
6.781148530379358817e+03 1.480119586751289452e-19 3.026931226714165642e-20
6.786154458312414135e+03 1.350398261636286474e-19 3.022438724721227580e-20
6.791160386245470363e+03 1.719700736388157033e-19 2.952961159644973257e-20
6.796166314178525681e+03 1.187698972590449349e-19 2.907660274306226975e-20
6.801172242111580999e+03 9.023562997520602606e-20 2.838660588329978896e-20
6.806178170044637227e+03 1.281284765059539669e-19 2.796753870151970351e-20
6.811184097977693455e+03 1.112270343168898961e-19 2.762945144032599840e-20
6.816190025910748773e+03 1.405621291872641259e-19 2.721345689075239627e-20
6.821195953843804091e+03 1.669053215358511523e-19 2.883235231666815821e-20
6.826201881776860318e+03 1.261746490282935180e-19 3.234939197630740899e-20
6.831207809709915637e+03 1.617369201195443286e-19 3.427805996525080307e-20
6.836213737642970955e+03 1.183509616366602658e-19 3.141224946065819415e-20
6.841219665576027182e+03 1.356029160978096784e-19 2.811356875469541223e-20
6.846225593509082501e+03 1.247312052946295170e-19 2.689915326661077405e-20
6.851231521442138728e+03 1.455345285201891934e-19 2.621438677080820264e-20
6.856237449375194046e+03 6.581269439943533805e-20 2.854221276254601616e-20
6.861243377308250274e+03 1.212469432926914827e-19 3.434698640213314585e-20
6.866249305241305592e+03 2.356697153305954767e-19 3.856019698130624561e-20
6.871255233174360910e+03 1.687431749878887824e-19 3.473551314425806115e-20
6.876261161107417138e+03 1.120948556407725858e-19 3.182681587261531235e-20
6.881267089040473365e+03 7.772976312932249002e-20 3.119038520342649537e-20
6.886273016973527774e+03 1.011618976240800261e-19 3.231935441276767401e-20
6.891278944906584002e+03 1.420168954269841394e-19 3.260100018977043399e-20
6.896284872839640229e+03 1.161056463409802584e-19 3.277740207125557030e-20
6.901290800772695547e+03 2.241618982089957622e-19 3.293661288007973512e-20
6.906296728705750866e+03 1.577481826790135183e-19 3.323433285949511514e-20
6.911302656638807093e+03 1.587574879976894195e-19 3.337801246786436830e-20
6.916308584571862411e+03 1.597046068932469806e-19 3.420548718587366960e-20
6.921314512504917730e+03 1.994306624387003070e-19 3.377828512739634245e-20
6.926320440437973957e+03 1.960625264742383483e-19 3.216454467679479948e-20
6.931326368371030185e+03 1.368965924812934290e-19 2.881949045397359126e-20
6.936332296304085503e+03 4.600417476930536135e-20 2.926623629943334935e-20
6.941338224237140821e+03 5.273959888795836240e-20 3.052394902563022524e-20
6.946344152170197049e+03 1.383954458513346507e-19 3.138630874612619942e-20
6.951350080103252367e+03 7.745623431631819960e-20 3.023683388431196346e-20
6.956356008036307685e+03 1.471386757259453281e-19 2.682902799147772544e-20
6.961361935969363913e+03 7.418374974661584171e-20 2.614963085733601907e-20
6.966367863902420140e+03 1.201443308102711512e-19 2.693216347204511398e-20
6.971373791835475458e+03 1.588937407535143742e-19 2.787268464081263305e-20
6.976379719768530776e+03 1.485495834603364956e-19 2.842693463801054520e-20
6.981385647701587004e+03 8.273904782811529037e-20 2.790436637104300825e-20
6.986391575634642322e+03 1.501929372414187316e-19 2.586746522630138252e-20
6.991397503567697640e+03 1.892955486293463502e-19 2.580270411923438309e-20
6.996403431500753868e+03 1.267924782445453410e-19 2.609452913942981910e-20
7.001409359433810096e+03 1.288114181393211849e-19 2.690230325846145842e-20
7.006415287366865414e+03 1.284782105880109433e-19 2.790537829032374062e-20
7.011421215299920732e+03 8.168066932946506452e-20 2.794339545719944708e-20
7.016427143232976960e+03 9.792491318964731049e-20 2.744694845147599415e-20
7.021433071166032278e+03 1.389790235649147477e-19 2.726469436980431684e-20
7.026438999099087596e+03 7.347075463208651312e-20 2.772224578201157225e-20
7.031444927032143823e+03 1.644418834463513955e-19 2.826983665270450197e-20
7.036450854965200051e+03 1.661564958392719445e-19 2.922945028534815091e-20
7.041456782898254460e+03 1.305790388583349749e-19 3.010997491158681981e-20
7.046462710831310687e+03 1.105613696022923156e-19 3.033949305394918223e-20
7.051468638764366915e+03 9.047600528978765252e-20 2.955269493966922105e-20
7.056474566697422233e+03 1.236249433122352766e-19 2.821148245407331466e-20
7.061480494630477551e+03 1.551469334852995097e-19 2.771047726635251204e-20
7.066486422563533779e+03 1.183940042936714185e-19 2.738441512870257137e-20
7.071492350496589097e+03 1.387097458160089795e-19 2.704203197868349430e-20
7.076498278429644415e+03 1.283953612893408816e-19 2.684219063103708594e-20
7.081504206362700643e+03 1.567153170459134395e-19 2.682909877743197134e-20
7.086510134295756870e+03 9.816261407728512224e-20 2.671628131340665507e-20
7.091516062228812189e+03 1.394898583150831608e-19 2.610999399165743517e-20
7.096521990161867507e+03 1.235313627606858585e-19 2.567318641172323524e-20
7.101527918094923734e+03 1.586245808780216494e-19 2.532490247106120728e-20
7.106533846027979052e+03 1.507934675543246814e-19 2.549397891579123662e-20
7.111539773961034371e+03 1.394048663469909025e-19 2.553774154412005843e-20
7.116545701894090598e+03 1.306780720094874642e-19 2.549790731772968400e-20
7.121551629827146826e+03 1.331323877932937123e-19 2.594081183007943272e-20
7.126557557760202144e+03 1.585153557400109235e-19 2.665297931613521386e-20
7.131563485693257462e+03 4.203151020457169989e-20 2.691914674438219189e-20
7.136569413626313690e+03 9.307448384902079967e-20 2.739857423687426339e-20
7.141575341559369008e+03 1.119725172133294905e-19 2.812259018814681267e-20
7.146581269492424326e+03 7.191271400913985814e-20 2.877740420202421531e-20
7.151587197425480554e+03 1.575554600178876631e-19 2.879533846340511492e-20
7.156593125358536781e+03 7.427112796985070778e-20 2.917940490887508725e-20
7.161599053291592099e+03 1.766711417231574758e-19 2.986278480921950955e-20
7.166604981224647418e+03 1.241831866356408162e-19 3.019717329577439675e-20
7.171610909157703645e+03 8.928591373659816206e-20 2.992761724112801746e-20
7.176616837090758963e+03 1.319282575180687017e-19 2.928202991885318961e-20
7.181622765023814281e+03 1.262497317620090040e-19 2.842398651389534255e-20
7.186628692956870509e+03 1.410087947965847460e-19 2.750325144247555318e-20
7.191634620889926737e+03 7.990067186743849944e-20 2.688438020208722977e-20
7.196640548822981145e+03 1.020285076950999462e-19 2.669715124364758675e-20
7.201646476756037373e+03 1.407340981054935700e-19 2.629956961247556809e-20
7.206652404689093601e+03 1.037941889950272658e-19 2.606944083834353646e-20
7.211658332622148919e+03 1.131987771049373505e-19 2.566566476696570353e-20
7.216664260555204237e+03 1.025130564364054120e-19 2.571736796328056699e-20
7.221670188488260465e+03 1.157302973856094602e-19 2.588542819513643221e-20
7.226676116421315783e+03 6.726298894449943354e-20 2.594981849601374937e-20
7.231682044354371101e+03 1.674070861660178387e-19 2.879751488903562964e-20
7.236687972287427328e+03 1.027929729953695505e-19 3.724736634543029086e-20
7.241693900220483556e+03 9.420798327556658071e-20 4.203025935129324920e-20
7.246699828153538874e+03 5.453854194983095638e-20 3.817576347044800038e-20
7.251705756086594192e+03 1.707459571132325693e-19 3.165582852235708873e-20
7.256711684019650420e+03 1.508549095221653641e-19 2.865016089379227523e-20
7.261717611952705738e+03 1.261281974250992508e-19 2.737636331116417834e-20
7.266723539885761056e+03 1.694589075869291465e-19 2.891299500304154464e-20
7.271729467818817284e+03 4.149353362168985828e-20 3.904156340771838858e-20
7.276735395751873511e+03 1.320434909687680299e-19 4.270472090599518461e-20
7.281741323684928830e+03 1.702168662559628620e-19 4.043208534373341606e-20
7.286747251617984148e+03 2.074655303136962084e-19 3.464228022404947044e-20
7.291753179551040375e+03 1.062992347674043890e-19 3.171458837384034195e-20
7.296759107484095694e+03 1.372768096243064074e-19 3.207269090007651534e-20
7.301765035417151012e+03 9.617954927344930704e-20 3.236250703082320392e-20
7.306770963350207239e+03 1.955669419698939903e-19 3.210617363351905231e-20
7.311776891283263467e+03 1.121901123693541769e-19 3.681808458701489581e-20
7.316782819216318785e+03 1.953481229631209487e-19 3.705686115274887622e-20
7.321788747149374103e+03 2.258434342049102447e-19 3.304364363246711157e-20
7.326794675082430331e+03 1.518759196508215733e-19 3.060213152404196033e-20
7.331800603015485649e+03 1.779810262500447408e-19 3.162203982804140008e-20
7.336806530948540967e+03 2.134134816013871291e-19 3.648203289086478299e-20
7.341812458881597195e+03 2.377066125420783262e-19 3.674745679805051192e-20
7.346818386814653422e+03 1.405153616171532516e-19 3.080435889880044375e-20
7.351824314747707831e+03 1.086290446699512333e-19 2.764926098537897269e-20
7.356830242680764059e+03 9.777722860777401341e-20 2.950025638610070089e-20
7.361836170613820286e+03 1.301149109280654453e-19 3.201663102375525736e-20
7.366842098546875604e+03 1.486248469320259829e-19 3.470140348384164569e-20
7.371848026479930923e+03 1.261961376648786399e-19 3.442440897789484112e-20
7.376853954412987150e+03 9.693767506326963281e-20 2.781838828763994658e-20
7.381859882346043378e+03 1.141622068241569226e-19 2.600717076571023533e-20
7.386865810279097786e+03 8.737824084892475637e-20 2.864391680481280191e-20
7.391871738212154014e+03 4.953298814249844879e-20 3.011773843866263518e-20
7.396877666145210242e+03 1.888512534877754012e-19 3.422673924055072666e-20
7.401883594078265560e+03 1.236065723287611794e-19 3.406617888065337916e-20
7.406889522011320878e+03 1.227867451223993810e-19 3.214989388346567135e-20
7.411895449944377106e+03 1.336943643594033718e-19 2.881034597155512222e-20
7.416901377877432424e+03 1.161423751560665003e-19 2.923768687235906996e-20
7.421907305810487742e+03 4.906597321234901828e-20 2.993880810147646214e-20
7.426913233743543969e+03 1.924656291841521023e-19 3.083447765557190590e-20
7.431919161676600197e+03 1.395385683057205689e-19 3.240836672875665588e-20
7.436925089609655515e+03 9.590174472993940089e-20 3.185078582013264673e-20
7.441931017542710833e+03 7.690662250700100494e-20 3.026763413850354057e-20
7.446936945475767061e+03 1.346710372087060875e-19 2.691400766334500514e-20
7.451942873408822379e+03 1.244677228724387291e-19 2.637439259907051281e-20
7.456948801341877697e+03 1.632366318796769553e-19 2.670781555647646109e-20
7.461954729274933925e+03 8.994998062271305717e-20 2.779968067642985008e-20
7.466960657207990153e+03 1.587355695829258395e-19 2.951530279666933011e-20
7.471966585141045471e+03 1.459215400125572431e-19 3.007789947372994599e-20
7.476972513074100789e+03 1.266168085545196129e-19 3.116190613257465530e-20
7.481978441007157016e+03 2.043182174119480203e-19 3.002039679188241145e-20
7.486984368940212335e+03 1.749224335204275361e-19 2.796914144430458292e-20
7.491990296873267653e+03 1.645843961147999076e-19 2.602936032799441748e-20
7.496996224806323880e+03 1.342304358275463137e-19 2.564453517100935667e-20
7.502002152739380108e+03 9.931898198857774926e-20 2.498460233494200297e-20
7.507008080672435426e+03 1.005620664490886696e-19 2.506085579338415943e-20
7.512014008605490744e+03 1.334295626683167069e-19 2.584562049362283724e-20
7.517019936538546972e+03 1.045718714546469767e-19 3.019001717685522589e-20
7.522025864471602290e+03 3.898390213635030492e-20 3.479158461958335522e-20
7.527031792404657608e+03 7.573745667429986688e-20 3.572025410925201404e-20
7.532037720337713836e+03 7.412986869082195745e-20 3.071089498310081790e-20
7.537043648270770063e+03 1.753850716155613811e-19 2.912891212642351737e-20
7.542049576203824472e+03 6.649809330301295005e-20 2.877435368569484956e-20
7.547055504136880700e+03 1.171444576734113817e-19 2.904022813463283399e-20
7.552061432069936927e+03 1.565187799989120310e-19 3.023899160076604278e-20
7.557067360002992245e+03 1.243220403204061928e-19 3.037542337266482869e-20
7.562073287936047564e+03 1.641112342595944372e-19 3.004225792857541109e-20
7.567079215869103791e+03 1.621647473643525810e-19 3.333100107551610828e-20
7.572085143802159109e+03 1.458755276807216379e-19 3.381147408324658202e-20
7.577091071735214427e+03 9.056672790517545014e-20 3.065562704094041876e-20
7.582096999668270655e+03 1.671290137305269923e-19 2.868653517675969441e-20
7.587102927601326883e+03 1.383644338950454618e-19 2.824788439021816055e-20
7.592108855534382201e+03 5.953660362938092858e-20 3.814360471193581746e-20
7.597114783467437519e+03 4.530470112946324830e-20 5.527071175471128490e-20
7.602120711400493747e+03 6.103867551098922403e-20 7.101924023963755823e-20
7.607126639333549065e+03 7.407002044094917610e-20 6.393169180900602407e-20
7.612132567266604383e+03 1.243646541898531327e-20 4.980513868809355922e-20
7.617138495199660611e+03 1.215527469034972466e-19 4.095044279914642893e-20
7.622144423132716838e+03 1.683708345390925019e-19 4.414450846675902775e-20
7.627150351065772156e+03 2.984411091242350341e-19 4.742144501935449162e-20
7.632156278998827474e+03 1.335971683625605056e-19 4.604110653380905710e-20
7.637162206931883702e+03 5.122843922475024979e-20 4.072108675634511944e-20
7.642168134864939020e+03 1.032189942919023617e-19 3.752506337338658755e-20
7.647174062797994338e+03 1.208892746812284054e-19 3.585563389043743382e-20
7.652179990731050566e+03 1.057160636260873874e-19 3.467518751902496826e-20
7.657185918664106794e+03 3.205100103136531107e-20 3.512360392874909151e-20
7.662191846597162112e+03 1.533834452048438321e-19 3.368865079576413470e-20
7.667197774530217430e+03 1.533518957789414049e-19 3.155572154455639288e-20
7.672203702463273657e+03 1.021028525908040105e-19 2.959232374687549022e-20
7.677209630396328976e+03 9.553925156570282208e-20 2.965741337518689974e-20
7.682215558329384294e+03 6.703113372316622564e-20 3.018420008783733617e-20
7.687221486262440521e+03 9.130121306066748365e-20 3.034591350877019319e-20
7.692227414195496749e+03 1.065961191690228809e-19 3.003639390776099751e-20
7.697233342128551158e+03 1.042849589853107423e-19 2.949543389130690537e-20
7.702239270061607385e+03 1.431100201289706493e-19 2.872730112888891823e-20
7.707245197994663613e+03 5.245494618887104625e-20 3.677438511899312308e-20
7.712251125927718931e+03 6.653975705274556492e-20 4.643956145152708365e-20
7.717257053860774249e+03 1.208822317704559040e-19 4.541368873368581352e-20
7.722262981793830477e+03 1.269627386938122644e-19 3.701359563171263578e-20
7.727268909726885795e+03 8.851779629026848525e-20 3.071936175708559716e-20
7.732274837659941113e+03 1.918697799728469398e-19 2.856938926558914740e-20
7.737280765592997341e+03 9.654752035623885185e-20 2.750756186673568673e-20
7.742286693526053568e+03 1.321736186103067418e-19 3.123344964882791052e-20
7.747292621459108886e+03 2.440010635717796029e-19 4.220517659132737042e-20
7.752298549392164205e+03 1.884766935893825164e-19 4.399374711243291380e-20
7.757304477325220432e+03 1.640014994544933850e-19 3.791480340171701318e-20
7.762310405258275750e+03 1.084296596618338414e-19 3.327232012590760083e-20
7.767316333191331069e+03 1.627475988160294460e-19 3.181542276964741302e-20
7.772322261124387296e+03 1.670093526908080417e-20 3.361798078087768327e-20
7.777328189057443524e+03 1.292689270666132060e-19 3.567203937664489084e-20
7.782334116990498842e+03 1.658588156875365470e-19 3.313372601857342955e-20
7.787340044923554160e+03 1.612466005950078592e-19 3.766554410812458142e-20
7.792345972856610388e+03 1.704460049808841058e-19 4.292138796098020588e-20
7.797351900789665706e+03 2.074924199521411389e-19 4.126061094014480755e-20
7.802357828722721024e+03 1.720092827934530401e-19 3.477629982034961449e-20
7.807363756655777252e+03 7.781488730937686563e-20 3.598894488786618274e-20
7.812369684588833479e+03 2.339651301585306978e-19 3.654408887279845515e-20
7.817375612521888797e+03 2.068580295510148845e-19 4.339736098909620882e-20
7.822381540454944115e+03 1.651019817110784113e-19 4.281060064410290127e-20
7.827387468388000343e+03 1.438533197810699781e-19 3.426361359341795824e-20
7.832393396321055661e+03 7.574807477336920049e-20 2.793778982039025240e-20
7.837399324254110979e+03 8.230013895080723047e-20 3.136543906402800749e-20
7.842405252187167207e+03 1.151817936322531560e-19 3.228290383038452659e-20
7.847411180120223435e+03 1.750381734696780407e-19 3.935376691650112567e-20
7.852417108053277843e+03 7.976665044533609446e-20 4.373369719974201332e-20
7.857423035986334071e+03 2.317893641878356744e-19 4.334159561440671406e-20
7.862428963919390299e+03 2.064799695152700681e-19 3.656858585644330227e-20
7.867434891852445617e+03 1.251908422309838884e-19 3.662649138943857223e-20
7.872440819785500935e+03 1.828619248239965550e-19 3.688605631992146908e-20
7.877446747718557162e+03 1.316767068154728104e-19 3.519610431036816905e-20
7.882452675651613390e+03 9.157520193146887373e-20 3.646345839895978171e-20
7.887458603584667799e+03 1.637099235495748180e-19 3.802422835086332320e-20
7.892464531517724026e+03 1.181509619884083968e-19 3.674382914683757715e-20
7.897470459450780254e+03 9.121031567178038517e-20 3.051786177985000224e-20
7.902476387383835572e+03 1.259569538554753443e-19 2.914562048100947186e-20
7.907482315316890890e+03 -1.043375935457034718e-20 4.213592181719955887e-20
7.912488243249947118e+03 5.997449461059621695e-20 5.009087994745963896e-20
7.917494171183002436e+03 1.018449278620133272e-19 5.219644700983314170e-20
7.922500099116057754e+03 1.862867012046043006e-19 4.163070832369004103e-20
7.927506027049113982e+03 2.176304985643720386e-19 3.984880537670334587e-20
7.932511954982170209e+03 1.240207804091305983e-19 3.765786055627400739e-20
7.937517882915225528e+03 1.376458496294696681e-19 3.272975566753692940e-20
7.942523810848280846e+03 7.379014193014442066e-20 3.230750265489818874e-20
7.947529738781337073e+03 5.832264462126422073e-20 3.370166376881428018e-20
7.952535666714392391e+03 1.968367159125332576e-19 3.173928002002101025e-20
7.957541594647447710e+03 1.465650374042834087e-19 3.447693245994981957e-20
7.962547522580503937e+03 1.059049219441092931e-19 4.098736695863337808e-20
7.967553450513560165e+03 1.968373757131829197e-19 3.993082527151503563e-20
7.972559378446615483e+03 2.231047228540129880e-19 3.291911608131344485e-20
7.977565306379670801e+03 1.640126892333813635e-19 3.363085283182026406e-20
7.982571234312727029e+03 5.352045880805768491e-20 3.304234651196297272e-20
7.987577162245782347e+03 2.649256239045666689e-19 3.800579604309917308e-20
7.992583090178837665e+03 1.440668319815080819e-19 4.194226143804377913e-20
7.997589018111893893e+03 1.826676679459265346e-19 3.933527712561502334e-20
8.002594946044950120e+03 6.413357622679908877e-20 2.818940222504835429e-20
8.007600873978005438e+03 4.988112105684099463e-20 3.008344580950108102e-20
8.012606801911060757e+03 5.845328904698842549e-20 3.272850732561411867e-20
8.017612729844116984e+03 9.089196104033281142e-20 3.537320024447404273e-20
8.022618657777172302e+03 1.497962205902799217e-19 4.082333131102465478e-20
8.027624585710227620e+03 1.304471860541608387e-19 4.127716562128959488e-20
8.032630513643283848e+03 1.070174548569797140e-19 3.343024785999928012e-20
8.037636441576340076e+03 7.177588723186474779e-20 2.920913974838713999e-20
8.042642369509394484e+03 8.009123975986117764e-20 2.949068818590011320e-20
8.047648297442450712e+03 9.653628438874049600e-20 3.254030395548862249e-20
8.052654225375506940e+03 1.819040998046193157e-19 3.387836740563539792e-20
8.057660153308562258e+03 7.400164368775448131e-20 3.757259830260857484e-20
8.062666081241617576e+03 1.602744248458849980e-19 3.716062742219905298e-20
8.067672009174673803e+03 1.398862075984044432e-19 3.278931739865768349e-20
8.072677937107729122e+03 7.856830129835738616e-20 2.899175307980432418e-20
8.077683865040784440e+03 1.248293280148657530e-19 2.883566865141591452e-20
8.082689792973840667e+03 1.149890202195708982e-19 2.827040261992999647e-20
8.087695720906896895e+03 1.367033996846145598e-19 2.860212886084901263e-20
8.092701648839952213e+03 1.221713001099167967e-19 2.868155124859068227e-20
8.097707576773007531e+03 1.708568219192511067e-19 3.008748873194137964e-20
8.102713504706063759e+03 1.663577168236306515e-19 2.957815906800115315e-20
8.107719432639119077e+03 1.319245229521110559e-19 2.836060981595237256e-20
8.112725360572174395e+03 1.032419907157495662e-19 2.646970024714159299e-20
8.117731288505230623e+03 8.992728657513523807e-20 2.656323212706158319e-20
8.122737216438286850e+03 1.022396929515233646e-19 2.699643325498647734e-20
8.127743144371342169e+03 8.588886988108046786e-20 2.731117217558311466e-20
8.132749072304397487e+03 1.337507079340570662e-19 2.800624352798837262e-20
8.137755000237453714e+03 1.579350117961552791e-19 2.844866947480232973e-20
8.142760928170509032e+03 7.964012422600039083e-20 2.943479786238139225e-20
8.147766856103564351e+03 5.645962758693914969e-20 2.892636838050244218e-20
8.152772784036620578e+03 1.499393844832230555e-19 2.827103940999527054e-20
8.157778711969676806e+03 9.141627257428610252e-20 2.781243759140371120e-20
8.162784639902732124e+03 8.129491520412480830e-20 2.808114933049165893e-20
8.167790567835787442e+03 1.585184545298711715e-19 2.835310102800093445e-20
8.172796495768843670e+03 9.094593775732658856e-20 2.856556901684914593e-20
8.177802423701898988e+03 1.382911795350616115e-19 2.901817887507619850e-20
8.182808351634954306e+03 6.616738934911446989e-20 2.969392638808530500e-20
8.187814279568010534e+03 1.434681682199101664e-19 3.032214521627987448e-20
8.192820207501066761e+03 1.046980191798390997e-19 3.023606037372298067e-20
8.197826135434121170e+03 1.135391113278850054e-19 2.933366828905964033e-20
8.202832063367177398e+03 1.336711173331758140e-19 2.878725437238863082e-20
8.207837991300233625e+03 1.083336604263849306e-19 2.851873753325546400e-20
8.212843919233288034e+03 9.691792100732520716e-20 2.813521822016497375e-20
8.217849847166344261e+03 8.123903192021523015e-20 2.764023847279527850e-20
8.222855775099400489e+03 8.409694657193540358e-20 2.734292155608700587e-20
8.227861703032456717e+03 1.011009579464029851e-19 2.710919848198856496e-20
8.232867630965511125e+03 1.476838243526419123e-19 2.704236293089919167e-20
8.237873558898567353e+03 2.373538805879699063e-19 2.761331938088580155e-20
8.242879486831623581e+03 1.817762074726015573e-19 2.798744202728591231e-20
8.247885414764677989e+03 1.374718818615555098e-19 2.795324736185726546e-20
8.252891342697734217e+03 6.662834709306786213e-20 2.779688337209926505e-20
8.257897270630790445e+03 6.552124827339254784e-20 2.746091284528359157e-20
8.262903198563846672e+03 1.045425191145838464e-19 2.745281262516798829e-20
8.267909126496901081e+03 8.448395577247610566e-20 2.767848328441970795e-20
8.272915054429957308e+03 1.215002011551755224e-19 3.285992895397891479e-20
8.277920982363013536e+03 1.134757251418954400e-19 4.088368099764951297e-20
8.282926910296067945e+03 6.418252304863383418e-20 4.815722847008006552e-20
8.287932838229124172e+03 2.659802755195711115e-19 4.633944020059042305e-20
8.292938766162180400e+03 8.299134675721057065e-20 4.944974997691377568e-20
8.297944694095236628e+03 9.300877159010166263e-20 4.758341511397812396e-20
8.302950622028291036e+03 1.440848574711590455e-19 4.370260553463546578e-20
8.307956549961347264e+03 1.610828029099165513e-19 3.684077065656761039e-20
8.312962477894403492e+03 2.011273723050940685e-19 3.664754456083055983e-20
8.317968405827457900e+03 1.068831298745535004e-19 3.260751449590228973e-20
8.322974333760514128e+03 1.305238664233915427e-19 3.062806336270044847e-20
8.327980261693570355e+03 8.485342963320367640e-20 2.968487780431683447e-20
8.332986189626626583e+03 1.129054314631138345e-19 3.082900623002061860e-20
8.337992117559680992e+03 2.081533499521986427e-19 5.033061632874798153e-20
8.342998045492737219e+03 8.703019690052191613e-20 6.178321294912819789e-20
8.348003973425793447e+03 1.522928840988144987e-19 6.279394679834997790e-20
8.353009901358847856e+03 1.733510582136743056e-19 4.365722453222022569e-20
8.358015829291904083e+03 1.566396946564666187e-19 3.892989408344630313e-20
8.363021757224960311e+03 1.362697809515713713e-19 3.437550308476527233e-20
8.368027685158016538e+03 1.235257873504984740e-19 3.248708027653756346e-20
8.373033613091070947e+03 1.084493174886906300e-19 2.994339361337030753e-20
8.378039541024127175e+03 1.256848080821697102e-19 3.599286169345335188e-20
8.383045468957181583e+03 6.893868483165985984e-20 3.630014557678306463e-20
8.388051396890237811e+03 8.089590496747072208e-20 3.202126823606500275e-20
8.393057324823294039e+03 1.250278370701909044e-19 4.386127871486156153e-20
8.398063252756350266e+03 1.560661563029638574e-19 5.001809034625847386e-20
8.403069180689406494e+03 9.861831560460576571e-20 4.588913713130899855e-20
8.408075108622460903e+03 9.271722856818195708e-20 3.455229070448249067e-20
8.413081036555517130e+03 -5.657053369454917790e-20 3.856249916039466676e-20
8.418086964488571539e+03 1.263678257993045773e-19 3.928795685345965276e-20
8.423092892421627766e+03 1.455038388814554085e-19 4.540651971811327216e-20
8.428098820354683994e+03 1.193856178916770629e-19 5.854643209842244117e-20
8.433104748287740222e+03 3.435879174591006578e-19 5.758614395893245203e-20
8.438110676220796449e+03 1.940932771903196290e-19 3.747322810529597705e-20
8.443116604153850858e+03 8.791560527617739645e-20 3.498333811360529360e-20
8.448122532086907086e+03 1.930464849000205039e-19 4.304702610218040881e-20
8.453128460019961494e+03 1.844061945237564116e-19 4.249552875617329513e-20
8.458134387953017722e+03 1.967436880900459129e-19 4.576516562728448634e-20
8.463140315886073950e+03 5.804672792348824543e-20 5.194871793665768732e-20
8.468146243819130177e+03 1.303089658182373208e-19 4.904396471304619312e-20
8.473152171752186405e+03 1.533280071464837644e-19 3.171919217279194800e-20
8.478158099685240813e+03 1.137521798667369389e-19 2.876826912858958927e-20
8.483164027618297041e+03 1.249117609230183270e-19 2.830551767137615687e-20
8.488169955551351450e+03 1.846708537220262831e-19 3.301405018745326379e-20
8.493175883484407677e+03 1.464581026834837725e-19 3.424896915977606120e-20
8.498181811417463905e+03 3.548242631687361082e-20 3.791090997414227422e-20
8.503187739350520133e+03 2.993208338716638047e-20 3.915152669706880891e-20
8.508193667283574541e+03 1.761788538947374706e-19 3.712053884979230809e-20
8.513199595216630769e+03 9.742983736314043413e-20 2.872335033954640294e-20
8.518205523149686996e+03 4.073032874247561605e-20 2.757540205191188230e-20
8.523211451082741405e+03 1.175601312087085158e-19 2.779374281617370999e-20
8.528217379015797633e+03 8.176552689553110720e-20 2.813595978083345030e-20
8.533223306948853860e+03 7.541599296125326495e-20 3.063905099774327469e-20
8.538229234881910088e+03 2.365283925132201796e-20 3.235202767393467962e-20
8.543235162814964497e+03 1.366253472072024757e-19 3.606573006369670088e-20
8.548241090748020724e+03 1.034806136674564575e-19 3.665112940983003805e-20
8.553247018681076952e+03 1.271050058889112694e-19 3.500318208094296929e-20
8.558252946614131361e+03 8.966764005117339561e-20 3.081482370735186611e-20
8.563258874547187588e+03 1.325498844530242111e-19 3.102253560464442023e-20
8.568264802480243816e+03 5.327779314108031143e-20 3.188661515271441573e-20
8.573270730413300043e+03 7.001891095880171060e-20 3.220441914095909501e-20
8.578276658346354452e+03 1.061734101534587835e-19 3.143163065556170609e-20
8.583282586279410680e+03 5.180828623777294262e-20 3.176093920000242448e-20
8.588288514212466907e+03 4.050269768940031818e-20 3.214897592857018821e-20
8.593294442145521316e+03 5.799660692136985473e-20 3.248360758310260295e-20
8.598300370078577544e+03 1.078653714060389330e-19 3.144336316900833641e-20
8.603306298011633771e+03 3.544044012806964993e-20 3.000452000093974547e-20
8.608312225944689999e+03 1.065229592631009900e-19 3.133679798292847861e-20
8.613318153877744408e+03 1.237063010735643020e-19 3.585385069471354272e-20
8.618324081810800635e+03 1.614790896000499865e-19 4.165602753473959054e-20
8.623330009743856863e+03 2.570061502504688921e-20 4.672873080690381146e-20
8.628335937676911271e+03 1.324623771220280277e-19 4.870239617930203779e-20
8.633341865609967499e+03 1.407032849988261391e-19 4.659925200667878759e-20
8.638347793543023727e+03 1.145799917188530247e-19 4.126607583182515357e-20
8.643353721476079954e+03 7.695947777910846387e-20 3.846318886613716298e-20
8.648359649409134363e+03 1.823273751181739843e-19 4.250123308597927892e-20
8.653365577342190591e+03 1.605628765844787504e-19 4.796760911232266232e-20
8.658371505275246818e+03 1.377460242372556524e-19 4.909055313710374693e-20
8.663377433208301227e+03 2.353395871894429898e-19 4.820378512663008118e-20
8.668383361141357454e+03 1.117175010736405865e-19 4.566544916208288564e-20
8.673389289074413682e+03 9.182888218942714999e-20 4.257644280245435113e-20
8.678395217007469910e+03 1.396454837821553128e-19 3.973408564115973610e-20
8.683401144940524318e+03 1.804626991786539456e-19 3.739563050189171500e-20
8.688407072873580546e+03 4.288978240663334284e-20 3.580818134475780589e-20
8.693413000806636774e+03 1.447108412317246055e-19 3.530961565232690289e-20
8.698418928739691182e+03 1.512943932063467361e-19 3.559205439260554812e-20
8.703424856672747410e+03 6.177398767204819256e-20 3.545934672150262372e-20
8.708430784605803638e+03 1.472764769593824177e-19 3.397502131353749775e-20
8.713436712538859865e+03 1.086503652433716999e-19 3.266662916789510760e-20
8.718442640471914274e+03 5.161658032857801102e-20 3.178233313094726255e-20
8.723448568404970501e+03 1.140775783801461163e-19 3.166333017689592488e-20
8.728454496338024910e+03 1.076339220619884417e-19 3.127758169124284932e-20
8.733460424271081138e+03 3.042458101980159952e-20 3.098313395864836142e-20
8.738466352204137365e+03 1.357299804308742022e-19 3.089345800787436052e-20
8.743472280137193593e+03 8.772547128984109391e-20 3.048250188656551160e-20
8.748478208070249821e+03 1.185702875930012618e-19 3.079713432062218975e-20
8.753484136003304229e+03 1.236558475716322499e-19 4.072983880468434990e-20
8.758490063936360457e+03 1.328701859101425396e-19 5.337736669942652662e-20
8.763495991869414866e+03 2.013883397915760986e-19 6.351724003054253917e-20
8.768501919802471093e+03 1.320575583923684471e-19 5.897845540274414864e-20
8.773507847735527321e+03 1.372025246006968192e-19 6.051634190269474927e-20
8.778513775668583548e+03 8.977533579237307136e-21 5.642980640841504790e-20
8.783519703601639776e+03 1.943578118671472582e-19 4.719695707865141016e-20
8.788525631534694185e+03 1.065788759053891613e-19 4.123538333751928923e-20
8.793531559467750412e+03 1.216685373149307962e-19 4.111177710255948799e-20
8.798537487400804821e+03 9.896600025972459263e-20 3.438242761086574829e-20
8.803543415333861049e+03 8.169219870865618997e-20 3.351518912418202272e-20
8.808549343266917276e+03 1.442030416672343466e-19 3.473789955773421643e-20
8.813555271199973504e+03 7.356629333218976678e-20 3.550440934928997605e-20
8.818561199133029731e+03 8.397843649534448469e-20 5.287777660384757230e-20
8.823567127066084140e+03 4.129011623843090393e-20 8.446553154148101100e-20
8.828573054999140368e+03 2.309889610853605728e-19 9.013589997686014534e-20
8.833578982932194776e+03 2.863118684799878217e-19 7.179452664082669463e-20
8.838584910865251004e+03 2.027185666950126515e-19 5.563853907147886961e-20
8.843590838798307232e+03 2.317161349092761770e-19 4.328013015497359793e-20
8.848596766731363459e+03 8.800398756820967593e-20 4.096457574060277167e-20
8.853602694664417868e+03 6.995678182209777754e-20 3.833000707644148665e-20
8.858608622597474096e+03 1.521617250481448119e-19 3.729433958285404371e-20
8.863614550530530323e+03 7.499520175893924334e-20 4.678674508501562905e-20
8.868620478463584732e+03 1.651531396360415229e-19 4.648240145541314550e-20
8.873626406396640959e+03 1.374718555495011633e-19 3.840706548793325156e-20
8.878632334329697187e+03 8.318885163677968271e-20 5.127016806007674799e-20
8.883638262262753415e+03 -2.029209041338078660e-20 6.572351627360870988e-20
8.888644190195807823e+03 2.146959067545989016e-20 6.276324269024854429e-20
8.893650118128864051e+03 1.443661758333820896e-19 4.226520090956142474e-20
8.898656046061920279e+03 1.182781211163067456e-19 4.823872377158685709e-20
8.903661973994974687e+03 8.641410621271203394e-20 5.022137124778610200e-20
8.908667901928030915e+03 9.169052828190210435e-20 4.505050161532595332e-20
8.913673829861087142e+03 2.426101535518751511e-19 6.290565051859735802e-20
8.918679757794143370e+03 2.811925193800508664e-19 7.252875724501297702e-20
8.923685685727199598e+03 2.248562523826395624e-19 6.521295461882278277e-20
8.928691613660254006e+03 1.620577951697117726e-19 3.889047051782145800e-20
8.933697541593308415e+03 1.104051476981187468e-19 3.768520574079198493e-20
8.938703469526364643e+03 2.538777698539529757e-19 4.958280074261268976e-20
8.943709397459420870e+03 1.281355495912157923e-19 5.254342365706216168e-20
8.948715325392477098e+03 1.250800119300305718e-19 5.216960458624969095e-20
8.953721253325533326e+03 7.385646390403990940e-20 6.913249062861668270e-20
8.958727181258589553e+03 9.804628833556782861e-20 7.220970406158846595e-20
8.963733109191643962e+03 2.129123946591673176e-19 5.508040292102651168e-20
8.968739037124698370e+03 3.724834363415250808e-20 3.841896678347574462e-20
8.973744965057754598e+03 1.230948780286183578e-19 3.799649462031241394e-20
8.978750892990810826e+03 1.843383718849560326e-19 3.948197562134744735e-20
8.983756820923867053e+03 2.323570869183125159e-20 4.630707074756228945e-20
8.988762748856923281e+03 3.235862161121960742e-20 4.666218793568290143e-20
8.993768676789977690e+03 1.273455113061099852e-19 4.892000868215418882e-20
8.998774604723033917e+03 1.224371497795196901e-19 5.418434150035318380e-20
9.003780532656088326e+03 1.286065235998269464e-19 5.260126139089769848e-20
9.008786460589144554e+03 1.453963379522949112e-19 3.769066027011576031e-20
9.013792388522200781e+03 8.451691540338279105e-20 3.417478203574477013e-20
9.018798316455257009e+03 3.449537210000614447e-20 3.488575396241274769e-20
9.023804244388313236e+03 9.488544264449765667e-20 3.543798913609314994e-20
9.028810172321367645e+03 7.803590100826334661e-20 3.570631558999542297e-20
9.033816100254423873e+03 4.844751541772621193e-20 4.045815659344842395e-20
9.038822028187478281e+03 1.446681211969881686e-19 4.229033233242947978e-20
9.043827956120534509e+03 1.280863194736182296e-19 4.674020413062560564e-20
9.048833884053590737e+03 1.542470374395350438e-19 4.871459618987641034e-20
9.053839811986646964e+03 1.620365662147486016e-19 4.587716409695655687e-20
9.058845739919703192e+03 1.199610023121104917e-19 3.942955770902020033e-20
9.063851667852757600e+03 8.142414130507918700e-20 3.967950554309254243e-20
9.068857595785813828e+03 1.042365545303807311e-19 4.028566053767963380e-20
9.073863523718868237e+03 7.998115282179829474e-20 4.044278184643986420e-20
9.078869451651924464e+03 7.710086504557508000e-20 4.157187759676354199e-20
9.083875379584980692e+03 5.690294087042373080e-20 4.295793532590081410e-20
9.088881307518036920e+03 3.622739011645134247e-20 4.427275366425665818e-20
9.093887235451093147e+03 8.707785202739148431e-20 4.354657523070386574e-20
9.098893163384147556e+03 7.126182046079829216e-20 4.461771250078758779e-20
9.103899091317203784e+03 1.442623714991572855e-19 4.377594729122110321e-20
9.108905019250258192e+03 5.207149841963616961e-20 4.061733618541175558e-20
9.113910947183314420e+03 1.112602692085126124e-19 3.806399475327289833e-20
9.118916875116370647e+03 4.077824722305561318e-20 3.730543183516712376e-20
9.123922803049426875e+03 4.281030300274286478e-20 3.690178786859798041e-20
9.128928730982483103e+03 1.021836717329718278e-19 3.782175831040726581e-20
9.133934658915537511e+03 6.182434350928539648e-20 3.894985652125781429e-20
9.138940586848593739e+03 1.050840666666529244e-19 3.850072975554939775e-20
9.143946514781648148e+03 3.207801490072187724e-20 3.802481196062443263e-20
9.148952442714704375e+03 2.039301890177470402e-20 3.937661724256805478e-20
9.153958370647760603e+03 6.795832636443271942e-20 4.196699924727462286e-20
9.158964298580816831e+03 3.303473584519223241e-21 4.181052840512373696e-20
9.163970226513873058e+03 7.833170032151023201e-20 4.050948531457783958e-20
9.168976154446927467e+03 8.913943249704239680e-20 3.879276427294042928e-20
9.173982082379983694e+03 8.140772949139338955e-20 3.858962190503064242e-20
9.178988010313038103e+03 4.004837057228257238e-20 3.814792621714620387e-20
9.183993938246094331e+03 -1.310702672702611163e-20 3.892422649102449936e-20
9.188999866179150558e+03 8.035426453685766550e-20 4.027886753071409208e-20
9.194005794112206786e+03 4.427496585804693086e-21 4.169307037558469664e-20
9.199011722045263014e+03 1.196569866804588598e-19 4.281769318329566553e-20
9.204017649978317422e+03 6.049496835053830710e-20 4.370329432574221293e-20
9.209023577911373650e+03 7.974033823452800722e-20 4.550970397051328954e-20
9.214029505844428058e+03 6.609989378637959861e-20 4.741089282236931346e-20
9.219035433777484286e+03 7.778830278239217375e-20 4.905905340943877598e-20
9.224041361710540514e+03 8.006274593532233263e-20 4.709561957153964144e-20
9.229047289643596741e+03 6.686927184837247963e-20 4.336600489537436684e-20
9.234053217576652969e+03 1.403339450472705482e-19 4.023265776644038580e-20
9.239059145509707378e+03 1.018865201243316194e-19 4.012127295701617841e-20
9.244065073442761786e+03 9.081853828757522651e-20 4.152230746318753676e-20
9.249071001375818014e+03 8.926752300763074453e-20 4.268243197385171657e-20
9.254076929308874242e+03 5.374674443994524444e-20 4.170170301896738443e-20
9.259082857241930469e+03 4.154010618328170804e-20 4.084720222312531013e-20
9.264088785174986697e+03 1.045725905595098829e-19 4.107639822221539280e-20
9.269094713108042924e+03 9.035166892561213392e-20 4.164583713250096075e-20
9.274100641041097333e+03 1.223241850496998820e-19 4.249479186769527777e-20
9.279106568974151742e+03 1.083989854833203477e-19 4.382871316322145574e-20
9.284112496907207969e+03 1.312620651775957348e-19 4.476339136651166273e-20
9.289118424840264197e+03 1.624496222036380155e-19 4.684115542299620736e-20
9.294124352773320425e+03 5.651837299368730789e-20 4.933599012443421660e-20
9.299130280706376652e+03 1.084186572311678186e-19 6.664829506893832107e-20
9.304136208639432880e+03 2.115385005910669833e-19 9.610255863213841528e-20
9.309142136572487289e+03 1.474560108344596794e-19 1.183732172309170594e-19
9.314148064505541697e+03 1.709088304642166870e-19 1.184225681272595516e-19
9.319153992438597925e+03 4.036086336568432874e-19 1.219334493717383767e-19
9.324159920371654152e+03 2.963200979834988230e-19 1.160245453943868559e-19
9.329165848304710380e+03 2.971874098058569560e-19 9.717847482643076939e-20
9.334171776237766608e+03 8.672302937515418015e-20 8.680894410948412944e-20
9.339177704170821016e+03 2.383803926500443034e-19 8.918138973376007449e-20
9.344183632103877244e+03 1.738139534514712632e-19 8.279346768187992989e-20
9.349189560036931653e+03 7.685857379789033217e-20 7.284421501110513956e-20
9.354195487969987880e+03 3.228460304019699692e-20 7.056360154010409411e-20
9.359201415903044108e+03 1.598592650772040694e-20 6.560006553023167354e-20
9.364207343836100335e+03 3.935252654473615813e-20 7.310861270707761872e-20
9.369213271769156563e+03 -3.680983615507337800e-20 1.348523619549447968e-19
9.374219199702210972e+03 3.440302701751039514e-19 1.561305182559345223e-19
9.379225127635267199e+03 4.351755175976205923e-19 1.301836414553076227e-19
9.384231055568321608e+03 3.093135639304333204e-19 7.495983577176798407e-20
9.389236983501377836e+03 9.198958823703478804e-20 5.865380238812664753e-20
9.394242911434434063e+03 3.910608748738051308e-20 5.846932556050137229e-20
9.399248839367490291e+03 3.751941734426832154e-20 6.642006750886839901e-20
9.404254767300546519e+03 1.462534462923755112e-19 6.582827740875311024e-20
9.409260695233600927e+03 1.887816490458064895e-19 5.951345660928058866e-20
9.414266623166657155e+03 1.649630301828847136e-19 7.145235896209961880e-20
9.419272551099711563e+03 1.627972512130493892e-19 8.255386753131566342e-20
9.424278479032767791e+03 1.890873605041988733e-19 8.147097293408778993e-20
9.429284406965824019e+03 1.688683654520628927e-19 7.525919281710073295e-20
9.434290334898880246e+03 -7.401478902279210367e-21 1.140150211520215658e-19
9.439296262831936474e+03 -1.810326280804551071e-19 1.309676680442282789e-19
9.444302190764990883e+03 2.123688435496145173e-19 1.079752403431603921e-19
9.449308118698047110e+03 1.822096107070913627e-19 8.033123867511691376e-20
9.454314046631101519e+03 2.062873923088138566e-19 9.932056467411389442e-20
9.459319974564157746e+03 -1.556487832230873587e-19 9.999841396515501587e-20
9.464325902497213974e+03 -2.306776544004183177e-20 8.315782141406812156e-20
9.469331830430270202e+03 4.653696500131664884e-20 9.934066132082830388e-20
9.474337758363326429e+03 2.769540081218630691e-19 1.311730551593319120e-19
9.479343686296380838e+03 4.162976710710930626e-19 1.236038751422876047e-19
9.484349614229437066e+03 3.681080016922503972e-19 7.956500892183334550e-20
9.489355542162491474e+03 1.066393828833705355e-19 6.465727258134484329e-20
9.494361470095547702e+03 1.028318532899607054e-19 7.925153536829890491e-20
9.499367398028603930e+03 2.192008029085616862e-19 9.738553455562807653e-20
9.504373325961660157e+03 -5.492474913733570935e-20 8.700656678571168123e-20
9.509379253894716385e+03 1.238810735430940627e-19 7.224297976099877319e-20
9.514385181827770793e+03 2.273622033621682830e-19 9.448020708739218044e-20
9.519391109760827021e+03 -1.183068851311774155e-20 1.043425583531790464e-19
9.524397037693881430e+03 1.882791947122400710e-19 8.613823563496336051e-20
9.529402965626937657e+03 8.752474933099657067e-20 6.415619503107533646e-20
9.534408893559993885e+03 3.152516715565452404e-20 6.216321839188519888e-20
9.539414821493050113e+03 5.404116168412232275e-20 6.407359657935269488e-20
9.544420749426106340e+03 3.184207166466918455e-20 7.126662377851438480e-20
9.549426677359160749e+03 1.007970752222840625e-19 8.208455210806173559e-20
9.554432605292216977e+03 1.336402652380846392e-19 8.382575022446724054e-20
9.559438533225271385e+03 1.638124058139792177e-19 8.547715158399711778e-20
9.564444461158327613e+03 2.014464816252814500e-19 1.055530664965215292e-19
9.569450389091383840e+03 2.132510377908396216e-19 1.055406472393484601e-19
9.574456317024440068e+03 2.073790562865732775e-19 7.838587492732427634e-20
9.579462244957496296e+03 4.741361745681091457e-20 6.722143954893871544e-20
9.584468172890550704e+03 -3.241877947870539200e-20 6.660196996334014814e-20
9.589474100823605113e+03 1.059179288457325941e-19 6.952488807556310593e-20
9.594480028756661341e+03 1.096904848035891370e-19 7.055642567917150552e-20
9.599485956689717568e+03 2.780392666855686607e-20 7.405055867319922125e-20
9.604491884622773796e+03 7.700373977927668787e-20 7.940226658171096119e-20
9.609497812555830023e+03 2.117433468440089588e-19 7.884369041862766960e-20
9.614503740488886251e+03 -6.667588283666244271e-21 7.741067909045524523e-20
9.619509668421940660e+03 4.497273089256208577e-20 8.015696351304046603e-20
9.624515596354995068e+03 -2.926711548976350931e-20 7.753898070837935916e-20
9.629521524288051296e+03 6.611610846217014938e-20 6.800708395523646215e-20
9.634527452221107524e+03 -1.235541442516252985e-20 6.613107991492180518e-20
9.639533380154163751e+03 7.774508584942968800e-20 6.355000376176707994e-20
9.644539308087219979e+03 3.527128388258056920e-20 6.121783089059442269e-20
9.649545236020274388e+03 3.807179554121509709e-20 6.090559851570056420e-20
9.654551163953330615e+03 2.662673452582312896e-20 6.316816746943263010e-20
9.659557091886385024e+03 4.057147087180976242e-20 6.783992471296314390e-20
9.664563019819441251e+03 -1.535155547071018500e-20 7.425018121602749888e-20
9.669568947752497479e+03 -5.907843831844982773e-20 7.531510746007277155e-20
9.674574875685553707e+03 1.883063950067122033e-19 7.646551587295512149e-20
9.679580803618609934e+03 1.101982294437817739e-19 8.098391061003730599e-20
9.684586731551664343e+03 -1.848040147383956019e-20 8.333651616303221606e-20
9.689592659484720571e+03 4.912807499706399287e-20 7.930335944880024468e-20
9.694598587417774979e+03 -5.673236966566981050e-21 8.883193088659382879e-20
9.699604515350831207e+03 8.731566099996338982e-20 8.811301161771639829e-20
9.704610443283887435e+03 1.201281865478455858e-19 8.480072225765990060e-20
9.709616371216943662e+03 5.686460829855135450e-20 8.535830466281567579e-20
9.714622299149999890e+03 2.600981249755072434e-19 1.031724469210531702e-19
9.719628227083054298e+03 2.329085843506217541e-19 1.055834482607600418e-19
9.724634155016110526e+03 1.323858417039247112e-19 9.528404293196039876e-20
9.729640082949164935e+03 2.071781387926858931e-20 8.557113353615153962e-20
9.734646010882221162e+03 1.323521131115773029e-19 8.753449513818654214e-20
9.739651938815277390e+03 3.275719419884335969e-20 8.667133699572092135e-20
9.744657866748333618e+03 3.902643812873111904e-20 8.103625228001397255e-20
9.749663794681389845e+03 1.479173139505155791e-19 7.768110102544032469e-20
9.754669722614444254e+03 7.382678460881886626e-20 7.559797424982512955e-20
9.759675650547500481e+03 1.446566984453661896e-19 7.506476126177338101e-20
9.764681578480554890e+03 4.440995137592114606e-20 7.318618087720925931e-20
9.769687506413611118e+03 2.462029110496746250e-20 7.011022396198274199e-20
9.774693434346667345e+03 9.531461641961620335e-20 6.945880544109004347e-20
9.779699362279723573e+03 8.228518036980275293e-20 7.670048535165498646e-20
9.784705290212779801e+03 1.115828291765953562e-19 1.062366368016653708e-19
9.789711218145834209e+03 8.040547477198254659e-20 1.241762411887533811e-19
9.794717146078890437e+03 5.657094582974295442e-20 1.213320543115532446e-19
9.799723074011944846e+03 1.913232267394261151e-19 1.002039055762259265e-19
9.804729001945001073e+03 2.000274826452223479e-19 9.156178398547662126e-20
9.809734929878057301e+03 3.214873521291808682e-19 8.592391287543505952e-20
9.814740857811113528e+03 1.181352865747148234e-19 8.673873989932538116e-20
9.819746785744169756e+03 1.655740155716937567e-19 8.433689954182347542e-20
9.824752713677224165e+03 1.408319026239238395e-19 8.537792359837989161e-20
9.829758641610280392e+03 1.119338911764529667e-19 8.665621590290893072e-20
9.834764569543334801e+03 2.270683030626738528e-20 8.442444797140278612e-20
9.839770497476391029e+03 3.977405515334729373e-20 8.658623629711460655e-20
9.844776425409447256e+03 1.721407485902106915e-20 9.747999905149004739e-20
9.849782353342503484e+03 -9.724493111315797559e-20 1.002453043409822537e-19
9.854788281275559712e+03 5.271813612060570705e-20 9.298617068488549752e-20
9.859794209208614120e+03 1.262163299834431423e-19 9.057500221748564291e-20
9.864800137141670348e+03 3.259331625179850589e-19 1.092508893979811874e-19
9.869806065074724756e+03 3.984963294221549116e-19 1.279572245428635344e-19
9.874811993007780984e+03 2.502850581796667359e-20 1.212535521304081850e-19
9.879817920940837212e+03 1.466708233677590688e-19 9.597205966014209851e-20
9.884823848873893439e+03 2.260805865183760948e-19 9.006323683857696049e-20
9.889829776806949667e+03 4.794664474807097896e-21 9.939695064944407202e-20
9.894835704740004076e+03 2.337413110537169500e-19 1.019730566800054201e-19
9.899841632673058484e+03 2.147364913293227227e-19 9.602907422580991862e-20
9.904847560606114712e+03 2.216469874663477046e-19 9.374626822080397280e-20
9.909853488539170939e+03 2.609850917965057656e-19 1.151854911441952106e-19
9.914859416472227167e+03 3.775040549102071682e-19 1.222267389204139208e-19
9.919865344405283395e+03 4.110628735115471066e-19 1.083313748671499567e-19
9.924871272338339622e+03 7.860961457732802096e-20 9.002903485613129110e-20
9.929877200271394031e+03 1.691551317617487014e-19 9.231133645490927444e-20
9.934883128204448440e+03 -6.639594602018740666e-20 1.108913412257135813e-19
9.939889056137504667e+03 8.754110921079521339e-20 1.435612507328003783e-19
9.944894984070560895e+03 -2.560456748925943631e-19 1.635098567999337676e-19
9.949900912003617123e+03 1.081394777626674523e-19 1.595104041916773442e-19
9.954906839936673350e+03 3.025527193676051460e-19 1.535828440053828056e-19
9.959912767869729578e+03 -1.711972232353346110e-19 1.555005890722025121e-19
9.964918695802783986e+03 2.214271291936422838e-19 1.400504691677491217e-19
9.969924623735838395e+03 -7.269563225912331492e-20 1.279101478984407807e-19
9.974930551668894623e+03 1.149916951172836119e-19 1.249863444154088512e-19
9.979936479601950850e+03 3.975528714293995598e-20 1.175230403647411084e-19
9.984942407535007078e+03 7.075538745739359469e-22 1.097205888789228098e-19
9.989948335468063306e+03 -4.305425970230522881e-20 1.081477265047394528e-19
9.994954263401117714e+03 1.391989242911370813e-19 1.120514142815835430e-19
9.999960191334173942e+03 5.275155708403883980e-20 1.179526495151138832e-19
1.000496611926722835e+04 8.784053343620634399e-20 1.391065199073701999e-19
1.000997204720028458e+04 4.574589480961640764e-19 1.690564009653323766e-19
1.001497797513334081e+04 9.206043504628825641e-20 1.678011907028110568e-19
1.001998390306639703e+04 4.897250480013832664e-19 1.459896617886130492e-19
1.002498983099945326e+04 2.663259176302532087e-19 1.295898811301218414e-19
1.002999575893250767e+04 1.655363671081379458e-19 1.212467112564276047e-19
1.003500168686556390e+04 1.609000027107340437e-19 1.125865071018034762e-19
1.004000761479861831e+04 5.237006008531385812e-20 1.172608770689631077e-19
1.004501354273167453e+04 4.106722011460104335e-20 1.215254039805348619e-19
1.005001947066473076e+04 1.127722450294930802e-19 1.211517813311166771e-19
1.005502539859778699e+04 2.090174827765373118e-19 1.255386304038953019e-19
1.006003132653084322e+04 1.215080619264177877e-19 1.318992948385137118e-19
1.006503725446389763e+04 3.713198111678358522e-19 1.350367408199132420e-19
1.007004318239695385e+04 -5.068841046896453761e-20 1.322042963791749731e-19
1.007504911033000826e+04 1.632754863209428441e-19 1.444405214216948704e-19
1.008005503826306449e+04 2.007847920383456186e-19 1.653870011134203457e-19
1.008506096619612072e+04 -1.677361297577170825e-19 1.694974272639928223e-19
1.009006689412917694e+04 5.619751663004090519e-20 1.504771043893056889e-19
1.009507282206223317e+04 -7.147078019464638960e-20 1.441093559909025111e-19
1.010007874999528758e+04 8.315517176657341299e-20 1.579450636194737657e-19
1.010508467792834381e+04 2.002467860297731385e-19 1.624328548041500570e-19
1.011009060586139822e+04 1.566135186945060236e-19 1.541498359271400712e-19
1.011509653379445444e+04 2.579959698449642509e-19 1.576650968119900205e-19
1.012010246172751067e+04 1.436538914119018539e-19 1.764150480742376033e-19
1.012510838966056690e+04 -1.978307175752748614e-19 1.799588437186199521e-19
1.013011431759362313e+04 1.632629741180778758e-19 1.650774343914324837e-19
1.013512024552667754e+04 1.017547831467326864e-19 1.522617630086211699e-19
1.014012617345973376e+04 1.273983386062851241e-19 1.595207452537953288e-19
1.014513210139278817e+04 2.164599642985436476e-19 1.740471152185223910e-19
1.015013802932584440e+04 1.391937892383780748e-19 1.855099481160071423e-19
1.015514395725890063e+04 -6.919721933575637352e-20 1.909349395077099315e-19
1.016014988519195686e+04 -7.522085218235983598e-21 1.787819223974663995e-19
1.016515581312501308e+04 2.222101873362444799e-19 1.870463319062428843e-19
1.017016174105806749e+04 4.051556860309824749e-19 2.094178425526538773e-19
1.017516766899112372e+04 1.937386174889170040e-21 2.155655927873960679e-19
1.018017359692417813e+04 3.641742070244772150e-19 1.961219305279832236e-19
1.018517952485723436e+04 6.592937805141490469e-20 1.891357245871419008e-19
1.019018545279029058e+04 -2.356901895212069026e-19 1.912444614457826090e-19
1.019519138072334681e+04 1.049282144335181046e-19 1.893111293490824090e-19
1.020019730865640304e+04 -1.098374932293463351e-19 1.885377611132089515e-19
1.020520323658945745e+04 1.579057685556234586e-19 2.005161484650338773e-19
1.021020916452251367e+04 7.543517920632808404e-20 2.110281926134147408e-19
1.021521509245556808e+04 4.500798192692443660e-19 2.151237258364752549e-19
1.022022102038862431e+04 2.378250025082493787e-19 2.115728057530857846e-19
1.022522694832168054e+04 -4.200104334578547181e-20 2.201849018769502395e-19
1.023023287625473677e+04 2.394866022486419725e-19 2.180531185425968990e-19
1.023523880418779299e+04 8.639625000996648736e-20 2.044039709948744727e-19
1.024024473212084740e+04 1.957010017469705258e-19 1.905206239634092887e-19
1.024525066005390181e+04 8.305063444446308007e-21 1.834871371545067598e-19
1.025025658798695804e+04 -5.839214736665518746e-20 1.779801241301488414e-19
1.025526251592001427e+04 -8.464154810244351300e-21 1.780455461175866618e-19
1.026026844385307049e+04 -1.276872233937743386e-19 1.815408560818904183e-19
1.026527437178612672e+04 6.223882509803512698e-20 1.884390793154035125e-19
1.027028029971918295e+04 1.345484696773105824e-19 1.917411442167731627e-19
1.027528622765223736e+04 1.237830589274963264e-19 1.945025494873464364e-19
1.028029215558529177e+04 2.660134211389027834e-20 2.083217985666879500e-19
1.028529808351834799e+04 -4.581359862377422291e-19 2.230381336936958303e-19
1.029030401145140422e+04 -3.119231859671063731e-19 2.211211736725462639e-19
1.029530993938446045e+04 -1.452768276516309394e-20 2.100829647377739214e-19
