#  wl flam flam_err
4.803806996822357178e+03 3.368692327956788121e-21 8.625631963317860574e-19
4.808812924755412496e+03 3.372123643085235447e-21 7.737080993394925480e-19
4.813818852688468723e+03 3.356836343353029419e-21 7.000055649258827843e-19
4.818824780621524042e+03 3.342020869421132506e-21 6.139729697429042476e-19
4.823830708554580269e+03 3.327667457974113382e-21 5.499715627025440604e-19
4.828836636487635587e+03 3.313766462120560894e-21 4.916623422458642089e-19
4.833842564420691815e+03 3.300308350740070435e-21 4.501034328318229313e-19
4.838848492353747133e+03 3.287283707811163230e-21 4.132479287884500305e-19
4.843854420286802451e+03 3.274683231862179259e-21 3.747479550257107892e-19
4.848860348219858679e+03 3.262497735307007089e-21 3.308406405816531195e-19
4.853866276152913997e+03 3.250718143808827342e-21 2.982268809762002488e-19
4.858872204085970225e+03 3.239335495701174012e-21 2.675335809962211620e-19
4.863878132019025543e+03 3.228340941269351201e-21 2.539836057988349037e-19
4.868884059952080861e+03 3.217648060986360706e-21 2.469926713929781623e-19
4.873889987885137089e+03 3.207383457958263822e-21 2.418475112650654650e-19
4.878895915818192407e+03 3.197508486979654559e-21 2.377047074594199666e-19
4.883901843751248634e+03 3.187987055031511624e-21 2.244784979072456564e-19
4.888907771684303952e+03 3.178810867802310613e-21 2.119124909396458944e-19
4.893913699617360180e+03 3.169971739218061206e-21 1.970484813157583484e-19
4.898919627550415498e+03 3.161461590820311918e-21 1.858231385725310645e-19
4.903925555483470816e+03 3.153272451063819117e-21 1.740702683715835246e-19
4.908931483416527044e+03 3.145396454810640966e-21 1.658605190241780831e-19
4.913937411349582362e+03 3.137825842601016081e-21 1.574548330446366699e-19
4.918943339282638590e+03 3.130552960112956988e-21 1.520443566301252353e-19
4.923949267215693908e+03 3.123570257442251752e-21 1.449102595383394563e-19
4.928955195148750136e+03 3.116870288578179575e-21 1.412537964117451356e-19
4.933961123081805454e+03 3.110445710696592942e-21 1.371383837839126837e-19
4.938967051014860772e+03 3.104289283593309790e-21 1.313189487302536513e-19
4.943972978947916999e+03 3.098393868996783333e-21 1.274685748434720774e-19
4.948978906880972318e+03 3.092752430005253558e-21 1.239550342337393805e-19
4.953984834814028545e+03 3.087358030407036512e-21 1.209798070460743352e-19
4.958990762747083863e+03 3.082203834127041755e-21 1.165342003910655044e-19
4.963996690680139181e+03 3.077283104487128369e-21 1.158059155074314747e-19
4.969002618613195409e+03 3.072589203714613281e-21 1.147792657127848443e-19
4.974008546546250727e+03 3.068115592200260853e-21 1.126723180924525842e-19
4.979014474479306955e+03 3.063855827976402896e-21 1.096229064737703246e-19
4.984020402412362273e+03 3.059803565955629089e-21 1.073591880543209694e-19
4.989026330345418501e+03 3.055952557462974838e-21 1.072667588697516428e-19
4.994032258278473819e+03 3.052288433949136288e-21 1.051954302346029095e-19
4.999038186211529137e+03 3.048796804259819998e-21 1.027742212984753412e-19
5.004044114144585365e+03 3.198581110477805890e-21 9.795059201184219534e-20
5.009050042077640683e+03 2.260268559541112381e-20 9.361149692895660851e-20
5.014055970010696910e+03 1.496851805556457046e-20 8.886205521427435356e-20
5.019061897943752228e+03 1.810385245692591875e-20 8.536260883981916840e-20
5.024067825876807547e+03 3.802312066865194864e-20 8.265567785825451447e-20
5.029073753809863774e+03 -2.586271047730542271e-20 8.092787624704743401e-20
5.034079681742919092e+03 1.443162450181386201e-19 7.906495634287123841e-20
5.039085609675975320e+03 2.511880852255667432e-20 7.747297418305832841e-20
5.044091537609030638e+03 3.526741409358087352e-20 7.703739858626976559e-20
5.049097465542086866e+03 2.472960703062126743e-20 7.634692059013185182e-20
5.054103393475142184e+03 -7.070710018726773411e-21 7.568859555626988728e-20
5.059109321408197502e+03 -5.447683974149415487e-21 7.488717521907046164e-20
5.064115249341253730e+03 7.142572102500373372e-20 7.268826224409851464e-20
5.069121177274309048e+03 1.118189370594843072e-20 7.113337103832626394e-20
5.074127105207365275e+03 8.178433310643998195e-21 6.938290430809959062e-20
5.079133033140420594e+03 4.253832184812722965e-20 6.884521277077422653e-20
5.084138961073476821e+03 9.487432695152428748e-20 6.920043060187475182e-20
5.089144889006532139e+03 3.931306428782091956e-20 7.043155560018607196e-20
5.094150816939587457e+03 -5.165942188720754695e-20 7.131761370931355458e-20
5.099156744872643685e+03 -7.485206388352621511e-22 7.119573865746719444e-20
5.104162672805699003e+03 1.857320231653427574e-20 7.281661066007781643e-20
5.109168600738755231e+03 2.902333731309754566e-20 7.375920856114242947e-20
5.114174528671810549e+03 8.444500897816405986e-21 7.549107036267435566e-20
5.119180456604865867e+03 4.977330239443417749e-20 7.621505183463880631e-20
5.124186384537922095e+03 1.615472599823346449e-19 7.527696111393715143e-20
5.129192312470977413e+03 -3.760071476571998782e-20 7.185650305321489274e-20
5.134198240404033641e+03 -2.123339445885872096e-20 6.963305241626687819e-20
5.139204168337088959e+03 7.991431991878307515e-20 6.714410171328846320e-20
5.144210096270145186e+03 9.362194325999414922e-20 6.459495729295120113e-20
5.149216024203200504e+03 -1.147595460337015267e-19 6.278669856157260643e-20
5.154221952136255823e+03 -5.755313265913718334e-20 6.078189478651875519e-20
5.159227880069312050e+03 -3.487933638796391979e-20 5.886334168875529045e-20
5.164233808002367368e+03 -6.743550854506823334e-20 5.569659863136644791e-20
5.169239735935423596e+03 -2.476914947313770157e-20 5.313020516959054465e-20
5.174245663868478914e+03 -3.953653482399922088e-20 5.258682361188096361e-20
5.179251591801534232e+03 1.086076737908536999e-19 5.257672385698613194e-20
5.184257519734590460e+03 8.965510408327114245e-20 5.323204186498163349e-20
5.189263447667645778e+03 -2.390964152861952840e-20 5.362656952168947237e-20
5.194269375600702006e+03 1.391628622264675042e-19 5.628770591123390700e-20
5.199275303533757324e+03 1.548573262074712492e-19 5.802999075773717446e-20
5.204281231466813551e+03 1.113870920252434131e-19 5.702635661465080979e-20
5.209287159399868870e+03 1.643316115879194958e-19 5.570176730365097576e-20
5.214293087332924188e+03 7.406262612358665314e-20 5.510120139940018673e-20
5.219299015265980415e+03 3.887857424663901542e-20 5.578061649343128431e-20
5.224304943199035733e+03 1.135290135483660162e-19 5.603833164907391828e-20
5.229310871132091961e+03 1.739680094219178795e-19 5.627742267190691064e-20
5.234316799065147279e+03 -4.908523656457602572e-21 5.700176949589926620e-20
5.239322726998203507e+03 1.034574916116771530e-19 5.796247637478767084e-20
5.244328654931258825e+03 1.551812580381356348e-19 5.887303826019287668e-20
5.249334582864314143e+03 5.673578291200549040e-20 5.916361535502245814e-20
5.254340510797370371e+03 1.031595119852355604e-19 5.836638840643121370e-20
5.259346438730425689e+03 5.811069940083556369e-20 5.589242450966885995e-20
5.264352366663481916e+03 1.391638582874859769e-19 5.335621832511438891e-20
5.269358294596537235e+03 3.194887986150379648e-20 5.242505163648608291e-20
5.274364222529593462e+03 3.168803365267499005e-20 5.226135345297449151e-20
5.279370150462648780e+03 2.902767276215999867e-20 5.163042962316490202e-20
5.284376078395704099e+03 8.410405884068462254e-20 5.095887478445227473e-20
5.289382006328760326e+03 8.187311342922045943e-20 5.118596116897025074e-20
5.294387934261815644e+03 1.192732686164518813e-19 5.111513841332540135e-20
5.299393862194871872e+03 3.741892703448288284e-20 5.051981498922343365e-20
5.304399790127927190e+03 7.710201676606607673e-20 5.023866627486187530e-20
5.309405718060982508e+03 4.610177624413629662e-20 4.898574223036490995e-20
5.314411645994038736e+03 2.727392247955096171e-20 4.847198346615421893e-20
5.319417573927094054e+03 -2.187416182016073110e-20 4.757136731112599137e-20
5.324423501860150282e+03 5.637650069548745830e-21 4.710035969949452355e-20
5.329429429793205600e+03 8.013198407780282552e-20 4.685595762039494445e-20
5.334435357726260918e+03 4.167447496638674023e-20 4.693430218228687339e-20
5.339441285659317145e+03 3.484959424018960443e-20 4.682959409326416141e-20
5.344447213592372464e+03 3.033195737063828934e-20 4.761764680526170320e-20
5.349453141525428691e+03 6.873175051124464923e-20 4.841303977744432371e-20
5.354459069458484009e+03 3.292185952545334850e-20 4.966758844100710463e-20
5.359464997391540237e+03 1.494505072543070812e-19 5.036507021573782679e-20
5.364470925324595555e+03 9.449101934740855580e-20 5.123267995239702448e-20
5.369476853257650873e+03 6.726148648574519951e-20 5.178451722171502900e-20
5.374482781190707101e+03 1.554330335026827725e-19 5.296293477656496681e-20
5.379488709123762419e+03 5.672394297470841094e-20 5.324415076660273088e-20
5.384494637056818647e+03 9.360712927688578694e-20 5.173300697589554279e-20
5.389500564989873965e+03 1.113773772533190747e-19 4.999285373858440859e-20
5.394506492922930192e+03 1.410520223733466438e-19 4.804911469287786645e-20
5.399512420855985511e+03 1.154365315864962489e-19 4.662449600100359985e-20
5.404518348789040829e+03 9.919167058691581597e-21 4.498338413453010353e-20
5.409524276722097056e+03 -2.403222987221922700e-20 4.424729740450019482e-20
5.414530204655152374e+03 -8.402336781905343854e-21 4.380338963522286046e-20
5.419536132588208602e+03 3.453710934524854833e-20 4.386316651803302440e-20
5.424542060521263920e+03 2.447450410003689792e-20 4.348267446741435702e-20
5.429547988454320148e+03 8.191994370603339563e-20 4.358236944603286244e-20
5.434553916387375466e+03 1.101128101740952601e-19 4.412525700204325397e-20
5.439559844320430784e+03 4.481732850866166678e-21 4.412764115335929712e-20
5.444565772253487012e+03 1.445468958886418030e-20 4.426316700214725288e-20
5.449571700186542330e+03 7.804460369149945850e-20 4.440625386231629773e-20
5.454577628119598558e+03 6.137192885170951195e-20 4.487683122851294961e-20
5.459583556052653876e+03 3.310923449511491541e-20 4.507638213307570924e-20
5.464589483985709194e+03 -7.740735505150104692e-21 4.530038177099444200e-20
5.469595411918765421e+03 5.154820742024468254e-20 4.529715355264187103e-20
5.474601339851820740e+03 6.246409091636730353e-20 4.544209530463935353e-20
5.479607267784876967e+03 9.598246456771940019e-21 4.593540339107713478e-20
5.484613195717932285e+03 1.613030592798027764e-20 4.649395117172749565e-20
5.489619123650987603e+03 6.944947602089416715e-20 4.660909532454206643e-20
5.494625051584043831e+03 2.979377702215467370e-20 4.718353076710167375e-20
5.499630979517099149e+03 3.772572119146392987e-20 4.766930590944855712e-20
5.504636907450155377e+03 3.661386500758364496e-20 4.774837747740504112e-20
5.509642835383210695e+03 5.473277236582864041e-20 4.742205920767168991e-20
5.514648763316266923e+03 1.050538595194520788e-19 4.582899537605118683e-20
5.519654691249322241e+03 1.161393327596782027e-19 4.438773811707519430e-20
5.524660619182377559e+03 7.722005166670747688e-20 4.307747726341812740e-20
5.529666547115433787e+03 6.064257063428806563e-20 4.215008121502569784e-20
5.534672475048489105e+03 6.330523489779390351e-20 4.171404906518473738e-20
5.539678402981545332e+03 9.734587838873294486e-20 4.208324347078829183e-20
5.544684330914600650e+03 1.106546650347223999e-19 4.220145236062577676e-20
5.549690258847656878e+03 1.354278226152227319e-19 4.170774696297068539e-20
5.554696186780712196e+03 1.202383274865850747e-19 4.154458170921099686e-20
5.559702114713767514e+03 8.064631331440204627e-20 4.239573327103342268e-20
5.564708042646823742e+03 9.768241824665974133e-20 4.450099660357766495e-20
5.569713970579879060e+03 1.179003894728207322e-19 8.091894911716148171e-20
5.574719898512935288e+03 1.269015902062781574e-19 1.203312618114550398e-19
5.579725826445990606e+03 1.228651440127578702e-19 1.155822167234290694e-19
5.584731754379046833e+03 6.995462692663804071e-20 6.511029060104275295e-20
5.589737682312102152e+03 8.837680367238940976e-20 4.378911950661857753e-20
5.594743610245157470e+03 4.620919274491800870e-20 4.338698637010632756e-20
5.599749538178213697e+03 -6.448062447768799991e-20 4.332440695248482582e-20
5.604755466111269016e+03 3.629565586462125904e-20 4.339018585163467190e-20
5.609761394044325243e+03 -8.826367674840760416e-20 4.276256350486235519e-20
5.614767321977380561e+03 -6.976292931127822766e-20 4.230582167291775784e-20
5.619773249910436789e+03 1.173571227185310219e-19 4.291192380812174955e-20
5.624779177843492107e+03 -3.003772274817737316e-21 4.271954114717572892e-20
5.629785105776547425e+03 9.429032639561803553e-20 4.267750394921145017e-20
5.634791033709603653e+03 5.080588767449629010e-20 4.208052226163534130e-20
5.639796961642658971e+03 -8.298608328780614194e-21 4.139496304080264007e-20
5.644802889575714289e+03 1.639643754072024876e-19 4.038237031153716903e-20
5.649808817508770517e+03 6.072289356663656861e-20 3.903867841901836084e-20
5.654814745441825835e+03 -4.719271815860723459e-21 3.796503962826905536e-20
5.659820673374882062e+03 9.295053480232851238e-20 3.748907563800580161e-20
5.664826601307937381e+03 7.200653262168855358e-20 3.744160379235918431e-20
5.669832529240993608e+03 1.391575476430617548e-20 3.742143196095661231e-20
5.674838457174048926e+03 2.800427117902733838e-20 3.715879224920510506e-20
5.679844385107104245e+03 -1.832077386680288944e-20 3.695789931829945110e-20
5.684850313040160472e+03 2.963309109665105754e-20 3.724171377113386461e-20
5.689856240973215790e+03 2.632210836818489618e-20 3.708012850577670429e-20
5.694862168906272018e+03 4.582525685848250624e-20 3.700819493489909560e-20
5.699868096839327336e+03 1.048228085521804450e-19 3.691436255569531764e-20
5.704874024772383564e+03 7.164069663038677730e-20 3.643685363451659715e-20
5.709879952705438882e+03 6.003428275219894880e-20 3.601041945055543476e-20
5.714885880638494200e+03 7.018284135444767985e-20 3.636387598163945121e-20
5.719891808571550428e+03 1.079223401828671192e-19 3.675884963865980226e-20
5.724897736504605746e+03 4.367218834760498267e-20 3.664756060559123868e-20
5.729903664437661973e+03 4.754392517472577793e-20 3.681490900808403871e-20
5.734909592370717291e+03 9.561615474907227968e-20 3.735809036959773774e-20
5.739915520303773519e+03 1.868314787968835329e-19 3.792461643679671566e-20
5.744921448236828837e+03 1.218302686213994405e-19 3.841371161372673619e-20
5.749927376169884155e+03 1.393986509408143561e-19 3.928400957128272139e-20
5.754933304102940383e+03 -3.907391353756847188e-20 3.986407792086635708e-20
5.759939232035995701e+03 5.224449930008284488e-20 4.065565320718219486e-20
5.764945159969051929e+03 1.686777434185932879e-20 4.085693608641690875e-20
5.769951087902107247e+03 4.918882513989863897e-20 3.984380970942370298e-20
5.774957015835163475e+03 1.504835559720277395e-20 3.874735415367464834e-20
5.779962943768218793e+03 1.091991469572946515e-19 3.763198578603986220e-20
5.784968871701274111e+03 5.499074691173584701e-20 3.693600912085155727e-20
5.789974799634330338e+03 9.608913753809393003e-21 3.615539844385034177e-20
5.794980727567385657e+03 7.668003907738780072e-20 3.576134328834170094e-20
5.799986655500441884e+03 6.672707221423254922e-20 3.503892384943982804e-20
5.804992583433497202e+03 1.160773711955095596e-19 3.411841397744650669e-20
5.809998511366552520e+03 7.865490476334407685e-20 3.397639860053155850e-20
5.815004439299608748e+03 7.384690727984245796e-20 3.339615262632056565e-20
5.820010367232664066e+03 7.285706474316456857e-20 3.323840064749021160e-20
5.825016295165720294e+03 7.106568666330929520e-20 3.310050606701910712e-20
5.830022223098775612e+03 -1.842155216819515699e-20 3.311774537379734015e-20
5.835028151031830930e+03 1.032193899654466233e-19 3.315335015235765120e-20
5.840034078964887158e+03 4.418145598945330211e-20 3.312357688677441580e-20
5.845040006897942476e+03 5.520254031431535858e-20 3.317622516813526957e-20
5.850045934830998704e+03 7.939958293974475541e-20 3.337920586212458420e-20
5.855051862764054022e+03 5.015716604438620497e-20 3.382513819213236186e-20
5.860057790697110249e+03 7.083590828075555482e-20 3.568649347572511879e-20
5.865063718630165567e+03 8.668558729534558259e-22 3.794476456100704379e-20
5.870069646563220886e+03 1.532986223417821215e-19 3.858005980050057754e-20
5.875075574496277113e+03 1.601254847096533423e-19 3.744891845797115150e-20
5.880081502429332431e+03 1.047833436033531406e-19 4.014412556237227207e-20
5.885087430362388659e+03 -1.025207389044098825e-20 5.450808215997717164e-20
5.890093358295443977e+03 1.919527004705301159e-19 6.150919235365833729e-20
5.895099286228500205e+03 1.586215950439080786e-20 5.465654206653155283e-20
5.900105214161555523e+03 9.802024370100434038e-20 4.397674014940383092e-20
5.905111142094610841e+03 5.164064997488100764e-20 3.700039739253595301e-20
5.910117070027667069e+03 6.206897401014496169e-21 3.781769645867154474e-20
5.915122997960722387e+03 4.108854796981626504e-20 3.734840822244845480e-20
5.920128925893778614e+03 4.080370891820097213e-20 3.684709969040820163e-20
5.925134853826833933e+03 1.340327341069900920e-19 3.644652694422176572e-20
5.930140781759890160e+03 6.547954450373247380e-20 3.656141068059052459e-20
5.935146709692945478e+03 7.331306260476493611e-20 3.549690150104971764e-20
5.940152637626000796e+03 3.375249046769814872e-20 3.338482596069697147e-20
5.945158565559057024e+03 3.250499594888293993e-20 3.331964590000664939e-20
5.950164493492112342e+03 3.091751746863875959e-20 3.384699043779990803e-20
5.955170421425167660e+03 4.941528425157183289e-20 3.301112399545009943e-20
5.960176349358223888e+03 -2.124157484016599481e-20 3.154902703584985803e-20
5.965182277291280116e+03 2.400311999590083123e-20 3.140046356791416038e-20
5.970188205224335434e+03 -1.098726539141289978e-20 3.192865483520307291e-20
5.975194133157390752e+03 1.259678544742123879e-20 3.224202239567760898e-20
5.980200061090446980e+03 4.011045540623410876e-20 3.173240763060934596e-20
5.985205989023502298e+03 8.701995718529466448e-20 3.108963384154256013e-20
5.990211916956557616e+03 -3.228632002510075552e-20 3.099906205824421276e-20
5.995217844889613843e+03 -4.698831711434140691e-21 3.158299047073768068e-20
6.000223772822669162e+03 7.346441935007787671e-20 3.248668008110665255e-20
6.005229700755725389e+03 6.600484821248643274e-20 3.246271159250540942e-20
6.010235628688780707e+03 3.451214537022707026e-20 3.276336746930110874e-20
6.015241556621836935e+03 4.712950432183958928e-20 3.292073544556607401e-20
6.020247484554892253e+03 3.754785173492743898e-20 3.296950193513522156e-20
6.025253412487947571e+03 1.654034444118553274e-20 3.275095553544614530e-20
6.030259340421003799e+03 1.652348545712022714e-20 3.244535309094023660e-20
6.035265268354059117e+03 2.640018832518061218e-20 3.189017189244743366e-20
6.040271196287115345e+03 6.465394839598905202e-20 3.113811901511658136e-20
6.045277124220170663e+03 -3.698662702835006824e-20 3.050829399825123890e-20
6.050283052153226890e+03 8.037624088556191199e-20 2.992679298998273743e-20
6.055288980086282209e+03 5.525637328852846763e-20 2.955391947491033959e-20
6.060294908019337527e+03 5.849549241260832722e-20 2.916852753072469539e-20
6.065300835952393754e+03 9.249976783236585383e-20 2.877961640483386770e-20
6.070306763885449072e+03 1.157021984738189959e-19 2.815220843488327278e-20
6.075312691818505300e+03 2.868762534358831610e-20 2.768647652925868832e-20
6.080318619751560618e+03 4.682388655870843302e-20 2.735494055631329444e-20
6.085324547684616846e+03 6.142986776314439098e-20 2.709938865429777809e-20
6.090330475617672164e+03 7.893351270450978500e-20 2.725843009823020884e-20
6.095336403550727482e+03 8.704691510162485154e-20 2.710972094408467053e-20
6.100342331483783710e+03 5.968005364234261602e-20 2.744059889971999451e-20
6.105348259416839028e+03 4.301983070716391587e-20 2.738628235436064547e-20
6.110354187349894346e+03 9.633137812458031795e-20 2.767455311349829040e-20
6.115360115282950574e+03 8.053307119775015732e-20 2.753910463974614652e-20
6.120366043216006801e+03 8.089280336538659994e-20 2.763869875506584605e-20
6.125371971149062119e+03 8.599166720871424279e-20 2.813001342658960321e-20
6.130377899082117438e+03 6.071716961536370426e-20 2.875570606699272074e-20
6.135383827015173665e+03 8.564090445116901012e-20 2.999367157791025842e-20
6.140389754948228983e+03 1.734440535771338891e-19 3.112977358986344445e-20
6.145395682881284301e+03 8.564842577614794151e-20 3.080862537536005245e-20
6.150401610814340529e+03 9.619002354389686752e-20 2.984491822860973219e-20
6.155407538747396757e+03 5.809958206608880505e-20 2.899627959693598831e-20
6.160413466680452075e+03 1.262996305692639518e-19 2.845668612517912502e-20
6.165419394613507393e+03 1.453864558957280215e-19 2.880120187667482243e-20
6.170425322546563621e+03 8.517329143663733595e-20 2.892286900026289999e-20
6.175431250479618939e+03 6.996717065054840737e-20 2.818763262086729052e-20
6.180437178412674257e+03 6.055457779709780391e-20 2.717043764140517084e-20
6.185443106345730484e+03 1.085781719622078749e-19 2.672785579336316772e-20
6.190449034278785803e+03 8.504609249248353069e-20 2.645818803150538538e-20
6.195454962211842030e+03 7.075948378652658607e-20 2.644012489691974798e-20
6.200460890144897348e+03 1.427558725397864357e-19 2.651523919603754650e-20
6.205466818077953576e+03 6.130405067739881716e-20 2.635668781782918842e-20
6.210472746011008894e+03 8.416611104040952996e-20 2.581742803686488332e-20
6.215478673944064212e+03 8.016348513120890754e-20 2.630313792185675531e-20
6.220484601877120440e+03 4.029081741641790344e-20 2.629177654016857151e-20
6.225490529810175758e+03 8.169937984286429053e-20 2.656876092786233397e-20
6.230496457743231986e+03 1.285804334394241229e-19 2.946480169755827739e-20
6.235502385676287304e+03 1.700578972804561742e-19 3.149839250253088128e-20
6.240508313609343531e+03 1.352819325389719676e-19 3.022849122413060329e-20
6.245514241542398850e+03 1.467570727346447470e-20 2.779569533291422856e-20
6.250520169475454168e+03 7.829308306960184085e-20 2.888055844925256427e-20
6.255526097408510395e+03 6.541272325986696904e-20 3.169266789913196337e-20
6.260532025341565713e+03 5.501250393649905369e-20 3.294986019198344354e-20
6.265537953274621032e+03 5.234708174582974280e-20 3.117180679321992918e-20
6.270543881207677259e+03 -1.813419839545487141e-20 3.101020858701837607e-20
6.275549809140733487e+03 1.052535486010417972e-19 3.016899375881436648e-20
6.280555737073788805e+03 5.349953881196665196e-20 3.111156546923033955e-20
6.285561665006844123e+03 1.383265217649888373e-19 3.153238121782927802e-20
6.290567592939900351e+03 1.364671831747503977e-19 3.583108991146331129e-20
6.295573520872955669e+03 1.444962297106112272e-19 6.102244059702955457e-20
6.300579448806010987e+03 1.103629914163499274e-19 6.469897902134605012e-20
6.305585376739067215e+03 5.285682749845376609e-20 4.968726197202037066e-20
6.310591304672123442e+03 1.277305291169193651e-19 2.866414030973388075e-20
6.315597232605178760e+03 1.205034707165371138e-19 2.612733801894532147e-20
6.320603160538234079e+03 9.627719328475222401e-20 2.690124195392294622e-20
6.325609088471290306e+03 4.717142723834560678e-20 2.847965253026231416e-20
6.330615016404345624e+03 3.084489660301650136e-20 2.764148326118882339e-20
6.335620944337400942e+03 6.129196895902240208e-20 2.542027779006671348e-20
6.340626872270457170e+03 9.170496068354246838e-20 2.494615042105056369e-20
6.345632800203512488e+03 1.000886802912134860e-19 2.546364869830061468e-20
6.350638728136568716e+03 7.231079346373096997e-20 2.688179672308156815e-20
6.355644656069624034e+03 1.830980238950867528e-19 3.127861935419679089e-20
6.360650584002680262e+03 1.450847694798492937e-19 4.011976054209574719e-20
6.365656511935735580e+03 8.607226919250449709e-20 3.971210153054769898e-20
6.370662439868790898e+03 7.689428043344084004e-20 2.988563998584048992e-20
6.375668367801847126e+03 4.781366105001819082e-20 2.587263602013401570e-20
6.380674295734902444e+03 1.116675294219364855e-19 2.710790416902266322e-20
6.385680223667958671e+03 6.910910969240966283e-20 2.717469717291423496e-20
6.390686151601013989e+03 7.087314224521348099e-20 2.693798734909813733e-20
6.395692079534070217e+03 4.603661526914190063e-20 2.634916314241572651e-20
6.400698007467125535e+03 1.466401221503145489e-19 2.643157581139136977e-20
6.405703935400180853e+03 1.367289439209399510e-19 2.590486150525990014e-20
6.410709863333237081e+03 6.965838811097273157e-20 2.573119231403062853e-20
6.415715791266292399e+03 9.074983383262493427e-20 2.550500443352661496e-20
6.420721719199348627e+03 6.211916702580940735e-20 2.479326923003933079e-20
6.425727647132403945e+03 1.074438770494191009e-19 2.390549715672639278e-20
6.430733575065460172e+03 5.726259703079087096e-20 2.311581292731741444e-20
6.435739502998515491e+03 4.556406075596408536e-20 2.271003241865918952e-20
6.440745430931570809e+03 4.642535220578928910e-20 2.245231895734907574e-20
6.445751358864627036e+03 9.267439601010005177e-20 2.247921846113790330e-20
6.450757286797682355e+03 9.407882652218929512e-20 2.244357176394769227e-20
6.455763214730737673e+03 1.112944337305296436e-19 2.295009186820016728e-20
6.460769142663793900e+03 2.968063512345913718e-20 2.478184971370246893e-20
6.465775070596850128e+03 4.790790393869415138e-20 2.598977437482088659e-20
6.470780998529905446e+03 -1.602382476678286752e-20 2.493384388619441781e-20
6.475786926462960764e+03 5.413310136064024554e-20 2.321878598035298401e-20
6.480792854396016992e+03 5.848925740256666312e-21 2.200691356097257960e-20
6.485798782329072310e+03 1.919818503739004672e-20 2.165443687100040109e-20
6.490804710262127628e+03 9.241104786407191319e-20 2.367771818354245177e-20
6.495810638195183856e+03 6.080671463261908542e-20 2.667474337414641235e-20
6.500816566128239174e+03 1.290785627737435392e-19 2.777136237986724682e-20
6.505822494061295401e+03 8.642929912947148185e-20 2.521071718084700429e-20
6.510828421994350720e+03 8.273284391260873316e-20 2.398771437628644756e-20
6.515834349927406947e+03 1.257910662629312704e-19 2.448985847051188037e-20
6.520840277860462265e+03 9.998185749333753767e-20 2.518693747566089818e-20
6.525846205793517584e+03 1.161288059360890371e-19 2.712442270398441471e-20
6.530852133726573811e+03 8.485735346022646802e-20 2.809463694603221889e-20
6.535858061659629129e+03 1.221054363787554150e-19 2.739804144196708585e-20
6.540863989592685357e+03 6.833376393738087049e-20 2.546144895185412084e-20
6.545869917525740675e+03 9.971087605321767142e-20 2.615036802477461894e-20
6.550875845458796903e+03 1.140953237519629109e-19 2.670855695159151211e-20
6.555881773391852221e+03 1.386238412262903526e-19 2.686897293796434723e-20
6.560887701324907539e+03 1.126980977615386939e-19 2.464190544608803644e-20
6.565893629257963767e+03 9.342679597323289364e-20 2.428963127689395593e-20
6.570899557191019085e+03 1.354410623429750322e-19 2.439945090028639346e-20
6.575905485124075312e+03 1.451083895575945177e-19 2.424778860628090656e-20
6.580911413057130630e+03 9.533462619254290583e-20 2.295427558194876323e-20
6.585917340990186858e+03 8.082105900498968345e-20 2.104731625085294671e-20
6.590923268923242176e+03 8.604549015541322013e-20 2.126378554153178004e-20
6.595929196856297494e+03 2.218200663788517552e-20 2.177645439151657598e-20
6.600935124789353722e+03 5.890533876246320302e-20 2.259951546153595538e-20
6.605941052722409040e+03 8.609529349967689595e-20 2.215090791664171712e-20
6.610946980655464358e+03 1.153631769325917720e-19 2.088914448321364983e-20
6.615952908588520586e+03 7.890932266840706445e-20 2.078980775854337758e-20
6.620958836521576814e+03 8.704004626813145483e-20 2.130636156250363852e-20
6.625964764454632132e+03 4.755873260745571634e-20 2.176337659990275202e-20
6.630970692387687450e+03 6.460780754932496764e-20 2.253248136605909035e-20
6.635976620320743677e+03 8.067077137573683969e-20 2.243431602697440122e-20
6.640982548253798996e+03 4.470088354139116591e-20 2.210813938648371491e-20
6.645988476186854314e+03 1.085152979902820871e-19 2.236982168527671123e-20
6.650994404119910541e+03 1.166111580999148028e-19 2.296859039494035094e-20
6.656000332052965859e+03 7.473448995740828990e-20 2.307958568497762858e-20
6.661006259986022087e+03 8.094026791351517010e-20 2.318808476716173000e-20
6.666012187919077405e+03 7.078482852715683326e-20 2.267296560793424864e-20
6.671018115852133633e+03 1.219853650434832729e-19 2.201469373679308150e-20
6.676024043785188951e+03 1.062853891120599450e-19 2.128788392312520773e-20
6.681029971718244269e+03 6.458768824745877422e-20 2.099779960367265496e-20
6.686035899651300497e+03 4.448570103734473569e-20 2.072462456443955442e-20
6.691041827584355815e+03 5.870530917622336641e-20 2.050210005560227780e-20
6.696047755517412043e+03 8.040760374096292752e-20 2.042783458486837872e-20
6.701053683450467361e+03 6.811289681644133153e-20 2.041679429063648790e-20
6.706059611383523588e+03 1.153135292530207089e-19 2.027487859901870782e-20
6.711065539316578906e+03 9.979802771751647313e-20 2.002188958804223278e-20
6.716071467249634225e+03 5.283892513762888131e-20 1.989398677909974504e-20
6.721077395182690452e+03 1.125173967827936857e-19 1.988880505221141180e-20
6.726083323115745770e+03 1.544304961676758157e-19 1.990125986425324516e-20
6.731089251048801998e+03 8.267652808042303743e-20 1.990254469422667310e-20
6.736095178981857316e+03 8.655507172949483231e-20 2.010136328805731547e-20
6.741101106914913544e+03 1.031042399052267610e-19 2.031392538865721792e-20
6.746107034847968862e+03 7.792894501796028611e-20 2.047150319972023776e-20
6.751112962781024180e+03 7.056706784430819661e-20 2.054445869465040290e-20
6.756118890714080408e+03 8.968465714035621786e-20 2.069792382078773104e-20
6.761124818647135726e+03 1.143287496608151273e-19 2.086557435946110320e-20
6.766130746580191044e+03 9.066694866520732950e-20 2.110565150341481570e-20
6.771136674513247272e+03 6.040187562707636854e-20 2.152241858020630692e-20
6.776142602446303499e+03 9.491949366603303805e-20 2.203552129765350418e-20
6.781148530379358817e+03 1.086397492386070852e-19 2.239654752044042704e-20
6.786154458312414135e+03 1.043357092376703469e-19 2.235348646655291793e-20
6.791160386245470363e+03 1.006907278120588015e-19 2.173729004389982323e-20
6.796166314178525681e+03 1.017832927945303393e-19 2.123206315712985011e-20
6.801172242111580999e+03 6.898938470098343730e-20 2.099551964603831216e-20
6.806178170044637227e+03 1.091545227132665458e-19 2.060876005264174797e-20
6.811184097977693455e+03 8.721619724559949131e-20 2.018047213418790439e-20
6.816190025910748773e+03 1.059830428562775759e-19 2.015349431435813419e-20
6.821195953843804091e+03 1.325140238583503798e-19 2.295376737629827278e-20
6.826201881776860318e+03 1.651451898690615880e-19 2.777527778659648798e-20
6.831207809709915637e+03 1.097436104036896411e-19 2.951100821434697305e-20
6.836213737642970955e+03 5.735670358862933588e-20 2.611703475620856215e-20
6.841219665576027182e+03 9.345555651388821244e-20 2.168171258048597723e-20
6.846225593509082501e+03 1.172780790231000922e-19 2.019804334536685046e-20
6.851231521442138728e+03 9.445490033167712320e-20 1.945632035867256416e-20
6.856237449375194046e+03 1.008481651962641265e-19 2.342551230322669179e-20
6.861243377308250274e+03 4.806126404452346114e-20 2.926485099817574782e-20
6.866249305241305592e+03 3.922726315494972290e-20 3.263630616839924535e-20
6.871255233174360910e+03 1.169723032469853740e-19 2.687020244534283947e-20
6.876261161107417138e+03 1.252728541336620678e-19 2.453333417211619335e-20
6.881267089040473365e+03 1.020524653999968215e-19 2.442568912850574208e-20
6.886273016973527774e+03 9.310817554662010193e-20 2.538478588162780203e-20
6.891278944906584002e+03 1.516357998354558322e-19 2.558113619632729760e-20
6.896284872839640229e+03 7.380888148693063101e-20 2.580945926892394239e-20
6.901290800772695547e+03 9.008582784090360947e-20 2.547304016358026408e-20
6.906296728705750866e+03 7.378543251682796737e-20 2.617102814482498813e-20
6.911302656638807093e+03 2.908785336234296975e-20 2.647014058445227863e-20
6.916308584571862411e+03 6.878594144022631026e-20 2.809723320513795504e-20
6.921314512504917730e+03 5.146723938401437811e-20 2.752315908715984842e-20
6.926320440437973957e+03 3.192042209750931557e-20 2.542183439982594909e-20
6.931326368371030185e+03 9.830446009529597734e-20 2.173225342204364672e-20
6.936332296304085503e+03 1.140652026358226046e-19 2.269949302290450452e-20
6.941338224237140821e+03 5.688967833396361508e-20 2.487619494508749323e-20
6.946344152170197049e+03 5.905677741152457597e-20 2.549780251195524518e-20
6.951350080103252367e+03 1.245235864680784341e-19 2.417873608094558546e-20
6.956356008036307685e+03 1.208967795332238566e-19 1.970286894391892297e-20
6.961361935969363913e+03 1.436694343768086742e-19 1.914177907607213597e-20
6.966367863902420140e+03 4.922821905288889245e-20 2.020305040354224036e-20
6.971373791835475458e+03 1.348000959705275791e-19 2.186760262213795730e-20
6.976379719768530776e+03 5.130107239903588547e-20 2.240161827994836825e-20
6.981385647701587004e+03 7.792192177158213310e-20 2.167203069486531173e-20
6.986391575634642322e+03 6.389646304168444777e-20 1.893175939005493603e-20
6.991397503567697640e+03 1.137407097015962981e-19 1.880298657277640724e-20
6.996403431500753868e+03 9.536806873733373113e-20 1.938749415040371919e-20
7.001409359433810096e+03 8.611815381952328360e-20 2.019444671356212463e-20
7.006415287366865414e+03 5.984368028914147678e-20 2.158687051325746919e-20
7.011421215299920732e+03 8.874049804001844734e-20 2.149354884424917062e-20
7.016427143232976960e+03 7.190966077095950860e-20 2.062885533343345512e-20
7.021433071166032278e+03 1.097156737908700532e-19 1.979494577062130027e-20
7.026438999099087596e+03 1.045858069312851360e-19 2.035540338944542676e-20
7.031444927032143823e+03 7.473057016574735419e-20 2.094650744290352223e-20
7.036450854965200051e+03 1.090201629708316756e-19 2.172199750517550856e-20
7.041456782898254460e+03 4.553392500400288628e-20 2.290504042261619550e-20
7.046462710831310687e+03 8.128135983210220192e-20 2.340532395288950991e-20
7.051468638764366915e+03 1.328652049791289384e-19 2.245925344252400543e-20
7.056474566697422233e+03 7.284619140573522158e-20 2.091437239584749277e-20
7.061480494630477551e+03 9.045925898491657014e-20 2.056899667186150110e-20
7.066486422563533779e+03 6.506818012025576139e-20 2.059436628202108775e-20
7.071492350496589097e+03 8.512511438027864478e-20 2.030233199880599668e-20
7.076498278429644415e+03 8.787864373510811713e-20 2.004075729937552473e-20
7.081504206362700643e+03 1.028068709400343130e-19 2.015900718284434513e-20
7.086510134295756870e+03 6.651599319234127110e-20 1.998002055782586848e-20
7.091516062228812189e+03 4.232734005366866422e-20 1.954966518074486498e-20
7.096521990161867507e+03 1.050267566686787029e-19 1.887997893209933850e-20
7.101527918094923734e+03 1.037210976051424858e-19 1.870867202750489043e-20
7.106533846027979052e+03 1.031976904482994362e-19 1.883514914839418836e-20
7.111539773961034371e+03 1.023561895262755447e-19 1.870215056355246051e-20
7.116545701894090598e+03 7.715072970038963982e-20 1.885828164343442932e-20
7.121551629827146826e+03 9.611665915962173259e-20 1.915031944852815283e-20
7.126557557760202144e+03 8.020371599388663060e-20 1.975163206241833515e-20
7.131563485693257462e+03 6.511095399270483369e-20 1.979139009022706881e-20
7.136569413626313690e+03 9.809261208251865005e-20 2.015020085914673465e-20
7.141575341559369008e+03 5.050193164482328875e-20 2.082076027160414627e-20
7.146581269492424326e+03 8.247929535147091142e-20 2.105269803274395462e-20
7.151587197425480554e+03 8.157032738049241228e-20 2.074552081701320428e-20
7.156593125358536781e+03 6.191833080117823378e-20 2.083815977046257864e-20
7.161599053291592099e+03 8.650033837601971315e-20 2.131696698706292162e-20
7.166604981224647418e+03 5.964921094257727511e-20 2.142572291527548364e-20
7.171610909157703645e+03 8.764067486421507936e-20 2.118371575286267820e-20
7.176616837090758963e+03 4.645419517816260621e-20 2.053284486260092359e-20
7.181622765023814281e+03 5.677676201156701209e-20 1.973180704056272562e-20
7.186628692956870509e+03 9.664069496026450493e-20 1.900445732923617200e-20
7.191634620889926737e+03 6.982243741667516458e-20 1.853404648630649155e-20
7.196640548822981145e+03 9.374485546685340083e-20 1.841364384838810942e-20
7.201646476756037373e+03 8.807480265136671711e-20 1.831150346682908847e-20
7.206652404689093601e+03 6.693972413711661256e-20 1.801345729993436938e-20
7.211658332622148919e+03 7.667321798226915480e-20 1.798523199090640724e-20
7.216664260555204237e+03 1.074328308073576692e-19 1.818809427218154859e-20
7.221670188488260465e+03 6.670257984720670461e-20 1.850133753787192730e-20
7.226676116421315783e+03 6.153529266127522092e-20 1.885255712168766102e-20
7.231682044354371101e+03 7.306206782679465253e-20 2.341620180243761381e-20
7.236687972287427328e+03 9.222066851019768168e-20 3.376442353165646653e-20
7.241693900220483556e+03 8.991630171436759993e-20 3.886696016303785570e-20
7.246699828153538874e+03 1.109901300278456242e-19 3.431522683292684772e-20
7.251705756086594192e+03 4.751941381063109029e-20 2.631867019902208575e-20
7.256711684019650420e+03 1.233998805626679049e-19 2.264675724685728784e-20
7.261717611952705738e+03 8.646938809847040331e-20 2.075581391598414552e-20
7.266723539885761056e+03 9.561317326390541349e-20 2.360330899681774466e-20
7.271729467818817284e+03 1.076298763023429834e-19 3.566830240869151065e-20
7.276735395751873511e+03 1.066262129264056984e-19 3.938740255278170435e-20
7.281741323684928830e+03 5.287404291894957001e-20 3.604605705624487217e-20
7.286747251617984148e+03 8.430581160083303113e-20 2.939755214498502546e-20
7.291753179551040375e+03 1.024112416430904548e-19 2.591839297689306487e-20
7.296759107484095694e+03 6.707021499519187275e-20 2.667857542409529125e-20
7.301765035417151012e+03 1.883408157805578750e-20 2.693035072456623083e-20
7.306770963350207239e+03 9.463657272459945437e-20 2.764643883646798406e-20
7.311776891283263467e+03 2.073827021067187269e-19 3.350468269404721553e-20
7.316782819216318785e+03 1.144840758248996582e-19 3.336988511105291271e-20
7.321788747149374103e+03 1.749419520724692328e-19 2.868387967842853591e-20
7.326794675082430331e+03 3.893452188814755422e-20 2.574178496184306168e-20
7.331800603015485649e+03 1.459011248332792112e-19 2.781831435457409510e-20
7.336806530948540967e+03 1.249017606054783112e-19 3.325878030770082857e-20
7.341812458881597195e+03 6.759658406955383468e-20 3.294227473208912492e-20
7.346818386814653422e+03 5.358954293507662478e-20 2.493475610878346731e-20
7.351824314747707831e+03 9.401226131199063999e-20 2.204486597369233619e-20
7.356830242680764059e+03 1.012501998288534263e-19 2.402488483536617550e-20
7.361836170613820286e+03 1.749025060109520962e-19 2.746962784405542488e-20
7.366842098546875604e+03 1.133906273124520108e-19 2.994748067768889495e-20
7.371848026479930923e+03 8.062979604904848641e-20 2.904258210705096105e-20
7.376853954412987150e+03 7.648707764419347990e-20 2.109468554216248694e-20
7.381859882346043378e+03 8.097550175858663837e-20 1.882626478856614658e-20
7.386865810279097786e+03 1.253080050566681345e-19 2.211737741341758259e-20
7.391871738212154014e+03 3.730726960196909479e-20 2.416006851375901298e-20
7.396877666145210242e+03 7.715082763785929048e-20 2.867280199703822112e-20
7.401883594078265560e+03 9.304189317739663556e-20 2.862313460253372358e-20
7.406889522011320878e+03 5.580596230859602260e-20 2.592339744324215641e-20
7.411895449944377106e+03 9.042258267656561626e-20 2.125513100518169142e-20
7.416901377877432424e+03 5.151680015708114381e-20 2.141216744415475985e-20
7.421907305810487742e+03 1.136327087633306574e-19 2.258968316464179128e-20
7.426913233743543969e+03 1.001725938822881300e-19 2.417357893395401305e-20
7.431919161676600197e+03 1.353671660089065057e-19 2.641339005328900170e-20
7.436925089609655515e+03 6.034800518488102775e-20 2.602725034787446684e-20
7.441931017542710833e+03 7.321677731314919930e-20 2.397724928222278410e-20
7.446936945475767061e+03 8.934679155434491817e-20 1.983021101861763949e-20
7.451942873408822379e+03 6.267290321542308132e-20 1.930594924440430703e-20
7.456948801341877697e+03 6.568377719780328933e-20 2.011082620278385974e-20
7.461954729274933925e+03 5.032665558812238016e-20 2.177820284587215822e-20
7.466960657207990153e+03 1.097805223941150754e-19 2.418092675635541273e-20
7.471966585141045471e+03 1.083151683797677170e-19 2.524453054862121473e-20
7.476972513074100789e+03 8.535431449160221135e-20 2.641295350099061790e-20
7.481978441007157016e+03 8.070353234760428324e-20 2.501729354702656349e-20
7.486984368940212335e+03 6.059386049645068835e-20 2.259179991882600520e-20
7.491990296873267653e+03 8.488049039204169018e-20 2.006689679716066933e-20
7.496996224806323880e+03 8.076161607464510678e-20 1.941180653567856952e-20
7.502002152739380108e+03 9.598704142467021062e-20 1.846058629482446372e-20
7.507008080672435426e+03 1.014647049299877968e-19 1.831303745031582052e-20
7.512014008605490744e+03 1.053553764962478545e-19 1.944741762582800945e-20
7.517019936538546972e+03 1.691929791182538200e-19 2.571504029470981214e-20
7.522025864471602290e+03 7.131151915250067292e-20 3.114006826115315013e-20
7.527031792404657608e+03 1.080118021055999547e-19 3.164117344216592484e-20
7.532037720337713836e+03 4.488903848739329115e-20 2.522589911952189013e-20
7.537043648270770063e+03 1.173022689222389325e-19 2.256825166582581120e-20
7.542049576203824472e+03 8.645557947657890200e-20 2.165250244088174139e-20
7.547055504136880700e+03 7.017883456317293017e-20 2.160914662508634406e-20
7.552061432069936927e+03 7.037729769879262733e-20 2.339947534630285633e-20
7.557067360002992245e+03 1.109771561260751303e-19 2.389807030645257309e-20
7.562073287936047564e+03 1.592105460887723383e-19 2.404252003257747547e-20
7.567079215869103791e+03 1.151543584371884044e-19 2.826013842884983232e-20
7.572085143802159109e+03 1.014977569483798176e-19 2.924835588055368125e-20
7.577091071735214427e+03 5.971387004449273247e-20 2.514210578595664477e-20
7.582096999668270655e+03 5.600223780702633383e-20 2.264157749351278028e-20
7.587102927601326883e+03 8.339555429406036976e-21 2.228635236164350291e-20
7.592108855534382201e+03 4.612865233001419639e-20 2.847261166466431755e-20
7.597114783467437519e+03 9.977899319219426797e-20 4.110128164206097965e-20
7.602120711400493747e+03 1.270742976170629620e-19 5.177156633793932983e-20
7.607126639333549065e+03 7.572466581628280845e-20 4.400796189285857779e-20
7.612132567266604383e+03 9.326547390415915002e-20 3.654301619738556179e-20
7.617138495199660611e+03 6.369225402555911323e-20 3.028318460518434666e-20
7.622144423132716838e+03 1.382003947303034018e-19 3.334450220070723905e-20
7.627150351065772156e+03 8.861703599302486993e-21 3.580873311501012510e-20
7.632156278998827474e+03 5.695184055561178002e-20 3.403748002498333904e-20
7.637162206931883702e+03 3.361031190755618466e-20 2.839634419047960746e-20
7.642168134864939020e+03 4.401809892117396720e-20 2.636918210929433096e-20
7.647174062797994338e+03 9.744500156984216356e-20 2.614522495650117716e-20
7.652179990731050566e+03 7.510112691650383530e-20 2.627027518774457351e-20
7.657185918664106794e+03 1.014998117675709551e-19 2.798265479635656491e-20
7.662191846597162112e+03 5.469402607503371367e-20 2.724387344482463093e-20
7.667197774530217430e+03 6.793344021993080914e-20 2.494172760963359194e-20
7.672203702463273657e+03 7.796294260213018223e-20 2.245872257081657400e-20
7.677209630396328976e+03 1.234518099471788110e-19 2.287042640332160872e-20
7.682215558329384294e+03 9.000802202364401062e-20 2.396558290847820247e-20
7.687221486262440521e+03 2.077940290753032239e-20 2.439577153404547103e-20
7.692227414195496749e+03 8.296880022898038929e-20 2.439377804209133318e-20
7.697233342128551158e+03 8.074032723961849116e-20 2.351877133455148984e-20
7.702239270061607385e+03 4.566623388300992876e-20 2.331853306914491615e-20
7.707245197994663613e+03 1.118152446870373051e-19 3.418056356918856882e-20
7.712251125927718931e+03 6.998635128170028799e-20 4.326817554407937836e-20
7.717257053860774249e+03 1.544796180261594082e-19 4.198707581742248043e-20
7.722262981793830477e+03 1.440792110412974595e-19 3.266724760590041502e-20
7.727268909726885795e+03 5.583259683451719396e-20 2.512734408902891395e-20
7.732274837659941113e+03 9.119804700229582911e-20 2.210345415051984366e-20
7.737280765592997341e+03 5.355829264361696052e-20 2.095849090732742490e-20
7.742286693526053568e+03 1.268265856553982613e-19 2.674834900727532171e-20
7.747292621459108886e+03 3.620752136995020012e-20 3.778248965747145594e-20
7.752298549392164205e+03 9.350909442715083015e-20 3.953978035183378965e-20
7.757304477325220432e+03 5.667424530394490019e-20 3.276630597399605201e-20
7.762310405258275750e+03 5.319771972474084507e-20 2.710541461636169785e-20
7.767316333191331069e+03 1.300217647961174975e-19 2.420445098918851933e-20
7.772322261124387296e+03 1.070622081608656500e-19 2.565858942916089717e-20
7.777328189057443524e+03 5.711815930674013387e-20 2.835725430561133268e-20
7.782334116990498842e+03 9.062853035659523255e-20 2.677494376829636487e-20
7.787340044923554160e+03 1.060941851739979205e-19 3.221900141996530428e-20
7.792345972856610388e+03 9.032554264749027938e-20 3.806507096046792003e-20
7.797351900789665706e+03 1.023794728500277597e-19 3.703441888001968600e-20
7.802357828722721024e+03 1.041998894146017537e-19 2.977834136585182830e-20
7.807363756655777252e+03 1.024151672924708553e-19 3.134676673465426466e-20
7.812369684588833479e+03 1.015751027401003434e-19 3.294740983719280081e-20
7.817375612521888797e+03 9.548463473541471610e-20 4.070739925708921604e-20
7.822381540454944115e+03 1.019063944143362324e-19 4.055033634188366711e-20
7.827387468388000343e+03 8.945190104056917866e-20 3.042967248186166216e-20
7.832393396321055661e+03 9.483379715919487787e-20 2.262150387430976620e-20
7.837399324254110979e+03 9.394977371038333221e-20 2.676819102783712735e-20
7.842405252187167207e+03 9.147357552884096954e-20 2.835460161128765207e-20
7.847411180120223435e+03 1.977011978409027653e-19 3.650914782846972943e-20
7.852417108053277843e+03 8.745421528914308359e-20 4.100842309160351817e-20
7.857423035986334071e+03 7.178094040879867001e-20 3.960759200420255093e-20
7.862428963919390299e+03 1.816533254124834329e-19 3.247602543878179164e-20
7.867434891852445617e+03 1.152992400365038568e-19 3.214924514345879330e-20
7.872440819785500935e+03 7.716051799243118760e-20 3.206861092010880065e-20
7.877446747718557162e+03 7.304709501808634993e-20 3.031708839998182862e-20
7.882452675651613390e+03 1.176669349506122695e-19 3.147257790095014215e-20
7.887458603584667799e+03 7.555795086393220679e-20 3.328343827515243763e-20
7.892464531517724026e+03 7.682159684823682129e-20 3.120823004733494864e-20
7.897470459450780254e+03 7.712143101340208281e-20 2.402424524056082687e-20
7.902476387383835572e+03 9.947245104923654144e-20 2.272600179755174692e-20
7.907482315316890890e+03 1.014439464167072980e-19 3.821275445221621478e-20
7.912488243249947118e+03 7.795315653721977026e-20 4.755635920881629250e-20
7.917494171183002436e+03 8.184964407921990175e-20 4.917407188291510099e-20
7.922500099116057754e+03 6.630610468143474661e-20 3.780797397978492102e-20
7.927506027049113982e+03 8.620839993110641227e-20 3.507281603023488381e-20
7.932511954982170209e+03 6.849714593886190826e-20 3.165811390746897103e-20
7.937517882915225528e+03 4.651709767158210332e-20 2.648012336423836970e-20
7.942523810848280846e+03 5.470544564370260602e-20 2.616942783369387033e-20
7.947529738781337073e+03 1.299176444202813489e-19 2.825453479649842551e-20
7.952535666714392391e+03 7.446811287086059618e-20 2.641215306276598984e-20
7.957541594647447710e+03 9.662629101477588609e-20 3.036709959159637284e-20
7.962547522580503937e+03 1.039467079042528795e-19 3.851764704466353302e-20
7.967553450513560165e+03 9.378749342027333673e-20 3.720405978935541072e-20
7.972559378446615483e+03 9.841069083029458667e-20 2.917799804000921768e-20
7.977565306379670801e+03 6.857257461204828276e-20 2.977803657300161093e-20
7.982571234312727029e+03 1.104648159531873812e-19 2.911998485886981162e-20
7.987577162245782347e+03 1.064490128736922127e-19 3.479153813709156605e-20
7.992583090178837665e+03 9.698812437875411561e-20 3.856233550515066512e-20
7.997589018111893893e+03 9.756382103406867251e-21 3.433206941699580271e-20
8.002594946044950120e+03 3.611004948317256062e-20 2.180829679164834148e-20
8.007600873978005438e+03 6.800460257045279280e-20 2.368525594508427326e-20
8.012606801911060757e+03 6.286875385879108060e-20 2.700810436590974010e-20
8.017612729844116984e+03 1.234632080152050005e-19 3.045892893897310913e-20
8.022618657777172302e+03 1.399530954933308713e-19 3.625383062731577278e-20
8.027624585710227620e+03 4.944813421308052918e-20 3.649085649282469372e-20
8.032630513643283848e+03 7.634722329545379503e-20 2.794511716448141311e-20
8.037636441576340076e+03 4.301449829408758843e-20 2.116974420667364875e-20
8.042642369509394484e+03 2.328570514745512595e-20 2.173283687149500291e-20
8.047648297442450712e+03 6.401832661995621547e-20 2.547535543800629714e-20
8.052654225375506940e+03 9.738832553984999500e-20 2.751608465520797009e-20
8.057660153308562258e+03 1.251200451021728433e-19 3.155077796533493381e-20
8.062666081241617576e+03 1.002427221082651425e-19 3.098672660083783026e-20
8.067672009174673803e+03 2.878683324347876201e-20 2.602585273653945205e-20
8.072677937107729122e+03 1.072475372058909982e-19 2.105780964025077050e-20
8.077683865040784440e+03 8.543382062082723898e-20 2.098300441054479505e-20
8.082689792973840667e+03 2.658523733056397540e-20 2.108573324396791785e-20
8.087695720906896895e+03 9.657404161368896675e-20 2.187192294162315210e-20
8.092701648839952213e+03 5.611781281510695083e-20 2.257494690612949500e-20
8.097707576773007531e+03 9.020658097241901586e-20 2.472661460699228781e-20
8.102713504706063759e+03 4.672326855641573880e-20 2.426290348702359818e-20
8.107719432639119077e+03 9.936918196791407165e-20 2.227268520598962848e-20
8.112725360572174395e+03 5.094483399954125639e-20 1.966798006031453036e-20
8.117731288505230623e+03 5.806561952836142423e-20 1.925826700452306720e-20
8.122737216438286850e+03 8.684247281924268277e-20 1.914679384748366031e-20
8.127743144371342169e+03 7.012998695064320856e-20 1.942758941426224227e-20
8.132749072304397487e+03 8.229686706337895535e-20 2.010930922692048176e-20
8.137755000237453714e+03 1.083164490522718097e-19 2.073914962859422493e-20
8.142760928170509032e+03 8.695583471252956954e-20 2.145086451312154011e-20
8.147766856103564351e+03 6.182340447670425457e-20 2.080676988453129597e-20
8.152772784036620578e+03 5.806396602363553397e-20 1.969686574864734280e-20
8.157778711969676806e+03 4.038702383868989152e-20 1.899557567928196331e-20
8.162784639902732124e+03 5.253690902930694458e-20 1.925167951161708957e-20
8.167790567835787442e+03 3.775350487225398737e-20 1.967622005199368868e-20
8.172796495768843670e+03 4.524984646020166109e-20 2.016259513263315150e-20
8.177802423701898988e+03 7.884716358099513077e-20 2.071445050352037688e-20
8.182808351634954306e+03 5.027100058704034570e-20 2.190567581397164551e-20
8.187814279568010534e+03 6.298083989048127374e-20 2.280236668376033447e-20
8.192820207501066761e+03 9.994326791397440484e-20 2.273175062300114445e-20
8.197826135434121170e+03 1.463763418424500801e-20 2.198019734444420742e-20
8.202832063367177398e+03 2.618162607931094177e-20 2.135470698045030230e-20
8.207837991300233625e+03 6.518276996039540171e-20 2.096256860160754225e-20
8.212843919233288034e+03 8.333727613248742715e-20 2.049205755770856658e-20
8.217849847166344261e+03 1.118575653430908830e-19 2.006128231423784381e-20
8.222855775099400489e+03 7.489268583760281555e-20 1.961111787397041265e-20
8.227861703032456717e+03 5.196242944241848919e-20 1.919994187743775654e-20
8.232867630965511125e+03 9.447680841625478814e-20 1.882096118421387357e-20
8.237873558898567353e+03 8.745065531851515401e-20 1.922285396558629718e-20
8.242879486831623581e+03 3.470192085028552194e-20 1.956453516411826235e-20
8.247885414764677989e+03 5.849863429389885322e-20 1.957583115803579761e-20
8.252891342697734217e+03 9.117304870078124626e-20 1.917809953345353162e-20
8.257897270630790445e+03 7.025194935542273006e-20 1.873554083481536109e-20
8.262903198563846672e+03 7.976538809889938917e-20 1.877792526818344388e-20
8.267909126496901081e+03 7.020525788790244876e-20 1.946713789324496018e-20
8.272915054429957308e+03 9.384418690733724437e-20 2.625723318353417684e-20
8.277920982363013536e+03 9.480046124683519715e-20 3.630614567030700702e-20
8.282926910296067945e+03 8.026389780833938017e-20 4.506485920524649550e-20
8.287932838229124172e+03 9.256268978154949825e-20 4.469167859928914609e-20
8.292938766162180400e+03 9.478778054186565225e-20 4.776990344397542164e-20
8.297944694095236628e+03 7.704906450973207367e-20 4.584396504860134860e-20
8.302950622028291036e+03 8.955368518263779949e-20 4.125811948757638311e-20
8.307956549961347264e+03 8.733885457198519109e-20 3.195946095384592604e-20
8.312962477894403492e+03 8.435570317378323168e-20 3.069155672959374133e-20
8.317968405827457900e+03 6.981332656645621419e-20 2.495182821450047926e-20
8.322974333760514128e+03 4.644455453925359429e-20 2.177496416670694104e-20
8.327980261693570355e+03 5.809904065772053559e-20 2.052645071364306243e-20
8.332986189626626583e+03 9.771104509057723371e-20 2.275502843319025416e-20
8.337992117559680992e+03 7.691469984863510735e-20 4.493389593775948711e-20
8.342998045492737219e+03 1.012154061139860398e-19 5.654567984003958805e-20
8.348003973425793447e+03 8.130819115880669528e-20 5.686874823388975707e-20
8.353009901358847856e+03 7.386834696055632951e-20 3.948737948470668575e-20
8.358015829291904083e+03 5.165576516564285722e-20 3.314876618439720362e-20
8.363021757224960311e+03 3.904470816012245425e-21 2.789453448253942403e-20
8.368027685158016538e+03 3.214602537513205658e-20 2.604307056189257625e-20
8.373033613091070947e+03 7.052645230362448101e-20 2.335624358873260842e-20
8.378039541024127175e+03 1.042063027091385770e-20 3.066347886074257767e-20
8.383045468957181583e+03 2.451008433703635452e-20 3.156511808885627765e-20
8.388051396890237811e+03 7.937550253662428178e-20 2.739487995868548938e-20
8.393057324823294039e+03 7.836701352960072675e-20 3.935189129591331237e-20
8.398063252756350266e+03 6.174600692154588805e-20 4.681049475524945113e-20
8.403069180689406494e+03 9.864586299217830749e-20 4.246621464573053478e-20
8.408075108622460903e+03 1.561168236106739440e-19 2.933077321944093010e-20
8.413081036555517130e+03 5.431002594732120623e-20 3.362618941421704723e-20
8.418086964488571539e+03 7.462247594435688526e-20 3.395916419247956104e-20
8.423092892421627766e+03 7.532588210827863544e-20 4.032092700029587354e-20
8.428098820354683994e+03 7.203412028284380784e-20 5.410244916373374523e-20
8.433104748287740222e+03 8.112658456698036672e-20 5.289667300120022656e-20
8.438110676220796449e+03 4.421594553809747177e-20 3.077821000958832079e-20
8.443116604153850858e+03 1.075041832282320086e-19 2.548864635862790784e-20
8.448122532086907086e+03 6.643454035893791626e-20 3.512711130052352288e-20
8.453128460019961494e+03 7.930378558115058652e-20 3.569306560761685000e-20
8.458134387953017722e+03 8.506764722048760448e-20 3.996270775046289659e-20
8.463140315886073950e+03 8.574420012682551447e-20 4.683096807189109933e-20
8.468146243819130177e+03 9.589257761363491125e-20 4.386901924550223641e-20
8.473152171752186405e+03 7.108907514115023776e-20 2.668919157522478294e-20
8.478158099685240813e+03 9.211549973038787986e-20 2.063512933103717805e-20
8.483164027618297041e+03 1.056353997656222957e-19 2.049558518544377322e-20
8.488169955551351450e+03 1.430638887492855873e-19 2.643336808087125627e-20
8.493175883484407677e+03 6.897848759941107484e-20 2.868651885999714293e-20
8.498181811417463905e+03 9.342759113696644702e-20 3.316593281783104552e-20
8.503187739350520133e+03 1.067806262728425785e-19 3.506699247154282888e-20
8.508193667283574541e+03 9.019493557437100729e-20 3.223733362911680560e-20
8.513199595216630769e+03 5.265222830083835412e-20 2.123991554179709340e-20
8.518205523149686996e+03 6.064128984772236086e-20 1.897580661889785746e-20
8.523211451082741405e+03 6.864658969767259689e-20 1.909787294128836369e-20
8.528217379015797633e+03 8.003144046292901922e-20 1.937256485498282208e-20
8.533223306948853860e+03 1.460246007606992275e-19 2.262199152892648772e-20
8.538229234881910088e+03 5.768320573582489452e-20 2.488592440682504503e-20
8.543235162814964497e+03 9.529446786084510323e-20 2.941703603523565382e-20
8.548241090748020724e+03 1.490264428609945516e-19 3.003059133943978677e-20
8.553247018681076952e+03 -1.416628698294047026e-20 2.778787052536643223e-20
8.558252946614131361e+03 6.778277384305752972e-21 2.147487106738718728e-20
8.563258874547187588e+03 2.113866712273105010e-20 2.117648013924735057e-20
8.568264802480243816e+03 6.014120502105581786e-20 2.188620070932423122e-20
8.573270730413300043e+03 4.208439645345753737e-20 2.223074214994227956e-20
8.578276658346354452e+03 8.609972606459955755e-20 2.175985049935038116e-20
8.583282586279410680e+03 4.044233090890920375e-20 2.253185650672114243e-20
8.588288514212466907e+03 1.981664532293984414e-20 2.351360556027241494e-20
8.593294442145521316e+03 4.144411759754417620e-20 2.480063715045476622e-20
8.598300370078577544e+03 4.712778243911714146e-20 2.374798558104988239e-20
8.603306298011633771e+03 9.908537537159990683e-20 2.227706974481237461e-20
8.608312225944689999e+03 7.366153569680395680e-20 2.314873453882144788e-20
8.613318153877744408e+03 8.819050562626590504e-20 2.826892769330154075e-20
8.618324081810800635e+03 1.112198377043956436e-19 3.443996041416280915e-20
8.623330009743856863e+03 4.111760712269653447e-20 3.944915809210831558e-20
8.628335937676911271e+03 5.463558174833398439e-20 4.108779753713338210e-20
8.633341865609967499e+03 7.570704918119925048e-20 3.863874295573286759e-20
8.638347793543023727e+03 6.963299150059250422e-20 3.304861377490794908e-20
8.643353721476079954e+03 1.178646576121796828e-19 3.046539069160918723e-20
8.648359649409134363e+03 6.878935592521534174e-20 3.423984783763176154e-20
8.653365577342190591e+03 2.501312962661703610e-20 3.919757796985873358e-20
8.658371505275246818e+03 5.798872645904516038e-20 4.069785378786472562e-20
8.663377433208301227e+03 7.261055832631312300e-20 4.039797814047587053e-20
8.668383361141357454e+03 7.720828384919618586e-20 3.817797348350837180e-20
8.673389289074413682e+03 6.169321086071887280e-20 3.510387792285240352e-20
8.678395217007469910e+03 4.898407689008265021e-20 3.189905862067258865e-20
8.683401144940524318e+03 3.066653322503905833e-20 2.926649827855009400e-20
8.688407072873580546e+03 7.006178751112172212e-20 2.725694812650575026e-20
8.693413000806636774e+03 7.880616865534545361e-20 2.625949805481085069e-20
8.698418928739691182e+03 9.131296326143736819e-20 2.610866058012067515e-20
8.703424856672747410e+03 1.053226478278821309e-19 2.622013276038005324e-20
8.708430784605803638e+03 1.069277829001054931e-19 2.460794882258606837e-20
8.713436712538859865e+03 6.253684628181688929e-20 2.289640768985995226e-20
8.718442640471914274e+03 5.774627944059619709e-20 2.172591897050249333e-20
8.723448568404970501e+03 9.312420611960692602e-20 2.152603071779942523e-20
8.728454496338024910e+03 4.549957938044608362e-20 2.122212473291747473e-20
8.733460424271081138e+03 4.244284475434330998e-20 2.080429527316159062e-20
8.738466352204137365e+03 8.644873886214459745e-20 2.088414959343919588e-20
8.743472280137193593e+03 4.239391954369215316e-20 2.073118934460471126e-20
8.748478208070249821e+03 7.240087978117014023e-20 2.163838973123668557e-20
8.753484136003304229e+03 8.373408487338924853e-20 3.382413877433306435e-20
8.758490063936360457e+03 8.347211616573878364e-20 4.881791366853167479e-20
8.763495991869414866e+03 8.102250233507268244e-20 6.025464173212199559e-20
8.768501919802471093e+03 4.852937496247865837e-20 5.685395415364231849e-20
8.773507847735527321e+03 9.491384166774304743e-20 5.882798333539286472e-20
8.778513775668583548e+03 8.998626890118523963e-20 5.405562350728143601e-20
8.783519703601639776e+03 8.557711319075130787e-20 4.401760834466237714e-20
8.788525631534694185e+03 7.668635966713031128e-20 3.512181298886423431e-20
8.793531559467750412e+03 4.263402424347364249e-20 3.394954948076453937e-20
8.798537487400804821e+03 3.239836700712338479e-20 2.518751244041809824e-20
8.803543415333861049e+03 4.267949726451970578e-20 2.283981793597503366e-20
8.808549343266917276e+03 1.073247659811358815e-19 2.376456786657786384e-20
8.813555271199973504e+03 9.162160015582215280e-20 2.434152313903432655e-20
8.818561199133029731e+03 8.410615141423723832e-20 4.370930396653234009e-20
8.823567127066084140e+03 7.863852980072279153e-20 7.685533542980804531e-20
8.828573054999140368e+03 7.383627223622016020e-20 8.419818399104826326e-20
8.833578982932194776e+03 1.237584880230942280e-19 7.026049987030277256e-20
8.838584910865251004e+03 7.545395066470524979e-20 5.149975638307165789e-20
8.843590838798307232e+03 7.739364814387623630e-20 3.825526000710439686e-20
8.848596766731363459e+03 4.440524835942671800e-21 3.435400526979962980e-20
8.853602694664417868e+03 1.063962539515133726e-19 3.135198988602831337e-20
8.858608622597474096e+03 1.235647756325310183e-19 2.942882438917115390e-20
8.863614550530530323e+03 1.227671873740972586e-19 4.027915717704303857e-20
8.868620478463584732e+03 9.815795854613022673e-20 3.999104473907342450e-20
8.873626406396640959e+03 9.723775520626416426e-20 3.118869441796239230e-20
8.878632334329697187e+03 8.346316507987794895e-20 4.343333556745593934e-20
8.883638262262753415e+03 1.275268220886816555e-19 5.965973345159561151e-20
8.888644190195807823e+03 7.659171483380791366e-20 5.808383412855671960e-20
8.893650118128864051e+03 8.346316507987796099e-20 3.609009095935002388e-20
8.898656046061920279e+03 8.131769705309809762e-20 4.071443435739031528e-20
8.903661973994974687e+03 8.681980925869204074e-20 4.365239735616330622e-20
8.908667901928030915e+03 1.060900182891989878e-19 3.807545135252370145e-20
8.913673829861087142e+03 9.906714550731356287e-20 5.577902936896212638e-20
8.918679757794143370e+03 9.230385421539878394e-20 6.790950840980607915e-20
8.923685685727199598e+03 8.024841404036070881e-20 6.202932795616797997e-20
8.928691613660254006e+03 8.116138559017434190e-20 3.240375477145417370e-20
8.933697541593308415e+03 1.446212252406742011e-19 2.867807837115057532e-20
8.938703469526364643e+03 1.094580273735685449e-19 4.247804544346889405e-20
8.943709397459420870e+03 5.972323022829043607e-20 4.609968116036125204e-20
8.948715325392477098e+03 4.179742069177401357e-20 4.495319574830779209e-20
8.953721253325533326e+03 8.888966168341716096e-20 6.209680796251697796e-20
8.958727181258589553e+03 9.244355165138056317e-20 6.482104107768543948e-20
8.963733109191643962e+03 8.240469917679784318e-20 4.814328614757981721e-20
8.968739037124698370e+03 5.959013769647539439e-20 2.646226983441149415e-20
8.973744965057754598e+03 1.162515333557954610e-19 2.606847997054177022e-20
8.978750892990810826e+03 8.933188316540761011e-20 2.794358926487823275e-20
8.983756820923867053e+03 1.070134719805414655e-19 3.703049089763698809e-20
8.988762748856923281e+03 3.799455200601443927e-20 3.882985001620572277e-20
8.993768676789977690e+03 7.444805459318548000e-20 4.212784639888603661e-20
8.998774604723033917e+03 8.791185475286578341e-20 4.946232785567433204e-20
9.003780532656088326e+03 1.097777804582076603e-19 4.823094123433924867e-20
9.008786460589144554e+03 1.479867903025385343e-20 2.975084109355262006e-20
9.013792388522200781e+03 3.682957623774744604e-20 2.255534265730434720e-20
9.018798316455257009e+03 6.725984523852087532e-20 2.287473706989922356e-20
9.023804244388313236e+03 7.618742412241340846e-20 2.373326390061709801e-20
9.028810172321367645e+03 1.080313134208954148e-19 2.464130829269481794e-20
9.033816100254423873e+03 1.159582805496647285e-19 2.990939022983350035e-20
9.038822028187478281e+03 1.653804568172279206e-19 3.247293556472263544e-20
9.043827956120534509e+03 7.581238524907623199e-20 3.752946286736374740e-20
9.048833884053590737e+03 1.046577126144069845e-19 3.962181037481395216e-20
9.053839811986646964e+03 1.284187715419155582e-19 3.734092373757917147e-20
9.058845739919703192e+03 3.544849874692204828e-20 2.747051521015739409e-20
9.063851667852757600e+03 4.518259127566323257e-20 2.750064717475295840e-20
9.068857595785813828e+03 4.798800602086094069e-20 2.766333359112280385e-20
9.073863523718868237e+03 5.156351118921017128e-20 2.693346501365683605e-20
9.078869451651924464e+03 3.646285986798048631e-20 2.715536145148844067e-20
9.083875379584980692e+03 5.748013821144140975e-20 2.868629438687351164e-20
9.088881307518036920e+03 1.024951328712264440e-19 3.163086788112130735e-20
9.093887235451093147e+03 4.513690771915086296e-20 3.257030513150016113e-20
9.098893163384147556e+03 1.583127770856755604e-20 3.489934312770000877e-20
9.103899091317203784e+03 2.673169574503301648e-20 3.308933548726577291e-20
9.108905019250258192e+03 3.465451697682373260e-20 2.846024975586300845e-20
9.113910947183314420e+03 6.881558431381738358e-20 2.449885042098766167e-20
9.118916875116370647e+03 7.493473625403329553e-20 2.417332737389939161e-20
9.123922803049426875e+03 5.712007510725302952e-20 2.391826865816566200e-20
9.128928730982483103e+03 7.245129243670383466e-20 2.407017239290077367e-20
9.133934658915537511e+03 4.087423445394358293e-20 2.459069487862037187e-20
9.138940586848593739e+03 1.126045533921597391e-20 2.460713369048957638e-20
9.143946514781648148e+03 9.131801609287019545e-20 2.519348275563302403e-20
9.148952442714704375e+03 6.243614593327981030e-20 2.789805832269448944e-20
9.153958370647760603e+03 1.051290378711781296e-19 3.025130254277086036e-20
9.158964298580816831e+03 3.930455162139907349e-20 3.020712586318592202e-20
9.163970226513873058e+03 3.000950887963776609e-20 2.843634747217073133e-20
9.168976154446927467e+03 8.575146644539498498e-20 2.549856233705519999e-20
9.173982082379983694e+03 7.545904871523637968e-20 2.527809373533089558e-20
9.178988010313038103e+03 4.083125544232766742e-20 2.508012324666735083e-20
9.183993938246094331e+03 -7.089286907275756089e-21 2.548371597082892227e-20
9.188999866179150558e+03 -2.136205013059958595e-20 2.598980812805738948e-20
9.194005794112206786e+03 6.014369654397961271e-20 2.693832753025261940e-20
9.199011722045263014e+03 6.392184313229863527e-20 2.769703938126823018e-20
9.204017649978317422e+03 5.278986427957726966e-20 2.800021327909473360e-20
9.209023577911373650e+03 5.187751053878633856e-20 2.939426795672318691e-20
9.214029505844428058e+03 4.968412040667295249e-20 3.136240971359281882e-20
9.219035433777484286e+03 1.370676076062006828e-19 3.320145154720581827e-20
9.224041361710540514e+03 1.010387273960957790e-19 3.199364119638300214e-20
9.229047289643596741e+03 -3.636712387513242769e-20 2.936851106673710216e-20
9.234053217576652969e+03 5.572254206505076524e-20 2.611909210197173287e-20
9.239059145509707378e+03 5.449426297521935957e-20 2.563120294739159926e-20
9.244065073442761786e+03 1.595109406078405464e-20 2.710696716818032952e-20
9.249071001375818014e+03 4.389677626971817392e-20 2.851572543363868174e-20
9.254076929308874242e+03 5.298941948749066149e-20 2.832779244702903362e-20
9.259082857241930469e+03 -1.781612183752689258e-20 2.726674561621712050e-20
9.264088785174986697e+03 3.554370987043768510e-20 2.682130088404385976e-20
9.269094713108042924e+03 7.264320143612575519e-20 2.600221494650810507e-20
9.274100641041097333e+03 4.749979146735425454e-20 2.599229937061677944e-20
9.279106568974151742e+03 6.543416249850073856e-20 2.724980275488970971e-20
9.284112496907207969e+03 5.452352877119547638e-20 2.908038135541196383e-20
9.289118424840264197e+03 2.848424428986002550e-20 3.119833351588227783e-20
9.294124352773320425e+03 1.115451356893173413e-20 3.150869630750184443e-20
9.299130280706376652e+03 1.115451356893173413e-20 4.607901112471065941e-20
9.304136208639432880e+03 1.115451356893173413e-20 8.000939331862333610e-20
9.309142136572487289e+03 1.115451356893173413e-20 1.077013715708363093e-19
9.314148064505541697e+03 1.115451356893173413e-20 1.050573670838342199e-19
9.319153992438597925e+03 1.115451356893173413e-20 1.036638431564227866e-19
9.324159920371654152e+03 1.115451356893173413e-20 9.551614805726115276e-20
9.329165848304710380e+03 1.115451356893173413e-20 7.726441393468589344e-20
9.334171776237766608e+03 1.115451356893173413e-20 6.493222799527608173e-20
9.339177704170821016e+03 1.115451356893173413e-20 6.499292525068483631e-20
9.344183632103877244e+03 1.115451356893173413e-20 5.711311063190032566e-20
9.349189560036931653e+03 1.115451356893173413e-20 4.557329711182995338e-20
9.354195487969987880e+03 1.115451356893173413e-20 4.438607585437434345e-20
9.359201415903044108e+03 1.115451356893173413e-20 4.082609860597963946e-20
9.364207343836100335e+03 1.115451356893173262e-20 4.827795231691618180e-20
9.369213271769156563e+03 1.115451356893173413e-20 1.103061888344634883e-19
9.374219199702210972e+03 1.115451356893173413e-20 1.404270161352535146e-19
9.379225127635267199e+03 1.115451356893173413e-20 1.257071957468108988e-19
9.384231055568321608e+03 1.115451356893173413e-20 7.086416110006373672e-20
9.389236983501377836e+03 1.115451356893173262e-20 5.059635369137588986e-20
9.394242911434434063e+03 1.115451356893173413e-20 4.644447941690822942e-20
9.399248839367490291e+03 1.115451356893173413e-20 5.668648200714493716e-20
9.404254767300546519e+03 1.115451356893173413e-20 5.518191304247304282e-20
9.409260695233600927e+03 1.115451356893173413e-20 4.360305258589844244e-20
9.414266623166657155e+03 1.115451356893173262e-20 5.644835883148238625e-20
9.419272551099711563e+03 1.115451356893173563e-20 6.483134487719103474e-20
9.424278479032767791e+03 1.115451356893173262e-20 6.050388781444622078e-20
9.429284406965824019e+03 1.115451356893173413e-20 4.765727137708132549e-20
9.434290334898880246e+03 1.115451356893173262e-20 8.746282297092834398e-20
9.439296262831936474e+03 1.115451356893173413e-20 1.107110033247122697e-19
9.444302190764990883e+03 1.115451356893173413e-20 9.856249512173561851e-20
9.449308118698047110e+03 1.115451356893173413e-20 5.770043029800006009e-20
9.454314046631101519e+03 1.115451356893173413e-20 8.165472095319165575e-20
9.459319974564157746e+03 1.115451356893173413e-20 8.715658753858642513e-20
9.464325902497213974e+03 1.115451356893173413e-20 6.847229643908582867e-20
9.469331830430270202e+03 1.115451356893173262e-20 8.035470128488683200e-20
9.474337758363326429e+03 1.115451356893173413e-20 1.169356438530395149e-19
9.479343686296380838e+03 1.115451356893173413e-20 1.141940690334532644e-19
9.484349614229437066e+03 1.115451356893173413e-20 6.605357973919323058e-20
9.489355542162491474e+03 1.115451356893173413e-20 4.179651222488500637e-20
9.494361470095547702e+03 1.115451356893173413e-20 5.326969218109256950e-20
9.499367398028603930e+03 1.115451356893173413e-20 7.697971897486015609e-20
9.504373325961660157e+03 1.115451356893173262e-20 7.201384899860537383e-20
9.509379253894716385e+03 1.115451356893173413e-20 5.621007614841746319e-20
9.514385181827770793e+03 1.115451356893173413e-20 7.927989839797351345e-20
9.519391109760827021e+03 1.115451356893173413e-20 9.122219893136614844e-20
9.524397037693881430e+03 1.115451356893173413e-20 7.617651370378016546e-20
9.529402965626937657e+03 1.115451356893173413e-20 4.447618187516580170e-20
9.534408893559993885e+03 1.115451356893173413e-20 4.299231833493551340e-20
9.539414821493050113e+03 1.115451356893173413e-20 4.182449862515899174e-20
9.544420749426106340e+03 1.115451356893173413e-20 4.649701981450216380e-20
9.549426677359160749e+03 1.115451356893173413e-20 6.146564988533931966e-20
9.554432605292216977e+03 1.115451356893173262e-20 6.495633980616958781e-20
9.559438533225271385e+03 1.115451356893173563e-20 6.589405644116174454e-20
9.564444461158327613e+03 1.115451356893173413e-20 8.687817473002836481e-20
9.569450389091383840e+03 1.115451356893173413e-20 8.688836635800945351e-20
9.574456317024440068e+03 1.115451356893173262e-20 6.149519972523172868e-20
9.579462244957496296e+03 1.115451356893173413e-20 4.301198144868235719e-20
9.584468172890550704e+03 1.115451356893173262e-20 4.240188124519717655e-20
9.589474100823605113e+03 1.115451356893173413e-20 4.457394385645969783e-20
9.594480028756661341e+03 1.115451356893173413e-20 4.437097265321092735e-20
9.599485956689717568e+03 1.115451356893173413e-20 4.720507147757551564e-20
9.604491884622773796e+03 1.115451356893173413e-20 5.630223218512533681e-20
9.609497812555830023e+03 1.115451356893173262e-20 5.663246172007533882e-20
9.614503740488886251e+03 1.115451356893173413e-20 5.815770688880926009e-20
9.619509668421940660e+03 1.115451356893173262e-20 6.267755962725008103e-20
9.624515596354995068e+03 1.115451356893173413e-20 6.043997179795652647e-20
9.629521524288051296e+03 1.115451356893173262e-20 4.630555644392926418e-20
9.634527452221107524e+03 1.115451356893173413e-20 4.241872283340754581e-20
9.639533380154163751e+03 1.115451356893173413e-20 4.018316400541522807e-20
9.644539308087219979e+03 1.115451356893173413e-20 3.862471340828712636e-20
9.649545236020274388e+03 1.115451356893173262e-20 3.896745712612655015e-20
9.654551163953330615e+03 1.115451356893173413e-20 4.142005967170064734e-20
9.659557091886385024e+03 1.115451356893173413e-20 4.469888256900700739e-20
9.664563019819441251e+03 1.115451356893173413e-20 5.380223960776091850e-20
9.669568947752497479e+03 1.115451356893173413e-20 5.776346910602543563e-20
9.674574875685553707e+03 1.115451356893173413e-20 6.125301120403338123e-20
9.679580803618609934e+03 1.115451356893173413e-20 6.702278265976358860e-20
9.684586731551664343e+03 1.115451356893173413e-20 6.863862000460586573e-20
9.689592659484720571e+03 1.115451356893173413e-20 5.936845484049722068e-20
9.694598587417774979e+03 1.115451356893173413e-20 7.082012181537193269e-20
9.699604515350831207e+03 1.115451356893173262e-20 7.221058977304747625e-20
9.704610443283887435e+03 1.115451356893173413e-20 6.701551983499419958e-20
9.709616371216943662e+03 1.115451356893173413e-20 6.115360360503926781e-20
9.714622299149999890e+03 1.115451356893173413e-20 8.146412753816725416e-20
9.719628227083054298e+03 1.115451356893173413e-20 8.710574621754229693e-20
9.724634155016110526e+03 1.115451356893173413e-20 7.878244110257002785e-20
9.729640082949164935e+03 1.115451356893173413e-20 5.922172331771509021e-20
9.734646010882221162e+03 1.115451356893173413e-20 6.598513728778799785e-20
9.739651938815277390e+03 1.115451356893173413e-20 6.585816743557473375e-20
9.744657866748333618e+03 1.115451356893173413e-20 5.746708819488157884e-20
9.749663794681389845e+03 1.115451356893173413e-20 4.959934993158256116e-20
9.754669722614444254e+03 1.115451356893173413e-20 4.445385073898981412e-20
9.759675650547500481e+03 1.115451356893173413e-20 4.349910017380099628e-20
9.764681578480554890e+03 1.115451356893173563e-20 4.279851280890795861e-20
9.769687506413611118e+03 1.115451356893173262e-20 4.200651748384706693e-20
9.774693434346667345e+03 1.115451356893173262e-20 4.239936370562430896e-20
9.779699362279723573e+03 1.115451356893173413e-20 4.636846682204253033e-20
9.784705290212779801e+03 1.115451356893173413e-20 8.216810287948748161e-20
9.789711218145834209e+03 1.115451356893173262e-20 1.083188213297231780e-19
9.794717146078890437e+03 1.115451356893173413e-20 1.127998839848885823e-19
9.799723074011944846e+03 1.115451356893173413e-20 8.609727350268863651e-20
9.804729001945001073e+03 1.115451356893173413e-20 7.302825335845906914e-20
9.809734929878057301e+03 1.115451356893173262e-20 6.367815576415677040e-20
9.814740857811113528e+03 1.115451356893173413e-20 6.232272843107230917e-20
9.819746785744169756e+03 1.115451356893173413e-20 5.699593937884497722e-20
9.824752713677224165e+03 1.115451356893173413e-20 5.513004619747742197e-20
9.829758641610280392e+03 1.115451356893173413e-20 5.623064899685255204e-20
9.834764569543334801e+03 1.115451356893173413e-20 5.417344606767087108e-20
9.839770497476391029e+03 1.115451356893173262e-20 5.563890987182633969e-20
9.844776425409447256e+03 1.115451356893173413e-20 7.300548507107642430e-20
9.849782353342503484e+03 1.115451356893173413e-20 7.812356263853488253e-20
9.854788281275559712e+03 1.115451356893173413e-20 6.854216296281241679e-20
9.859794209208614120e+03 1.115451356893173262e-20 5.587166964726403889e-20
9.864800137141670348e+03 1.115451356893173413e-20 7.726301388787526553e-20
9.869806065074724756e+03 1.115451356893173413e-20 1.067878851822044193e-19
9.874811993007780984e+03 1.115451356893173413e-20 1.041974962699113987e-19
9.879817920940837212e+03 1.115451356893173262e-20 7.197766286081791854e-20
9.884823848873893439e+03 1.115451356893173413e-20 5.801245997741566024e-20
9.889829776806949667e+03 1.115451356893173413e-20 7.239420798778174172e-20
9.894835704740004076e+03 1.115451356893173413e-20 8.056475429323342649e-20
9.899841632673058484e+03 1.115451356893173413e-20 7.551778664612340983e-20
9.904847560606114712e+03 1.115451356893173413e-20 6.221682249154180090e-20
9.909853488539170939e+03 1.115451356893173413e-20 9.285439515031034490e-20
9.914859416472227167e+03 1.115451356893173413e-20 1.047367226782254732e-19
9.919865344405283395e+03 1.115451356893173413e-20 9.377785358288486709e-20
9.924871272338339622e+03 1.115451356893173413e-20 6.078695865813323265e-20
9.929877200271394031e+03 1.115451356893173262e-20 5.747106784330726244e-20
9.934883128204448440e+03 1.115451356893173413e-20 7.080119368722738589e-20
9.939889056137504667e+03 1.115451356893173413e-20 1.105425750819871366e-19
9.944894984070560895e+03 1.115451356893173413e-20 1.384448095532170006e-19
9.949900912003617123e+03 1.115451356893173413e-20 1.355846449187671977e-19
9.954906839936673350e+03 1.115451356893173413e-20 1.290816346869488496e-19
9.959912767869729578e+03 1.115451356893173413e-20 1.342776975379977547e-19
9.964918695802783986e+03 1.115451356893173413e-20 1.198822650422331222e-19
9.969924623735838395e+03 1.115451356893173413e-20 9.991600140871021042e-20
9.974930551668894623e+03 1.115451356893173413e-20 9.205170952430402285e-20
9.979936479601950850e+03 1.115451356893173413e-20 8.182134355005607951e-20
9.984942407535007078e+03 1.115451356893173262e-20 7.063551347163474110e-20
9.989948335468063306e+03 1.115451356893173413e-20 6.651312776182740438e-20
9.994954263401117714e+03 1.115451356893173413e-20 7.222676670960425895e-20
9.999960191334173942e+03 1.115451356893173262e-20 7.799989986894651922e-20
1.000496611926722835e+04 1.115451356893173413e-20 9.363995011926295520e-20
1.000997204720028458e+04 1.115451356893173413e-20 1.361811659713145247e-19
1.001497797513334081e+04 1.115451356893173413e-20 8.592398360078596254e-20
1.001998390306639703e+04 1.115451356893173262e-20 6.772287655908155262e-20
1.002498983099945326e+04 1.115451356893173413e-20 5.825898597378490300e-20
1.002999575893250767e+04 1.115451356893173413e-20 5.443454234096374692e-20
1.003500168686556390e+04 1.115451356893173413e-20 4.936331522590681393e-20
1.004000761479861831e+04 1.115451356893173413e-20 4.940438358829774957e-20
1.004501354273167453e+04 1.115451356893173413e-20 5.235645217325675543e-20
1.005001947066473076e+04 1.115451356893173262e-20 5.245941597272249726e-20
1.005502539859778699e+04 1.115451356893173413e-20 5.375850264707837873e-20
1.006003132653084322e+04 1.115451356893173413e-20 5.900883078961579655e-20
1.006503725446389763e+04 1.115451356893173413e-20 6.005853786459401521e-20
1.007004318239695385e+04 1.115451356893173262e-20 5.875722611474655300e-20
1.007504911033000826e+04 1.115451356893173413e-20 6.032430241487348264e-20
1.008005503826306449e+04 1.115451356893173413e-20 6.931643214938486467e-20
1.008506096619612072e+04 1.115451356893173413e-20 7.256936438519782606e-20
1.009006689412917694e+04 1.115451356893173413e-20 6.695333506060531065e-20
1.009507282206223317e+04 1.115451356893173413e-20 6.299449395755044851e-20
1.010007874999528758e+04 1.115451356893173413e-20 6.935635312196068030e-20
1.010508467792834381e+04 1.115451356893173413e-20 7.306847186879753659e-20
1.011009060586139822e+04 1.115451356893173413e-20 6.940931655020686027e-20
1.011509653379445444e+04 1.115451356893173413e-20 6.614844494988441136e-20
1.012010246172751067e+04 1.115451356893173413e-20 7.521640657057687728e-20
1.012510838966056690e+04 1.115451356893173262e-20 7.775585509815941179e-20
1.013011431759362313e+04 1.115451356893173413e-20 7.413656986484412823e-20
1.013512024552667754e+04 1.115451356893173413e-20 6.482919664740823829e-20
1.014012617345973376e+04 1.115451356893173262e-20 6.670754761013122586e-20
1.014513210139278817e+04 1.115451356893173413e-20 6.980210371368701487e-20
1.015013802932584440e+04 1.115451356893173413e-20 7.536670346787132644e-20
1.015514395725890063e+04 1.115451356893173413e-20 7.971295370365392685e-20
1.016014988519195686e+04 1.115451356893173262e-20 7.591364311596468937e-20
1.016515581312501308e+04 1.115451356893173413e-20 7.608825934315640523e-20
1.017016174105806749e+04 1.115451356893173413e-20 8.361214125122333371e-20
1.017516766899112372e+04 1.115451356893173413e-20 8.747011307649818784e-20
1.018017359692417813e+04 1.115451356893173413e-20 7.985840720850786821e-20
1.018517952485723436e+04 1.115451356893173413e-20 7.558685000980124079e-20
1.019018545279029058e+04 1.115451356893173413e-20 7.822224410049015782e-20
1.019519138072334681e+04 1.115451356893173413e-20 8.048097017304959263e-20
1.020019730865640304e+04 1.115451356893173413e-20 8.069171070006277099e-20
1.020520323658945745e+04 1.115451356893173413e-20 8.691457946042096638e-20
1.021020916452251367e+04 1.115451356893173262e-20 9.304563830956561939e-20
1.021521509245556808e+04 1.115451356893173563e-20 9.315406232630584481e-20
1.022022102038862431e+04 1.115451356893173413e-20 9.070229675310173073e-20
1.022522694832168054e+04 1.115451356893173413e-20 8.877439618812281133e-20
1.023023287625473677e+04 1.115451356893173262e-20 9.116525838040573441e-20
1.023523880418779299e+04 1.115451356893173413e-20 8.916796369146269293e-20
1.024024473212084740e+04 1.115451356893173413e-20 8.364768402672168297e-20
1.024525066005390181e+04 1.115451356893173563e-20 8.293083543043358105e-20
1.025025658798695804e+04 1.115451356893173262e-20 8.238766684907839047e-20
1.025526251592001427e+04 1.115451356893173413e-20 8.145804861899317179e-20
1.026026844385307049e+04 1.115451356893173413e-20 8.190500698129926759e-20
1.026527437178612672e+04 1.115451356893173262e-20 8.340981596237267294e-20
1.027028029971918295e+04 1.115451356893173413e-20 8.609078218106481165e-20
1.027528622765223736e+04 1.115451356893173413e-20 8.788161632637915395e-20
1.028029215558529177e+04 1.115451356893173413e-20 9.152946957102445506e-20
1.028529808351834799e+04 1.115451356893173262e-20 1.007436214715230974e-19
1.029030401145140422e+04 1.115451356893173413e-20 1.055685739646961428e-19
1.029530993938446045e+04 1.115451356893173413e-20 1.006529668654268154e-19
