#  wl flam flam_err
4.803806996822357178e+03 -1.362596729295573555e-20 4.575542882631775991e-19
4.808812924755412496e+03 7.209168185399668009e-19 4.425214558872246782e-19
4.813818852688468723e+03 4.654186618504214461e-19 4.335500093371391896e-19
4.818824780621524042e+03 3.635803205435168610e-19 4.318635998430615280e-19
4.823830708554580269e+03 -4.459663657459550758e-19 4.254161972263940064e-19
4.828836636487635587e+03 5.670332247578725525e-19 4.196547205481447573e-19
4.833842564420691815e+03 7.069661413535345816e-19 4.047260524251913016e-19
4.838848492353747133e+03 5.916214630240987265e-19 3.968208880278437126e-19
4.843854420286802451e+03 -2.611228604384158325e-19 3.946345816529744672e-19
4.848860348219858679e+03 -6.091062494755802495e-21 3.934592313789384521e-19
4.853866276152913997e+03 -2.813678726807392487e-19 3.891456202236888592e-19
4.858872204085970225e+03 3.274226733549740461e-19 3.450557149449848867e-19
4.863878132019025543e+03 -6.849576514829367877e-19 3.105120202444597193e-19
4.868884059952080861e+03 1.903147378078820296e-19 3.133018738238067054e-19
4.873889987885137089e+03 3.693929325808699657e-19 3.186878100649792825e-19
4.878895915818192407e+03 -6.239967217454307893e-20 3.160619984353334061e-19
4.883901843751248634e+03 5.736209314647376576e-19 3.082351802595545683e-19
4.888907771684303952e+03 2.531434158175631524e-19 2.906622058613022915e-19
4.893913699617360180e+03 4.416518789866963868e-19 2.837863119686070614e-19
4.898919627550415498e+03 -2.924358600757117304e-20 2.850373508429887041e-19
4.903925555483470816e+03 3.042262587876823859e-19 2.816900977858985606e-19
4.908931483416527044e+03 4.536309548009566313e-19 2.687869671065593673e-19
4.913937411349582362e+03 1.537751098638946161e-19 2.525383169799089000e-19
4.918943339282638590e+03 -9.954610762526037833e-20 2.403438801629023601e-19
4.923949267215693908e+03 1.773479433877609237e-19 2.400602021829713576e-19
4.928955195148750136e+03 3.335987215619341302e-19 2.458434808802170598e-19
4.933961123081805454e+03 -2.002514775318947542e-19 2.442836046859482892e-19
4.938967051014860772e+03 2.154205811605905626e-19 2.380794119306046624e-19
4.943972978947916999e+03 -5.988468746285769754e-20 2.310029730836338244e-19
4.948978906880972318e+03 2.971101696297010475e-19 2.313509598994315368e-19
4.953984834814028545e+03 9.381617707501118699e-19 2.339844025899907776e-19
4.958990762747083863e+03 5.848603693181353231e-20 2.338808164003659183e-19
4.963996690680139181e+03 1.593338528837864943e-19 2.339987966985711448e-19
4.969002618613195409e+03 -1.781951356477881716e-19 2.321344611725993935e-19
4.974008546546250727e+03 -3.250051353282396964e-19 2.276870151937273332e-19
4.979014474479306955e+03 -1.443688948426953127e-19 2.222211473933338502e-19
4.984020402412362273e+03 3.368235373988185820e-19 2.249324460238487415e-19
4.989026330345418501e+03 -2.460202025980950950e-19 2.327607337326725665e-19
4.994032258278473819e+03 1.538110993489829370e-19 2.342754777837449586e-19
4.999038186211529137e+03 -3.038280832147039717e-20 2.187885282009080672e-19
5.004044114144585365e+03 2.960880570796193923e-19 2.071183870149644407e-19
5.009050042077640683e+03 4.075824714653090711e-20 2.017033961846778669e-19
5.014055970010696910e+03 2.458843088640436279e-19 1.991265107466362992e-19
5.019061897943752228e+03 3.399159621001457872e-19 1.934394634995111840e-19
5.024067825876807547e+03 1.683634756472217120e-19 1.864019992799306999e-19
5.029073753809863774e+03 -1.776073898106251701e-19 1.786029520602082083e-19
5.034079681742919092e+03 5.540038034357984621e-20 1.746195958457246813e-19
5.039085609675975320e+03 -1.224715675348413548e-19 1.726619945000319105e-19
5.044091537609030638e+03 7.109375578120362310e-20 1.741698837506167794e-19
5.049097465542086866e+03 8.486239824201209410e-20 1.737449623324333469e-19
5.054103393475142184e+03 3.048850396064827246e-19 1.705102455192562701e-19
5.059109321408197502e+03 1.716642790076996404e-19 1.674413356579087080e-19
5.064115249341253730e+03 2.713469098310052606e-19 1.644991049203957290e-19
5.069121177274309048e+03 5.017589753664978986e-19 1.651385129156245915e-19
5.074127105207365275e+03 2.146014585884875866e-19 1.643475105999741860e-19
5.079133033140420594e+03 4.657616209896682402e-20 1.616597189483927117e-19
5.084138961073476821e+03 1.403421436079797942e-19 1.617173991455528489e-19
5.089144889006532139e+03 1.941697471765183123e-19 1.594473344785075432e-19
5.094150816939587457e+03 2.161116595800781702e-20 1.590091904035870645e-19
5.099156744872643685e+03 6.106839513041693899e-20 1.622097020883249439e-19
5.104162672805699003e+03 2.291635079675230743e-19 1.668221943640966332e-19
5.109168600738755231e+03 -8.668284851037303070e-20 1.690506300060401280e-19
5.114174528671810549e+03 1.082935987994505001e-19 1.675642265456030715e-19
5.119180456604865867e+03 -5.295493525040888322e-20 1.654538187187844050e-19
5.124186384537922095e+03 6.765479499123113002e-20 1.615552130350526096e-19
5.129192312470977413e+03 1.516332022285509844e-19 1.611807733923060239e-19
5.134198240404033641e+03 -2.986725629854589126e-20 1.626716164220309445e-19
5.139204168337088959e+03 -2.560286258334936706e-19 1.586894403350848681e-19
5.144210096270145186e+03 -1.391096727611763321e-19 1.543797015022700615e-19
5.149216024203200504e+03 1.855158144730077887e-19 1.460428821742860627e-19
5.154221952136255823e+03 8.408522553653422549e-20 1.407435408780499065e-19
5.159227880069312050e+03 -1.164608165699144551e-19 1.385314341486933597e-19
5.164233808002367368e+03 1.112785972552057051e-19 1.360520806085789988e-19
5.169239735935423596e+03 3.607844672451561607e-19 1.295653173511279213e-19
5.174245663868478914e+03 2.195407878730584747e-19 1.263822048262303062e-19
5.179251591801534232e+03 6.869886901472532954e-20 1.231829474409785097e-19
5.184257519734590460e+03 1.140465001364562592e-19 1.224163087359491553e-19
5.189263447667645778e+03 3.906479894869667836e-19 1.241847849688690548e-19
5.194269375600702006e+03 3.905189753231261922e-19 1.305950333385731839e-19
5.199275303533757324e+03 5.319900684282340225e-19 1.374367496287512013e-19
5.204281231466813551e+03 8.989882942219585575e-20 1.356185946665481571e-19
5.209287159399868870e+03 1.046370905510661613e-19 1.281928871727887736e-19
5.214293087332924188e+03 -5.504445426373701235e-20 1.265235023561029097e-19
5.219299015265980415e+03 2.543229115020564624e-19 1.291484759348677781e-19
5.224304943199035733e+03 -6.769101944058619108e-20 1.306177425532618492e-19
5.229310871132091961e+03 -7.459687332295969741e-20 1.333338269350062093e-19
5.234316799065147279e+03 1.853135466492758541e-19 1.390069678047731161e-19
5.239322726998203507e+03 -1.982422244560867433e-19 1.387894794031606825e-19
5.244328654931258825e+03 4.181210103746892738e-20 1.373467386741266796e-19
5.249334582864314143e+03 2.193918016358789829e-19 1.346900474989983790e-19
5.254340510797370371e+03 1.475516786559945973e-19 1.358397663571351875e-19
5.259346438730425689e+03 -6.323014291924096978e-20 1.299298442521529370e-19
5.264352366663481916e+03 1.457343944514788169e-19 1.247997162173044014e-19
5.269358294596537235e+03 1.302079097500415321e-19 1.232052215241072304e-19
5.274364222529593462e+03 4.614240001259374154e-20 1.233109920843107830e-19
5.279370150462648780e+03 5.853869180021995822e-20 1.192309146013048293e-19
5.284376078395704099e+03 1.480665282428895757e-19 1.142046952303419173e-19
5.289382006328760326e+03 2.219367880827185890e-19 1.137825130958547254e-19
5.294387934261815644e+03 1.658851445761532798e-19 1.167863841188778704e-19
5.299393862194871872e+03 1.871353147708197713e-19 1.183921555656157948e-19
5.304399790127927190e+03 2.499256874858964077e-19 1.179666739480731002e-19
5.309405718060982508e+03 3.940919593723245151e-19 1.167830536388192091e-19
5.314411645994038736e+03 1.488509653354615200e-19 1.133172481158214827e-19
5.319417573927094054e+03 7.572068508924903915e-20 1.093871970120254447e-19
5.324423501860150282e+03 3.305557236286494535e-19 1.086745275702932922e-19
5.329429429793205600e+03 1.432469926472361619e-19 1.107284562323480383e-19
5.334435357726260918e+03 2.281054472769101840e-19 1.143309531224340096e-19
5.339441285659317145e+03 1.652519235976584123e-19 1.141002132132257082e-19
5.344447213592372464e+03 3.207447057866872005e-19 1.140085017810434825e-19
5.349453141525428691e+03 5.239680470825535110e-20 1.130410622699371269e-19
5.354459069458484009e+03 -5.584722482758046845e-21 1.124215090980589203e-19
5.359464997391540237e+03 9.615886070210344608e-20 1.127893866760655790e-19
5.364470925324595555e+03 1.837100208535449756e-19 1.147881173196004202e-19
5.369476853257650873e+03 4.680318082064484391e-20 1.183591021963171924e-19
5.374482781190707101e+03 -1.569654243319465047e-20 1.214318025998715763e-19
5.379488709123762419e+03 2.331035351414383228e-19 1.213642704581710542e-19
5.384494637056818647e+03 2.925050946728752010e-19 1.175165688247516302e-19
5.389500564989873965e+03 9.915831275732941390e-20 1.106348979062502160e-19
5.394506492922930192e+03 2.896505199882847105e-19 1.058623204366990242e-19
5.399512420855985511e+03 1.236266723872941771e-19 1.023833883143313645e-19
5.404518348789040829e+03 8.764269102819372734e-20 1.021977656636949236e-19
5.409524276722097056e+03 8.052589762975040017e-20 1.030372922157560501e-19
5.414530204655152374e+03 1.802521844298878157e-19 1.033437307168129644e-19
5.419536132588208602e+03 1.297036787319454461e-19 1.007184652320266531e-19
5.424542060521263920e+03 1.676571106806011023e-19 9.721252374439918945e-20
5.429547988454320148e+03 1.399989107439622416e-19 9.412352652119258895e-20
5.434553916387375466e+03 2.102122523805711348e-20 9.450719314510098924e-20
5.439559844320430784e+03 2.435860225123077343e-19 9.629698807972481015e-20
5.444565772253487012e+03 2.662688827420716003e-19 9.905760136760976687e-20
5.449571700186542330e+03 1.479814990594485730e-19 9.886377651900862692e-20
5.454577628119598558e+03 3.212218158395289305e-19 9.923770553693601204e-20
5.459583556052653876e+03 2.432889361378828170e-19 9.808974746255983290e-20
5.464589483985709194e+03 4.410877777527837893e-19 9.714829190827336108e-20
5.469595411918765421e+03 3.227782704311793344e-19 9.511040437546819342e-20
5.474601339851820740e+03 -8.391020320696764260e-21 9.537628460068137545e-20
5.479607267784876967e+03 2.144639470107351537e-19 9.826747676249931653e-20
5.484613195717932285e+03 3.274250310382864182e-19 1.017965119499822376e-19
5.489619123650987603e+03 3.102905605152155931e-19 1.044817444266862498e-19
5.494625051584043831e+03 2.440422392857150114e-19 1.061296824687163286e-19
5.499630979517099149e+03 3.069699717612428503e-19 1.057691566225223823e-19
5.504636907450155377e+03 2.942532626030979670e-19 1.052247827094723609e-19
5.509642835383210695e+03 9.051353628218018434e-20 1.030257792269328954e-19
5.514648763316266923e+03 4.012679442041928927e-19 1.027800971339589627e-19
5.519654691249322241e+03 1.474873441089764669e-19 1.014019300894349276e-19
5.524660619182377559e+03 3.418355807701099063e-19 1.011011089967268939e-19
5.529666547115433787e+03 2.253333592399517990e-19 9.972653217320543565e-20
5.534672475048489105e+03 1.319003092880588522e-19 9.866133721027236594e-20
5.539678402981545332e+03 1.821947794844541606e-19 9.844934267012326976e-20
5.544684330914600650e+03 2.965252737388340771e-19 9.682634824538090649e-20
5.549690258847656878e+03 2.510987266364848536e-19 9.256734499716174094e-20
5.554696186780712196e+03 2.206551381925780457e-19 9.009053332805100783e-20
5.559702114713767514e+03 7.820306951274732476e-20 9.273406943898597391e-20
5.564708042646823742e+03 2.997262546391247028e-19 9.631162124306150785e-20
5.569713970579879060e+03 2.177554878403806393e-19 1.912500555543584227e-19
5.574719898512935288e+03 2.278226707073443857e-19 3.840232600606788632e-19
5.579725826445990606e+03 1.892843674800195699e-19 3.791437294806241428e-19
5.584731754379046833e+03 1.104081775044677696e-19 2.064755485764007615e-19
5.589737682312102152e+03 2.304957257948549227e-19 8.933737544011218028e-20
5.594743610245157470e+03 3.368783473495350374e-19 8.787360215351106178e-20
5.599749538178213697e+03 2.650285968636712497e-19 8.922201221677507808e-20
5.604755466111269016e+03 1.801032184016782863e-19 9.262060819819432592e-20
5.609761394044325243e+03 2.222525941926577397e-20 9.415406962687886532e-20
5.614767321977380561e+03 7.183516441598778035e-20 9.408952855137735763e-20
5.619773249910436789e+03 2.232069595106140888e-19 9.689721818913219880e-20
5.624779177843492107e+03 2.810478430368354429e-19 9.675004119485992993e-20
5.629785105776547425e+03 1.819270199202756231e-19 9.493413330708862469e-20
5.634791033709603653e+03 1.349726214883996744e-19 9.303564804389504534e-20
5.639796961642658971e+03 1.325018795636604536e-19 9.264700149052913827e-20
5.644802889575714289e+03 8.686268494351842464e-20 9.237816795271771391e-20
5.649808817508770517e+03 3.763637082242601364e-20 9.143855186857890188e-20
5.654814745441825835e+03 1.576947617843350993e-19 8.977230042994969606e-20
5.659820673374882062e+03 2.909580879131652252e-19 8.817712411130490496e-20
5.664826601307937381e+03 6.433836702178138709e-20 8.705439631383610043e-20
5.669832529240993608e+03 4.494972227154805411e-20 8.513088808982253091e-20
5.674838457174048926e+03 2.530652997752744602e-19 8.324721203244980249e-20
5.679844385107104245e+03 2.239987323796188926e-19 8.044301625955229424e-20
5.684850313040160472e+03 1.612245829247171654e-19 8.079708073017027967e-20
5.689856240973215790e+03 2.280358555372491906e-19 8.192113279480856145e-20
5.694862168906272018e+03 3.632671937894044531e-20 8.350282596413740027e-20
5.699868096839327336e+03 1.833519003402831755e-19 8.519911884506197995e-20
5.704874024772383564e+03 3.483822103956022633e-19 8.548465862343982197e-20
5.709879952705438882e+03 8.418799120011307120e-20 8.472196649006681786e-20
5.714885880638494200e+03 2.865866499456705450e-19 8.461357318613896282e-20
5.719891808571550428e+03 2.785813063498650062e-19 8.391353355688204833e-20
5.724897736504605746e+03 2.978129764003086767e-19 8.312608959322821727e-20
5.729903664437661973e+03 3.451406550648069652e-19 8.322390081914497087e-20
5.734909592370717291e+03 2.357373857233703418e-19 8.441951163134790382e-20
5.739915520303773519e+03 2.873120637920261984e-20 8.566641336644801585e-20
5.744921448236828837e+03 6.834826637118045414e-20 8.805291072717267643e-20
5.749927376169884155e+03 2.117224259779463908e-19 9.012439229218006799e-20
5.754933304102940383e+03 -3.228179131573767192e-20 9.139312826988708355e-20
5.759939232035995701e+03 1.047678699613790454e-19 9.190211391741880070e-20
5.764945159969051929e+03 7.463570769577997667e-21 9.052793426243703170e-20
5.769951087902107247e+03 1.791355420540888425e-19 8.760659188850614861e-20
5.774957015835163475e+03 1.546092680659343075e-19 8.369564724681265382e-20
5.779962943768218793e+03 2.443347172354232895e-19 8.124671298814349554e-20
5.784968871701274111e+03 1.892079867705714518e-19 8.073173432562678179e-20
5.789974799634330338e+03 1.551114522049525139e-19 8.073732386697156868e-20
5.794980727567385657e+03 2.707134958826432422e-19 8.108867365691334611e-20
5.799986655500441884e+03 1.461650996585367984e-19 8.093212155974856154e-20
5.804992583433497202e+03 2.435234059229234374e-19 8.048675658629164156e-20
5.809998511366552520e+03 2.714603279299328568e-19 7.907600261270551888e-20
5.815004439299608748e+03 5.703434231521384066e-20 7.686564865819963436e-20
5.820010367232664066e+03 8.150543067939515503e-20 7.510678193347622256e-20
5.825016295165720294e+03 8.933121671567149777e-20 7.409870392529671565e-20
5.830022223098775612e+03 9.067780288424554976e-20 7.399932289256546156e-20
5.835028151031830930e+03 -6.603428580083103119e-21 7.483659266126236722e-20
5.840034078964887158e+03 -1.200204734977277102e-19 7.593930550760227235e-20
5.845040006897942476e+03 2.079701871288757645e-19 7.740338295459263488e-20
5.850045934830998704e+03 2.464076360922606052e-19 7.832687277052433303e-20
5.855051862764054022e+03 1.035090811392931573e-19 7.846568846548624463e-20
5.860057790697110249e+03 1.391148831598574871e-19 8.375114970529542693e-20
5.865063718630165567e+03 8.572697829373767741e-20 9.113705756900400891e-20
5.870069646563220886e+03 1.147080231121242702e-19 9.138685608875896575e-20
5.875075574496277113e+03 1.589570639836227986e-19 8.504792111290202006e-20
5.880081502429332431e+03 1.457071590875858269e-19 8.891984767658359177e-20
5.885087430362388659e+03 1.032039476746940824e-19 1.508876971507655882e-19
5.890093358295443977e+03 5.169988550103097343e-20 1.864807058213681860e-19
5.895099286228500205e+03 1.237554889446935673e-19 1.677206211167360903e-19
5.900105214161555523e+03 1.328923400688854171e-19 1.226480032847478776e-19
5.905111142094610841e+03 1.166014078014191991e-19 8.929742865553231057e-20
5.910117070027667069e+03 1.067202923879319684e-19 9.065725101584111361e-20
5.915122997960722387e+03 2.679932006898358915e-19 8.871732040752182248e-20
5.920128925893778614e+03 1.883327677438857171e-19 8.564232766397135175e-20
5.925134853826833933e+03 -1.458450160388088997e-19 8.041928202858188903e-20
5.930140781759890160e+03 -5.504784522677531518e-21 8.350372713195528441e-20
5.935146709692945478e+03 2.877567770240425986e-19 8.052523379396218165e-20
5.940152637626000796e+03 2.157927237231415322e-19 7.577824680375704791e-20
5.945158565559057024e+03 5.378910307504619116e-20 7.656025508388506710e-20
5.950164493492112342e+03 2.640061564196538016e-19 8.227209844273670450e-20
5.955170421425167660e+03 3.593201650820166325e-20 8.134942993822937440e-20
5.960176349358223888e+03 -2.715082603913273560e-20 7.685464492563064419e-20
5.965182277291280116e+03 -4.079615127419865492e-20 7.693164332819266873e-20
5.970188205224335434e+03 1.509546187424846673e-19 7.833124868324601271e-20
5.975194133157390752e+03 2.434796395092742041e-19 7.918527567131390445e-20
5.980200061090446980e+03 2.158087503061722127e-19 7.682025100367958292e-20
5.985205989023502298e+03 9.755592927521697782e-20 7.271941652966003902e-20
5.990211916956557616e+03 2.485984134082102110e-19 7.243773869107028934e-20
5.995217844889613843e+03 -6.247929119699341166e-21 7.381404793670200584e-20
6.000223772822669162e+03 1.187090503081747704e-20 7.707292623656798383e-20
6.005229700755725389e+03 1.126771151130589721e-19 7.807596407602018983e-20
6.010235628688780707e+03 1.240338593119587367e-19 7.799486425044954387e-20
6.015241556621836935e+03 1.582197940164054190e-19 7.791737921453345577e-20
6.020247484554892253e+03 1.570116172532617547e-19 7.767552052777923249e-20
6.025253412487947571e+03 5.480236864577885074e-20 7.605124476933310062e-20
6.030259340421003799e+03 -6.045315676785453626e-20 7.517189679395798236e-20
6.035265268354059117e+03 1.398069708542918444e-19 7.215598978132125956e-20
6.040271196287115345e+03 1.631634897431553080e-19 6.941296351056639245e-20
6.045277124220170663e+03 2.607272321949153418e-19 6.623039934558471610e-20
6.050283052153226890e+03 1.283606226771524458e-19 6.458427731892416514e-20
6.055288980086282209e+03 -2.690324156911748662e-20 6.411497233346098803e-20
6.060294908019337527e+03 2.274717648208462305e-19 6.493930197774658749e-20
6.065300835952393754e+03 6.479719460071522360e-19 6.557661385536812659e-20
6.070306763885449072e+03 5.919759764167891481e-19 6.506568644825890379e-20
6.075312691818505300e+03 3.537704153964729471e-19 6.445976739275390405e-20
6.080318619751560618e+03 1.397716549764232504e-19 6.405875006196883950e-20
6.085324547684616846e+03 2.674163843955143385e-19 6.342941875205727247e-20
6.090330475617672164e+03 1.511625368319246913e-19 6.311145158252959899e-20
6.095336403550727482e+03 1.884873275965857766e-19 6.277185394845205578e-20
6.100342331483783710e+03 1.677251290434503104e-19 6.250038887676092069e-20
6.105348259416839028e+03 2.598118900986203826e-19 6.146815375139483610e-20
6.110354187349894346e+03 4.394996722674544416e-19 6.103058356689886465e-20
6.115360115282950574e+03 2.869209007119755334e-19 6.075495216415957722e-20
6.120366043216006801e+03 2.375373900414959077e-19 6.117206606969107235e-20
6.125371971149062119e+03 2.574130699252444646e-19 6.243877922870920206e-20
6.130377899082117438e+03 2.699228198200029260e-19 6.514765475745748170e-20
6.135383827015173665e+03 3.778837035493757886e-19 6.919658149448896676e-20
6.140389754948228983e+03 2.536408285051378561e-19 7.269353849972174245e-20
6.145395682881284301e+03 1.513603880899512810e-19 7.222757702029665448e-20
6.150401610814340529e+03 2.248711537015568003e-19 6.925990797977108124e-20
6.155407538747396757e+03 2.168223714573790564e-19 6.634977959425740566e-20
6.160413466680452075e+03 1.518907971061345623e-19 6.364029661210271533e-20
6.165419394613507393e+03 2.834708802840900553e-19 6.452757785687028048e-20
6.170425322546563621e+03 1.918555644352670395e-19 6.450486292691751892e-20
6.175431250479618939e+03 2.432984332335586822e-19 6.197417490088907615e-20
6.180437178412674257e+03 3.253065177563585746e-19 5.895269760463320057e-20
6.185443106345730484e+03 2.571081436459446771e-19 5.795560291412939083e-20
6.190449034278785803e+03 3.278667074171611388e-19 5.792899863738497433e-20
6.195454962211842030e+03 3.805731142338983989e-19 5.908315779964769973e-20
6.200460890144897348e+03 3.414209720062537652e-19 6.051820340103750339e-20
6.205466818077953576e+03 2.664789946088718357e-19 6.094805433982679301e-20
6.210472746011008894e+03 2.870550578833136363e-19 5.945253782063798271e-20
6.215478673944064212e+03 3.895629969289426741e-19 6.181060697655208915e-20
6.220484601877120440e+03 4.332411104230826673e-19 6.272262507419495027e-20
6.225490529810175758e+03 2.339197193756271882e-19 6.218833366353169969e-20
6.230496457743231986e+03 4.244471515705252337e-19 7.061726894299365453e-20
6.235502385676287304e+03 3.398217318264656988e-19 7.766814270146311354e-20
6.240508313609343531e+03 3.218123969776907907e-19 7.504974950337421712e-20
6.245514241542398850e+03 2.475004299354079674e-19 6.535320858938507478e-20
6.250520169475454168e+03 3.305254504154913646e-19 6.546376926348434333e-20
6.255526097408510395e+03 2.996333648033405736e-19 7.463219085403525282e-20
6.260532025341565713e+03 2.380529378809471301e-19 7.914933597569512961e-20
6.265537953274621032e+03 3.411127526135913636e-19 7.203641929392647126e-20
6.270543881207677259e+03 3.765805413573254419e-20 7.082351856264343583e-20
6.275549809140733487e+03 1.631171274594660230e-19 6.819632703394645885e-20
6.280555737073788805e+03 3.904537901356995709e-19 7.260329756174083538e-20
6.285561665006844123e+03 2.291657409861212774e-19 7.633824865606682691e-20
6.290567592939900351e+03 1.566255920497506454e-19 7.965876008520184590e-20
6.295573520872955669e+03 2.870912685050812840e-19 1.194278741201163085e-19
6.300579448806010987e+03 9.751886353846840858e-20 1.268811602887832853e-19
6.305585376739067215e+03 2.643078672937497134e-19 1.039937833718412324e-19
6.310591304672123442e+03 3.613681318135358121e-19 6.841736568714095710e-20
6.315597232605178760e+03 3.058190465280020349e-19 5.921407051420845237e-20
6.320603160538234079e+03 2.295113849226369137e-19 6.045558540814926141e-20
6.325609088471290306e+03 1.761251169174447068e-19 6.620743782745560000e-20
6.330615016404345624e+03 3.156644576092954442e-19 6.427960843437234034e-20
6.335620944337400942e+03 3.265236076142065707e-19 5.793724626772378487e-20
6.340626872270457170e+03 2.304708287754963784e-19 5.514433362594524142e-20
6.345632800203512488e+03 2.362901900756483535e-19 5.823719872575217792e-20
6.350638728136568716e+03 1.377794012913009652e-19 6.313224239739272483e-20
6.355644656069624034e+03 3.364013871038583622e-19 7.011623351741987902e-20
6.360650584002680262e+03 2.781848020691581155e-19 8.521842823444793834e-20
6.365656511935735580e+03 3.127866527145066512e-19 8.289080887939149400e-20
6.370662439868790898e+03 2.521077267978599409e-19 6.499855861557241399e-20
6.375668367801847126e+03 2.283123872789472022e-19 6.051633494768628021e-20
6.380674295734902444e+03 2.505959790599696287e-19 6.389449451145099985e-20
6.385680223667958671e+03 4.569030957764290450e-19 6.432369028160669945e-20
6.390686151601013989e+03 2.629985303642089775e-19 6.243828685189296030e-20
6.395692079534070217e+03 4.294459571381191890e-19 5.954190734238219819e-20
6.400698007467125535e+03 2.896771501788383315e-19 5.856928661769806110e-20
6.405703935400180853e+03 2.124910797639219648e-19 5.747078133909912385e-20
6.410709863333237081e+03 3.388587160722970833e-19 5.699546881837951648e-20
6.415715791266292399e+03 3.148470120272176894e-19 5.725354811593834157e-20
6.420721719199348627e+03 3.204624271686882507e-19 5.594339727719403885e-20
6.425727647132403945e+03 3.066486895349028999e-19 5.424326139655958354e-20
6.430733575065460172e+03 2.431305955042027838e-19 5.315625957983625534e-20
6.435739502998515491e+03 1.517664526777494408e-19 5.208390775183457830e-20
6.440745430931570809e+03 2.951834774019282818e-19 5.239607465110835356e-20
6.445751358864627036e+03 2.110941065149770496e-19 5.296627274511102047e-20
6.450757286797682355e+03 2.753154124759776901e-19 5.410414009584047141e-20
6.455763214730737673e+03 2.941660476795970340e-19 5.564130191703131180e-20
6.460769142663793900e+03 3.469962178206879857e-19 6.124273227320139863e-20
6.465775070596850128e+03 3.091070383227168934e-19 6.608526528399942879e-20
6.470780998529905446e+03 4.130910583471742418e-19 6.313382606211333806e-20
6.475786926462960764e+03 2.413246738648873198e-19 5.708569508041890121e-20
6.480792854396016992e+03 1.492226374185340561e-19 5.247522516714408113e-20
6.485798782329072310e+03 1.854925513272837864e-19 4.967495204424620447e-20
6.490804710262127628e+03 2.307338952124854873e-19 5.391055661086182013e-20
6.495810638195183856e+03 3.444705762222598577e-19 6.477917393821725380e-20
6.500816566128239174e+03 1.021763932151831990e-19 6.854389888821006796e-20
6.505822494061295401e+03 3.376108323973985116e-19 6.000040527331168158e-20
6.510828421994350720e+03 4.087930141932057656e-19 5.571079889736754879e-20
6.515834349927406947e+03 3.207493246215366717e-19 5.648365903632005242e-20
6.520840277860462265e+03 2.169920902028635773e-19 5.908281274347065980e-20
6.525846205793517584e+03 3.987876770552288273e-19 6.631777076734057882e-20
6.530852133726573811e+03 2.025274215270069001e-19 6.989343536559173746e-20
6.535858061659629129e+03 9.961584429791803070e-20 6.910572166863432797e-20
6.540863989592685357e+03 3.131003693919388617e-19 6.251483858684179978e-20
6.545869917525740675e+03 1.893213121863766772e-19 6.466522032442252478e-20
6.550875845458796903e+03 3.647167290186124152e-19 6.791512004508796421e-20
6.555881773391852221e+03 3.076031464404665957e-19 6.603594424392592723e-20
6.560887701324907539e+03 3.696402035033380899e-19 5.683883112925850411e-20
6.565893629257963767e+03 2.232096558940663826e-19 5.674467404252526042e-20
6.570899557191019085e+03 3.090672100145947235e-19 5.914355513978865664e-20
6.575905485124075312e+03 1.620443198853079657e-19 5.977786028628020930e-20
6.580911413057130630e+03 1.889887485121779454e-19 5.625237767831517863e-20
6.585917340990186858e+03 3.093675941416637052e-19 4.844020632344508601e-20
6.590923268923242176e+03 3.415360034582039703e-19 4.844453734549454601e-20
6.595929196856297494e+03 2.801890272956743023e-19 5.030028093034545446e-20
6.600935124789353722e+03 3.262370567605397416e-19 5.309322584579618660e-20
6.605941052722409040e+03 2.855817401000761492e-19 5.164919610689495759e-20
6.610946980655464358e+03 3.538304073719409385e-19 4.773373474907005545e-20
6.615952908588520586e+03 3.594223408234106983e-19 4.733828929155457438e-20
6.620958836521576814e+03 1.890902694588374736e-19 4.854159087039227069e-20
6.625964764454632132e+03 2.839443132679813906e-19 5.064408744447209442e-20
6.630970692387687450e+03 3.341556030171470796e-19 5.314964356712369207e-20
6.635976620320743677e+03 2.667699810027141834e-19 5.304050133843845547e-20
6.640982548253798996e+03 2.632348623201805333e-19 5.206872095399349939e-20
6.645988476186854314e+03 1.464937390700199832e-19 5.259563329052656357e-20
6.650994404119910541e+03 2.502013852384868085e-19 5.393028439117941971e-20
6.656000332052965859e+03 3.371621970349462041e-19 5.576218893246850462e-20
6.661006259986022087e+03 3.113669573787600259e-19 5.521383679680243200e-20
6.666012187919077405e+03 4.000085622189390754e-19 5.432943027164917920e-20
6.671018115852133633e+03 2.750014222653031699e-19 5.189445003711040140e-20
6.676024043785188951e+03 2.066894645385827512e-19 4.975174632176535268e-20
6.681029971718244269e+03 2.488211966842684902e-19 4.878348965595996542e-20
6.686035899651300497e+03 1.878567081490347094e-19 4.786582838496951122e-20
6.691041827584355815e+03 2.547627775992940594e-19 4.701971890527040268e-20
6.696047755517412043e+03 3.067025875305499496e-19 4.700603172390336210e-20
6.701053683450467361e+03 3.549729859347059485e-19 4.657887354173645343e-20
6.706059611383523588e+03 3.070704804249582494e-19 4.554888691067144404e-20
6.711065539316578906e+03 2.689994679796753451e-19 4.481012202382798593e-20
6.716071467249634225e+03 2.402699026804018912e-19 4.432569898029620065e-20
6.721077395182690452e+03 2.741342298533289947e-19 4.413630461084802682e-20
6.726083323115745770e+03 1.935837014415896168e-19 4.402584431396637864e-20
6.731089251048801998e+03 3.615682595401668394e-19 4.462193061440961479e-20
6.736095178981857316e+03 3.031786184320167482e-19 4.524954529897944984e-20
6.741101106914913544e+03 3.136201095802268940e-19 4.622315836502189025e-20
6.746107034847968862e+03 2.217751296055166793e-19 4.667916557607625019e-20
6.751112962781024180e+03 3.734586866567986638e-19 4.710836618703176172e-20
6.756118890714080408e+03 2.918216389389943804e-19 4.734846527141520673e-20
6.761124818647135726e+03 2.945009956020392528e-19 4.818475598423462048e-20
6.766130746580191044e+03 3.399549549653598018e-19 4.917093535121912953e-20
6.771136674513247272e+03 3.292468045864623525e-19 4.968896228984796908e-20
6.776142602446303499e+03 2.826118934531457795e-19 5.121805709296925093e-20
6.781148530379358817e+03 3.974511174504517633e-19 5.242016148306015116e-20
6.786154458312414135e+03 3.600871069524499280e-19 5.253883457035214399e-20
6.791160386245470363e+03 4.086528131569295638e-19 5.104055971936556641e-20
6.796166314178525681e+03 3.568350909762726214e-19 4.939409344489406727e-20
6.801172242111580999e+03 3.092858061754871462e-19 4.845677409937679567e-20
6.806178170044637227e+03 2.040995311263081593e-19 4.747705988259849590e-20
6.811184097977693455e+03 2.142747329432732335e-19 4.651067996293980931e-20
6.816190025910748773e+03 2.356958550745617528e-19 4.594421353381513871e-20
6.821195953843804091e+03 2.842312457945206967e-19 5.380157888095960449e-20
6.826201881776860318e+03 1.518688612219494581e-19 6.995693634055322635e-20
6.831207809709915637e+03 2.328125564175323414e-19 7.682805442433237392e-20
6.836213737642970955e+03 2.716723614825669536e-19 6.660935632978123887e-20
6.841219665576027182e+03 2.359632496265550260e-19 5.254480463300016850e-20
6.846225593509082501e+03 1.749195985005675529e-19 4.703012799649530857e-20
6.851231521442138728e+03 2.586759970640666381e-19 4.416808923252645584e-20
6.856237449375194046e+03 2.324624734760378461e-19 5.643518961988575623e-20
6.861243377308250274e+03 4.375642869807474960e-19 1.285785155675428174e-19
6.866249305241305592e+03 4.739651514095855538e-19 1.732377720328508330e-19
6.871255233174360910e+03 1.224345273671470725e-19 1.686866149811302570e-19
6.876261161107417138e+03 1.801312003106891904e-19 1.355457054519286620e-19
6.881267089040473365e+03 2.768540926636793293e-19 1.090627572812221418e-19
6.886273016973527774e+03 3.791784019943442175e-19 1.125829790890044508e-19
6.891278944906584002e+03 3.173288777279022918e-19 1.160727981499276761e-19
6.896284872839640229e+03 2.284576457981145902e-19 1.179621226554765193e-19
6.901290800772695547e+03 2.524711955569789629e-19 1.196650250736697600e-19
6.906296728705750866e+03 2.217295179301271140e-19 1.068803540063028131e-19
6.911302656638807093e+03 2.558231224652964028e-19 9.558596131361003252e-20
6.916308584571862411e+03 3.177937291814429485e-19 1.094237772051077787e-19
6.921314512504917730e+03 1.852538491549336360e-19 1.064323990795882452e-19
6.926320440437973957e+03 2.584030344957760633e-19 8.089515050051364012e-20
6.931326368371030185e+03 1.622661194070255760e-19 5.457334497738801182e-20
6.936332296304085503e+03 7.131092642300329669e-20 5.728304736553122241e-20
6.941338224237140821e+03 1.506647071213949507e-19 6.295593012828914061e-20
6.946344152170197049e+03 1.534538558665673008e-19 6.834694752846982283e-20
6.951350080103252367e+03 1.268053979053272756e-19 6.557073244767507872e-20
6.956356008036307685e+03 2.060502650379445043e-19 4.988868827345117170e-20
6.961361935969363913e+03 2.520158867351166752e-19 4.735816786938034233e-20
6.966367863902420140e+03 3.876299369843075910e-19 5.140689195813467540e-20
6.971373791835475458e+03 2.358097999304992557e-19 5.577964731888887236e-20
6.976379719768530776e+03 1.434764791346055468e-19 5.812723897223320780e-20
6.981385647701587004e+03 1.090388861208190364e-19 5.518945301680359080e-20
6.986391575634642322e+03 2.001445115833072685e-19 4.578284646978677958e-20
6.991397503567697640e+03 2.633387488083545187e-19 4.444039536196468709e-20
6.996403431500753868e+03 3.355563101720731227e-19 4.608836745779828450e-20
7.001409359433810096e+03 3.666353873125205499e-19 4.808577559384535192e-20
7.006415287366865414e+03 3.466247646237161656e-19 5.252321727833690191e-20
7.011421215299920732e+03 2.166404304970957397e-19 5.090762630288661958e-20
7.016427143232976960e+03 1.938350046307877740e-19 4.819010021299049861e-20
7.021433071166032278e+03 1.567874941805150524e-19 4.467347391925047232e-20
7.026438999099087596e+03 1.447706565122395739e-19 4.640164131993634034e-20
7.031444927032143823e+03 2.706166245364349702e-19 4.750938340818514799e-20
7.036450854965200051e+03 2.419777432494134405e-19 5.025480940635303608e-20
7.041456782898254460e+03 2.265362587757109515e-19 5.503828770913941995e-20
7.046462710831310687e+03 1.908165700087001654e-19 5.784634186524566546e-20
7.051468638764366915e+03 3.486828340633437328e-19 5.519374878070194609e-20
7.056474566697422233e+03 2.563725752302567238e-19 4.997509386946137225e-20
7.061480494630477551e+03 1.264372574242833260e-19 4.943181535143612101e-20
7.066486422563533779e+03 2.879032690479017441e-19 4.977614136830066128e-20
7.071492350496589097e+03 2.204395632297626772e-19 4.942774519809682028e-20
7.076498278429644415e+03 2.032145436758007486e-19 4.863211188778852904e-20
7.081504206362700643e+03 3.649447727217346059e-19 4.941726932453011487e-20
7.086510134295756870e+03 2.186373965607240863e-19 4.948085160709938717e-20
7.091516062228812189e+03 3.441553762633136405e-19 4.756688645760796800e-20
7.096521990161867507e+03 2.548719274597629721e-19 4.504638419649373246e-20
7.101527918094923734e+03 2.987042599986109479e-19 4.459899543778363212e-20
7.106533846027979052e+03 2.628985570081001113e-19 4.478717897543426349e-20
7.111539773961034371e+03 2.420699476047574154e-19 4.458659330080804324e-20
7.116545701894090598e+03 1.654146900293575537e-19 4.485791399559505612e-20
7.121551629827146826e+03 2.552047144352152174e-19 4.558226712002304692e-20
7.126557557760202144e+03 2.865759054897214311e-19 4.760082684908195260e-20
7.131563485693257462e+03 2.922750912488034031e-19 4.840982959713909151e-20
7.136569413626313690e+03 2.366855334069416736e-19 4.913466296335781818e-20
7.141575341559369008e+03 2.452387151749675268e-19 5.232247805235580858e-20
7.146581269492424326e+03 1.914079109794103159e-19 5.334153305599462643e-20
7.151587197425480554e+03 2.843562559105668469e-19 5.143177051241835977e-20
7.156593125358536781e+03 2.162211882269587598e-19 5.157910099822141717e-20
7.161599053291592099e+03 2.827590867151660319e-19 5.348699611681388922e-20
7.166604981224647418e+03 1.869459377503963194e-19 5.348041098439367772e-20
7.171610909157703645e+03 1.529646809437055183e-19 5.260033739993290485e-20
7.176616837090758963e+03 2.474044673872529103e-19 5.163544302154081036e-20
7.181622765023814281e+03 2.392619763793595552e-19 4.880281275264489869e-20
7.186628692956870509e+03 2.664088600773628824e-19 4.600814442763527047e-20
7.191634620889926737e+03 2.293200685180471709e-19 4.398551692436888646e-20
7.196640548822981145e+03 2.212751102096401857e-19 4.345785960901253226e-20
7.201646476756037373e+03 2.516520671799220675e-19 4.287952248212125128e-20
7.206652404689093601e+03 2.419869825691310033e-19 4.217401423112652604e-20
7.211658332622148919e+03 1.144498137425161983e-19 4.167645502439852008e-20
7.216664260555204237e+03 3.030227513481382617e-19 4.255565535825043967e-20
7.221670188488260465e+03 1.937368717667557507e-19 4.395676439082954908e-20
7.226676116421315783e+03 2.249394038998731286e-19 4.458288326252732231e-20
7.231682044354371101e+03 1.983574740442753240e-19 5.657519247895788819e-20
7.236687972287427328e+03 1.210835487021200759e-19 8.747948656239912134e-20
7.241693900220483556e+03 -2.614172742048075447e-20 1.052623974305346597e-19
7.246699828153538874e+03 4.307590214945144054e-20 9.155328914470848933e-20
7.251705756086594192e+03 2.127964293457942472e-19 6.762480479611695307e-20
7.256711684019650420e+03 9.737979695327502914e-20 5.558755637154528984e-20
7.261717611952705738e+03 2.284189895880463858e-19 4.928325516081907585e-20
7.266723539885761056e+03 2.764322513929371899e-19 5.645633980611460922e-20
7.271729467818817284e+03 1.608111389993449427e-19 9.567372427398241729e-20
7.276735395751873511e+03 3.939541197141838096e-19 1.077884344305120198e-19
7.281741323684928830e+03 2.078058725932667105e-19 9.683929113077257997e-20
7.286747251617984148e+03 6.408355921990426419e-20 7.651580824370352174e-20
7.291753179551040375e+03 1.417593837592025569e-19 6.394135365324950185e-20
7.296759107484095694e+03 2.635574595348075125e-19 6.695295260587710144e-20
7.301765035417151012e+03 3.258389856061440176e-19 6.880270191954695565e-20
7.306770963350207239e+03 3.344044316510754422e-19 6.994390311859754671e-20
7.311776891283263467e+03 2.885573689521239228e-19 9.102602286676022484e-20
7.316782819216318785e+03 4.372912971090403192e-19 9.083105347119790114e-20
7.321788747149374103e+03 2.876275382394323314e-19 7.483346629495879108e-20
7.326794675082430331e+03 1.912524998889306579e-19 6.790000155088907153e-20
7.331800603015485649e+03 2.137894180763592210e-19 7.414668123069257278e-20
7.336806530948540967e+03 2.311333273098945878e-19 9.353745391353722708e-20
7.341812458881597195e+03 1.540590393180302817e-19 9.349690448473165328e-20
7.346818386814653422e+03 2.677080907875652545e-19 6.781570958387656673e-20
7.351824314747707831e+03 3.639033599190804258e-19 5.891960892637675731e-20
7.356830242680764059e+03 3.370230520045762781e-19 6.622711241193371364e-20
7.361836170613820286e+03 4.302147662657876787e-19 7.725673013098504763e-20
7.366842098546875604e+03 4.804177300893932873e-19 8.671312357150247721e-20
7.371848026479930923e+03 3.617958488090809068e-19 8.379806690288193574e-20
7.376853954412987150e+03 2.951391386389629910e-19 5.515047812518167910e-20
7.381859882346043378e+03 3.109273339727765757e-19 4.769835839671145158e-20
7.386865810279097786e+03 3.584704797014127757e-19 5.991639146503286917e-20
7.391871738212154014e+03 3.177445240237605074e-19 6.477153655235111178e-20
7.396877666145210242e+03 3.805591419039944979e-20 7.934002896428920300e-20
7.401883594078265560e+03 2.848136748797294070e-19 7.881946914600514983e-20
7.406889522011320878e+03 3.085608496148325159e-19 6.792998603325297231e-20
7.411895449944377106e+03 1.411841105550757759e-19 5.179013504077798553e-20
7.416901377877432424e+03 1.982059582515691368e-19 5.216214164773635772e-20
7.421907305810487742e+03 1.907187173024471333e-19 5.504382102269257064e-20
7.426913233743543969e+03 2.777237923112556737e-19 6.076891166982581393e-20
7.431919161676600197e+03 3.346968624689706870e-19 6.822209563501705383e-20
7.436925089609655515e+03 1.152147211078555178e-19 6.783645841180417738e-20
7.441931017542710833e+03 1.594146359657981247e-19 6.251270227367601277e-20
7.446936945475767061e+03 2.361019025246572640e-19 4.784209860189143053e-20
7.451942873408822379e+03 1.784125631835631714e-19 4.662149258975046072e-20
7.456948801341877697e+03 2.160862993345349048e-19 4.941683609684661581e-20
7.461954729274933925e+03 1.500873564057495160e-19 5.565190896818993742e-20
7.466960657207990153e+03 1.902289462491521423e-19 6.411501290328174640e-20
7.471966585141045471e+03 1.756145629076996487e-19 6.810985536806362961e-20
7.476972513074100789e+03 1.263734704824803040e-19 7.288943849808681373e-20
7.481978441007157016e+03 9.045347397850151397e-20 6.887589267769279760e-20
7.486984368940212335e+03 1.649072576750945453e-19 6.069835738779514934e-20
7.491990296873267653e+03 1.953005725299409216e-19 5.105379866191420010e-20
7.496996224806323880e+03 2.858968328240559979e-19 4.964558071021719316e-20
7.502002152739380108e+03 2.181065348752281122e-19 4.589685414493787777e-20
7.507008080672435426e+03 1.416963959244674754e-19 4.515635899135016417e-20
7.512014008605490744e+03 1.830380786422998522e-19 4.837161438775120597e-20
7.517019936538546972e+03 2.825094812969856055e-19 6.807841558561752305e-20
7.522025864471602290e+03 2.111301225746799649e-19 8.742925472178499988e-20
7.527031792404657608e+03 2.402325635725562338e-19 8.993102957998064991e-20
7.532037720337713836e+03 8.949560155284467793e-20 6.686250682408858316e-20
7.537043648270770063e+03 1.793701715994045109e-19 5.792020381270667465e-20
7.542049576203824472e+03 2.088612651456770964e-19 5.472978789652224317e-20
7.547055504136880700e+03 1.270076001793076940e-19 5.347219840109055085e-20
7.552061432069936927e+03 1.949282618714092079e-19 5.937373344505442363e-20
7.557067360002992245e+03 1.321250628535325341e-19 6.093713345931822682e-20
7.562073287936047564e+03 1.215291149772859100e-19 6.085660416435448715e-20
7.567079215869103791e+03 2.614028179103846417e-19 7.606019459650640443e-20
7.572085143802159109e+03 2.087043922217722610e-19 7.885421290997251727e-20
7.577091071735214427e+03 1.700936081587269753e-19 6.527407241569461563e-20
7.582096999668270655e+03 1.745282500051502438e-19 5.670459965728948378e-20
7.587102927601326883e+03 2.549334053560829402e-19 5.594877350797932269e-20
7.592108855534382201e+03 3.195986418127626759e-19 9.702074496566337310e-20
7.597114783467437519e+03 3.292090014085904332e-19 3.176488001909976977e-19
7.602120711400493747e+03 3.742254437463702780e-19 9.037339103468145996e-19
7.607126639333549065e+03 7.657634873100235027e-20 1.004769599057509908e-18
7.612132567266604383e+03 1.558811234344373494e-19 5.791574452700817818e-19
7.617138495199660611e+03 3.189400392612083593e-19 2.269925569766103422e-19
7.622144423132716838e+03 1.192364369495286202e-19 1.878532202962442614e-19
7.627150351065772156e+03 1.222752567799871429e-19 2.788037382826507987e-19
7.632156278998827474e+03 1.984068841258198563e-19 3.188139216168740205e-19
7.637162206931883702e+03 1.644177666219296722e-19 2.437322156612448982e-19
7.642168134864939020e+03 1.507879903064637944e-19 1.883134614441319339e-19
7.647174062797994338e+03 2.400372795575497950e-19 1.613531805823677370e-19
7.652179990731050566e+03 2.330027678709534470e-19 1.369565585337136744e-19
7.657185918664106794e+03 1.901667139507526425e-19 1.336129772756149372e-19
7.662191846597162112e+03 3.003146175445271884e-19 1.451863195383339675e-19
7.667197774530217430e+03 2.765628715972044361e-19 1.454334363943317665e-19
7.672203702463273657e+03 2.606132010713674337e-19 9.898923669216047235e-20
7.677209630396328976e+03 1.015552398390096323e-19 8.429333771871368782e-20
7.682215558329384294e+03 2.361727851169408994e-20 8.291585222098856523e-20
7.687221486262440521e+03 2.725225568567376309e-19 8.170132579674128556e-20
7.692227414195496749e+03 8.868198835525460002e-20 8.065318577685879260e-20
7.697233342128551158e+03 1.922024508894656296e-19 9.676412507203018870e-20
7.702239270061607385e+03 2.213306648853175500e-19 9.908838444410490634e-20
7.707245197994663613e+03 1.609050834926500972e-19 1.263657575744584578e-19
7.712251125927718931e+03 5.475911979583973304e-20 1.272983744812431499e-19
7.717257053860774249e+03 1.575786493334131147e-19 1.224104695587085400e-19
7.722262981793830477e+03 2.960224074071576394e-19 9.254196822687735540e-20
7.727268909726885795e+03 1.916080251174396276e-19 6.786595765905668019e-20
7.732274837659941113e+03 1.889798378859946939e-19 5.742824490782358749e-20
7.737280765592997341e+03 2.012326204658910047e-19 5.312039228151865770e-20
7.742286693526053568e+03 1.471971627066220634e-19 6.828066974966529087e-20
7.747292621459108886e+03 9.570271647094067317e-20 1.083995521735099168e-19
7.752298549392164205e+03 2.537365135042860356e-19 1.153860717295101333e-19
7.757304477325220432e+03 2.338860056428725290e-19 9.306013153401633677e-20
7.762310405258275750e+03 1.997166122506458322e-19 7.507221636861235815e-20
7.767316333191331069e+03 2.176484663321034613e-19 6.503385815018393174e-20
7.772322261124387296e+03 2.004880036493485917e-19 7.066012013961008256e-20
7.777328189057443524e+03 2.643877845024954770e-19 7.984433551093225184e-20
7.782334116990498842e+03 3.185450557073348681e-19 7.332671682801434231e-20
7.787340044923554160e+03 2.401414131866890819e-19 8.948612587663538594e-20
7.792345972856610388e+03 6.641206854822387129e-20 1.102236670036192656e-19
7.797351900789665706e+03 3.155301861061874765e-19 1.048367377320383178e-19
7.802357828722721024e+03 2.632290957215098923e-19 7.931607242243462663e-20
7.807363756655777252e+03 2.198585704477947459e-19 8.556325797306034070e-20
7.812369684588833479e+03 2.665017438196658197e-19 8.828708247199978932e-20
7.817375612521888797e+03 1.006510592029753647e-19 1.155114002723711491e-19
7.822381540454944115e+03 4.171864528378841218e-20 1.160560442202666614e-19
7.827387468388000343e+03 1.923383267264265303e-19 8.436276978433562627e-20
7.832393396321055661e+03 2.058774361235903134e-19 5.725807751847723769e-20
7.837399324254110979e+03 5.829597154300761068e-20 7.296995711562645084e-20
7.842405252187167207e+03 2.697359044878375550e-19 7.720251621571695802e-20
7.847411180120223435e+03 3.149648581912703482e-19 1.044740961276634078e-19
7.852417108053277843e+03 8.034994145746096445e-20 1.212014573033962231e-19
7.857423035986334071e+03 -7.815339805166543859e-20 1.187149448135729006e-19
7.862428963919390299e+03 1.445297544436650100e-19 9.321814140189949969e-20
7.867434891852445617e+03 1.256076378942393485e-20 9.305059311976003972e-20
7.872440819785500935e+03 2.724635252112897835e-19 9.348634826716577644e-20
7.877446747718557162e+03 2.948592509288870144e-19 8.595829748843158836e-20
7.882452675651613390e+03 3.471648881294700574e-19 9.042295347337062709e-20
7.887458603584667799e+03 1.434958832816866963e-19 9.582107013613510381e-20
7.892464531517724026e+03 1.884786144728878779e-19 8.908839734102094866e-20
7.897470459450780254e+03 1.758384875013374271e-19 6.278118757781646733e-20
7.902476387383835572e+03 8.223685488070822287e-20 5.649014967039416956e-20
7.907482315316890890e+03 1.157154950474990073e-19 1.071718511155369466e-19
7.912488243249947118e+03 4.421982280564135785e-19 1.375183559180406425e-19
7.917494171183002436e+03 2.287865901020822104e-19 1.453060907452986942e-19
7.922500099116057754e+03 2.155750625940154500e-19 1.072268168809771731e-19
7.927506027049113982e+03 1.695783034299686729e-19 9.951786334119258858e-20
7.932511954982170209e+03 1.897250134279331436e-19 9.006569597362127603e-20
7.937517882915225528e+03 2.052379262870965864e-19 7.123716339924037464e-20
7.942523810848280846e+03 2.467504981141092754e-19 7.153865839908270928e-20
7.947529738781337073e+03 1.646164784190917083e-19 7.998526922420968465e-20
7.952535666714392391e+03 1.244813194121235616e-19 7.228575845554935126e-20
7.957541594647447710e+03 1.991128513986356076e-19 8.539032006999912034e-20
7.962547522580503937e+03 1.220504698386656722e-19 1.133654767253498222e-19
7.967553450513560165e+03 9.051286028273713816e-20 1.087533644352386229e-19
7.972559378446615483e+03 6.274477902663660571e-20 8.092173194318401046e-20
7.977565306379670801e+03 1.589009672599608321e-19 8.430977292690813135e-20
7.982571234312727029e+03 1.261814029752600674e-19 8.074105940978844707e-20
7.987577162245782347e+03 1.896994070004280976e-19 1.017481416058773248e-19
7.992583090178837665e+03 3.249220382101684751e-19 1.142013851532880603e-19
7.997589018111893893e+03 5.416438553963827315e-19 9.981023762898515255e-20
8.002594946044950120e+03 2.034817108635433512e-19 5.608771561253056346e-20
8.007600873978005438e+03 2.723069635469454629e-19 6.470042222345469305e-20
8.012606801911060757e+03 1.609397208770345967e-19 7.473221802522976192e-20
8.017612729844116984e+03 2.849906481790945643e-19 8.429161954541874501e-20
8.022618657777172302e+03 2.076796314899539388e-19 1.028576364536042084e-19
8.027624585710227620e+03 1.210687948821914823e-19 1.034604823302187050e-19
8.032630513643283848e+03 2.622285497859677511e-19 7.284003453535981591e-20
8.037636441576340076e+03 6.461935848023095529e-20 5.290191698591977191e-20
8.042642369509394484e+03 9.156250050103284801e-20 5.430227729928317723e-20
8.047648297442450712e+03 2.321802082946498318e-19 6.763682563391936834e-20
8.052654225375506940e+03 2.186581208293212048e-19 7.311088688866851048e-20
8.057660153308562258e+03 2.007760327921043590e-19 8.801285779131364661e-20
8.062666081241617576e+03 3.130922537624458326e-20 8.597309176144115414e-20
8.067672009174673803e+03 1.961516866709063283e-19 6.845376348524954628e-20
8.072677937107729122e+03 1.465160631309671329e-19 5.311231642539798584e-20
8.077683865040784440e+03 1.192498873227990407e-19 5.346008395193196600e-20
8.082689792973840667e+03 2.315450545557629513e-19 5.299455128376507562e-20
8.087695720906896895e+03 1.627913936732678844e-19 5.595496471895053943e-20
8.092701648839952213e+03 1.622671528128111206e-19 5.718189461277362224e-20
8.097707576773007531e+03 1.545172137465405055e-19 6.413515196644669315e-20
8.102713504706063759e+03 2.014841043450824946e-19 6.206750781005912528e-20
8.107719432639119077e+03 9.030888039703569914e-20 5.498962086694322274e-20
8.112725360572174395e+03 2.430830759774640672e-19 4.629180456691212241e-20
8.117731288505230623e+03 1.922288583356393286e-19 4.530746052365488967e-20
8.122737216438286850e+03 2.244116746510149529e-19 4.575769375371168275e-20
8.127743144371342169e+03 1.700402576421812413e-19 4.723758848859959724e-20
8.132749072304397487e+03 1.673943567020279560e-19 5.018961373128245582e-20
8.137755000237453714e+03 1.757997892087442674e-19 5.206111438463642421e-20
8.142760928170509032e+03 1.878832624548210761e-19 5.522325693409308994e-20
8.147766856103564351e+03 1.905593400645239264e-19 5.282378455683087011e-20
8.152772784036620578e+03 1.589698063192331453e-19 4.895068524163442869e-20
8.157778711969676806e+03 1.665193337075967045e-19 4.603022583105850484e-20
8.162784639902732124e+03 2.451586121637127707e-19 4.693635421864403221e-20
8.167790567835787442e+03 2.536847231205232644e-19 4.735632080379743139e-20
8.172796495768843670e+03 1.761591780241398429e-19 4.812084704469375198e-20
8.177802423701898988e+03 1.384816986121223400e-19 4.898561696353465359e-20
8.182808351634954306e+03 1.257864678488555944e-19 5.169145159660654841e-20
8.187814279568010534e+03 1.615525414788964311e-19 5.431854124232965676e-20
8.192820207501066761e+03 1.090428521560411030e-19 5.490565351030795966e-20
8.197826135434121170e+03 1.263659519853065136e-19 5.278049186859185444e-20
8.202832063367177398e+03 1.390208760261940073e-19 5.087366472311430745e-20
8.207837991300233625e+03 2.530596929084925858e-19 5.078772237509122170e-20
8.212843919233288034e+03 2.333123836984416678e-19 4.924532582199240402e-20
8.217849847166344261e+03 1.769187140247354158e-19 4.828920372513817053e-20
8.222855775099400489e+03 1.349467117383102242e-19 4.706088827525519713e-20
8.227861703032456717e+03 1.194093591923635784e-19 4.570388020374133858e-20
8.232867630965511125e+03 8.111152378522683575e-20 4.540680142871249174e-20
8.237873558898567353e+03 1.760350549342645489e-19 4.759127691378729602e-20
8.242879486831623581e+03 9.715483210220772859e-20 4.990933178957471872e-20
8.247885414764677989e+03 2.080592898859447817e-19 4.984449933414241497e-20
8.252891342697734217e+03 1.373346769078998402e-19 4.869061339798926269e-20
8.257897270630790445e+03 1.737610929924613753e-19 4.752105967507065480e-20
8.262903198563846672e+03 1.152435066075502859e-19 4.749688859902081902e-20
8.267909126496901081e+03 1.523394465611879611e-19 4.873480000849653630e-20
8.272915054429957308e+03 1.627609581374442753e-19 7.129545898497199690e-20
8.277920982363013536e+03 9.795749710324772211e-20 1.052883363931687231e-19
8.282926910296067945e+03 3.260024995466750634e-19 1.342536714493775150e-19
8.287932838229124172e+03 6.998447731704666489e-19 1.299350273254417626e-19
8.292938766162180400e+03 1.678793497491849031e-19 1.410533400723652156e-19
8.297944694095236628e+03 2.751730585244311248e-19 1.339772719225491611e-19
8.302950622028291036e+03 4.917797534593853220e-20 1.198429036866710730e-19
8.307956549961347264e+03 1.968776655646051536e-19 8.926286568999765301e-20
8.312962477894403492e+03 3.115386072063840471e-19 8.599776733816267493e-20
8.317968405827457900e+03 1.330195835889985340e-19 6.540744471703982915e-20
8.322974333760514128e+03 1.711987865787493672e-19 5.623996656463251028e-20
8.327980261693570355e+03 1.121587250470052554e-19 5.259162453396159108e-20
8.332986189626626583e+03 1.253334962224308956e-19 5.857923337691214207e-20
8.337992117559680992e+03 2.256547269639274961e-19 1.416399036288029183e-19
8.342998045492737219e+03 5.585379040898103966e-20 1.777633619830107984e-19
8.348003973425793447e+03 2.559027440300936261e-19 1.766871752273936418e-19
8.353009901358847856e+03 3.070539745316747933e-19 1.143269460475408098e-19
8.358015829291904083e+03 2.544653671897120450e-19 9.413143446375856909e-20
8.363021757224960311e+03 1.173085305274020326e-19 7.759958978177759659e-20
8.368027685158016538e+03 2.006890693050197788e-19 6.970482242917892988e-20
8.373033613091070947e+03 1.537450310209419722e-19 5.953273075775744452e-20
8.378039541024127175e+03 1.941273474200336411e-19 8.546573774916804837e-20
8.383045468957181583e+03 5.512270219903381744e-20 8.763981535825391176e-20
8.388051396890237811e+03 1.784408222435072670e-19 7.121029321842477034e-20
8.393057324823294039e+03 1.895733536647882003e-19 1.148406050251348989e-19
8.398063252756350266e+03 1.471450708048710291e-19 1.388985293085610792e-19
8.403069180689406494e+03 1.553155568014290477e-19 1.228327851947152687e-19
8.408075108622460903e+03 3.092819531393312174e-19 7.948298213678474451e-20
8.413081036555517130e+03 1.216697173365967240e-19 9.501873273798733110e-20
8.418086964488571539e+03 3.406359176891554570e-19 9.430812623868292721e-20
8.423092892421627766e+03 7.353673103916591868e-20 1.150899216187771713e-19
8.428098820354683994e+03 2.324310577894689777e-19 1.559346026674718954e-19
8.433104748287740222e+03 5.903437422743544205e-20 1.498038920554875639e-19
8.438110676220796449e+03 1.845241623782274854e-19 7.724993975572116363e-20
8.443116604153850858e+03 1.594770475275791750e-19 6.338828477596194558e-20
8.448122532086907086e+03 1.420101036286390519e-19 9.418101550315854279e-20
8.453128460019961494e+03 2.595804237346258759e-20 9.557436777469253474e-20
8.458134387953017722e+03 -1.756025753618225602e-21 1.076299773714511711e-19
8.463140315886073950e+03 1.182182734657612870e-19 1.310309180587946258e-19
8.468146243819130177e+03 1.675902330761477454e-19 1.236368528587996220e-19
8.473152171752186405e+03 2.378018962852422056e-19 6.736449806882398696e-20
8.478158099685240813e+03 7.751025231515551149e-20 4.927649267827043226e-20
8.483164027618297041e+03 1.872782342953160607e-19 4.878812955525035470e-20
8.488169955551351450e+03 1.192070271867044150e-19 6.976439710716555691e-20
8.493175883484407677e+03 2.263341868027437085e-19 7.786196516246233563e-20
8.498181811417463905e+03 1.252048493554447763e-19 9.297324670268410267e-20
8.503187739350520133e+03 -4.686241184105927975e-20 1.001988473488609832e-19
8.508193667283574541e+03 1.364665933367818038e-19 9.274415473027164526e-20
8.513199595216630769e+03 1.585655681613761322e-19 5.416021645568838807e-20
8.518205523149686996e+03 1.766764062040651772e-19 4.730128793127254914e-20
8.523211451082741405e+03 1.902535189592875232e-19 4.748546760725390135e-20
8.528217379015797633e+03 1.153362838039035554e-19 4.704102186937725703e-20
8.533223306948853860e+03 2.162619023225349570e-19 5.905405354889436256e-20
8.538229234881910088e+03 2.510674961921598236e-19 6.544231284356393795e-20
8.543235162814964497e+03 5.233976597098955842e-20 7.994068300290060700e-20
8.548241090748020724e+03 1.863397749837287115e-19 8.174839608695411078e-20
8.553247018681076952e+03 1.783517968700814518e-19 7.300100716355874128e-20
8.558252946614131361e+03 -2.622086171816815326e-21 5.147388489783169418e-20
8.563258874547187588e+03 1.658997394155656654e-19 5.106805328367576729e-20
8.568264802480243816e+03 1.991453079749652119e-19 5.451152778606476806e-20
8.573270730413300043e+03 1.612147773175291951e-19 5.647898255318361551e-20
8.578276658346354452e+03 1.805950907412278258e-19 5.572346905356755494e-20
8.583282586279410680e+03 1.934457453700324660e-19 5.900588470459724293e-20
8.588288514212466907e+03 7.614944818712647818e-20 6.224952806060799626e-20
8.593294442145521316e+03 7.811166518903571101e-21 6.628917876968700722e-20
8.598300370078577544e+03 2.134603659044568969e-19 6.182180862746065254e-20
8.603306298011633771e+03 1.408219035946071152e-19 5.528962638481173927e-20
8.608312225944689999e+03 1.623465232193537641e-19 6.233614491333612516e-20
8.613318153877744408e+03 1.686431928208575543e-19 8.198192907463718185e-20
8.618324081810800635e+03 1.851735177523573589e-19 1.054619677636081533e-19
8.623330009743856863e+03 4.709784753406112357e-19 1.233851967381103680e-19
8.628335937676911271e+03 5.885314476233971322e-20 1.291208362229951605e-19
8.633341865609967499e+03 1.148304638122751080e-19 1.215285818057365600e-19
8.638347793543023727e+03 1.549430680820319425e-19 1.002421461664078632e-19
8.643353721476079954e+03 2.733343540934377679e-20 9.044441377797353419e-20
8.648359649409134363e+03 8.225481171150885719e-20 1.059325793309842989e-19
8.653365577342190591e+03 -2.609795316305647799e-20 1.248280581519486729e-19
8.658371505275246818e+03 -1.248612124706364678e-19 1.313043534675238139e-19
8.663377433208301227e+03 5.571106990119884207e-20 1.293381021892926523e-19
8.668383361141357454e+03 1.341169018582744331e-19 1.205548285451845735e-19
8.673389289074413682e+03 8.730962670805189304e-21 1.089591432334987490e-19
8.678395217007469910e+03 1.535683237335996983e-19 9.636562569946248746e-20
8.683401144940524318e+03 4.773081827232888750e-20 8.440533312874463366e-20
8.688407072873580546e+03 1.564218182103768286e-19 7.443138550896362070e-20
8.693413000806636774e+03 5.864865539876512415e-20 6.931693501718470611e-20
8.698418928739691182e+03 1.120263991608339705e-19 6.759239055892974611e-20
8.703424856672747410e+03 2.715673725202416992e-19 6.738266217794763712e-20
8.708430784605803638e+03 1.250574108115251404e-19 6.120766306935978558e-20
8.713436712538859865e+03 1.520677302495672044e-19 5.443406078900294126e-20
8.718442640471914274e+03 6.466310337181347717e-20 5.111225811210045821e-20
8.723448568404970501e+03 1.683518639026269965e-19 5.143959540208108623e-20
8.728454496338024910e+03 1.106080081843476391e-19 5.079875781964098692e-20
8.733460424271081138e+03 1.174072720230447573e-19 5.064025800257261185e-20
8.738466352204137365e+03 1.846250219873537058e-19 5.141756519453825747e-20
8.743472280137193593e+03 2.066964877111834632e-19 5.157712934648512613e-20
8.748478208070249821e+03 2.028928012556547907e-19 5.315106038148961574e-20
8.753484136003304229e+03 -2.893965550747753325e-20 9.582033701708929214e-20
8.758490063936360457e+03 3.914340612371076582e-20 1.424420612190583220e-19
8.763495991869414866e+03 4.279382958690473676e-19 1.740482415682308320e-19
8.768501919802471093e+03 8.811957484563955410e-20 1.582729727973741927e-19
8.773507847735527321e+03 7.282779832152404908e-20 1.620866514087220850e-19
8.778513775668583548e+03 -6.360543449188261557e-20 1.475947060741077188e-19
8.783519703601639776e+03 5.903647402317324084e-20 1.141076750153771134e-19
8.788525631534694185e+03 4.645873651661245870e-19 9.245144673759822218e-20
8.793531559467750412e+03 2.736690729510279030e-19 8.906643282843070660e-20
8.798537487400804821e+03 1.415692884832222709e-19 5.918791714549543801e-20
8.803543415333861049e+03 1.203775240268211133e-19 5.334928345774282057e-20
8.808549343266917276e+03 1.925656943247685977e-19 5.725910416937716413e-20
8.813555271199973504e+03 1.793955443624188352e-19 5.844989317864029419e-20
8.818561199133029731e+03 5.763967207259820802e-20 1.192273690079295460e-19
8.823567127066084140e+03 2.415143568816745511e-19 2.207145623480290818e-19
8.828573054999140368e+03 2.012452814214272881e-20 2.410502819077631114e-19
8.833578982932194776e+03 5.647814027135931337e-19 1.922099668904392117e-19
8.838584910865251004e+03 3.355361515987209558e-19 1.424325892727732144e-19
8.843590838798307232e+03 1.419128399311356058e-19 9.947276506790677981e-20
8.848596766731363459e+03 2.940860465626098659e-20 9.154924772116697280e-20
8.853602694664417868e+03 2.484018638543047494e-19 8.316448842355318658e-20
8.858608622597474096e+03 2.831242096910895845e-19 7.621680279759926490e-20
8.863614550530530323e+03 2.528941288984658979e-19 1.153761154141001429e-19
8.868620478463584732e+03 1.324228377304785224e-19 1.155641710273293302e-19
8.873626406396640959e+03 1.043901481507890659e-19 8.186589402643696225e-20
8.878632334329697187e+03 3.022648993695399341e-19 1.282703662799099996e-19
8.883638262262753415e+03 2.712853491991300163e-19 1.823544925811144327e-19
8.888644190195807823e+03 3.301700371514224278e-19 1.752287544198785862e-19
8.893650118128864051e+03 1.318890259204523616e-19 9.585675560888337670e-20
8.898656046061920279e+03 -6.556723596726082176e-20 1.203143032401424209e-19
8.903661973994974687e+03 1.066053342728054031e-19 1.284829243628956109e-19
8.908667901928030915e+03 8.014712931189702037e-20 1.040880393781491472e-19
8.913673829861087142e+03 1.239941680969689548e-19 1.692960659393197558e-19
8.918679757794143370e+03 2.200053899443189423e-19 2.029069724530852546e-19
8.923685685727199598e+03 3.174269037794514949e-19 1.783490854578113004e-19
8.928691613660254006e+03 1.458069674544197701e-19 8.017296752347037741e-20
8.933697541593308415e+03 9.583954043693994833e-20 7.267732625018894296e-20
8.938703469526364643e+03 3.613809302934794265e-19 1.190697328888914988e-19
8.943709397459420870e+03 1.036923628707325702e-19 1.275004249988350002e-19
8.948715325392477098e+03 -4.136930268857883457e-20 1.214599506828667514e-19
8.953721253325533326e+03 -2.136888769750099257e-21 1.857464155884108129e-19
8.958727181258589553e+03 -1.218699645292600766e-20 1.974643980247685377e-19
8.963733109191643962e+03 -1.921162756684692108e-19 1.359501032113452938e-19
8.968739037124698370e+03 2.048715467470874498e-19 6.758004988614529004e-20
8.973744965057754598e+03 7.199029038614692612e-20 6.630552591925092899e-20
8.978750892990810826e+03 1.284526886743526988e-19 7.336753670175469325e-20
8.983756820923867053e+03 1.523896775955892226e-20 1.060501161312196020e-19
8.988762748856923281e+03 -1.598806398357026810e-19 1.104073242293863926e-19
8.993768676789977690e+03 -4.673163510733133922e-20 1.179048452387696871e-19
8.998774604723033917e+03 3.045082146416281797e-19 1.416852178909213777e-19
9.003780532656088326e+03 2.954432533949586797e-19 1.369659150206418811e-19
9.008786460589144554e+03 1.448321584584078369e-19 7.689317263642238612e-20
9.013792388522200781e+03 1.358974805007876098e-19 5.409244756366522005e-20
9.018798316455257009e+03 8.274210742556998171e-20 5.618372325399486626e-20
9.023804244388313236e+03 9.988904053333993357e-20 5.974960066764807947e-20
9.028810172321367645e+03 1.309917813738204992e-19 6.390739322526035171e-20
9.033816100254423873e+03 1.260626793273992051e-19 8.687982458147094822e-20
9.038822028187478281e+03 1.171364752485448949e-19 9.209025107437584791e-20
9.043827956120534509e+03 1.312841263788458784e-19 1.090850492591258833e-19
9.048833884053590737e+03 3.068608189879678305e-19 1.147559975675214123e-19
9.053839811986646964e+03 -6.763144551281349511e-20 1.006119243994375183e-19
9.058845739919703192e+03 4.658158915443106304e-20 6.729097028123156955e-20
9.063851667852757600e+03 1.611658643246076885e-19 6.749029758657311619e-20
9.068857595785813828e+03 1.797482152876538330e-19 6.716197045665357306e-20
9.073863523718868237e+03 4.220461857844267038e-20 6.305395297961293951e-20
9.078869451651924464e+03 -1.516214832728781725e-20 6.164463604691733767e-20
9.083875379584980692e+03 1.987003532102746804e-19 6.622139928654236068e-20
9.088881307518036920e+03 -9.578777959734494711e-20 7.814999161243590203e-20
9.093887235451093147e+03 5.383510296895841496e-20 8.369344583826853113e-20
9.098893163384147556e+03 3.141032557391782415e-19 9.013487521264034899e-20
9.103899091317203784e+03 1.298863254269890889e-19 8.444548495882314190e-20
9.108905019250258192e+03 1.224955549369321601e-19 6.498302282065524652e-20
9.113910947183314420e+03 7.209413324916120689e-20 5.278401788076339344e-20
9.118916875116370647e+03 2.142138314426581751e-19 5.198400458663142260e-20
9.123922803049426875e+03 1.538169508845505844e-19 5.197473847164429815e-20
9.128928730982483103e+03 1.380223379868574225e-19 5.248521668325263969e-20
9.133934658915537511e+03 9.847751402600142507e-20 5.377787465677354514e-20
9.138940586848593739e+03 2.079853985153778042e-19 5.546613874262244928e-20
9.143946514781648148e+03 8.754131045954248645e-20 5.902880333822688959e-20
9.148952442714704375e+03 1.307071623268047598e-19 6.980632133697230350e-20
9.153958370647760603e+03 1.231240843738923388e-19 7.904023562613540686e-20
9.158964298580816831e+03 -4.457974858873436812e-20 7.880545991175180421e-20
9.163970226513873058e+03 1.420828108093331472e-19 7.217559993010263524e-20
9.168976154446927467e+03 7.360794584790897887e-20 5.887775778759451824e-20
9.173982082379983694e+03 2.374904958378255193e-19 5.671060428090519906e-20
9.178988010313038103e+03 1.018708968044596955e-19 5.694363796520787143e-20
9.183993938246094331e+03 9.950403529076340232e-20 5.661088628077049248e-20
9.188999866179150558e+03 9.499169870566627954e-20 5.556807890004655886e-20
9.194005794112206786e+03 5.490249531472097529e-20 5.612546127855592943e-20
9.199011722045263014e+03 5.683393580269510775e-20 5.859966410231898968e-20
9.204017649978317422e+03 9.748582518740358341e-20 5.987419172921127992e-20
9.209023577911373650e+03 3.684577905677145716e-20 6.548797732072195118e-20
9.214029505844428058e+03 2.133917471564786344e-19 7.171919971091698663e-20
9.219035433777484286e+03 1.366225730782949676e-19 7.742369736593290378e-20
9.224041361710540514e+03 3.132669663637352038e-20 7.313093738036821174e-20
9.229047289643596741e+03 3.066860176285265168e-20 6.632331224518636434e-20
9.234053217576652969e+03 1.411472246988794356e-19 5.694284939044936506e-20
9.239059145509707378e+03 9.798299776160899604e-20 5.502555392300132929e-20
9.244065073442761786e+03 5.353182610834927832e-20 5.829985522116532781e-20
9.249071001375818014e+03 1.495213738871124485e-19 6.218351349987333755e-20
9.254076929308874242e+03 2.542250013132299889e-19 6.265856977211228689e-20
9.259082857241930469e+03 8.613557957498470559e-20 6.196490843077850750e-20
9.264088785174986697e+03 8.696567144817999720e-21 6.034630377730147964e-20
9.269094713108042924e+03 1.454542311892314735e-19 5.655898356414221327e-20
9.274100641041097333e+03 3.778762511022342202e-20 5.833766274744318677e-20
9.279106568974151742e+03 1.523022936547472100e-19 7.284343442845572635e-20
9.284112496907207969e+03 -7.904304274919388611e-20 8.700870254667467810e-20
9.289118424840264197e+03 1.367772065413715692e-19 9.864630239556612366e-20
9.294124352773320425e+03 1.215629844857593959e-19 9.737810223365863272e-20
9.299130280706376652e+03 -3.231532013176571134e-19 1.816434071258219434e-19
9.304136208639432880e+03 8.884494525151603074e-20 3.421808420600805971e-19
9.309142136572487289e+03 -4.349997449581895839e-19 4.977298982061430315e-19
9.314148064505541697e+03 2.243343910452322061e-19 5.137611340750320888e-19
9.319153992438597925e+03 2.024978004126111219e-19 5.754580216126967930e-19
9.324159920371654152e+03 5.778176497152483605e-19 5.664085199825570286e-19
9.329165848304710380e+03 -6.430516507824040767e-21 4.276010859394027015e-19
9.334171776237766608e+03 -5.438272131959183874e-19 3.916768810896893508e-19
9.339177704170821016e+03 2.192423579143115183e-19 4.185968198587540881e-19
9.344183632103877244e+03 2.839818930796948258e-19 3.840592790451844552e-19
9.349189560036931653e+03 2.078858698889432832e-19 2.396245596290677579e-19
9.354195487969987880e+03 2.154377201090483577e-19 2.589285580690086871e-19
9.359201415903044108e+03 -3.228628952363355759e-20 2.429693021287172530e-19
9.364207343836100335e+03 1.608493058062009495e-19 2.406940951971859787e-19
9.369213271769156563e+03 4.710215711796585899e-19 6.836361623402121537e-19
9.374219199702210972e+03 8.940841510745352291e-20 8.667048562709882327e-19
9.379225127635267199e+03 7.123206823239808140e-19 7.935559101700918916e-19
9.384231055568321608e+03 -1.046551063027515501e-19 3.778643103564623803e-19
9.389236983501377836e+03 4.210656332990841807e-19 1.874138407960572013e-19
9.394242911434434063e+03 3.153895869415505856e-19 1.488070506230858552e-19
9.399248839367490291e+03 9.804990303852909355e-20 1.869961273260644104e-19
9.404254767300546519e+03 2.283500952096157693e-19 2.013532589299699357e-19
9.409260695233600927e+03 1.668479822833751996e-19 1.640275308983849647e-19
9.414266623166657155e+03 2.927103662224234116e-19 2.522976841139714990e-19
9.419272551099711563e+03 1.158610553484972626e-19 2.718709413004489774e-19
9.424278479032767791e+03 3.407521162111950368e-19 2.621609441945741759e-19
9.429284406965824019e+03 1.489747426145245819e-19 2.586403700743710895e-19
9.434290334898880246e+03 1.853697624680827965e-19 5.364764069880135685e-19
9.439296262831936474e+03 2.266111757647022678e-19 7.271795358832204492e-19
9.444302190764990883e+03 4.491057758105185408e-19 6.278341486988667186e-19
9.449308118698047110e+03 8.894739255472866243e-20 2.561678110295876359e-19
9.454314046631101519e+03 3.955045723619998053e-19 3.976120478211440201e-19
9.459319974564157746e+03 -1.714431351958754991e-20 4.748337146086789305e-19
9.464325902497213974e+03 -4.202160659742493460e-20 3.543658023590633516e-19
9.469331830430270202e+03 -1.077096238672690177e-19 3.806379668828806107e-19
9.474337758363326429e+03 1.048029083947177547e-19 5.036586438758651272e-19
9.479343686296380838e+03 1.183029667155794590e-19 5.660011038497665327e-19
9.484349614229437066e+03 5.283273673579703919e-19 3.013820635429398239e-19
9.489355542162491474e+03 2.508142848154573864e-20 1.707473845948054770e-19
9.494361470095547702e+03 2.141287310978414475e-19 2.740143082057685823e-19
9.499367398028603930e+03 3.365797337996510136e-19 4.648438673815547002e-19
9.504373325961660157e+03 4.692895983694478427e-20 3.632498892765420488e-19
9.509379253894716385e+03 1.966796368046780832e-19 2.132935626675989660e-19
9.514385181827770793e+03 1.716558710920611374e-19 3.670366724021504120e-19
9.519391109760827021e+03 -6.438236235177876001e-20 4.794865766691306792e-19
9.524397037693881430e+03 7.738800188919165289e-20 3.661593948392166138e-19
9.529402965626937657e+03 3.134883098257488518e-19 1.886641729141465938e-19
9.534408893559993885e+03 1.933718740150320011e-19 1.660218054743561142e-19
9.539414821493050113e+03 8.081049922679104307e-20 1.614886707267352032e-19
9.544420749426106340e+03 -1.387226770358988360e-19 2.158084758404963611e-19
9.549426677359160749e+03 -5.427678091290507700e-20 2.800996574398631417e-19
9.554432605292216977e+03 3.897587631117143062e-19 2.932534522726542654e-19
9.559438533225271385e+03 1.812009989702262897e-19 3.026014860969777231e-19
9.564444461158327613e+03 8.917527623553406593e-19 4.390854927254541515e-19
9.569450389091383840e+03 9.594156127304695361e-20 4.483144278522674671e-19
9.574456317024440068e+03 3.990949124100687185e-19 2.309572540265424919e-19
9.579462244957496296e+03 1.925730765783895783e-19 1.420054845471528977e-19
9.584468172890550704e+03 2.535905420720115290e-19 1.457533325224958355e-19
9.589474100823605113e+03 9.890021726803718246e-20 1.826609520734845668e-19
9.594480028756661341e+03 1.687787641516566923e-19 1.949436023215678061e-19
9.599485956689717568e+03 3.144447915455333906e-19 1.984612503693605388e-19
9.604491884622773796e+03 1.227392606722985834e-19 2.446959913069717678e-19
9.609497812555830023e+03 2.780349825228265742e-20 2.238477721035507340e-19
9.614503740488886251e+03 3.090133736478245405e-19 2.406185725697334618e-19
9.619509668421940660e+03 -1.371992907649891883e-19 2.912353691393528136e-19
9.624515596354995068e+03 -1.628428378970576765e-19 2.717909253610116785e-19
9.629521524288051296e+03 2.969400036685431906e-19 1.655900855667899241e-19
9.634527452221107524e+03 2.049604114505394597e-19 1.441603794757467517e-19
9.639533380154163751e+03 9.953851974780860366e-21 1.522670735997282009e-19
9.644539308087219979e+03 1.172594613000373736e-19 1.524382965859736601e-19
9.649545236020274388e+03 2.102108584412920678e-20 1.650470694267697420e-19
9.654551163953330615e+03 2.124171230474669114e-19 1.611578255178871588e-19
9.659557091886385024e+03 1.560085029157595389e-19 1.750074816875996429e-19
9.664563019819441251e+03 6.301501260405358554e-19 2.181213565846113112e-19
9.669568947752497479e+03 4.548244938996758907e-19 2.252538267295879214e-19
9.674574875685553707e+03 8.018298308067522144e-20 2.628887566040142287e-19
9.679580803618609934e+03 4.087300436568436531e-19 3.031097084864462508e-19
9.684586731551664343e+03 5.988270956233110901e-19 2.909737731822729861e-19
9.689592659484720571e+03 1.759937173212882578e-19 2.172428475682255614e-19
9.694598587417774979e+03 4.100378039321346337e-19 2.763260064019720225e-19
9.699604515350831207e+03 8.482797790483904883e-20 2.955083491267126662e-19
9.704610443283887435e+03 1.559425763421407601e-19 2.992435987800593422e-19
9.709616371216943662e+03 2.602245736993540958e-19 2.830799442228506198e-19
9.714622299149999890e+03 7.910684531089815744e-20 4.114016837149507917e-19
9.719628227083054298e+03 -3.877517493711465392e-19 3.960775773265725167e-19
9.724634155016110526e+03 5.436234779195674880e-19 3.358910546819669982e-19
9.729640082949164935e+03 3.732156834043161889e-19 2.759201633654629582e-19
9.734646010882221162e+03 2.614975009626919066e-19 3.384121091532577208e-19
9.739651938815277390e+03 8.648825082503471220e-19 3.424104462910008916e-19
9.744657866748333618e+03 1.757633969495099897e-19 2.650253723558595036e-19
9.749663794681389845e+03 1.851783921551159902e-19 2.018822284776194669e-19
9.754669722614444254e+03 4.537590766868237696e-19 1.650318673777810794e-19
9.759675650547500481e+03 3.632952754401977125e-19 1.688326675907801350e-19
9.764681578480554890e+03 2.788844943743361692e-19 1.765049820698514960e-19
9.769687506413611118e+03 1.379659763763439147e-19 1.715747216952458766e-19
9.774693434346667345e+03 8.508591727497762863e-20 1.691073472701946568e-19
9.779699362279723573e+03 -5.438837062837876251e-20 2.165859391217994341e-19
9.784705290212779801e+03 2.818428802475364248e-19 5.519343390349343285e-19
9.789711218145834209e+03 3.435804167415368627e-19 7.468222359638114579e-19
9.794717146078890437e+03 5.762646551847815432e-20 6.770485788288580002e-19
9.799723074011944846e+03 4.864135857013168127e-20 4.430452825284764645e-19
9.804729001945001073e+03 4.440771729744860649e-20 3.633764318895103791e-19
9.809734929878057301e+03 6.183165490089061856e-20 3.052835358914546928e-19
9.814740857811113528e+03 5.368872390463971564e-20 3.121177721455148245e-19
9.819746785744169756e+03 5.960434347284453990e-20 2.807056279667718923e-19
9.824752713677224165e+03 5.481486128433906277e-20 2.758198720361843691e-19
9.829758641610280392e+03 5.468179573998017591e-20 2.623455984392661483e-19
9.834764569543334801e+03 5.454873019562130109e-20 2.369881944200686177e-19
9.839770497476391029e+03 5.441566465126245034e-20 2.610362602443791834e-19
9.844776425409447256e+03 5.428259910690356348e-20 4.029168013327584115e-19
9.849782353342503484e+03 5.414846045331597902e-20 4.400081808499679716e-19
9.854788281275559712e+03 5.401511085063185877e-20 3.367744759975639485e-19
9.859794209208614120e+03 5.388204530627301404e-20 2.678798280100573589e-19
9.864800137141670348e+03 5.374897976191411514e-20 4.528448508323263058e-19
9.869806065074724756e+03 5.361591421755524634e-20 6.583530239546210502e-19
9.874811993007780984e+03 5.348284867319638957e-20 6.955853171883216224e-19
9.879817920940837212e+03 5.334978312883750271e-20 4.416200350367685784e-19
9.884823848873893439e+03 5.321671758447862187e-20 3.496796484648487451e-19
9.889829776806949667e+03 5.308365204011975306e-20 4.931888715352657453e-19
9.894835704740004076e+03 5.295058649576089629e-20 5.393479107634432630e-19
9.899841632673058484e+03 5.281752095140203351e-20 4.724094814496158874e-19
9.904847560606114712e+03 5.268445540704316470e-20 4.864958523056956496e-19
9.909853488539170939e+03 5.255138986268428386e-20 9.413441339038934336e-19
9.914859416472227167e+03 5.241832431832538496e-20 1.002410258668308078e-18
9.919865344405283395e+03 5.228525877396651616e-20 7.712240907220827181e-19
9.924871272338339622e+03 5.215219322960764735e-20 4.251076778020134763e-19
9.929877200271394031e+03 5.201912768524878457e-20 4.312598289417061058e-19
9.934883128204448440e+03 5.188606214088992178e-20 5.885625454910639644e-19
9.939889056137504667e+03 5.175299659653105297e-20 9.973375927732118317e-19
9.944894984070560895e+03 5.161993105217217213e-20 1.295922130045904829e-18
9.949900912003617123e+03 5.148686550781329129e-20 1.165896186607032496e-18
9.954906839936673350e+03 5.135379996345439841e-20 1.106402855636501857e-18
9.959912767869729578e+03 5.122073441909553563e-20 1.185023962585695528e-18
9.964918695802783986e+03 5.108766887473667886e-20 9.735703357470081858e-19
9.969924623735838395e+03 5.095460333037781607e-20 9.382349170379734179e-19
9.974930551668894623e+03 5.082115904158527867e-20 8.480697956476440628e-19
9.979936479601950850e+03 5.068711507410612340e-20 6.640352478119486024e-19
9.984942407535007078e+03 5.055404952974723654e-20 5.740684461620012664e-19
9.989948335468063306e+03 5.042098398538835570e-20 5.473106929622879856e-19
9.994954263401117714e+03 5.028791844102950495e-20 6.549574976893092415e-19
9.999960191334173942e+03 5.015485289667062411e-20 7.750809266455712934e-19
1.000496611926722835e+04 5.002178735231174928e-20 1.254907293873345581e-18
1.000997204720028458e+04 4.988872180795289853e-20 1.624502942243280333e-18
1.001497797513334081e+04 4.975565626359401167e-20 1.580329996433263611e-18
1.001998390306639703e+04 4.962259071923511880e-20 1.133404831658160132e-18
1.002498983099945326e+04 4.948952517487625601e-20 1.021898376569357452e-18
1.002999575893250767e+04 4.935645963051739924e-20 9.790053169838223660e-19
1.003500168686556390e+04 4.922339408615850636e-20 7.467313050119261819e-19
1.004000761479861831e+04 4.909032854179964358e-20 8.561692638362254678e-19
1.004501354273167453e+04 4.895726299744078681e-20 8.623755304361925102e-19
1.005001947066473076e+04 4.882419745308189393e-20 7.705119274147852340e-19
1.005502539859778699e+04 4.869113190872301309e-20 1.047415604490733491e-18
1.006003132653084322e+04 4.855806636436415030e-20 1.279610036419519794e-18
1.006503725446389763e+04 4.842500082000528149e-20 1.335028457504973398e-18
1.007004318239695385e+04 4.829193527564639463e-20 1.128513527451788618e-18
1.007504911033000826e+04 4.815886973128753185e-20 1.342154291153239529e-18
1.008005503826306449e+04 4.802580418692866906e-20 1.734158572922618340e-18
1.008506096619612072e+04 4.789273864256978220e-20 1.636970967882899830e-18
1.009006689412917694e+04 4.775967309821090136e-20 1.260132453977307310e-18
1.009507282206223317e+04 4.762660755385205061e-20 1.263461671727965518e-18
1.010007874999528758e+04 4.749354200949317579e-20 1.718576944031692259e-18
1.010508467792834381e+04 4.735943491794173038e-20 1.770239819505056280e-18
1.011009060586139822e+04 4.722605375322147108e-20 1.474251709627905573e-18
1.011509653379445444e+04 4.709298820886262635e-20 1.589469655676227654e-18
1.012010246172751067e+04 4.695992266450372745e-20 2.654788423961647418e-18
1.012510838966056690e+04 4.682685712014484661e-20 2.614022292087579376e-18
1.013011431759362313e+04 4.669379157578597179e-20 2.081747550085217777e-18
1.013512024552667754e+04 4.656072603142711502e-20 1.575077140475645206e-18
1.014012617345973376e+04 4.642766048706823418e-20 1.580726597817132501e-18
1.014513210139278817e+04 4.629459494270937139e-20 2.080769414272556030e-18
1.015013802932584440e+04 4.616152939835050860e-20 2.344315013132049924e-18
1.015514395725890063e+04 4.602846385399162776e-20 3.189434369201552378e-18
1.016014988519195686e+04 4.589539830963274090e-20 2.746561663876855120e-18
1.016515581312501308e+04 4.576233276527387811e-20 3.428887297486428951e-18
1.017016174105806749e+04 4.562926722091500931e-20 4.367219435576613248e-18
1.017516766899112372e+04 4.549620167655612847e-20 4.091535061155618927e-18
1.018017359692417813e+04 4.536313613219726568e-20 3.188225215372609782e-18
1.018517952485723436e+04 4.523007058783839688e-20 3.719700116849234587e-18
1.019018545279029058e+04 4.509700504347951603e-20 4.062519935850951320e-18
1.019519138072334681e+04 4.496393949912062315e-20 3.938775361840732819e-18
1.020019730865640304e+04 4.483087395476176639e-20 3.520363450814816329e-18
1.020520323658945745e+04 4.469780841040289156e-20 5.053598888905222855e-18
1.021020916452251367e+04 4.456474286604401072e-20 5.395345577863535190e-18
1.021521509245556808e+04 4.443167732168515395e-20 5.821512404077930770e-18
1.022022102038862431e+04 4.429861177732629117e-20 5.456700617592463884e-18
1.022522694832168054e+04 4.416554623296739829e-20 6.912722709683605865e-18
1.023023287625473677e+04 4.403213350621100596e-20 7.211767830477408215e-18
1.023523880418779299e+04 4.389805797669570562e-20 4.909014716106614277e-18
1.024024473212084740e+04 4.376499243233684885e-20 3.808380656211230981e-18
1.024525066005390181e+04 4.363192688797796801e-20 3.696055864757879606e-18
1.025025658798695804e+04 4.349886134361911726e-20 3.569979500774921280e-18
1.025526251592001427e+04 4.336579579926023642e-20 4.060340353425146517e-18
1.026026844385307049e+04 4.323273025490134354e-20 4.580201291968815587e-18
1.026527437178612672e+04 4.309966471054245668e-20 5.375121212377027128e-18
1.027028029971918295e+04 4.296659916618358787e-20 4.992759563213031192e-18
1.027528622765223736e+04 4.283353362182473110e-20 5.463600280150631484e-18
1.028029215558529177e+04 5.016715259105537394e-20 8.870719496961456307e-18
1.028529808351834799e+04 6.712370649174629919e-20 1.137276464012992133e-17
1.029030401145140422e+04 6.712370649174629919e-20 1.155779021953644055e-17
1.029530993938446045e+04 5.812721878729030480e-20 9.770946852708946493e-18
