#  wl flam flam_err
4.803806996822357178e+03 1.081813941191962183e-18 1.584981564490913795e-18
4.808812924755412496e+03 5.570201592539281446e-19 1.448203038035229187e-18
4.813818852688468723e+03 -1.602719571529192658e-18 1.326250905516385514e-18
4.818824780621524042e+03 -9.799190715264308578e-19 1.234115313827360145e-18
4.823830708554580269e+03 -3.890388885063387980e-19 1.154863690111012137e-18
4.828836636487635587e+03 -1.121895094298595573e-18 1.063774510342346840e-18
4.833842564420691815e+03 3.106076988087926503e-19 9.768590004357614519e-19
4.838848492353747133e+03 -1.992179655084270469e-18 8.967544819795091398e-19
4.843854420286802451e+03 2.684603488066467536e-19 8.258572122551568961e-19
4.848860348219858679e+03 4.642274416429498450e-19 7.610811611600172625e-19
4.853866276152913997e+03 8.567565056524313329e-19 7.037548271162123286e-19
4.858872204085970225e+03 9.919837866660126280e-19 6.555006404984464675e-19
4.863878132019025543e+03 -6.103835407748206735e-20 6.180041722369175438e-19
4.868884059952080861e+03 6.672377744342993617e-19 5.828093315263374849e-19
4.873889987885137089e+03 1.913479456680918612e-19 5.387475449649362918e-19
4.878895915818192407e+03 3.768755438068924538e-19 5.033848718548463553e-19
4.883901843751248634e+03 3.560989022498806575e-19 4.737823067626299483e-19
4.888907771684303952e+03 -1.966055321826795057e-19 4.448489180827640206e-19
4.893913699617360180e+03 -6.916845623307616719e-19 4.194480812442581027e-19
4.898919627550415498e+03 -3.782458877689716419e-20 3.998433128214968096e-19
4.903925555483470816e+03 5.640529623659567332e-19 3.805110400071314514e-19
4.908931483416527044e+03 -5.197849214369489447e-20 3.650223990050553435e-19
4.913937411349582362e+03 -2.303808642895359083e-19 3.496019002271773123e-19
4.918943339282638590e+03 4.908620138637491079e-19 3.366955198764081207e-19
4.923949267215693908e+03 1.175579799152117439e-18 3.296439936615873253e-19
4.928955195148750136e+03 6.632230960475087621e-19 3.213369215075035173e-19
4.933961123081805454e+03 5.026234945521786013e-19 3.141609590684958366e-19
4.938967051014860772e+03 9.155918473384233424e-19 3.087800249628787522e-19
4.943972978947916999e+03 2.975668244750771415e-20 3.050769586985200960e-19
4.948978906880972318e+03 1.149286021345673237e-19 3.031743298119646903e-19
4.953984834814028545e+03 -2.124433050048986531e-19 2.993978226836320406e-19
4.958990762747083863e+03 5.119997094499676567e-20 2.971977872693159606e-19
4.963996690680139181e+03 9.764954279470254753e-20 2.988088063047713353e-19
4.969002618613195409e+03 2.332941884814212933e-19 2.994419278396995948e-19
4.974008546546250727e+03 -1.339741954640448446e-19 2.939289226230573297e-19
4.979014474479306955e+03 1.188497381840215801e-19 2.856437247535744795e-19
4.984020402412362273e+03 -1.641539643401560496e-19 2.751431163722676369e-19
4.989026330345418501e+03 5.311833249530853109e-20 2.716067083380045599e-19
4.994032258278473819e+03 -3.369270477804872566e-19 2.632994056974520742e-19
4.999038186211529137e+03 -6.069579466963303865e-20 2.500232296454551865e-19
5.004044114144585365e+03 1.894736553517531238e-19 2.338361757100879252e-19
5.009050042077640683e+03 -1.043179033303540781e-19 2.221274327384620065e-19
5.014055970010696910e+03 6.514438183170624289e-20 2.133574317323435046e-19
5.019061897943752228e+03 6.526624770364921949e-20 2.072182471558695126e-19
5.024067825876807547e+03 -7.414517716368903406e-20 2.048291313565233988e-19
5.029073753809863774e+03 2.839948586214638488e-19 2.031901790231385694e-19
5.034079681742919092e+03 3.016663604384282964e-19 2.012176063807095628e-19
5.039085609675975320e+03 -1.099612013411334717e-19 1.981023954155090492e-19
5.044091537609030638e+03 7.101493249096471240e-20 1.986329802619917142e-19
5.049097465542086866e+03 2.065935483732800351e-19 1.984542250816466747e-19
5.054103393475142184e+03 7.894979674067186298e-20 1.978684081102641009e-19
5.059109321408197502e+03 5.200610010585075778e-20 1.965848627391355874e-19
5.064115249341253730e+03 3.439403005534364951e-19 1.921490202323453894e-19
5.069121177274309048e+03 1.949741149873552658e-19 1.867225232058662680e-19
5.074127105207365275e+03 2.425863361360686526e-19 1.833609427627095242e-19
5.079133033140420594e+03 2.393634854767027931e-19 1.793426902575505534e-19
5.084138961073476821e+03 2.058271873937856489e-19 1.773577983838433202e-19
5.089144889006532139e+03 6.241566821848719617e-19 1.747646539887074836e-19
5.094150816939587457e+03 1.731807520748361359e-19 1.722022240512364871e-19
5.099156744872643685e+03 3.539695710461274668e-20 1.699775422100991975e-19
5.104162672805699003e+03 6.555050190417045691e-19 1.698417279207895256e-19
5.109168600738755231e+03 -7.619989799339908317e-20 1.697145039031396506e-19
5.114174528671810549e+03 1.570037102278214113e-19 1.722053783770659518e-19
5.119180456604865867e+03 -1.013077968512426088e-19 1.733487956328492726e-19
5.124186384537922095e+03 -1.024501481064467082e-19 1.733986947280044340e-19
5.129192312470977413e+03 2.196071882863208701e-19 1.714733837772369422e-19
5.134198240404033641e+03 6.060074150679127043e-19 1.703454795869459379e-19
5.139204168337088959e+03 8.521330044331478882e-20 1.672457693688891385e-19
5.144210096270145186e+03 -2.131189931751920403e-19 1.641918785701180333e-19
5.149216024203200504e+03 -8.727673489938628733e-20 1.598838256185377494e-19
5.154221952136255823e+03 -4.628417789604300450e-19 1.551016416536331554e-19
5.159227880069312050e+03 1.220508304542338185e-19 1.497038057493142361e-19
5.164233808002367368e+03 -1.010004562681078852e-19 1.416897104455446812e-19
5.169239735935423596e+03 -6.295259535585103341e-20 1.341569371276031322e-19
5.174245663868478914e+03 -1.258140218615031872e-19 1.313055012112458344e-19
5.179251591801534232e+03 -1.312983551511176448e-19 1.281366081209407618e-19
5.184257519734590460e+03 4.992931999534590318e-20 1.270723018561377721e-19
5.189263447667645778e+03 2.183285070088811614e-19 1.278154347073389923e-19
5.194269375600702006e+03 3.167567083024010067e-19 1.318950901147961891e-19
5.199275303533757324e+03 6.913489935205280124e-20 1.345756913128485319e-19
5.204281231466813551e+03 3.688040145990149440e-19 1.335922232598576345e-19
5.209287159399868870e+03 1.506964098128132096e-19 1.306037028428808984e-19
5.214293087332924188e+03 1.780275092404169777e-21 1.314046257398234164e-19
5.219299015265980415e+03 4.306338929686090083e-19 1.351231895382695365e-19
5.224304943199035733e+03 2.642695484240532120e-19 1.379895489206625600e-19
5.229310871132091961e+03 1.129174685263589070e-19 1.387645183165310801e-19
5.234316799065147279e+03 4.808382826162769162e-20 1.420708608450648756e-19
5.239322726998203507e+03 1.818570967338151181e-19 1.447222497804057648e-19
5.244328654931258825e+03 -6.344638794241766103e-21 1.429710004734585148e-19
5.249334582864314143e+03 -2.774957210970361032e-19 1.414978628332050210e-19
5.254340510797370371e+03 3.025159665282889442e-19 1.398361588414804304e-19
5.259346438730425689e+03 1.838907445695505049e-20 1.324698545748334622e-19
5.264352366663481916e+03 2.979480513773682815e-19 1.240771218847463242e-19
5.269358294596537235e+03 3.165407027223215969e-20 1.206499382478157183e-19
5.274364222529593462e+03 6.927414417678649678e-20 1.212588903448026132e-19
5.279370150462648780e+03 6.194826559324517314e-20 1.211385494031460011e-19
5.284376078395704099e+03 -4.848422904190125415e-20 1.198919237011154750e-19
5.289382006328760326e+03 1.404941519905563816e-19 1.208133264254087685e-19
5.294387934261815644e+03 -2.158103306673141848e-20 1.222621577929392043e-19
5.299393862194871872e+03 3.424095944475254016e-19 1.231289474310729957e-19
5.304399790127927190e+03 2.578318509745744015e-19 1.241901375780643845e-19
5.309405718060982508e+03 1.489602992302579007e-19 1.248775949221033323e-19
5.314411645994038736e+03 -1.908331018711302099e-19 1.236520980220170352e-19
5.319417573927094054e+03 2.069516461669698011e-19 1.228666181876502963e-19
5.324423501860150282e+03 1.982288933128621709e-19 1.215686665632626312e-19
5.329429429793205600e+03 -1.867177249153676379e-19 1.210571815965222254e-19
5.334435357726260918e+03 5.410159923518701997e-21 1.203698364907957726e-19
5.339441285659317145e+03 -1.655642327957592901e-20 1.187563239951417637e-19
5.344447213592372464e+03 3.211942652241678095e-19 1.189983171663006180e-19
5.349453141525428691e+03 1.904205286411680914e-19 1.189334623752167886e-19
5.354459069458484009e+03 1.898166572715353657e-19 1.194753076343429726e-19
5.359464997391540237e+03 1.616677261204941171e-19 1.192676765196346467e-19
5.364470925324595555e+03 3.078715088741730916e-19 1.193449122218448702e-19
5.369476853257650873e+03 7.338713882165657358e-21 1.211857913331880591e-19
5.374482781190707101e+03 3.995215619931704857e-19 1.243100642740966657e-19
5.379488709123762419e+03 1.074685515674844360e-19 1.257436496262342214e-19
5.384494637056818647e+03 1.781065276522299242e-20 1.237586976758969584e-19
5.389500564989873965e+03 4.831182500766010251e-20 1.207413133455662696e-19
5.394506492922930192e+03 2.786103786540106413e-19 1.180711745547265614e-19
5.399512420855985511e+03 1.640675109470545438e-19 1.157796075381675273e-19
5.404518348789040829e+03 1.466151758236380007e-19 1.145958763332467834e-19
5.409524276722097056e+03 2.667334654858948115e-19 1.138935868829716213e-19
5.414530204655152374e+03 2.282481271499591776e-20 1.135346525292233746e-19
5.419536132588208602e+03 5.512468410202235656e-20 1.129409759544356296e-19
5.424542060521263920e+03 7.998330802979847258e-20 1.113705546037316585e-19
5.429547988454320148e+03 -6.894404740501253350e-20 1.093282476359910935e-19
5.434553916387375466e+03 1.217406056923817665e-19 1.080559285082817975e-19
5.439559844320430784e+03 8.485168267368663675e-20 1.069675615625428586e-19
5.444565772253487012e+03 4.754343385860779746e-20 1.054930925021755453e-19
5.449571700186542330e+03 -1.948944071319341949e-19 1.040771861114647473e-19
5.454577628119598558e+03 1.538162992857103835e-19 1.040481803316165303e-19
5.459583556052653876e+03 1.931523725081388923e-19 1.038106855800613446e-19
5.464589483985709194e+03 1.876558078625106732e-19 1.035790482746915249e-19
5.469595411918765421e+03 6.266535289494968200e-19 1.037553938715810996e-19
5.474601339851820740e+03 6.326542170162158216e-19 1.040695418456207558e-19
5.479607267784876967e+03 1.248286933704287572e-19 1.051629148976870825e-19
5.484613195717932285e+03 2.761952222298599677e-19 1.066684137933453477e-19
5.489619123650987603e+03 3.327863199563277443e-20 1.089058623017258706e-19
5.494625051584043831e+03 7.564238032724863805e-20 1.108535105436610429e-19
5.499630979517099149e+03 7.066771026960065832e-20 1.138408445812806358e-19
5.504636907450155377e+03 -7.707568871640516758e-20 1.161143235144822303e-19
5.509642835383210695e+03 2.865434223293646110e-19 1.159289357596071652e-19
5.514648763316266923e+03 7.263183125558813917e-20 1.140398346780226304e-19
5.519654691249322241e+03 1.655956442989670063e-19 1.112849157061391678e-19
5.524660619182377559e+03 1.411568370538135213e-19 1.082803619270618817e-19
5.529666547115433787e+03 1.439318303018344161e-19 1.051960669635731177e-19
5.534672475048489105e+03 1.154362133312321487e-19 1.041337398405494030e-19
5.539678402981545332e+03 -2.885120095578241746e-20 1.047164336123275534e-19
5.544684330914600650e+03 1.652599837550276810e-19 1.045079256375512060e-19
5.549690258847656878e+03 1.118209568433083295e-19 1.020824040501658052e-19
5.554696186780712196e+03 1.754445259960674893e-19 9.926735049975218806e-20
5.559702114713767514e+03 9.236747002771495091e-20 9.940527316040131945e-20
5.564708042646823742e+03 1.127841550860305304e-19 1.016570014573353415e-19
5.569713970579879060e+03 1.456991716917521403e-19 1.947945306855238366e-19
5.574719898512935288e+03 1.319919271748240912e-19 3.414619554723650514e-19
5.579725826445990606e+03 1.833324765811682962e-19 3.453596672386470970e-19
5.584731754379046833e+03 2.151222668706288977e-19 2.174262276955491046e-19
5.589737682312102152e+03 2.370073167309515258e-19 9.695975290615568995e-20
5.594743610245157470e+03 5.707710019844053471e-20 9.231169612157799645e-20
5.599749538178213697e+03 1.562872788541120804e-19 9.390328315901311613e-20
5.604755466111269016e+03 1.810623623445897450e-19 9.664912619283487085e-20
5.609761394044325243e+03 -5.917015270701552741e-20 9.733691945023480709e-20
5.614767321977380561e+03 -3.127994351411856612e-20 9.749330024650559751e-20
5.619773249910436789e+03 3.557539427553590123e-19 1.006185581592437169e-19
5.624779177843492107e+03 2.222064189033392535e-20 1.022610995620315082e-19
5.629785105776547425e+03 2.335978619153038244e-19 1.027614223416035956e-19
5.634791033709603653e+03 1.690842074352311318e-19 1.024730501480219670e-19
5.639796961642658971e+03 5.906220586556943313e-20 1.013858720807259041e-19
5.644802889575714289e+03 2.453756957631410716e-19 1.001427685839590035e-19
5.649808817508770517e+03 2.370510845760662459e-19 9.777397081212592604e-20
5.654814745441825835e+03 2.080549572452764069e-20 9.449204179186973604e-20
5.659820673374882062e+03 2.417932745566582119e-19 9.298086628162017471e-20
5.664826601307937381e+03 1.503347509404169687e-19 9.285035125902082847e-20
5.669832529240993608e+03 1.391693668798179735e-19 9.305371001713170055e-20
5.674838457174048926e+03 2.456754628710461772e-19 9.242457714062931571e-20
5.679844385107104245e+03 3.455431921705733498e-19 9.212495973142525998e-20
5.684850313040160472e+03 7.939879048983937557e-20 9.151286184833178612e-20
5.689856240973215790e+03 1.052713317228314295e-19 9.244514966405709402e-20
5.694862168906272018e+03 1.943698491349870465e-19 9.312692287408499250e-20
5.699868096839327336e+03 2.318332712896053874e-19 9.378250255811420308e-20
5.704874024772383564e+03 1.369615207956280520e-19 9.427528061496118867e-20
5.709879952705438882e+03 1.881661833969324306e-19 9.534430927150918625e-20
5.714885880638494200e+03 2.777744082809681915e-19 9.665503289581461041e-20
5.719891808571550428e+03 1.888995935718977922e-19 9.870810788865627475e-20
5.724897736504605746e+03 7.458551675124596515e-20 9.948603429159738736e-20
5.729903664437661973e+03 9.599805511932204134e-20 9.971909615028461886e-20
5.734909592370717291e+03 -2.704432571527004852e-20 9.997423453650826579e-20
5.739915520303773519e+03 4.019640798176532156e-19 1.002900431837264646e-19
5.744921448236828837e+03 2.270514124316244712e-19 1.008298774123479552e-19
5.749927376169884155e+03 2.608465669358854191e-19 1.013677276334239572e-19
5.754933304102940383e+03 2.228179573567929078e-19 1.030304719454995252e-19
5.759939232035995701e+03 2.753975591484923100e-19 1.039601487889991040e-19
5.764945159969051929e+03 2.539560125594323845e-19 1.037296107287162381e-19
5.769951087902107247e+03 1.872713873003918034e-19 1.000827360305789526e-19
5.774957015835163475e+03 3.978833115574040744e-19 9.740507913793157154e-20
5.779962943768218793e+03 3.119285266748447833e-19 9.406353504123822963e-20
5.784968871701274111e+03 4.245550356558666714e-19 9.292207398080747554e-20
5.789974799634330338e+03 1.343289671477262119e-19 9.171740601125649945e-20
5.794980727567385657e+03 3.661066997454916650e-19 9.148915193428559143e-20
5.799986655500441884e+03 2.344566517548386878e-19 9.100904851182840852e-20
5.804992583433497202e+03 1.571759183920762358e-19 9.046804662323512545e-20
5.809998511366552520e+03 3.593896779623845653e-19 9.036073056723161499e-20
5.815004439299608748e+03 1.101954531644861420e-19 9.035280959317414737e-20
5.820010367232664066e+03 3.536811037175983581e-19 9.072800362734986020e-20
5.825016295165720294e+03 3.148479823570077646e-19 9.070874857535760480e-20
5.830022223098775612e+03 2.747249265555061835e-19 9.053587434693362982e-20
5.835028151031830930e+03 2.142563797103063803e-19 9.043012934049106007e-20
5.840034078964887158e+03 1.827788014286591560e-19 9.007301829849950024e-20
5.845040006897942476e+03 2.577692414970748843e-19 8.988306986092717658e-20
5.850045934830998704e+03 4.293193196346642184e-20 8.970979991697235514e-20
5.855051862764054022e+03 1.234842399394762161e-19 9.063784829183059915e-20
5.860057790697110249e+03 9.818096912338218916e-20 9.544626579447092594e-20
5.865063718630165567e+03 6.278118027553339868e-20 1.031197743693925407e-19
5.870069646563220886e+03 1.783830907369805077e-19 1.045632578016694444e-19
5.875075574496277113e+03 1.352593899932855190e-19 9.923276758400988208e-20
5.880081502429332431e+03 1.990385415104200431e-19 1.031452792675581296e-19
5.885087430362388659e+03 4.121183581307323754e-19 1.521859390793790984e-19
5.890093358295443977e+03 5.134641722108572812e-19 1.827104160229811819e-19
5.895099286228500205e+03 2.348783378274252796e-19 1.709943668143952380e-19
5.900105214161555523e+03 2.124447353636720863e-19 1.282310685341803374e-19
5.905111142094610841e+03 2.948332001732548684e-19 9.963015825449913080e-20
5.910117070027667069e+03 2.418889328083531382e-19 9.963336252771824617e-20
5.915122997960722387e+03 4.762297596443609710e-19 1.000989678047906080e-19
5.920128925893778614e+03 2.321919185584185154e-19 9.881637241449452078e-20
5.925134853826833933e+03 1.112981891696403375e-19 9.652621260905920927e-20
5.930140781759890160e+03 3.408841415176899238e-19 9.913367639931347959e-20
5.935146709692945478e+03 3.419658176371711956e-19 9.623533109447118520e-20
5.940152637626000796e+03 4.460094359549210565e-19 9.112814237230122932e-20
5.945158565559057024e+03 1.978447543734179989e-19 9.056231692816080958e-20
5.950164493492112342e+03 2.482779933715006342e-19 9.430623565982507517e-20
5.955170421425167660e+03 2.026397538500535905e-19 9.296307308993836858e-20
5.960176349358223888e+03 2.809102909919834104e-19 8.878127810727918170e-20
5.965182277291280116e+03 2.911213166969989385e-19 8.761996041665260164e-20
5.970188205224335434e+03 2.805913585434737077e-19 8.975732874835243592e-20
5.975194133157390752e+03 1.924655795133360306e-19 9.146520594124631872e-20
5.980200061090446980e+03 1.707259146558244251e-19 9.005973136911434320e-20
5.985205989023502298e+03 2.072757976068853894e-19 8.662349674339856680e-20
5.990211916956557616e+03 1.229018246720623477e-19 8.631665662806938257e-20
5.995217844889613843e+03 1.297986186265325746e-19 8.683146536579397620e-20
6.000223772822669162e+03 2.184281576703109868e-19 8.854769487227839253e-20
6.005229700755725389e+03 2.145916954080844769e-19 8.826534340548487390e-20
6.010235628688780707e+03 3.432344106181339515e-19 8.690995472904880326e-20
6.015241556621836935e+03 2.763017361519659278e-19 8.654959070288064800e-20
6.020247484554892253e+03 1.549788567069023937e-19 8.581162251171854337e-20
6.025253412487947571e+03 1.472121599234358038e-19 8.487783493151238972e-20
6.030259340421003799e+03 3.772476867489315004e-19 8.427399027725737251e-20
6.035265268354059117e+03 2.773087448055843847e-19 8.280316747900730117e-20
6.040271196287115345e+03 2.166684532148995101e-19 8.050118179942678729e-20
6.045277124220170663e+03 2.655543842608713434e-19 7.910383565097424523e-20
6.050283052153226890e+03 2.369432846436246048e-19 7.789645975005229731e-20
6.055288980086282209e+03 1.124203021657929860e-19 7.702309623783128129e-20
6.060294908019337527e+03 6.834778325925118064e-20 7.682981178788140496e-20
6.065300835952393754e+03 2.438419318892438503e-19 7.663142784490177693e-20
6.070306763885449072e+03 2.933463298606746433e-19 7.580145440265600428e-20
6.075312691818505300e+03 1.457063319697142455e-19 7.405739009361532670e-20
6.080318619751560618e+03 2.029326359025488753e-19 7.290861301102374719e-20
6.085324547684616846e+03 7.001345157110134635e-20 7.207166562934217291e-20
6.090330475617672164e+03 7.707903068257961972e-20 7.184651931510426439e-20
6.095336403550727482e+03 1.202499845542506125e-19 7.209775319652345504e-20
6.100342331483783710e+03 1.674246144346363354e-19 7.234067124685887381e-20
6.105348259416839028e+03 2.885701322795177171e-19 7.190860687170183853e-20
6.110354187349894346e+03 1.980603632142849633e-19 7.181107086710390765e-20
6.115360115282950574e+03 2.371717138546914558e-19 7.171974259845607573e-20
6.120366043216006801e+03 1.888565350979431485e-19 7.139210271657677310e-20
6.125371971149062119e+03 1.573022199648832274e-19 7.117321770350447945e-20
6.130377899082117438e+03 8.065924668791079816e-20 7.250575642380925396e-20
6.135383827015173665e+03 2.657987498245988163e-19 7.492695756340219550e-20
6.140389754948228983e+03 8.981107579761321311e-20 7.737713013558441519e-20
6.145395682881284301e+03 3.246412990423723986e-19 7.645804961219882165e-20
6.150401610814340529e+03 -1.903945192228853409e-20 7.236940459060034891e-20
6.155407538747396757e+03 1.619396994092948874e-19 6.923483129469884055e-20
6.160413466680452075e+03 1.408659299183327114e-19 6.691169550313342303e-20
6.165419394613507393e+03 6.825959306444887954e-20 6.809995016003596296e-20
6.170425322546563621e+03 7.766419714132695716e-20 6.910458352467151243e-20
6.175431250479618939e+03 2.994445106075847181e-19 6.772328183504329603e-20
6.180437178412674257e+03 1.189791215789984313e-19 6.522480851289951089e-20
6.185443106345730484e+03 2.650206150034581002e-19 6.448118682197832356e-20
6.190449034278785803e+03 2.973529045775605962e-19 6.439261856818135070e-20
6.195454962211842030e+03 2.189205610925126029e-19 6.529270083941911766e-20
6.200460890144897348e+03 2.239068452480755065e-19 6.611990074301480266e-20
6.205466818077953576e+03 1.911033622427159560e-19 6.635460950893399575e-20
6.210472746011008894e+03 1.908797740011937648e-19 6.440481860406540985e-20
6.215478673944064212e+03 1.516893841503446597e-19 6.558268629184059018e-20
6.220484601877120440e+03 3.494723730262102186e-19 6.656214499770060881e-20
6.225490529810175758e+03 1.760805675680970228e-19 6.670991984476551221e-20
6.230496457743231986e+03 5.632468633265953119e-20 7.467766464073906273e-20
6.235502385676287304e+03 8.113608903917705092e-20 8.130868378831427447e-20
6.240508313609343531e+03 5.161978574855935893e-20 7.940757980098866198e-20
6.245514241542398850e+03 1.212045154293028293e-19 7.055492744085143763e-20
6.250520169475454168e+03 1.807649397934319082e-19 7.166270340444086013e-20
6.255526097408510395e+03 2.602112139812812593e-19 8.068138196570734628e-20
6.260532025341565713e+03 4.509599173219871305e-20 8.519834603121019119e-20
6.265537953274621032e+03 1.573409461685375366e-19 7.971077735880189133e-20
6.270543881207677259e+03 1.667542347629170557e-19 7.740774386809050102e-20
6.275549809140733487e+03 2.997315529542367384e-19 7.549217257634416545e-20
6.280555737073788805e+03 1.888962212676319608e-19 7.787538476874114767e-20
6.285561665006844123e+03 3.105271395735748217e-19 8.135212453556842380e-20
6.290567592939900351e+03 2.924741031281812584e-19 9.078456377724685740e-20
6.295573520872955669e+03 5.018649913728126394e-20 1.428155363603168489e-19
6.300579448806010987e+03 2.650848562532783435e-19 1.535084956820075348e-19
6.305585376739067215e+03 4.770583950253852165e-19 1.219346439649420192e-19
6.310591304672123442e+03 2.583171526253611884e-19 7.596783772147389835e-20
6.315597232605178760e+03 2.388420868518689293e-19 6.705037746401966086e-20
6.320603160538234079e+03 2.386296266748812752e-19 6.844069248107744685e-20
6.325609088471290306e+03 4.660800933528300182e-19 7.429594194235388179e-20
6.330615016404345624e+03 1.094954183196324481e-19 7.224331081414661796e-20
6.335620944337400942e+03 2.303346727757666188e-19 6.672031067317985663e-20
6.340626872270457170e+03 3.924544669488481331e-19 6.324627495912091054e-20
6.345632800203512488e+03 1.752317013124211368e-19 6.539078806215643428e-20
6.350638728136568716e+03 2.276585548166198311e-19 6.952934115391169481e-20
6.355644656069624034e+03 2.161554236188439358e-19 7.852340317033178229e-20
6.360650584002680262e+03 2.777021079771516485e-19 9.842904566749128068e-20
6.365656511935735580e+03 1.219685970631895397e-19 9.654364855856379839e-20
6.370662439868790898e+03 2.472092097835938456e-19 7.519798958271863990e-20
6.375668367801847126e+03 2.629092892337990141e-19 6.655046870394092231e-20
6.380674295734902444e+03 2.055581484078235792e-19 6.995904876403222020e-20
6.385680223667958671e+03 1.884922873599005743e-19 7.086358409432231077e-20
6.390686151601013989e+03 2.186691472342384509e-19 6.942062666515988344e-20
6.395692079534070217e+03 2.111648990396081381e-19 6.744325941206372739e-20
6.400698007467125535e+03 2.275450257757220540e-19 6.711634166848491488e-20
6.405703935400180853e+03 9.159103373757091522e-20 6.617685461901919722e-20
6.410709863333237081e+03 1.846881655561389883e-19 6.515094411484965890e-20
6.415715791266292399e+03 1.054392847433564501e-19 6.467337364993817067e-20
6.420721719199348627e+03 8.477110663378536264e-20 6.322483690030823791e-20
6.425727647132403945e+03 1.369631491941063867e-19 6.064815214830943033e-20
6.430733575065460172e+03 2.257522369900970840e-19 5.866037869999284934e-20
6.435739502998515491e+03 2.120699965453286120e-19 5.791975954742635207e-20
6.440745430931570809e+03 1.529943392184127409e-19 5.692452724698821815e-20
6.445751358864627036e+03 2.918111951385659411e-19 5.731606758468020137e-20
6.450757286797682355e+03 1.527690690655293194e-19 5.757908502197637676e-20
6.455763214730737673e+03 1.978152665858403150e-19 5.860907404179264483e-20
6.460769142663793900e+03 2.806104412540986564e-19 6.415276831655018059e-20
6.465775070596850128e+03 2.646634384349999506e-19 6.853344138743899840e-20
6.470780998529905446e+03 2.055315160221785930e-19 6.627964166222901829e-20
6.475786926462960764e+03 1.693926579118772096e-19 6.102952562477903320e-20
6.480792854396016992e+03 1.660771509735132475e-19 5.707484987640221675e-20
6.485798782329072310e+03 1.214703866636199378e-19 5.550552147926729993e-20
6.490804710262127628e+03 1.364860669111092320e-19 6.051479131771714133e-20
6.495810638195183856e+03 2.027290794677506740e-19 7.116332052132394951e-20
6.500816566128239174e+03 2.168417362848735542e-19 7.473195771081200271e-20
6.505822494061295401e+03 2.567955608160077852e-19 6.699479423096828367e-20
6.510828421994350720e+03 1.371875092053215344e-19 6.242314378677919103e-20
6.515834349927406947e+03 2.911841179280303466e-19 6.314765021307150472e-20
6.520840277860462265e+03 2.886751920079606476e-19 6.535807335138629156e-20
6.525846205793517584e+03 3.103340155649952236e-19 7.138751671348801302e-20
6.530852133726573811e+03 2.156599669263080280e-19 7.511558278111037435e-20
6.535858061659629129e+03 1.563849724119974654e-19 7.349579584680593734e-20
6.540863989592685357e+03 2.802747968533314732e-19 6.678947628976814615e-20
6.545869917525740675e+03 2.658363073399416078e-19 6.873740428830918831e-20
6.550875845458796903e+03 2.052542787905019068e-19 7.129465643201323977e-20
6.555881773391852221e+03 3.287171358827987477e-19 7.100139921014764571e-20
6.560887701324907539e+03 2.101568327051081994e-19 6.353360299847362344e-20
6.565893629257963767e+03 9.846020053414186010e-20 6.245665395977436733e-20
6.570899557191019085e+03 8.237729190358931917e-20 6.334831145431082560e-20
6.575905485124075312e+03 1.869291796356841475e-21 6.330130042313672796e-20
6.580911413057130630e+03 1.993587325559139209e-20 6.024932169119685677e-20
6.585917340990186858e+03 1.948488544239417357e-19 5.360256382199965389e-20
6.590923268923242176e+03 1.581901790640725962e-19 5.396841161316425110e-20
6.595929196856297494e+03 2.821626146532545555e-19 5.575645516929473436e-20
6.600935124789353722e+03 2.083744484878935610e-19 5.798030150134268052e-20
6.605941052722409040e+03 1.544736668842179892e-19 5.667586427696509546e-20
6.610946980655464358e+03 1.713128185160577343e-19 5.331951817600654119e-20
6.615952908588520586e+03 2.418057602492506311e-19 5.234644608405605810e-20
6.620958836521576814e+03 6.990677529607946487e-20 5.344912416378995543e-20
6.625964764454632132e+03 1.633094540954892552e-19 5.521328874490021651e-20
6.630970692387687450e+03 2.326255315885696974e-19 5.754196483534541149e-20
6.635976620320743677e+03 3.111216751113808394e-19 5.739697489655068794e-20
6.640982548253798996e+03 2.489978062055835933e-19 5.661836679590894804e-20
6.645988476186854314e+03 2.368259153662768018e-19 5.654436144881645618e-20
6.650994404119910541e+03 1.243751545047554186e-19 5.780864312325075761e-20
6.656000332052965859e+03 2.743842783113043182e-19 5.871570249365083010e-20
6.661006259986022087e+03 1.466723162402524834e-19 5.850968498032903042e-20
6.666012187919077405e+03 2.025318470356285766e-19 5.769746197453857438e-20
6.671018115852133633e+03 2.607242319147733959e-19 5.594294685097634664e-20
6.676024043785188951e+03 1.670296560879075224e-19 5.395611165401534559e-20
6.681029971718244269e+03 1.476497332367609582e-19 5.353116103943683040e-20
6.686035899651300497e+03 1.356897532649536101e-19 5.261397622961926176e-20
6.691041827584355815e+03 1.778813213191556407e-20 5.185123958516998509e-20
6.696047755517412043e+03 2.468940994140894350e-19 5.206533457046460451e-20
6.701053683450467361e+03 1.762882588642269120e-19 5.202197899458281192e-20
6.706059611383523588e+03 1.490980870409317559e-19 5.115995752671389778e-20
6.711065539316578906e+03 1.245032228460421767e-19 5.082269276165868727e-20
6.716071467249634225e+03 1.889323825545217877e-19 5.038564060622284360e-20
6.721077395182690452e+03 2.097044658184106002e-19 5.003979761367315513e-20
6.726083323115745770e+03 1.668566582766104865e-19 5.010945851111797163e-20
6.731089251048801998e+03 9.017221986199281135e-20 5.030888338780892354e-20
6.736095178981857316e+03 1.853663996310481518e-19 5.088945909377571889e-20
6.741101106914913544e+03 2.131927347182545298e-19 5.167937145906680444e-20
6.746107034847968862e+03 1.907269951568197795e-19 5.169808919313398992e-20
6.751112962781024180e+03 1.553457158326935011e-19 5.162326151850232933e-20
6.756118890714080408e+03 4.374210636719728612e-20 5.213950979939833057e-20
6.761124818647135726e+03 1.907230771518124800e-19 5.300151696607310475e-20
6.766130746580191044e+03 2.208301325347040075e-19 5.360021456794204578e-20
6.771136674513247272e+03 9.434099191702878480e-20 5.450356713506021894e-20
6.776142602446303499e+03 1.478386633876162610e-19 5.565294462003675178e-20
6.781148530379358817e+03 1.698612511238366025e-19 5.721199272147093080e-20
6.786154458312414135e+03 1.281941277411085360e-19 5.724029594855848875e-20
6.791160386245470363e+03 1.714701238975925075e-19 5.577594087152562769e-20
6.796166314178525681e+03 1.937606117385685157e-19 5.446997544303585005e-20
6.801172242111580999e+03 2.245261359863203663e-19 5.381960621075720935e-20
6.806178170044637227e+03 8.672187386673798175e-20 5.267372693906931116e-20
6.811184097977693455e+03 1.692232030538101373e-19 5.205874469274313544e-20
6.816190025910748773e+03 2.397203264941772993e-19 5.167292027342192163e-20
6.821195953843804091e+03 2.363939186576841522e-19 6.018209887652662275e-20
6.826201881776860318e+03 2.080749660755028443e-19 7.571044325519936656e-20
6.831207809709915637e+03 2.153993859657089896e-19 8.241196262165408156e-20
6.836213737642970955e+03 2.863434341227591595e-19 7.188327654580584367e-20
6.841219665576027182e+03 2.008783054869804706e-19 5.788677261925324507e-20
6.846225593509082501e+03 8.272073334793555516e-20 5.273323508537250658e-20
6.851231521442138728e+03 1.472652718310824311e-19 4.993784283242847176e-20
6.856237449375194046e+03 1.985774399951326991e-19 6.193907766252430968e-20
6.861243377308250274e+03 2.748669466277762971e-19 9.062654674867061384e-20
6.866249305241305592e+03 2.397065821530253783e-19 1.021135446959124043e-19
6.871255233174360910e+03 1.862313957060484251e-19 8.156433924137485493e-20
6.876261161107417138e+03 2.588707427715696922e-19 6.657928033365111458e-20
6.881267089040473365e+03 1.930709424496638055e-19 6.978832444362319980e-20
6.886273016973527774e+03 1.791258866777705869e-19 7.504721097543649981e-20
6.891278944906584002e+03 3.176871073615886482e-19 7.360042378504396992e-20
6.896284872839640229e+03 2.704367989417951492e-19 7.595941897669233362e-20
6.901290800772695547e+03 1.751176140684647776e-19 6.967831727184956165e-20
6.906296728705750866e+03 2.106600025309830495e-19 7.316935647221588550e-20
6.911302656638807093e+03 5.623274480588994368e-20 7.446673424487919718e-20
6.916308584571862411e+03 1.253723165715614639e-19 7.902464014059442797e-20
6.921314512504917730e+03 2.113175774296975435e-19 7.870456753520059865e-20
6.926320440437973957e+03 8.766427152017507260e-20 6.820411660335419454e-20
6.931326368371030185e+03 8.242307005136923258e-20 5.450333104375398469e-20
6.936332296304085503e+03 9.574981356529233460e-20 6.007037657487473542e-20
6.941338224237140821e+03 2.153689933007382158e-19 6.472832049623461761e-20
6.946344152170197049e+03 2.503443289864917497e-19 6.949939410484976914e-20
6.951350080103252367e+03 1.516139336336949727e-19 6.656558960463357690e-20
6.956356008036307685e+03 1.573664648678784800e-19 5.255709702460577827e-20
6.961361935969363913e+03 1.320557767078688805e-19 5.056559064356134726e-20
6.966367863902420140e+03 1.581468595428878096e-19 5.431677750216659496e-20
6.971373791835475458e+03 1.060101786131671355e-19 5.941370387413489344e-20
6.976379719768530776e+03 1.362420867582991039e-19 6.175542587748189128e-20
6.981385647701587004e+03 1.736223919577148092e-19 5.967909112987384989e-20
6.986391575634642322e+03 1.546848700292558962e-19 5.109042429942105080e-20
6.991397503567697640e+03 1.643825737502373960e-19 4.992451062401746298e-20
6.996403431500753868e+03 1.924052305831512257e-19 5.186312069636111249e-20
7.001409359433810096e+03 1.679050065722140792e-19 5.414150822847445581e-20
7.006415287366865414e+03 2.085731801034051741e-19 5.833629950189413559e-20
7.011421215299920732e+03 7.608501247276254216e-20 5.729803342523872143e-20
7.016427143232976960e+03 9.280737456058428756e-20 5.449512854194363595e-20
7.021433071166032278e+03 1.977068914536888690e-19 5.203429874818000427e-20
7.026438999099087596e+03 7.760814788020990851e-20 5.323771544469300476e-20
7.031444927032143823e+03 1.090614476779896248e-19 5.467899027930785690e-20
7.036450854965200051e+03 2.266432664384791073e-19 5.737751068755630979e-20
7.041456782898254460e+03 1.994002075623426845e-19 6.097471350608958211e-20
7.046462710831310687e+03 1.964365649678349049e-19 6.300294542547865319e-20
7.051468638764366915e+03 2.522184798426941826e-19 6.024359239487484921e-20
7.056474566697422233e+03 1.669121609372633861e-19 5.479696344140695412e-20
7.061480494630477551e+03 1.568728845232816564e-19 5.361732043099847753e-20
7.066486422563533779e+03 1.474553050546668019e-19 5.368531218166561887e-20
7.071492350496589097e+03 1.935504391305483362e-19 5.234740776876506332e-20
7.076498278429644415e+03 1.007760946703879282e-19 5.182774901558789479e-20
7.081504206362700643e+03 1.971474672472243136e-19 5.192479359660655756e-20
7.086510134295756870e+03 1.013142371711203683e-19 5.134076722868199964e-20
7.091516062228812189e+03 1.656872584820939954e-19 4.953453641729575829e-20
7.096521990161867507e+03 1.625432189326178489e-19 4.726558653143626793e-20
7.101527918094923734e+03 1.104442529990951573e-19 4.654003691534240542e-20
7.106533846027979052e+03 1.308293164911330301e-19 4.655956138747691455e-20
7.111539773961034371e+03 1.935246937494136091e-19 4.662527586383463801e-20
7.116545701894090598e+03 1.597482739227826541e-19 4.685310011384859678e-20
7.121551629827146826e+03 9.898703536534189887e-20 4.775150220383019842e-20
7.126557557760202144e+03 1.061229648766074329e-19 4.952418303508270200e-20
7.131563485693257462e+03 1.545684864839115441e-19 5.037570853275555543e-20
7.136569413626313690e+03 2.091642434768933205e-19 5.162103199436871371e-20
7.141575341559369008e+03 1.381248799355039684e-19 5.454940258124908666e-20
7.146581269492424326e+03 9.031228296927484406e-20 5.612740403117191169e-20
7.151587197425480554e+03 1.212057239570892482e-19 5.505748999963794938e-20
7.156593125358536781e+03 6.314206600310414177e-20 5.542121936300312515e-20
7.161599053291592099e+03 9.608979687090991280e-20 5.766912608039815740e-20
7.166604981224647418e+03 1.328921314553763552e-19 5.804773935280485271e-20
7.171610909157703645e+03 1.421293966165254446e-19 5.732276292006703147e-20
7.176616837090758963e+03 1.580867234324552948e-19 5.624828011354685929e-20
7.181622765023814281e+03 2.115017026630550889e-19 5.385298092458792404e-20
7.186628692956870509e+03 8.334740814480050157e-20 5.094295074846486463e-20
7.191634620889926737e+03 2.526072665913241308e-19 4.956744981931464802e-20
7.196640548822981145e+03 2.189232163302425274e-19 4.882104783883152613e-20
7.201646476756037373e+03 1.936723208877440241e-19 4.822896487165074487e-20
7.206652404689093601e+03 1.737501367358729514e-19 4.745572403426357940e-20
7.211658332622148919e+03 1.729210312718054255e-19 4.683622526588134894e-20
7.216664260555204237e+03 1.697916179861878338e-19 4.743537057770805730e-20
7.221670188488260465e+03 1.257735932881592298e-19 4.823631066987549725e-20
7.226676116421315783e+03 1.425512847599628248e-19 4.867137787707173813e-20
7.231682044354371101e+03 1.306663502522488624e-19 6.114523982960932651e-20
7.236687972287427328e+03 1.601081374460884820e-19 9.128368128248616794e-20
7.241693900220483556e+03 2.434295712093546944e-19 1.066888262638194637e-19
7.246699828153538874e+03 2.877811782808825729e-19 9.312011631079209599e-20
7.251705756086594192e+03 1.900936585742852926e-19 6.935286878604776937e-20
7.256711684019650420e+03 2.179044625325028793e-19 5.832610556278611175e-20
7.261717611952705738e+03 2.001551002635546242e-19 5.261169662161135285e-20
7.266723539885761056e+03 2.057454683180652783e-19 5.926782132687231154e-20
7.271729467818817284e+03 1.927242693914175392e-19 9.802676340307703302e-20
7.276735395751873511e+03 4.199453868768363580e-19 1.096209896181790674e-19
7.281741323684928830e+03 8.843099136233946624e-20 1.001508628371237984e-19
7.286747251617984148e+03 2.584254051380950922e-19 7.969481063680451761e-20
7.291753179551040375e+03 -5.111493941446095763e-21 6.812313359912187459e-20
7.296759107484095694e+03 1.923588755469564070e-19 7.088792261265602997e-20
7.301765035417151012e+03 1.514404413595340638e-19 7.271439024366202948e-20
7.306770963350207239e+03 1.368389032913301745e-19 7.387361186202016868e-20
7.311776891283263467e+03 2.114222802394766117e-19 9.481082555473756938e-20
7.316782819216318785e+03 1.378722301170167170e-19 9.437782822845595618e-20
7.321788747149374103e+03 1.451626638264049871e-19 7.916362447939840643e-20
7.326794675082430331e+03 -7.995535899848389034e-21 7.113656099412577910e-20
7.331800603015485649e+03 6.287437606354454205e-20 7.655778608513762645e-20
7.336806530948540967e+03 1.358559427022491158e-19 9.562639626434342417e-20
7.341812458881597195e+03 2.442369431743643547e-19 9.504508277397249814e-20
7.346818386814653422e+03 2.537181596755456578e-19 6.922824690162223837e-20
7.351824314747707831e+03 1.653398284509436684e-19 6.089465046452553407e-20
7.356830242680764059e+03 2.104055475314252150e-19 6.679759077261707442e-20
7.361836170613820286e+03 2.177586742766106969e-19 7.767073445421611337e-20
7.366842098546875604e+03 1.725385919887820181e-19 8.511476278112943572e-20
7.371848026479930923e+03 5.151564149526998435e-20 8.213816502326459239e-20
7.376853954412987150e+03 1.668329467180431300e-19 5.564342917983084852e-20
7.381859882346043378e+03 1.733516538014341891e-19 4.885714482764574900e-20
7.386865810279097786e+03 1.284660741367420472e-19 5.937727091109945933e-20
7.391871738212154014e+03 2.003204285290758264e-19 6.392233477124012634e-20
7.396877666145210242e+03 1.756805832568771572e-19 7.779634543801608513e-20
7.401883594078265560e+03 2.216759826726982007e-19 7.697393526313448462e-20
7.406889522011320878e+03 1.746656569399222813e-19 6.761953131236020691e-20
7.411895449944377106e+03 1.351977510053479029e-19 5.322168447198107581e-20
7.416901377877432424e+03 1.691079900314575532e-19 5.458271781539903423e-20
7.421907305810487742e+03 3.358715769674970380e-20 5.691580102389375598e-20
7.426913233743543969e+03 1.601669485785706911e-19 6.221614437800238531e-20
7.431919161676600197e+03 1.254947773535343674e-19 6.951382279425638572e-20
7.436925089609655515e+03 8.659022960000419969e-20 6.871284077285239588e-20
7.441931017542710833e+03 1.776204739716372334e-19 6.347936483136142114e-20
7.446936945475767061e+03 2.392571081812854311e-19 5.060938083803883597e-20
7.451942873408822379e+03 2.897163109387336887e-19 4.974846682311565875e-20
7.456948801341877697e+03 1.112924832900892336e-19 5.213892408738491164e-20
7.461954729274933925e+03 8.495222882403883704e-20 5.743800494229975815e-20
7.466960657207990153e+03 7.506627956497694863e-20 6.512841429503758973e-20
7.471966585141045471e+03 1.556108076082710544e-19 6.785366304712245158e-20
7.476972513074100789e+03 1.045614841252685830e-19 7.150406524275780109e-20
7.481978441007157016e+03 2.343202532799424360e-19 6.747233018981091280e-20
7.486984368940212335e+03 1.797741364686311190e-19 5.963268853845104596e-20
7.491990296873267653e+03 9.485943154735466016e-20 5.116744352198714368e-20
7.496996224806323880e+03 3.081899722634647632e-20 4.937290651399831072e-20
7.502002152739380108e+03 7.307605344961269020e-20 4.634509592537407744e-20
7.507008080672435426e+03 8.739279204439125460e-20 4.599213868579288259e-20
7.512014008605490744e+03 9.250816756326757842e-20 4.898511553047791270e-20
7.517019936538546972e+03 1.795097032819061086e-19 6.868363189310091465e-20
7.522025864471602290e+03 1.660941913022330054e-19 8.522047344376452566e-20
7.527031792404657608e+03 -7.333231830959922219e-20 8.777147537616513094e-20
7.532037720337713836e+03 5.449514321036963798e-20 6.664968564760763996e-20
7.537043648270770063e+03 8.910055072506267779e-20 5.912004325036995602e-20
7.542049576203824472e+03 4.847982106127322945e-20 5.670654853224871626e-20
7.547055504136880700e+03 1.859819431852385179e-19 5.585785717262486732e-20
7.552061432069936927e+03 2.218475021678830938e-19 6.201522067481964291e-20
7.557067360002992245e+03 8.191676706339973623e-20 6.261808222192837680e-20
7.562073287936047564e+03 2.118444778795911914e-19 6.252817676308345398e-20
7.567079215869103791e+03 9.169926308521329696e-20 7.797191885496054366e-20
7.572085143802159109e+03 1.855051217416783262e-19 7.854790391578960947e-20
7.577091071735214427e+03 1.439392117109464550e-19 6.514538226062216168e-20
7.582096999668270655e+03 3.409155728614106683e-19 5.811441447763226927e-20
7.587102927601326883e+03 2.020188960949703876e-19 5.679798183279089492e-20
7.592108855534382201e+03 1.971447450747989944e-19 7.776962050485118050e-20
7.597114783467437519e+03 3.048879600809347629e-19 1.095393614945081927e-19
7.602120711400493747e+03 1.480518968111468253e-19 1.317652621182717193e-19
7.607126639333549065e+03 -5.395024556362747078e-20 1.102801011831541557e-19
7.612132567266604383e+03 1.154574350668699380e-19 7.856303165739796913e-20
7.617138495199660611e+03 4.910855663663693631e-20 7.201910183373824580e-20
7.622144423132716838e+03 1.875632091973348394e-19 8.829787746679775461e-20
7.627150351065772156e+03 1.318492631081113248e-19 1.002943784611037224e-19
7.632156278998827474e+03 1.580193950656710240e-19 9.363823046061261041e-20
7.637162206931883702e+03 1.571649346559032682e-19 7.201556935447662801e-20
7.642168134864939020e+03 1.959818895801494582e-19 6.878994054674459047e-20
7.647174062797994338e+03 -3.434802580209621551e-21 6.897292815623866385e-20
7.652179990731050566e+03 1.759161218652395323e-19 6.811222225468535638e-20
7.657185918664106794e+03 1.219040423848067616e-19 7.474616375664920120e-20
7.662191846597162112e+03 2.858651898347791170e-19 8.033596502796422813e-20
7.667197774530217430e+03 2.455944058937381111e-19 6.939262673834829804e-20
7.672203702463273657e+03 1.871166385206009540e-19 6.039722696050449786e-20
7.677209630396328976e+03 1.106977786889243274e-19 5.921361714579925922e-20
7.682215558329384294e+03 1.023983172711299625e-19 6.058921891628589146e-20
7.687221486262440521e+03 1.133802303701177355e-19 6.412509055116953550e-20
7.692227414195496749e+03 6.104298806105686763e-20 6.060887090306381878e-20
7.697233342128551158e+03 2.553890993059874955e-19 6.663459503564532183e-20
7.702239270061607385e+03 5.774407244927887406e-20 6.284584933489681378e-20
7.707245197994663613e+03 2.750661463906338683e-19 9.271388434700026652e-20
7.712251125927718931e+03 2.296584454392130440e-19 1.208408190056598823e-19
7.717257053860774249e+03 3.216924277009188535e-20 1.158075170249183276e-19
7.722262981793830477e+03 8.969059489365211904e-20 8.720265792908703945e-20
7.727268909726885795e+03 3.544413036765608858e-20 6.621500284421736486e-20
7.732274837659941113e+03 1.352752127611741809e-19 5.684682973673385883e-20
7.737280765592997341e+03 1.065322983664865380e-19 5.360182570400965125e-20
7.742286693526053568e+03 6.754919382295538665e-20 7.049837209801828521e-20
7.747292621459108886e+03 4.255421020261777330e-19 1.076037123972572081e-19
7.752298549392164205e+03 2.517121606335874454e-19 1.137898251353600058e-19
7.757304477325220432e+03 3.494711301858893416e-19 9.106794600423871728e-20
7.762310405258275750e+03 9.414176697381967553e-20 7.600080513118184943e-20
7.767316333191331069e+03 1.485840499145503392e-19 6.580139907402462240e-20
7.772322261124387296e+03 1.079409434621707378e-19 7.080406108538142291e-20
7.777328189057443524e+03 1.438078537990004378e-19 7.885616351950034394e-20
7.782334116990498842e+03 1.283339513760411197e-19 7.309692548856579787e-20
7.787340044923554160e+03 5.509866644414310438e-20 9.113776886275564682e-20
7.792345972856610388e+03 1.897883774681560315e-19 1.074210640427767260e-19
7.797351900789665706e+03 1.448651198499909867e-19 1.003063463770006353e-19
7.802357828722721024e+03 1.604781889946506899e-19 7.742235623871186649e-20
7.807363756655777252e+03 8.316103572010163618e-20 8.256132914974201868e-20
7.812369684588833479e+03 2.809127625348052843e-19 8.616303933879133110e-20
7.817375612521888797e+03 4.029565125054391630e-19 1.108880844647470296e-19
7.822381540454944115e+03 3.852473786718676396e-19 1.105303403565555429e-19
7.827387468388000343e+03 2.032734678433134058e-19 7.969884679924971795e-20
7.832393396321055661e+03 1.235911037967274507e-19 5.782343172336023408e-20
7.837399324254110979e+03 2.181928137502047759e-19 7.150456283738449373e-20
7.842405252187167207e+03 9.941551338205868703e-20 7.614211274507331085e-20
7.847411180120223435e+03 2.819595827086727646e-19 1.034601252348410804e-19
7.852417108053277843e+03 1.500344326319247289e-19 1.176182347364730823e-19
7.857423035986334071e+03 3.748706905651715865e-20 1.144761469903862378e-19
7.862428963919390299e+03 3.303398971960277403e-19 9.205921636160765620e-20
7.867434891852445617e+03 3.501042960702858661e-19 9.079923445506710053e-20
7.872440819785500935e+03 2.290908422106989415e-19 9.123410696503459461e-20
7.877446747718557162e+03 8.176207804800852629e-20 8.234478280771487432e-20
7.882452675651613390e+03 4.944967010464043757e-20 8.742204112647268483e-20
7.887458603584667799e+03 1.407358356479329859e-19 9.003036558778875930e-20
7.892464531517724026e+03 1.033348798852040643e-19 8.415325792334281682e-20
7.897470459450780254e+03 3.164603185220330489e-20 5.957757004990757782e-20
7.902476387383835572e+03 9.426614113367394850e-20 5.559095563288919786e-20
7.907482315316890890e+03 3.708068607253883915e-19 1.040186723302453444e-19
7.912488243249947118e+03 3.276121743619136130e-19 1.295356752676419280e-19
7.917494171183002436e+03 1.007146734023187152e-19 1.353266059164518627e-19
7.922500099116057754e+03 1.292066610467839574e-19 1.011305629084789957e-19
7.927506027049113982e+03 1.022497205781177572e-19 9.466606660614626439e-20
7.932511954982170209e+03 1.827872589089968566e-21 8.646778697404447422e-20
7.937517882915225528e+03 2.401134784428912419e-19 6.915850037747936787e-20
7.942523810848280846e+03 2.821589737580298968e-19 7.104559246247952427e-20
7.947529738781337073e+03 2.376692410526258230e-19 7.782571429755350099e-20
7.952535666714392391e+03 2.145331623032867794e-19 7.114259333894186998e-20
7.957541594647447710e+03 2.296734208603274853e-19 8.551812323145299062e-20
7.962547522580503937e+03 2.302934352341363584e-19 1.092518258693169667e-19
7.967553450513560165e+03 2.658021292778810077e-20 1.032863090930404611e-19
7.972559378446615483e+03 -3.652160208280383913e-22 7.699623588199241944e-20
7.977565306379670801e+03 1.298514135572720949e-19 8.012115112066502386e-20
7.982571234312727029e+03 -1.036316379680882830e-20 7.640237387835553374e-20
7.987577162245782347e+03 9.380426871505876502e-20 9.656593522604638842e-20
7.992583090178837665e+03 2.891637235878702145e-19 1.068172343783475259e-19
7.997589018111893893e+03 2.146069304245518466e-19 9.362107450246951245e-20
8.002594946044950120e+03 1.605662376198691026e-19 5.434442195102134349e-20
8.007600873978005438e+03 1.736559408750609286e-19 6.203785715174569522e-20
8.012606801911060757e+03 2.381671661663376469e-19 7.135753149039382133e-20
8.017612729844116984e+03 2.772526078084813820e-19 8.185246245779119253e-20
8.022618657777172302e+03 7.999663377221517244e-20 9.916709636153054089e-20
8.027624585710227620e+03 1.717650168038905680e-19 1.001519753234405606e-19
8.032630513643283848e+03 2.031670516426141178e-19 7.222384088460055108e-20
8.037636441576340076e+03 1.202327220421656587e-19 5.434348549684585273e-20
8.042642369509394484e+03 2.038887452881404168e-19 5.541031661685138896e-20
8.047648297442450712e+03 9.137360079058906849e-20 6.807952525672794004e-20
8.052654225375506940e+03 1.897149032844799218e-20 7.275661896129845423e-20
8.057660153308562258e+03 1.540030968440047614e-19 8.688930084042065980e-20
8.062666081241617576e+03 6.422984354964218180e-20 8.445994710459128939e-20
8.067672009174673803e+03 1.076388618699067384e-19 6.837854700080016378e-20
8.072677937107729122e+03 2.059060170518679776e-19 5.430248576607257281e-20
8.077683865040784440e+03 1.444787922253698356e-19 5.436320575966262349e-20
8.082689792973840667e+03 1.263424296999488079e-19 5.371656774587698429e-20
8.087695720906896895e+03 6.672124026191524762e-20 5.608419061438244578e-20
8.092701648839952213e+03 8.669798044876827846e-20 5.708132153140019044e-20
8.097707576773007531e+03 9.816989607306295887e-20 6.435752193284222207e-20
8.102713504706063759e+03 1.034580830570375073e-19 6.245282146794707940e-20
8.107719432639119077e+03 2.339006786501758900e-19 5.664431381279590563e-20
8.112725360572174395e+03 1.180627368521776190e-19 4.900224424782390825e-20
8.117731288505230623e+03 9.748974682960432102e-20 4.809820042355490040e-20
8.122737216438286850e+03 9.866707244785587645e-20 4.860238254748962497e-20
8.127743144371342169e+03 7.365881913538604315e-20 4.969763279426694528e-20
8.132749072304397487e+03 1.197795122668139649e-19 5.247779767862205432e-20
8.137755000237453714e+03 1.856802284629774694e-19 5.427658141713171616e-20
8.142760928170509032e+03 1.505734670026104466e-19 5.680497487472326789e-20
8.147766856103564351e+03 1.012551354255272881e-19 5.437089110177260790e-20
8.152772784036620578e+03 1.480677348168090642e-19 5.037155147158751927e-20
8.157778711969676806e+03 1.683492186364483499e-19 4.819032579926310111e-20
8.162784639902732124e+03 6.702568088847597223e-20 4.846651548568345545e-20
8.167790567835787442e+03 1.279536997774750885e-19 4.913260512473117929e-20
8.172796495768843670e+03 7.433532652422616956e-20 5.000119328465821977e-20
8.177802423701898988e+03 8.874474509397138671e-20 5.120928221461801935e-20
8.182808351634954306e+03 -4.044334640923596215e-20 5.404207467734678111e-20
8.187814279568010534e+03 1.345982114816407484e-19 5.705001512052386888e-20
8.192820207501066761e+03 8.756465312740954260e-20 5.741110563545224151e-20
8.197826135434121170e+03 1.240632477877152170e-19 5.512454607607529722e-20
8.202832063367177398e+03 1.171081234653451781e-19 5.358243345267798808e-20
8.207837991300233625e+03 5.735891950427715272e-20 5.296377700566249866e-20
8.212843919233288034e+03 1.136801628809782235e-19 5.151452933576160818e-20
8.217849847166344261e+03 1.565031543999510648e-19 5.038785845822864880e-20
8.222855775099400489e+03 1.114624102541139942e-19 4.870627900914546454e-20
8.227861703032456717e+03 1.306244741077931156e-19 4.718217188753919704e-20
8.232867630965511125e+03 1.574576800657291901e-19 4.671656989566090410e-20
8.237873558898567353e+03 2.947378897245829012e-20 4.832603863547626621e-20
8.242879486831623581e+03 1.301169794731153292e-19 4.985164724937838733e-20
8.247885414764677989e+03 1.268206870634965567e-19 4.950956568876485334e-20
8.252891342697734217e+03 7.625175242481465280e-21 4.861992301914952873e-20
8.257897270630790445e+03 7.555269680104799255e-20 4.766157486856248266e-20
8.262903198563846672e+03 1.729471866158268567e-19 4.736134911432351928e-20
8.267909126496901081e+03 8.804764350798115040e-20 4.910262991895862860e-20
8.272915054429957308e+03 2.665801828363463734e-19 7.131663935401034776e-20
8.277920982363013536e+03 2.821663357561766642e-19 1.014326228190416681e-19
8.282926910296067945e+03 3.029912518981974022e-19 1.279734159942349894e-19
8.287932838229124172e+03 5.827218709873338426e-20 1.219261710059481715e-19
8.292938766162180400e+03 3.428173730586585324e-19 1.337428650503173418e-19
8.297944694095236628e+03 2.664678216997245300e-19 1.261917007499873271e-19
8.302950622028291036e+03 1.840261207673665711e-19 1.115100322149888919e-19
8.307956549961347264e+03 3.023592514790288631e-19 8.347675420852516923e-20
8.312962477894403492e+03 1.333881241091539726e-19 8.086548152683048477e-20
8.317968405827457900e+03 1.499506940851405045e-19 6.216027320281363687e-20
8.322974333760514128e+03 5.892794935101488078e-20 5.415787981929661095e-20
8.327980261693570355e+03 3.882883233223492948e-20 5.121938234080161229e-20
8.332986189626626583e+03 2.148660881592013753e-19 5.675623078010546834e-20
8.337992117559680992e+03 2.568464253806120084e-19 1.320918089289758018e-19
8.342998045492737219e+03 8.876949874612442797e-20 1.672811733729396692e-19
8.348003973425793447e+03 1.724600463371972813e-19 1.683609209829453289e-19
8.353009901358847856e+03 4.261876096698349333e-19 1.092127920912562077e-19
8.358015829291904083e+03 2.386348985504174852e-19 9.133461860607623458e-20
8.363021757224960311e+03 1.602048525807318919e-20 7.514498207914667250e-20
8.368027685158016538e+03 6.647359012440182919e-21 6.818946672277494216e-20
8.373033613091070947e+03 7.651148100670239954e-20 5.901235090737047942e-20
8.378039541024127175e+03 1.216209810548212186e-19 8.378124305760664368e-20
8.383045468957181583e+03 3.868534882483163143e-21 8.609283815253286536e-20
8.388051396890237811e+03 6.183059277304981099e-20 7.031207836645518562e-20
8.393057324823294039e+03 2.053316806017229879e-19 1.134332173855724210e-19
8.398063252756350266e+03 3.242104422305168781e-19 1.358977267770234385e-19
8.403069180689406494e+03 2.614503695852778838e-19 1.233118927787844267e-19
8.408075108622460903e+03 1.902282924746465408e-19 7.872686904278355262e-20
8.413081036555517130e+03 3.154236671456973316e-20 9.487540020745136385e-20
8.418086964488571539e+03 1.850243988583615984e-19 9.570806026556357048e-20
8.423092892421627766e+03 3.278688385716252872e-19 1.172656015638991594e-19
8.428098820354683994e+03 2.113835508584750802e-19 1.595797721512068694e-19
8.433104748287740222e+03 1.852700737309871076e-19 1.546226511435239060e-19
8.438110676220796449e+03 1.168866381352085670e-19 7.738350157037423916e-20
8.443116604153850858e+03 8.105875345002257027e-20 6.649623716695500380e-20
8.448122532086907086e+03 2.420362399056465565e-19 9.817928624415808203e-20
8.453128460019961494e+03 1.233103910107961312e-19 9.764719776941403083e-20
8.458134387953017722e+03 3.340847876281426252e-19 1.112555798513901518e-19
8.463140315886073950e+03 4.926733718005755381e-19 1.313023137210665758e-19
8.468146243819130177e+03 4.506704258425102560e-19 1.226092297306304066e-19
8.473152171752186405e+03 1.191149628632940543e-19 6.493951559559424373e-20
8.478158099685240813e+03 1.225154163681550034e-19 5.064264627296144112e-20
8.483164027618297041e+03 1.960063681910577172e-19 5.000107661920305651e-20
8.488169955551351450e+03 7.063452044656108806e-20 7.088085349421398321e-20
8.493175883484407677e+03 1.255416532822447601e-19 7.773470730704400065e-20
8.498181811417463905e+03 1.439440899348293481e-19 9.273327412817717941e-20
8.503187739350520133e+03 3.874863075334051527e-20 9.739300382202775784e-20
8.508193667283574541e+03 1.357530730627148747e-19 8.956301603448819259e-20
8.513199595216630769e+03 1.292738066855421543e-19 5.367495900269891073e-20
8.518205523149686996e+03 1.127081396539380170e-19 4.858013563251046667e-20
8.523211451082741405e+03 1.042025402338249219e-19 4.839861364788191955e-20
8.528217379015797633e+03 2.008716248646089892e-19 4.764741076047458885e-20
8.533223306948853860e+03 1.620431564315492606e-19 5.799539086110047295e-20
8.538229234881910088e+03 8.002766108765874626e-20 6.291919841023352691e-20
8.543235162814964497e+03 3.183453183806352397e-20 7.583400220263327208e-20
8.548241090748020724e+03 1.234128035152498060e-20 7.670142716064246025e-20
8.553247018681076952e+03 1.862528494962190787e-19 6.984951366453531850e-20
8.558252946614131361e+03 4.781172334950954703e-20 5.195092591356727003e-20
8.563258874547187588e+03 1.639700385567705426e-19 5.190127595675088733e-20
8.568264802480243816e+03 7.833309037367680327e-20 5.514968026216678996e-20
8.573270730413300043e+03 6.665933336933547142e-20 5.738666922745565288e-20
8.578276658346354452e+03 8.434412261097433731e-20 5.617157585460842969e-20
8.583282586279410680e+03 1.021563966957967649e-19 6.010882143819724166e-20
8.588288514212466907e+03 1.340407173081016078e-19 6.255395345330023163e-20
8.593294442145521316e+03 2.339229019305222512e-20 6.613985021345040039e-20
8.598300370078577544e+03 1.314404409478190019e-19 6.182292844194468095e-20
8.603306298011633771e+03 2.646908726761993638e-19 5.628616385597873340e-20
8.608312225944689999e+03 6.949264904836600038e-20 6.091781075026276391e-20
8.613318153877744408e+03 1.425187702674745208e-19 7.799378083946320393e-20
8.618324081810800635e+03 1.427811538477840906e-19 9.910194797609917928e-20
8.623330009743856863e+03 -4.205717783507162257e-20 1.162288594127643086e-19
8.628335937676911271e+03 2.264069751711097263e-19 1.232967062346308003e-19
8.633341865609967499e+03 2.151515281580115249e-19 1.166157410048123263e-19
8.638347793543023727e+03 4.630835821490825928e-21 9.717534982150692175e-20
8.643353721476079954e+03 1.225599688162852567e-19 8.960083908799566862e-20
8.648359649409134363e+03 1.390848701998288546e-19 1.044101145854354743e-19
8.653365577342190591e+03 4.476238488318206629e-19 1.228624214721346124e-19
8.658371505275246818e+03 2.184818976907477867e-20 1.268795396073834116e-19
8.663377433208301227e+03 2.028399376359876210e-19 1.241135277597762316e-19
8.668383361141357454e+03 1.832517381898393149e-19 1.159685407613089608e-19
8.673389289074413682e+03 1.092222143452863452e-19 1.041081032814257521e-19
8.678395217007469910e+03 4.405975693849178479e-20 9.196452281615585015e-20
8.683401144940524318e+03 1.199592640931349309e-19 8.135972240492038574e-20
8.688407072873580546e+03 8.496708895105506953e-20 7.282316261664237951e-20
8.693413000806636774e+03 -3.934710887779228551e-21 6.866809168972045076e-20
8.698418928739691182e+03 -5.052230166004864763e-20 6.763161097462013282e-20
8.703424856672747410e+03 1.072829190088471692e-19 6.758551025736943512e-20
8.708430784605803638e+03 2.132062369909882739e-19 6.262009399027124031e-20
8.713436712538859865e+03 1.286367428056084319e-19 5.653047236458409299e-20
8.718442640471914274e+03 4.257049229040445607e-20 5.331851211584180750e-20
8.723448568404970501e+03 2.345343644884946488e-19 5.388248478689910110e-20
8.728454496338024910e+03 2.607115983358289172e-20 5.276073184099173604e-20
8.733460424271081138e+03 6.097104111184786628e-20 5.218847804417792690e-20
8.738466352204137365e+03 1.409951668688948185e-19 5.279996292400787046e-20
8.743472280137193593e+03 1.168141788046207083e-19 5.296893602996984828e-20
8.748478208070249821e+03 1.482498923532421346e-19 5.447392675069481533e-20
8.753484136003304229e+03 7.068684923927641023e-20 9.388247391780411308e-20
8.758490063936360457e+03 2.054709299121505650e-19 1.384819416223136151e-19
8.763495991869414866e+03 6.931162475691952783e-19 1.730798659817805973e-19
8.768501919802471093e+03 3.025071254745074095e-19 1.593781127688651468e-19
8.773507847735527321e+03 -2.281148151184677394e-21 1.651835190172077966e-19
8.778513775668583548e+03 5.095672558085861956e-19 1.508953733505911981e-19
8.783519703601639776e+03 2.744652673199838340e-19 1.185622409589101373e-19
8.788525631534694185e+03 2.867743587319278134e-19 9.583740796676136306e-20
8.793531559467750412e+03 2.385296270407796020e-19 9.387888950502079780e-20
8.798537487400804821e+03 1.132404268971711143e-19 6.381785363034551022e-20
8.803543415333861049e+03 6.576354847424135612e-20 5.773111513110000318e-20
8.808549343266917276e+03 1.236437641293111758e-19 6.083086445579347652e-20
8.813555271199973504e+03 9.598182826359210670e-20 6.191304873911635100e-20
8.818561199133029731e+03 5.386672130429099142e-20 1.227999922307696994e-19
8.823567127066084140e+03 -2.166937566709783831e-20 2.271479122781995741e-19
8.828573054999140368e+03 4.074231663343893278e-19 2.471332681492319059e-19
8.833578982932194776e+03 8.386718883763847922e-20 1.939029776185508364e-19
8.838584910865251004e+03 7.867094010370390550e-20 1.436252392025226688e-19
8.843590838798307232e+03 -1.792704212690266073e-19 1.012491706571659671e-19
8.848596766731363459e+03 1.241163581939841377e-19 9.306983493288943051e-20
8.853602694664417868e+03 -2.829293193668939890e-20 8.335516466801773624e-20
8.858608622597474096e+03 2.052671926032185820e-19 7.764753861558323743e-20
8.863614550530530323e+03 1.580152992419647883e-19 1.151431181498497787e-19
8.868620478463584732e+03 2.200290629094799587e-19 1.137008491894265398e-19
8.873626406396640959e+03 1.939969168503893184e-19 8.156183769787688452e-20
8.878632334329697187e+03 2.743329786338848413e-19 1.257894811093354738e-19
8.883638262262753415e+03 4.619195419297542703e-20 1.754636214075210735e-19
8.888644190195807823e+03 -1.050850783953881425e-19 1.675732651421516264e-19
8.893650118128864051e+03 -4.649880861001100045e-20 9.427395503622471651e-20
8.898656046061920279e+03 -4.323550633239266737e-20 1.158328580896413689e-19
8.903661973994974687e+03 1.971289567850597676e-19 1.271521315797270141e-19
8.908667901928030915e+03 9.632947574928992182e-21 1.033622007058704658e-19
8.913673829861087142e+03 4.125907593811698165e-19 1.650976886035529124e-19
8.918679757794143370e+03 3.174030742107257355e-19 2.007480086457523320e-19
8.923685685727199598e+03 -2.499942229392461737e-19 1.802831086516054534e-19
8.928691613660254006e+03 -5.152197990044646944e-21 8.172283665613430323e-20
8.933697541593308415e+03 2.202692982158470982e-19 7.357965996596670609e-20
8.938703469526364643e+03 -2.717673872924430725e-19 1.219459363543423616e-19
8.943709397459420870e+03 7.114212974650981010e-20 1.279474395972917857e-19
8.948715325392477098e+03 1.421121628574948360e-19 1.215508692088318358e-19
8.953721253325533326e+03 3.371947989824535000e-19 1.850370750148411362e-19
8.958727181258589553e+03 5.818926710083597887e-19 2.112131108074687133e-19
8.963733109191643962e+03 4.098143637236465584e-19 1.391028541686624903e-19
8.968739037124698370e+03 1.306341508343742952e-20 7.075867732478365009e-20
8.973744965057754598e+03 4.885309643044781431e-20 6.823677150474305120e-20
8.978750892990810826e+03 2.524519846438644035e-20 7.436118851026370898e-20
8.983756820923867053e+03 1.289662005255616950e-19 1.084490286381097624e-19
8.988762748856923281e+03 2.879931051917188612e-19 1.082044986018052046e-19
8.993768676789977690e+03 1.981374794238452278e-19 1.207539810654996230e-19
8.998774604723033917e+03 -5.182997581558552661e-21 1.343239952867544262e-19
9.003780532656088326e+03 8.940324694553740902e-20 1.269869747787894791e-19
9.008786460589144554e+03 -2.373566055859830072e-20 7.378115482132295631e-20
9.013792388522200781e+03 9.342410628593707889e-20 5.481526308066584313e-20
9.018798316455257009e+03 9.837406336197988682e-20 5.666372545384312830e-20
9.023804244388313236e+03 1.647600224336247471e-19 5.912832467691391304e-20
9.028810172321367645e+03 1.257800489623020519e-19 6.279377051430249842e-20
9.033816100254423873e+03 1.943883104674297035e-19 8.261936065555995186e-20
9.038822028187478281e+03 1.160955382588547432e-19 8.661033775667637751e-20
9.043827956120534509e+03 1.186079968271304522e-19 1.031436199921461145e-19
9.048833884053590737e+03 1.855534629920895803e-19 1.079574488798463839e-19
9.053839811986646964e+03 7.534651051090269577e-20 9.912698398278448600e-20
9.058845739919703192e+03 1.943021831806227977e-19 6.899749862302827600e-20
9.063851667852757600e+03 1.592699506846057298e-19 6.955439350024819520e-20
9.068857595785813828e+03 2.120818371841320237e-19 6.911327188166810756e-20
9.073863523718868237e+03 1.136185812930408377e-19 6.910883268448006790e-20
9.078869451651924464e+03 1.632594800635969232e-19 6.503985485399176953e-20
9.083875379584980692e+03 1.711365106385800883e-19 7.283251408524215714e-20
9.088881307518036920e+03 2.613434510301222365e-19 8.450581845113606244e-20
9.093887235451093147e+03 1.876314546561804343e-19 8.990246014753905331e-20
9.098893163384147556e+03 1.936462930278149001e-19 9.782634624920526447e-20
9.103899091317203784e+03 2.784439077514334515e-19 9.087416982355781761e-20
9.108905019250258192e+03 5.233574764151793610e-20 6.975353063210455977e-20
9.113910947183314420e+03 1.285524912685645092e-20 5.718719848084699133e-20
9.118916875116370647e+03 1.812443787948588144e-19 5.605574472593753354e-20
9.123922803049426875e+03 6.629018057485781516e-20 5.583950903558388192e-20
9.128928730982483103e+03 1.163898748840167151e-19 5.709150557660913173e-20
9.133934658915537511e+03 6.791897451750381381e-20 5.925807716299895312e-20
9.138940586848593739e+03 5.474736582945192300e-20 5.684906732539944187e-20
9.143946514781648148e+03 1.134569229135502524e-20 6.083302606402791588e-20
9.148952442714704375e+03 3.435491062964083700e-20 7.439713297431141557e-20
9.153958370647760603e+03 1.619521524497165536e-19 8.237957054058661733e-20
9.158964298580816831e+03 2.754248165706281033e-20 8.338515129730887678e-20
9.163970226513873058e+03 2.635839936512379966e-19 7.538627107659943562e-20
9.168976154446927467e+03 6.678083368265437686e-20 6.530370566398066034e-20
9.173982082379983694e+03 5.849341189209871294e-20 6.356956858576625192e-20
9.178988010313038103e+03 1.026830005716760449e-19 6.148390697492048043e-20
9.183993938246094331e+03 1.624630229399606608e-20 6.252312817939752485e-20
9.188999866179150558e+03 1.476318473154110749e-19 6.237381047893339179e-20
9.194005794112206786e+03 8.092844690451824666e-20 6.337028975639462190e-20
9.199011722045263014e+03 4.176784170860558355e-20 6.392280974106247890e-20
9.204017649978317422e+03 1.280330343781187839e-19 6.632649626864643961e-20
9.209023577911373650e+03 1.036417755720126292e-19 7.148960906201057186e-20
9.214029505844428058e+03 1.265944995263058810e-19 7.894436660989883046e-20
9.219035433777484286e+03 6.546920389275018142e-20 8.503887932204770770e-20
9.224041361710540514e+03 -1.105719769340404933e-19 8.141746806358316053e-20
9.229047289643596741e+03 4.509644181494622148e-20 7.604535876778848526e-20
9.234053217576652969e+03 8.940313275614197549e-20 6.269035263228673960e-20
9.239059145509707378e+03 -1.949593189492526871e-20 6.048596919307557820e-20
9.244065073442761786e+03 9.995300878959516712e-20 6.485095521221294160e-20
9.249071001375818014e+03 8.187791037443575397e-20 6.724110573632826684e-20
9.254076929308874242e+03 9.690263743209805460e-20 6.746814185422890717e-20
9.259082857241930469e+03 5.866728190136299922e-20 6.500668797975846631e-20
9.264088785174986697e+03 8.220443230828007069e-20 6.308305821398505401e-20
9.269094713108042924e+03 1.781618138256396596e-20 6.119017196516862614e-20
9.274100641041097333e+03 1.353545472076543824e-19 5.769798865196147247e-20
9.279106568974151742e+03 7.389811450660047597e-20 6.291357210721651904e-20
9.284112496907207969e+03 -1.908643001317151671e-22 7.647583392382648099e-20
9.289118424840264197e+03 2.055175136631692153e-20 9.321818427391835328e-20
9.294124352773320425e+03 1.091781217865259475e-19 8.736055136148766756e-20
9.299130280706376652e+03 6.089087344626119383e-20 1.362656152925609573e-19
9.304136208639432880e+03 -1.436268306181237515e-19 2.214359764590857532e-19
9.309142136572487289e+03 7.814457477838455763e-20 3.306641924671830183e-19
9.314148064505541697e+03 -7.492042762096745273e-21 3.134180186882715950e-19
9.319153992438597925e+03 -1.921355295659096415e-19 3.091142716724865651e-19
9.324159920371654152e+03 9.866842736479606661e-20 2.883335596666946187e-19
9.329165848304710380e+03 2.338927691480737531e-19 2.147360506284644911e-19
9.334171776237766608e+03 4.293794210927051299e-19 1.960962305399815688e-19
9.339177704170821016e+03 5.445658093659098208e-20 2.319876556549244381e-19
9.344183632103877244e+03 -1.524708764662981424e-19 1.675918238958637681e-19
9.349189560036931653e+03 6.623404518126618497e-20 1.266151866260293278e-19
9.354195487969987880e+03 1.793944576943516290e-19 1.319794504889185293e-19
9.359201415903044108e+03 9.499797825454220814e-20 1.062872104366162838e-19
9.364207343836100335e+03 1.315088828087490668e-20 1.367150333431010173e-19
9.369213271769156563e+03 3.717322946661219405e-20 3.872163935905101566e-19
9.374219199702210972e+03 -1.365739777551705063e-19 4.176392967265933267e-19
9.379225127635267199e+03 2.063672867032285105e-19 4.158950580822017847e-19
9.384231055568321608e+03 1.148825969858073672e-19 2.087287253569465232e-19
9.389236983501377836e+03 1.427220643054531411e-19 1.512865486467777521e-19
9.394242911434434063e+03 1.305665154465124469e-19 1.298229276602435712e-19
9.399248839367490291e+03 2.440787981590773501e-20 1.502802615563653437e-19
9.404254767300546519e+03 -2.112453051038172266e-19 1.495369611492617785e-19
9.409260695233600927e+03 2.486041502187725323e-19 1.115223384613724588e-19
9.414266623166657155e+03 2.546100330167237560e-19 1.636179384646596907e-19
9.419272551099711563e+03 3.220044413977900449e-19 1.907063834163068200e-19
9.424278479032767791e+03 4.422285210552424984e-19 1.747947513053791026e-19
9.429284406965824019e+03 3.043644753840530210e-20 1.246530131181396186e-19
9.434290334898880246e+03 -2.738809855863173534e-19 3.071611858026243675e-19
9.439296262831936474e+03 -3.051352761147843252e-20 3.458824381828933298e-19
9.444302190764990883e+03 3.882214946710003611e-19 2.944541728006073344e-19
9.449308118698047110e+03 2.175313800563939574e-19 1.644624001796263128e-19
9.454314046631101519e+03 -6.618240351170589134e-21 2.524414362964909460e-19
9.459319974564157746e+03 -6.035440614010839624e-20 2.611924875945751523e-19
9.464325902497213974e+03 -9.615618541169284641e-20 1.846744025018430297e-19
9.469331830430270202e+03 2.235242591623615910e-19 2.510619995139952582e-19
9.474337758363326429e+03 -6.614846923169302564e-19 3.543425337056253445e-19
9.479343686296380838e+03 1.865470616280366336e-19 3.511554867206689945e-19
9.484349614229437066e+03 1.346874926392535399e-19 1.947789103841053886e-19
9.489355542162491474e+03 3.210269705214127236e-19 1.125288925088444335e-19
9.494361470095547702e+03 3.024981666860171023e-19 1.484310388299921005e-19
9.499367398028603930e+03 4.343140948972083642e-19 2.092943186448917239e-19
9.504373325961660157e+03 -6.817749064710192582e-21 2.107284198201484302e-19
9.509379253894716385e+03 2.527804914885305195e-19 1.679091522214783335e-19
9.514385181827770793e+03 -8.944303099869386760e-20 2.352534326143024746e-19
9.519391109760827021e+03 -9.072784683914333666e-20 2.597497794548429287e-19
9.524397037693881430e+03 2.478256410239201023e-19 2.049741477330230996e-19
9.529402965626937657e+03 4.170039080572940036e-20 1.235078970296450574e-19
9.534408893559993885e+03 -4.644266882686569662e-20 1.149073501619280152e-19
9.539414821493050113e+03 4.144948391650241323e-20 1.126887304303827958e-19
9.544420749426106340e+03 3.256243912202674717e-19 1.305296131093847469e-19
9.549426677359160749e+03 1.142692084669080269e-19 1.980512231421164939e-19
9.554432605292216977e+03 4.652426601383934916e-19 1.977945985658743337e-19
9.559438533225271385e+03 2.538412771104227611e-19 2.107027034938016149e-19
9.564444461158327613e+03 3.384805006223790964e-19 2.715652864645278014e-19
9.569450389091383840e+03 -4.180035879715124875e-19 2.657320207683459021e-19
9.574456317024440068e+03 1.578127524800720148e-19 1.624553925049804746e-19
9.579462244957496296e+03 9.626267041227643571e-20 1.141444358254066388e-19
9.584468172890550704e+03 1.708676058040970225e-19 1.085590984085956695e-19
9.589474100823605113e+03 1.058140197979044101e-19 1.271877296900189799e-19
9.594480028756661341e+03 1.504663084713798178e-19 1.193661834054347644e-19
9.599485956689717568e+03 -4.005062049614338152e-21 1.282125025208832708e-19
9.604491884622773796e+03 1.149749925356769148e-19 1.748335711396244577e-19
9.609497812555830023e+03 -3.891043452727475479e-19 1.753796149221086218e-19
9.614503740488886251e+03 2.645982570699919904e-20 1.789400019225141524e-19
9.619509668421940660e+03 -1.904677447722167752e-19 1.937921529893044594e-19
9.624515596354995068e+03 6.771570880970078734e-19 1.979132735460590191e-19
9.629521524288051296e+03 1.324325390493035817e-19 1.238342927597354448e-19
9.634527452221107524e+03 1.332419320766420456e-19 1.184724144413067627e-19
9.639533380154163751e+03 1.562617529084057711e-19 1.037054014180195658e-19
9.644539308087219979e+03 6.128969860832773592e-20 1.093928471410845917e-19
9.649545236020274388e+03 1.977674683128049819e-19 1.151389036966938203e-19
9.654551163953330615e+03 3.292345387828231955e-19 1.354973360738083027e-19
9.659557091886385024e+03 1.801427713485059118e-19 1.434410720202318412e-19
9.664563019819441251e+03 3.513658754380548502e-19 1.772235975937789252e-19
9.669568947752497479e+03 1.630251793894871534e-19 1.912968631169469822e-19
9.674574875685553707e+03 2.242307485889031868e-19 2.027881294617263928e-19
9.679580803618609934e+03 5.818523459787545702e-19 2.289307907566257815e-19
9.684586731551664343e+03 6.598310940616658595e-19 2.280057322856543972e-19
9.689592659484720571e+03 1.598595390672081401e-19 1.816741893929600941e-19
9.694598587417774979e+03 4.838122369667727978e-19 2.338297498329878598e-19
9.699604515350831207e+03 2.526624422639883556e-19 2.342125539904991128e-19
9.704610443283887435e+03 2.844351250702619181e-19 2.296121852673534695e-19
9.709616371216943662e+03 5.455942983873831931e-20 2.048073408522311564e-19
9.714622299149999890e+03 1.706385496808466886e-19 2.697779717302443452e-19
9.719628227083054298e+03 -6.895422337253931066e-19 3.108339804680074398e-19
9.724634155016110526e+03 -6.746096939401110215e-19 2.851105672775101357e-19
9.729640082949164935e+03 -5.810342119427378328e-20 1.928897594563789533e-19
9.734646010882221162e+03 1.854301350095404090e-19 2.242093073076631220e-19
9.739651938815277390e+03 3.293414495493917585e-19 2.336958920557216589e-19
9.744657866748333618e+03 -3.854412890542192155e-20 2.067533889596876744e-19
9.749663794681389845e+03 -8.106762647761851660e-20 1.557093357168870814e-19
9.754669722614444254e+03 1.193597584204581660e-19 1.284734239193686936e-19
9.759675650547500481e+03 7.794975480589510768e-20 1.249806719446799605e-19
9.764681578480554890e+03 3.924938887438234903e-22 1.231329057927351310e-19
9.769687506413611118e+03 9.128247904835617706e-20 1.216590966440767357e-19
9.774693434346667345e+03 2.014124325771320944e-19 1.250898207099053990e-19
9.779699362279723573e+03 8.781369144687579931e-20 1.453652992082446332e-19
9.784705290212779801e+03 -4.379822458749060210e-19 3.021421592693475820e-19
9.789711218145834209e+03 1.207429091374027870e-19 4.013081373425890937e-19
9.794717146078890437e+03 7.122720002430890971e-19 4.299837427026074449e-19
9.799723074011944846e+03 3.920323039818639434e-19 3.121915809356796828e-19
9.804729001945001073e+03 5.331153759273213015e-20 2.653075409875962444e-19
9.809734929878057301e+03 -2.760873574863997796e-19 2.063060772955708063e-19
9.814740857811113528e+03 1.836687067502772154e-19 2.200393656293515254e-19
9.819746785744169756e+03 3.301572896453452854e-19 1.890252217862517943e-19
9.824752713677224165e+03 8.300960013800259394e-20 1.764431836941738685e-19
9.829758641610280392e+03 2.936484159200672698e-20 1.714249966780956634e-19
9.834764569543334801e+03 1.891711256911079102e-19 1.572842152011945753e-19
9.839770497476391029e+03 3.500013967079765305e-19 1.740270236316447269e-19
9.844776425409447256e+03 4.725744144340295819e-19 2.723285383559851970e-19
9.849782353342503484e+03 2.419453082290448684e-19 2.942599340364138532e-19
9.854788281275559712e+03 3.212176095407611511e-19 2.283054779260237402e-19
9.859794209208614120e+03 1.578958577608685491e-19 1.587633981020302486e-19
9.864800137141670348e+03 5.213940080483691942e-19 2.798477330985992424e-19
9.869806065074724756e+03 -2.220798002630877480e-20 4.167818735195106961e-19
9.874811993007780984e+03 -4.228680853889439995e-21 4.010409190572737350e-19
9.879817920940837212e+03 5.421617522570879971e-19 2.635709174730014043e-19
9.884823848873893439e+03 6.666651045169405852e-20 2.090841349318080588e-19
9.889829776806949667e+03 1.119789124611849348e-19 2.650762662121720293e-19
9.894835704740004076e+03 2.568037093392640112e-19 2.829147266139233882e-19
9.899841632673058484e+03 1.209482723251903382e-19 2.601439399558055052e-19
9.904847560606114712e+03 4.149793153565443440e-19 2.181498860177056471e-19
9.909853488539170939e+03 7.595109271522479796e-19 3.927495477532185604e-19
9.914859416472227167e+03 -2.800820087331325892e-19 4.730088523560336267e-19
9.919865344405283395e+03 5.058808915654018876e-19 3.751263875763847060e-19
9.924871272338339622e+03 1.122500696207543689e-18 2.176569807059560621e-19
9.929877200271394031e+03 2.532673422420705569e-19 2.104863357945344132e-19
9.934883128204448440e+03 5.351590300244451403e-19 2.903961843083215905e-19
9.939889056137504667e+03 2.115000272549080517e-19 4.853560366044199474e-19
9.944894984070560895e+03 -1.016544619099307785e-19 5.698144792190332183e-19
9.949900912003617123e+03 7.187227679253955912e-19 5.694527785099278738e-19
9.954906839936673350e+03 -1.992187022918653458e-19 5.874836002643782274e-19
9.959912767869729578e+03 8.183907022402728040e-19 6.601176167178420137e-19
9.964918695802783986e+03 1.203668983241370282e-18 5.073045332965050435e-19
9.969924623735838395e+03 8.179021378392527262e-19 4.513365407889251212e-19
9.974930551668894623e+03 8.475510353784750397e-19 3.633268443126301149e-19
9.979936479601950850e+03 7.195559493615508526e-19 3.091942809379997907e-19
9.984942407535007078e+03 5.873308651062429733e-19 2.555101752787203310e-19
9.989948335468063306e+03 3.122157232619550381e-19 2.496575870451058241e-19
9.994954263401117714e+03 5.118337290432779952e-19 2.868523468198872653e-19
9.999960191334173942e+03 -5.451245438209898347e-19 3.457845107884522345e-19
1.000496611926722835e+04 1.206138603917848740e-19 4.415569545537694950e-19
1.000997204720028458e+04 -4.709008030442929733e-19 5.930578400525300400e-19
1.001497797513334081e+04 -7.840839197947819371e-19 6.435156656089481320e-19
1.001998390306639703e+04 4.224756462487326167e-19 5.293079294102262393e-19
1.002498983099945326e+04 1.103426096653778080e-18 4.590922539565095834e-19
1.002999575893250767e+04 9.841737618919192930e-19 4.038793627500831845e-19
1.003500168686556390e+04 2.633914108486633829e-19 2.878809506002076825e-19
1.004000761479861831e+04 -2.164882999017660271e-19 3.715112324861703869e-19
1.004501354273167453e+04 5.067459091659988611e-19 3.362895809896690793e-19
1.005001947066473076e+04 1.017253775471903224e-18 2.900811985533727183e-19
1.005502539859778699e+04 4.739811830862788215e-19 3.285837348346839919e-19
1.006003132653084322e+04 2.905706176900499466e-19 3.959070816284815363e-19
1.006503725446389763e+04 -1.382878143075909589e-19 4.107979467312079017e-19
1.007004318239695385e+04 -1.483726822048148562e-19 3.725575311430644976e-19
1.007504911033000826e+04 3.965212896082591353e-19 4.210971199636604302e-19
1.008005503826306449e+04 1.384705696991898982e-18 5.538054950620203966e-19
1.008506096619612072e+04 8.854480496132345597e-19 5.650599841928480909e-19
1.009006689412917694e+04 2.164351167967923647e-19 4.847204380235974208e-19
1.009507282206223317e+04 9.141870833313014112e-19 3.983403994510192254e-19
1.010007874999528758e+04 -1.491092960523097520e-19 7.185904396431141956e-19
1.010508467792834381e+04 8.206985687087124422e-19 6.061894541263865718e-19
1.011009060586139822e+04 1.406535516926241189e-18 4.283785915085722250e-19
1.011509653379445444e+04 -3.080049886981112247e-19 4.164406206226271203e-19
1.012010246172751067e+04 4.910893215716494118e-19 6.913793604262705690e-19
1.012510838966056690e+04 3.131403230193034070e-19 8.583335215084282683e-19
1.013011431759362313e+04 1.628717204009096361e-18 6.847886812649178838e-19
1.013512024552667754e+04 6.313426760687865112e-19 4.816604358943629550e-19
1.014012617345973376e+04 2.022965843704353397e-19 3.914779305259325827e-19
1.014513210139278817e+04 5.132052955757758152e-20 4.425893398073065246e-19
1.015013802932584440e+04 5.749855430137992547e-20 5.328856030667677893e-19
1.015514395725890063e+04 1.129763235185802701e-18 5.419435377440259066e-19
1.016014988519195686e+04 -3.192613170977413763e-19 5.283987194503497061e-19
1.016515581312501308e+04 -6.904329245148143832e-19 6.348803843144238479e-19
1.017016174105806749e+04 -6.937070594632152672e-19 7.913307460831391959e-19
1.017516766899112372e+04 -5.083145960904318488e-20 7.838750168150906759e-19
1.018017359692417813e+04 -7.122774102978963114e-19 8.156867881783965923e-19
1.018517952485723436e+04 7.037248864516598076e-19 7.128956130193151083e-19
1.019018545279029058e+04 1.401757282171177187e-19 7.528780911412895753e-19
1.019519138072334681e+04 5.067114205988275435e-19 6.958031919464244794e-19
1.020019730865640304e+04 -5.802909075344870026e-19 6.832744482643637490e-19
1.020520323658945745e+04 1.023076893836138444e-18 7.612985086433263065e-19
1.021020916452251367e+04 3.697500765309468643e-20 9.732102219558655452e-19
1.021521509245556808e+04 -1.286709148944900407e-18 8.289606955714987390e-19
1.022022102038862431e+04 1.037742855337047848e-19 7.706708724111180095e-19
1.022522694832168054e+04 3.729145511480284175e-19 8.394669287462081378e-19
1.023023287625473677e+04 2.564441676186669167e-18 8.991253898293665127e-19
1.023523880418779299e+04 -2.561476128076022902e-19 8.289474369003017447e-19
1.024024473212084740e+04 1.024109469908201840e-18 6.000871221518753016e-19
1.024525066005390181e+04 -1.506099562294663939e-19 5.528830300117925923e-19
1.025025658798695804e+04 -1.693135413682113744e-19 5.606071319934197832e-19
1.025526251592001427e+04 1.281413738182362084e-19 6.238073051111194032e-19
1.026026844385307049e+04 6.818417509977775414e-19 5.844730648152651631e-19
1.026527437178612672e+04 3.300544281242405946e-19 6.730601854256911050e-19
1.027028029971918295e+04 -3.211229413846164338e-19 6.785501516253902969e-19
1.027528622765223736e+04 -2.534060941621077416e-19 8.230101126321275434e-19
1.028029215558529177e+04 1.413581435709599136e-18 8.705307955933110246e-19
1.028529808351834799e+04 1.158332966016310450e-18 9.547082822650034686e-19
1.029030401145140422e+04 -7.830527971787092358e-19 8.798065566619238444e-19
1.029530993938446045e+04 2.330691267998367962e-19 7.564891009447333352e-19
