#  wl flam flam_err
4.803806996822357178e+03 3.278476130638568236e-19 5.860801978230695795e-19
4.808812924755412496e+03 6.950251487838403649e-19 5.712914402381644516e-19
4.813818852688468723e+03 7.822345133525771959e-20 5.588700996818546753e-19
4.818824780621524042e+03 -7.373035806254462136e-20 5.384846170632955265e-19
4.823830708554580269e+03 5.527591905109213062e-19 5.149099303077704428e-19
4.828836636487635587e+03 -3.171967424322687712e-19 5.026780444149193893e-19
4.833842564420691815e+03 1.607780230342176819e-19 4.956253447504243934e-19
4.838848492353747133e+03 4.278685350294537871e-19 4.910435028246578092e-19
4.843854420286802451e+03 -2.531468132419875193e-19 4.882095990139709030e-19
4.848860348219858679e+03 -2.182906763574796912e-21 4.787579353946181921e-19
4.853866276152913997e+03 7.240256020767541031e-20 4.714470287925256764e-19
4.858872204085970225e+03 -1.039882270078727721e-19 4.309875419528611638e-19
4.863878132019025543e+03 2.952967914364596731e-19 3.993665912786145852e-19
4.868884059952080861e+03 -3.026813792170656329e-20 3.933189700361310501e-19
4.873889987885137089e+03 3.824626103408433873e-19 3.812666096232500567e-19
4.878895915818192407e+03 -4.648187993153616919e-19 3.707714347137814290e-19
4.883901843751248634e+03 -5.711332618607981374e-20 3.623965061360684312e-19
4.888907771684303952e+03 1.418585495001590158e-19 3.534089455761382975e-19
4.893913699617360180e+03 -3.549987256303490368e-19 3.437707751067463893e-19
4.898919627550415498e+03 -1.571447157364132481e-19 3.332198286425018631e-19
4.903925555483470816e+03 -6.646691620433201488e-20 3.253039488103436093e-19
4.908931483416527044e+03 3.655023385841141969e-20 3.151912090908737932e-19
4.913937411349582362e+03 1.322808966978173827e-19 3.049746088520158535e-19
4.918943339282638590e+03 1.600539938105715925e-19 2.928917138107117679e-19
4.923949267215693908e+03 2.604401974071954895e-19 2.843455240514750645e-19
4.928955195148750136e+03 -1.308820968768404225e-19 2.804479084480159667e-19
4.933961123081805454e+03 1.300589160706190456e-20 2.793011723372595959e-19
4.938967051014860772e+03 5.180354459670097181e-19 2.784001092874134412e-19
4.943972978947916999e+03 -6.630129173314883104e-20 2.728753202886932259e-19
4.948978906880972318e+03 7.267246242255196462e-20 2.678929874402855606e-19
4.953984834814028545e+03 4.089658343664074162e-20 2.668201711390532942e-19
4.958990762747083863e+03 8.122388175056150390e-20 2.650987262070151223e-19
4.963996690680139181e+03 5.774299286141244441e-20 2.644163744019971282e-19
4.969002618613195409e+03 1.056821416683643362e-19 2.638426392160293769e-19
4.974008546546250727e+03 2.182794166132520533e-19 2.616665424305387921e-19
4.979014474479306955e+03 -1.211101064682682996e-19 2.557565065719452850e-19
4.984020402412362273e+03 -5.176869439824539510e-20 2.555243319960117691e-19
4.989026330345418501e+03 4.594619359257649291e-19 2.578233583555289848e-19
4.994032258278473819e+03 1.389284519607431988e-19 2.564576355040116373e-19
4.999038186211529137e+03 -5.575213054967647426e-20 2.467782073824340932e-19
5.004044114144585365e+03 4.462400820940718785e-19 2.370050923470777465e-19
5.009050042077640683e+03 3.171124579029528296e-19 2.278951951614100785e-19
5.014055970010696910e+03 8.662940360934699547e-20 2.208625669965177956e-19
5.019061897943752228e+03 1.996481889566801424e-20 2.128995536809238877e-19
5.024067825876807547e+03 2.580950135280197910e-19 2.071326953373578350e-19
5.029073753809863774e+03 1.512419870440190810e-19 2.036209632724180007e-19
5.034079681742919092e+03 1.553964194187748474e-19 2.004863285161379244e-19
5.039085609675975320e+03 -1.436391148614382206e-21 1.963711928581466491e-19
5.044091537609030638e+03 -7.484926451289300163e-20 1.919702541476275757e-19
5.049097465542086866e+03 -1.513109608092316662e-19 1.893412310318270286e-19
5.054103393475142184e+03 -2.274756194361375541e-19 1.879753389298642967e-19
5.059109321408197502e+03 2.967746185496103783e-19 1.886186410982516650e-19
5.064115249341253730e+03 -4.812436671254711325e-20 1.862981625848044339e-19
5.069121177274309048e+03 1.664858359277439449e-19 1.821486318201606818e-19
5.074127105207365275e+03 1.808396936127286350e-19 1.769624851814920919e-19
5.079133033140420594e+03 -4.186718987525768603e-20 1.771188168023945037e-19
5.084138961073476821e+03 -5.382240318585644400e-20 1.778322964787537625e-19
5.089144889006532139e+03 -2.117363686325951714e-19 1.790465594968637728e-19
5.094150816939587457e+03 2.057998713717766246e-19 1.774884441872685347e-19
5.099156744872643685e+03 2.183307307038637145e-19 1.773465782142893851e-19
5.104162672805699003e+03 1.697822269683309003e-19 1.786800803320262667e-19
5.109168600738755231e+03 9.242858116140596899e-20 1.816587561121098468e-19
5.114174528671810549e+03 1.331197473430860424e-19 1.833741751641268880e-19
5.119180456604865867e+03 2.470476202089923042e-20 1.828539642467846256e-19
5.124186384537922095e+03 1.371427228473069197e-19 1.790680245718149573e-19
5.129192312470977413e+03 -2.029211137506811936e-19 1.731270007440546549e-19
5.134198240404033641e+03 -1.300114882983457771e-20 1.688776389601325156e-19
5.139204168337088959e+03 3.777090416965674108e-20 1.646846151252009401e-19
5.144210096270145186e+03 -1.785657491308699597e-20 1.608725050282626174e-19
5.149216024203200504e+03 1.229315503601438750e-19 1.550615352094772663e-19
5.154221952136255823e+03 2.600310980679114388e-19 1.505149735041328619e-19
5.159227880069312050e+03 2.930564748025631474e-19 1.480581913108374395e-19
5.164233808002367368e+03 5.709535034514954618e-20 1.442293491055986363e-19
5.169239735935423596e+03 8.344652449973568182e-21 1.379647532042270922e-19
5.174245663868478914e+03 3.354921543141351871e-19 1.333422426407725405e-19
5.179251591801534232e+03 7.127433125249114097e-20 1.316175405281370043e-19
5.184257519734590460e+03 2.833064879452872979e-19 1.314212857138201237e-19
5.189263447667645778e+03 -4.577826441442689117e-20 1.325849153871536353e-19
5.194269375600702006e+03 -5.848560838607234844e-20 1.349085889126026082e-19
5.199275303533757324e+03 -7.058533869844661770e-21 1.360054200341964382e-19
5.204281231466813551e+03 1.042358730129051373e-19 1.333064441307718139e-19
5.209287159399868870e+03 4.296174248731667918e-20 1.312545380330422590e-19
5.214293087332924188e+03 4.566585660299986708e-20 1.325135472160953377e-19
5.219299015265980415e+03 6.389317290773219565e-20 1.349131940862864030e-19
5.224304943199035733e+03 4.920064761133689389e-20 1.356321259452318407e-19
5.229310871132091961e+03 1.474255914875132262e-19 1.356279505570953046e-19
5.234316799065147279e+03 5.425485934937023630e-20 1.359059071516723151e-19
5.239322726998203507e+03 -1.189065226326046067e-20 1.383964076422944244e-19
5.244328654931258825e+03 3.231506355665203401e-19 1.407426636816118767e-19
5.249334582864314143e+03 -2.912537622604720862e-20 1.424623790995676896e-19
5.254340510797370371e+03 -2.282000947583563190e-19 1.411139224009896500e-19
5.259346438730425689e+03 2.892800989014273076e-19 1.336816990231478660e-19
5.264352366663481916e+03 1.069198195177995183e-19 1.279236180872532298e-19
5.269358294596537235e+03 1.679750296558666664e-19 1.254640456448557774e-19
5.274364222529593462e+03 3.171158208787212119e-19 1.248696448891488369e-19
5.279370150462648780e+03 2.337405218667051819e-19 1.231509324275837618e-19
5.284376078395704099e+03 1.761604493012827127e-19 1.205076819600683475e-19
5.289382006328760326e+03 2.214089726623165494e-19 1.178205809732335556e-19
5.294387934261815644e+03 7.765230404098897871e-20 1.161114551048345531e-19
5.299393862194871872e+03 1.418971296590734132e-19 1.159700031284208814e-19
5.304399790127927190e+03 1.381993314604367771e-19 1.157871391356623035e-19
5.309405718060982508e+03 1.975427791895516683e-19 1.148985356012294547e-19
5.314411645994038736e+03 -2.057961796537371243e-20 1.126661840005893134e-19
5.319417573927094054e+03 1.930858979642737767e-19 1.106375553894763423e-19
5.324423501860150282e+03 2.020950105282453507e-19 1.095105166187355972e-19
5.329429429793205600e+03 1.799917146944826769e-19 1.099370386674372633e-19
5.334435357726260918e+03 2.642218902349038867e-19 1.105526180595982462e-19
5.339441285659317145e+03 1.721348946354097071e-19 1.111280230999766709e-19
5.344447213592372464e+03 1.604806407336612300e-19 1.109906534431833678e-19
5.349453141525428691e+03 1.085284795276884563e-19 1.109756015307728159e-19
5.354459069458484009e+03 2.485993916924709425e-19 1.123023824127932466e-19
5.359464997391540237e+03 2.192878035072146147e-19 1.138751467862853895e-19
5.364470925324595555e+03 5.705824199909289465e-20 1.154402358250515349e-19
5.369476853257650873e+03 9.998454022408941164e-20 1.162573264355889790e-19
5.374482781190707101e+03 1.149755686492554524e-19 1.170952171419865961e-19
5.379488709123762419e+03 1.243127471819424444e-19 1.164689513466376785e-19
5.384494637056818647e+03 1.828445048194526221e-19 1.141904913037372786e-19
5.389500564989873965e+03 3.521651574645983664e-19 1.115336455288708475e-19
5.394506492922930192e+03 -1.797770201433771663e-20 1.085738788845099272e-19
5.399512420855985511e+03 -7.119717192422726370e-20 1.049745229774362724e-19
5.404518348789040829e+03 -7.002186660604858345e-20 1.020293424552142009e-19
5.409524276722097056e+03 1.991068426833090096e-19 9.979765925988555874e-20
5.414530204655152374e+03 1.773431798942495273e-19 9.810508137600204878e-20
5.419536132588208602e+03 1.767091730566897225e-19 9.743987023962615473e-20
5.424542060521263920e+03 3.331770946855845553e-19 9.717176572981912458e-20
5.429547988454320148e+03 4.013967759624141494e-19 9.651671480301831181e-20
5.434553916387375466e+03 2.524195121256537411e-19 9.561287582501084482e-20
5.439559844320430784e+03 2.357692943799236387e-19 9.434728988445210305e-20
5.444565772253487012e+03 3.675831877583694205e-19 9.384824879576312856e-20
5.449571700186542330e+03 1.562743184081679343e-19 9.353662517873299697e-20
5.454577628119598558e+03 1.443174628575479714e-19 9.387822573209324748e-20
5.459583556052653876e+03 2.068553176895955052e-19 9.508227390969798975e-20
5.464589483985709194e+03 1.040302132323945181e-19 9.527080688062010269e-20
5.469595411918765421e+03 3.020833845141976780e-19 9.384835464969611085e-20
5.474601339851820740e+03 3.581154218488495806e-19 9.332052526488642789e-20
5.479607267784876967e+03 1.195043334516647220e-19 9.422087263930047268e-20
5.484613195717932285e+03 1.533993397903285954e-19 9.532068176694231892e-20
5.489619123650987603e+03 -6.795429760561065010e-20 9.735366965266449674e-20
5.494625051584043831e+03 1.767209912471253548e-19 9.892210526688233751e-20
5.499630979517099149e+03 1.321861959424685489e-19 1.002940301608355155e-19
5.504636907450155377e+03 -1.121411445381366766e-20 1.006714141327760172e-19
5.509642835383210695e+03 6.519209121384528530e-20 9.935526981242483963e-20
5.514648763316266923e+03 1.462337605050737441e-19 9.752761961190813418e-20
5.519654691249322241e+03 1.740740387046843653e-19 9.588316426130858794e-20
5.524660619182377559e+03 -5.891965805150177654e-20 9.448017176895386521e-20
5.529666547115433787e+03 1.007557182052711412e-19 9.218478541405620838e-20
5.534672475048489105e+03 1.781212949544060064e-19 9.030667465271822058e-20
5.539678402981545332e+03 2.136268390602203583e-19 8.903076886033353845e-20
5.544684330914600650e+03 1.704457855720934658e-19 8.772307769118339996e-20
5.549690258847656878e+03 9.864050757700944441e-20 8.654141050676889575e-20
5.554696186780712196e+03 5.375167359995294878e-20 8.517757083223573593e-20
5.559702114713767514e+03 -1.085799331351089088e-19 8.468105227874343854e-20
5.564708042646823742e+03 1.577725707805861107e-19 8.449433144462367276e-20
5.569713970579879060e+03 5.659948071196903221e-20 1.146336945335825805e-19
5.574719898512935288e+03 1.342028929093441936e-19 1.841334384030233109e-19
5.579725826445990606e+03 1.358460810531583174e-19 1.840712807129778891e-19
5.584731754379046833e+03 1.135354809902259806e-19 1.149161231904145796e-19
5.589737682312102152e+03 2.095326576273813938e-19 8.230300818511136345e-20
5.594743610245157470e+03 1.213847003180395986e-19 8.159456844797463966e-20
5.599749538178213697e+03 2.094954032221313520e-19 8.206078402337709723e-20
5.604755466111269016e+03 1.357957832624063370e-19 8.256889840503548004e-20
5.609761394044325243e+03 8.159297978137829925e-20 8.259671341657971670e-20
5.614767321977380561e+03 1.506792053515335569e-19 8.338101262759520476e-20
5.619773249910436789e+03 4.788506795906108950e-20 8.511459298001846625e-20
5.624779177843492107e+03 8.905236659291338499e-20 8.704020193845965147e-20
5.629785105776547425e+03 1.177446762835061344e-19 8.832623309996898587e-20
5.634791033709603653e+03 1.503649030051188178e-19 8.803013468983889554e-20
5.639796961642658971e+03 2.666461288414649821e-21 8.647371415215609356e-20
5.644802889575714289e+03 6.089778638399695219e-20 8.441437327278856365e-20
5.649808817508770517e+03 2.945942465422977763e-19 8.220319070772002121e-20
5.654814745441825835e+03 1.946753598017180461e-19 8.017310498696330671e-20
5.659820673374882062e+03 3.513630256522198632e-19 7.906589111508244382e-20
5.664826601307937381e+03 7.113758488164820548e-20 7.805450431805784275e-20
5.669832529240993608e+03 7.747967674804317366e-20 7.690251150754376795e-20
5.674838457174048926e+03 2.007171393829322977e-19 7.521139871966500023e-20
5.679844385107104245e+03 9.643635186479613732e-20 7.419050509128944349e-20
5.684850313040160472e+03 2.568796083271043761e-19 7.383035538550557698e-20
5.689856240973215790e+03 1.435194496934433478e-19 7.406583222723704419e-20
5.694862168906272018e+03 1.219291696250228460e-19 7.390646963111502544e-20
5.699868096839327336e+03 -1.202698678287911080e-19 7.386253374149154363e-20
5.704874024772383564e+03 1.697341029293828441e-19 7.375330885265653858e-20
5.709879952705438882e+03 1.154685391203158814e-19 7.337468832134259290e-20
5.714885880638494200e+03 1.748872284084499427e-20 7.361030764892283894e-20
5.719891808571550428e+03 1.849610917822835887e-19 7.414617585440186404e-20
5.724897736504605746e+03 2.272484277131534459e-19 7.498212769808465687e-20
5.729903664437661973e+03 1.544481787571866518e-19 7.585331106100771233e-20
5.734909592370717291e+03 -3.372876605633913402e-20 7.652285936565804653e-20
5.739915520303773519e+03 8.175386546345798061e-20 7.724526046122127375e-20
5.744921448236828837e+03 -3.379886153709496097e-20 7.784607793927165503e-20
5.749927376169884155e+03 1.311905294222540830e-19 7.844454992441421430e-20
5.754933304102940383e+03 1.242133159111373341e-19 7.934318707903063165e-20
5.759939232035995701e+03 1.233178864671184431e-19 8.025495203674274575e-20
5.764945159969051929e+03 1.835884047319470931e-19 8.086874317441910924e-20
5.769951087902107247e+03 1.795177637376657221e-19 7.971840158074907325e-20
5.774957015835163475e+03 -6.405752650445448876e-20 7.729723592750502414e-20
5.779962943768218793e+03 1.122905732907646281e-19 7.492626529976060658e-20
5.784968871701274111e+03 7.850617644652906666e-20 7.299485763918632604e-20
5.789974799634330338e+03 8.510860197929810483e-20 7.167203247287210805e-20
5.794980727567385657e+03 1.513346089487646634e-19 7.020562364783218069e-20
5.799986655500441884e+03 9.785616267923798630e-20 6.951356499132887692e-20
5.804992583433497202e+03 -1.362054909400525740e-20 6.904179970788018463e-20
5.809998511366552520e+03 1.492514809345301997e-19 6.863747357805247964e-20
5.815004439299608748e+03 1.652549322039776123e-19 6.817579949451749911e-20
5.820010367232664066e+03 4.482588908106369528e-20 6.760795568151010125e-20
5.825016295165720294e+03 7.555790140099566130e-22 6.720794423376707905e-20
5.830022223098775612e+03 1.529344706435968756e-19 6.722784807528444129e-20
5.835028151031830930e+03 1.885890196156805478e-20 6.695528185574368413e-20
5.840034078964887158e+03 4.280778366865279505e-20 6.688542360195465590e-20
5.845040006897942476e+03 1.519454233834126081e-19 6.716274978894876166e-20
5.850045934830998704e+03 7.180673370522345862e-20 6.771274054137139592e-20
5.855051862764054022e+03 3.652553750797739243e-21 6.791641669848649742e-20
5.860057790697110249e+03 6.853455616457570247e-20 6.985823400783653468e-20
5.865063718630165567e+03 1.067663480239022612e-19 7.288568188910222236e-20
5.870069646563220886e+03 1.460292205547161222e-19 7.400337622871497177e-20
5.875075574496277113e+03 3.472230666688584990e-19 7.244188928159783698e-20
5.880081502429332431e+03 1.560621851386082443e-19 7.460800026432279012e-20
5.885087430362388659e+03 1.501824953007417690e-19 9.407516624319492817e-20
5.890093358295443977e+03 3.184057897665012100e-19 1.067921328182101972e-19
5.895099286228500205e+03 1.719098807347783959e-19 1.004131521104058804e-19
5.900105214161555523e+03 2.130651561141056956e-19 8.292214024352135008e-20
5.905111142094610841e+03 9.907204126729868208e-20 7.171355844460638649e-20
5.910117070027667069e+03 1.065237636241144493e-19 7.087341378302866436e-20
5.915122997960722387e+03 1.266963454397443889e-19 6.997131823338543037e-20
5.920128925893778614e+03 1.646959937708400584e-19 6.862926307095929173e-20
5.925134853826833933e+03 1.059667905668948479e-19 6.695653527519181137e-20
5.930140781759890160e+03 -3.545484202466670116e-20 6.776517972478398396e-20
5.935146709692945478e+03 8.962935123270411374e-20 6.637693147195345137e-20
5.940152637626000796e+03 -1.090480674612389133e-20 6.383596566927585458e-20
5.945158565559057024e+03 1.330596677055121178e-19 6.376383079325584404e-20
5.950164493492112342e+03 1.010370012972769791e-19 6.480351212652378625e-20
5.955170421425167660e+03 1.552332488807347328e-19 6.413176590632557583e-20
5.960176349358223888e+03 1.042646854557531595e-19 6.242844598946837696e-20
5.965182277291280116e+03 1.046268100155600019e-19 6.263056986081194866e-20
5.970188205224335434e+03 4.822937870787104142e-20 6.343493700699359033e-20
5.975194133157390752e+03 1.765615455653929410e-20 6.441207091770902939e-20
5.980200061090446980e+03 3.774966324734105387e-20 6.403085973753720846e-20
5.985205989023502298e+03 1.279211439241033978e-19 6.309429180663218342e-20
5.990211916956557616e+03 3.599556542893838565e-20 6.315905681533338890e-20
5.995217844889613843e+03 3.572196200257457940e-20 6.413573626781416275e-20
6.000223772822669162e+03 1.020405113805823259e-19 6.535496411705569840e-20
6.005229700755725389e+03 1.061367760029784385e-19 6.591248871538785292e-20
6.010235628688780707e+03 -5.029292425662672976e-20 6.608885410842636472e-20
6.015241556621836935e+03 1.605183333869434041e-19 6.646657164547809038e-20
6.020247484554892253e+03 1.886800571873950129e-19 6.581497542792242885e-20
6.025253412487947571e+03 2.544721927316507239e-19 6.450122013480234028e-20
6.030259340421003799e+03 5.587697447647260228e-20 6.353066342512579256e-20
6.035265268354059117e+03 1.026835738970600066e-19 6.200033378557857554e-20
6.040271196287115345e+03 1.617095589496739364e-19 6.073641237031528054e-20
6.045277124220170663e+03 9.879049211751520976e-20 5.953459467715235388e-20
6.050283052153226890e+03 1.540089305699678841e-19 5.895930086527467464e-20
6.055288980086282209e+03 1.637061984070316713e-19 5.840018940204530101e-20
6.060294908019337527e+03 4.469928607174738060e-20 5.756753979417203311e-20
6.065300835952393754e+03 1.143489811308059951e-19 5.707133848986051827e-20
6.070306763885449072e+03 7.446879366376549857e-20 5.627791714226928356e-20
6.075312691818505300e+03 9.189556927350154179e-20 5.553077398949546354e-20
6.080318619751560618e+03 6.495494192616009946e-20 5.499623967729298579e-20
6.085324547684616846e+03 9.654233019520794596e-20 5.462644344595408364e-20
6.090330475617672164e+03 6.746830389934962614e-20 5.449105968281394068e-20
6.095336403550727482e+03 2.626245455042548315e-19 5.489950830746214649e-20
6.100342331483783710e+03 1.524718842176360496e-19 5.544458137444167508e-20
6.105348259416839028e+03 1.266267218477967040e-19 5.557236150494430969e-20
6.110354187349894346e+03 2.212219129771040739e-19 5.559723384620096018e-20
6.115360115282950574e+03 2.735404866419473584e-19 5.554833677739348301e-20
6.120366043216006801e+03 1.321596702975322221e-19 5.582314336805202233e-20
6.125371971149062119e+03 9.132960483719751892e-20 5.634363761322839766e-20
6.130377899082117438e+03 1.447801096080152073e-19 5.719638664594416419e-20
6.135383827015173665e+03 1.384583574403825564e-19 5.901604389880007785e-20
6.140389754948228983e+03 1.111486904283592407e-19 6.103116895401060429e-20
6.145395682881284301e+03 2.118566870749236812e-19 6.117542075790115240e-20
6.150401610814340529e+03 2.032702994692588516e-19 5.962024454779330743e-20
6.155407538747396757e+03 2.254473182777763369e-19 5.821464982196365291e-20
6.160413466680452075e+03 1.837278579502398879e-19 5.652095006682160734e-20
6.165419394613507393e+03 1.198122009990122708e-19 5.618643517520756941e-20
6.170425322546563621e+03 1.610891502835720948e-19 5.579107355122025458e-20
6.175431250479618939e+03 2.121295667411800065e-19 5.448338374955088971e-20
6.180437178412674257e+03 2.439625357334265874e-19 5.293628883181284686e-20
6.185443106345730484e+03 2.178861421125147794e-19 5.242399534728057389e-20
6.190449034278785803e+03 1.863026046490555779e-19 5.208048206798487340e-20
6.195454962211842030e+03 1.455782473068000249e-19 5.229082075308658601e-20
6.200460890144897348e+03 -3.004359652733335955e-21 5.244155156160385396e-20
6.205466818077953576e+03 1.572754309805812010e-19 5.189133588147570335e-20
6.210472746011008894e+03 1.905255565805365290e-19 5.093885043939520078e-20
6.215478673944064212e+03 1.616077865359047265e-19 5.149500813061020637e-20
6.220484601877120440e+03 2.666669214852102574e-19 5.162647473308216061e-20
6.225490529810175758e+03 2.971193143314642858e-19 5.185125333197232897e-20
6.230496457743231986e+03 1.261422647167436149e-19 5.548647689392562301e-20
6.235502385676287304e+03 8.468071775301249543e-20 5.912840978217895315e-20
6.240508313609343531e+03 2.139798015169233637e-19 5.855755909720451109e-20
6.245514241542398850e+03 2.102299271084646402e-19 5.561831709357434959e-20
6.250520169475454168e+03 1.833404902592587023e-19 5.641054226877416163e-20
6.255526097408510395e+03 1.408747513214508634e-19 6.047269457739523320e-20
6.260532025341565713e+03 2.784606514397582235e-19 6.236784025593302391e-20
6.265537953274621032e+03 2.118623304918238454e-19 5.955267530510074149e-20
6.270543881207677259e+03 2.081449666272704705e-19 5.861348059138092161e-20
6.275549809140733487e+03 2.262672050068439668e-19 5.755732369873313647e-20
6.280555737073788805e+03 2.216119117803852610e-19 5.780090356462267056e-20
6.285561665006844123e+03 2.389752393518445069e-19 5.876359846442251829e-20
6.290567592939900351e+03 1.404667946865422611e-19 6.323704708623432054e-20
6.295573520872955669e+03 1.835622158842362804e-19 9.706878112488454844e-20
6.300579448806010987e+03 3.834484137227050846e-19 1.031864742928132043e-19
6.305585376739067215e+03 6.067513590310561187e-19 8.139219609582260518e-20
6.310591304672123442e+03 2.894890763087185363e-19 5.552275322176798247e-20
6.315597232605178760e+03 2.542193853297296295e-19 5.097653367810718549e-20
6.320603160538234079e+03 3.024382191617370030e-19 5.108966832080777865e-20
6.325609088471290306e+03 2.848329387094202762e-19 5.323289260348492257e-20
6.330615016404345624e+03 2.578426361409618357e-19 5.209433941710919661e-20
6.335620944337400942e+03 2.551814553712165964e-19 4.914594188704707963e-20
6.340626872270457170e+03 1.294837056906736065e-19 4.840876021721670985e-20
6.345632800203512488e+03 2.641061109939055906e-19 4.950511727539211184e-20
6.350638728136568716e+03 2.797708408088532338e-19 5.165389208519303884e-20
6.355644656069624034e+03 2.544956077575708823e-19 5.653302315869047039e-20
6.360650584002680262e+03 1.309340659310694441e-19 6.966422635795279572e-20
6.365656511935735580e+03 2.968273648759513057e-19 6.884938955318489309e-20
6.370662439868790898e+03 2.401779567905886946e-19 5.520478756448946893e-20
6.375668367801847126e+03 1.380889461762448197e-19 5.086610742697283086e-20
6.380674295734902444e+03 1.587776123615690563e-19 5.243561910156152125e-20
6.385680223667958671e+03 1.963605560149704512e-19 5.295004875309870544e-20
6.390686151601013989e+03 2.037230467169036738e-19 5.250023881232085638e-20
6.395692079534070217e+03 1.622037423205331603e-19 5.260824528174659249e-20
6.400698007467125535e+03 1.082113272293275614e-19 5.304859083435792896e-20
6.405703935400180853e+03 2.266467549260725317e-20 5.255982559169769413e-20
6.410709863333237081e+03 1.477963839617549917e-19 5.217514476547127846e-20
6.415715791266292399e+03 4.692865595892137153e-20 5.160532737759058062e-20
6.420721719199348627e+03 1.528523115518703911e-19 5.053900583898336878e-20
6.425727647132403945e+03 2.295375646102502213e-19 4.886781339735894262e-20
6.430733575065460172e+03 1.521311190180962010e-19 4.742961738655612686e-20
6.435739502998515491e+03 1.610963781144491587e-19 4.663641243982233433e-20
6.440745430931570809e+03 2.934262104927290746e-19 4.589561472153976678e-20
6.445751358864627036e+03 2.253180474139801067e-19 4.574402805881106220e-20
6.450757286797682355e+03 2.037471840657517066e-19 4.583936118574599672e-20
6.455763214730737673e+03 2.483066870923581202e-19 4.633114725076060041e-20
6.460769142663793900e+03 2.235569669878657018e-19 4.887202422385154508e-20
6.465775070596850128e+03 2.179788720520208991e-19 5.129212962771489725e-20
6.470780998529905446e+03 2.222431684835485890e-19 5.037879430702439027e-20
6.475786926462960764e+03 2.178105700367085771e-19 4.821592472801998979e-20
6.480792854396016992e+03 1.711115058926592943e-19 4.681681433919283298e-20
6.485798782329072310e+03 2.250416989693156970e-19 4.600735033690902399e-20
6.490804710262127628e+03 2.257319638728760468e-19 4.747708120535602575e-20
6.495810638195183856e+03 2.535923739214243501e-19 5.170670956107913671e-20
6.500816566128239174e+03 2.509574905483092855e-19 5.362488201537558718e-20
6.505822494061295401e+03 2.301416793843900578e-19 5.012386746995154342e-20
6.510828421994350720e+03 2.052529631093530582e-19 4.895496448870497293e-20
6.515834349927406947e+03 1.280023387733162545e-19 4.985739137891647409e-20
6.520840277860462265e+03 2.322115469065257168e-19 5.151961932671265551e-20
6.525846205793517584e+03 1.881293019138491112e-19 5.442326416998418702e-20
6.530852133726573811e+03 2.544679156599939395e-19 5.635806452531584289e-20
6.535858061659629129e+03 1.851955226586745299e-19 5.508787961956699000e-20
6.540863989592685357e+03 1.646900392003661690e-19 5.176290788503741074e-20
6.545869917525740675e+03 1.556569735037719024e-19 5.167521783257227688e-20
6.550875845458796903e+03 2.651066910431810325e-19 5.240117908531134930e-20
6.555881773391852221e+03 1.679653396113717292e-19 5.133784994687884128e-20
6.560887701324907539e+03 7.732819970840236526e-20 4.778336078610050765e-20
6.565893629257963767e+03 1.050338286645663498e-19 4.692980269637275353e-20
6.570899557191019085e+03 2.671530185749294238e-19 4.696615756467920422e-20
6.575905485124075312e+03 1.686207498292649554e-19 4.714003352001270440e-20
6.580911413057130630e+03 1.811408356083451905e-19 4.590541590732871557e-20
6.585917340990186858e+03 1.907567850664456849e-19 4.342757389077914503e-20
6.590923268923242176e+03 1.965521217004878864e-19 4.370906114422034582e-20
6.595929196856297494e+03 2.693478421615447208e-19 4.462587382741748777e-20
6.600935124789353722e+03 1.914377142763089002e-19 4.614498464142027726e-20
6.605941052722409040e+03 1.821617203291562801e-19 4.564037244424299928e-20
6.610946980655464358e+03 1.855087352008762840e-19 4.394891652378904781e-20
6.615952908588520586e+03 2.657679602307546265e-19 4.356328333727381015e-20
6.620958836521576814e+03 2.518513611223470004e-19 4.369962893947866604e-20
6.625964764454632132e+03 2.081119167667506410e-19 4.425065398649439617e-20
6.630970692387687450e+03 2.069941666675365869e-19 4.506711453897944307e-20
6.635976620320743677e+03 2.179222846390313016e-19 4.504545058787749564e-20
6.640982548253798996e+03 2.415318999580036756e-19 4.503637715574277287e-20
6.645988476186854314e+03 2.235048406268623126e-19 4.583423729209424876e-20
6.650994404119910541e+03 2.515618645552185827e-19 4.684667256969388694e-20
6.656000332052965859e+03 2.326579076627827262e-19 4.776769447767546484e-20
6.661006259986022087e+03 2.551362114146479633e-19 4.753194570034464355e-20
6.666012187919077405e+03 1.486783168180868634e-19 4.715530020733473370e-20
6.671018115852133633e+03 1.436171491150360823e-19 4.602630134573434522e-20
6.676024043785188951e+03 2.580776231199553280e-19 4.477870209183283862e-20
6.681029971718244269e+03 1.377463918842614495e-19 4.373291564848641661e-20
6.686035899651300497e+03 2.650895940895970265e-19 4.298107214369032473e-20
6.691041827584355815e+03 2.057619574843511038e-19 4.203567689157810883e-20
6.696047755517412043e+03 2.158503360835496796e-19 4.147090772091937641e-20
6.701053683450467361e+03 2.030469341074417128e-19 4.102027127193581713e-20
6.706059611383523588e+03 1.245131495191417756e-19 4.021794061608816179e-20
6.711065539316578906e+03 1.915183227527817487e-19 4.002883727874637356e-20
6.716071467249634225e+03 1.342386266358499342e-19 3.986318111429562270e-20
6.721077395182690452e+03 1.286714936643726092e-19 3.996662638475207902e-20
6.726083323115745770e+03 9.086927593195691531e-20 4.023386520992977474e-20
6.731089251048801998e+03 1.960595558665499086e-19 4.064313256417756393e-20
6.736095178981857316e+03 2.829415187457365152e-19 4.107065177313870937e-20
6.741101106914913544e+03 1.550482611920655965e-19 4.150222350024789390e-20
6.746107034847968862e+03 2.083750100567688955e-19 4.195398327411502087e-20
6.751112962781024180e+03 1.543304761990428644e-19 4.195346933421096356e-20
6.756118890714080408e+03 1.992793281142409615e-19 4.224001249580014128e-20
6.761124818647135726e+03 2.389069608548575222e-19 4.252225449788440206e-20
6.766130746580191044e+03 1.257263942897972785e-19 4.268931484899093114e-20
6.771136674513247272e+03 1.430118733619390544e-19 4.318582487373098742e-20
6.776142602446303499e+03 2.282661840858182474e-19 4.370374755933854887e-20
6.781148530379358817e+03 1.495524271242750331e-19 4.447057500426055938e-20
6.786154458312414135e+03 1.378431470477564520e-19 4.447712845340825063e-20
6.791160386245470363e+03 1.888198537136241730e-19 4.385341406809455530e-20
6.796166314178525681e+03 1.863288984150313642e-19 4.301995493892604219e-20
6.801172242111580999e+03 2.236854326236527462e-19 4.240506780876058000e-20
6.806178170044637227e+03 2.419025793679735264e-19 4.223741523363098168e-20
6.811184097977693455e+03 1.579771928257813572e-19 4.175424246572245292e-20
6.816190025910748773e+03 2.249629519561922740e-19 4.135667973910209860e-20
6.821195953843804091e+03 2.325112642295898756e-19 4.448365536317316039e-20
6.826201881776860318e+03 1.944606137119464638e-19 5.117765750176242134e-20
6.831207809709915637e+03 2.268075690347557832e-19 5.405046956846021024e-20
6.836213737642970955e+03 1.492722241257478465e-19 4.903060352996329801e-20
6.841219665576027182e+03 2.059289818633551375e-19 4.261106023752352768e-20
6.846225593509082501e+03 1.787960595913886743e-19 4.042959909562310861e-20
6.851231521442138728e+03 1.254647756830702276e-19 3.895607022439037491e-20
6.856237449375194046e+03 1.408061162827531362e-19 4.297069637311171011e-20
6.861243377308250274e+03 1.643732468024269302e-19 5.233082442137807763e-20
6.866249305241305592e+03 1.850773943892673126e-19 5.558760910801484231e-20
6.871255233174360910e+03 2.557384343494998836e-19 4.924665429453281967e-20
6.876261161107417138e+03 1.812826462793315134e-19 4.905008406967522110e-20
6.881267089040473365e+03 1.493465556070348262e-19 4.890466211099955839e-20
6.886273016973527774e+03 2.224438659627859002e-19 4.967542220637661233e-20
6.891278944906584002e+03 2.141961600318492375e-19 4.978570470891580803e-20
6.896284872839640229e+03 1.798288843695651702e-19 5.065781909486201102e-20
6.901290800772695547e+03 3.310031924455263224e-20 5.106546927045953965e-20
6.906296728705750866e+03 3.280198968690197232e-19 5.177216631173320186e-20
6.911302656638807093e+03 1.561805337956123532e-19 5.202539909020682224e-20
6.916308584571862411e+03 1.098521515636403900e-19 5.342226285818568689e-20
6.921314512504917730e+03 2.205127442164741579e-19 5.313498567702668520e-20
6.926320440437973957e+03 9.175711044910245331e-20 4.962399790470864433e-20
6.931326368371030185e+03 2.533708711449549131e-19 4.314465731889088120e-20
6.936332296304085503e+03 1.810907939383336516e-19 4.410299717214517550e-20
6.941338224237140821e+03 2.353393972094138956e-19 4.583250295893025405e-20
6.946344152170197049e+03 2.383296726072777552e-19 4.794037033102021777e-20
6.951350080103252367e+03 2.948598523262632289e-19 4.592042798723756881e-20
6.956356008036307685e+03 2.240827227005184781e-19 3.970734107207586289e-20
6.961361935969363913e+03 1.781593712779543991e-19 3.921099536272889539e-20
6.966367863902420140e+03 2.266390955487998795e-19 4.074609831274175404e-20
6.971373791835475458e+03 1.535437751722794115e-19 4.287675012279701967e-20
6.976379719768530776e+03 8.318420324973610452e-20 4.383202589281911350e-20
6.981385647701587004e+03 1.949350943381027649e-19 4.319589551113741023e-20
6.986391575634642322e+03 1.309049927108120420e-19 3.966334409802271705e-20
6.991397503567697640e+03 2.088120916381210786e-19 3.946496147888401140e-20
6.996403431500753868e+03 1.879234321789970991e-19 4.017768278542883612e-20
7.001409359433810096e+03 1.363728384715229553e-19 4.103042536375476192e-20
7.006415287366865414e+03 1.910631294108020566e-19 4.295164403807362546e-20
7.011421215299920732e+03 2.086198029548348034e-19 4.253924491447537971e-20
7.016427143232976960e+03 2.407709166711624410e-19 4.144913754115366945e-20
7.021433071166032278e+03 9.945590907995029875e-20 4.046906302534024953e-20
7.026438999099087596e+03 2.239819387970996420e-19 4.094528103328957573e-20
7.031444927032143823e+03 1.072924298075813463e-19 4.169461766954315221e-20
7.036450854965200051e+03 1.885214492910316850e-19 4.286947588409370201e-20
7.041456782898254460e+03 2.475188357812109494e-19 4.455967735220033637e-20
7.046462710831310687e+03 2.027601880475337220e-19 4.508614771691314477e-20
7.051468638764366915e+03 2.342869991407120428e-19 4.381097714242182255e-20
7.056474566697422233e+03 2.094054678255076658e-19 4.158107523621737295e-20
7.061480494630477551e+03 1.731648831124823057e-19 4.126947041544098806e-20
7.066486422563533779e+03 2.536422347187388751e-19 4.122439893382600848e-20
7.071492350496589097e+03 2.437019041154872541e-19 4.068472975863256463e-20
7.076498278429644415e+03 1.786868465465374086e-19 4.042771071566367977e-20
7.081504206362700643e+03 1.877489254305943687e-19 4.036096467494431170e-20
7.086510134295756870e+03 1.393794816158940623e-19 4.017804987564663721e-20
7.091516062228812189e+03 1.445608013196922628e-19 3.945487249956454033e-20
7.096521990161867507e+03 1.339165052823091357e-19 3.842772334574049803e-20
7.101527918094923734e+03 2.112310012583371585e-19 3.808817713389916468e-20
7.106533846027979052e+03 1.209424499393106322e-19 3.803210552267558937e-20
7.111539773961034371e+03 2.602012158597411902e-19 3.767191939835555487e-20
7.116545701894090598e+03 1.501130356292220400e-19 3.758334247751415884e-20
7.121551629827146826e+03 1.929616454425308170e-19 3.790252475804550196e-20
7.126557557760202144e+03 2.084884247362077309e-19 3.829751094889094610e-20
7.131563485693257462e+03 1.249459814931790418e-19 3.888012017048600345e-20
7.136569413626313690e+03 1.731058844509453441e-19 3.933603980882052215e-20
7.141575341559369008e+03 1.866368027628166732e-19 4.061997256924888854e-20
7.146581269492424326e+03 2.020263812453463460e-19 4.144877925543689685e-20
7.151587197425480554e+03 2.000480338687968146e-19 4.135798087418157962e-20
7.156593125358536781e+03 1.257084272287090042e-19 4.206381157605321623e-20
7.161599053291592099e+03 8.197503552180650351e-20 4.336944175006114039e-20
7.166604981224647418e+03 2.178912444732216219e-19 4.380658395822832855e-20
7.171610909157703645e+03 2.230516932914742241e-19 4.355197957074586587e-20
7.176616837090758963e+03 1.786861724987088456e-19 4.288573500884856843e-20
7.181622765023814281e+03 1.965826006704843712e-19 4.175943503703767584e-20
7.186628692956870509e+03 1.348457025689888902e-19 4.022407524064238571e-20
7.191634620889926737e+03 1.738772707503181546e-19 3.966668367331410467e-20
7.196640548822981145e+03 1.416356086612596589e-19 3.911571591644735236e-20
7.201646476756037373e+03 1.704361210336614971e-19 3.854449818786779582e-20
7.206652404689093601e+03 2.367566276679403919e-19 3.823590236842682908e-20
7.211658332622148919e+03 1.451551748463389046e-19 3.778230452028308768e-20
7.216664260555204237e+03 1.719062272244085452e-19 3.757915038332230158e-20
7.221670188488260465e+03 1.215825930967585714e-19 3.758182023138367678e-20
7.226676116421315783e+03 1.753265395508023017e-19 3.781823922772360188e-20
7.231682044354371101e+03 2.772985286522539840e-19 4.179796725744465534e-20
7.236687972287427328e+03 1.668867064890702179e-19 5.596317643062478422e-20
7.241693900220483556e+03 2.196025715352915839e-19 6.472818488298363311e-20
7.246699828153538874e+03 2.743004372632803245e-19 5.766834399604793866e-20
7.251705756086594192e+03 1.753534665816382183e-19 4.685839330135154979e-20
7.256711684019650420e+03 2.301172539125079883e-19 4.225633288803302821e-20
7.261717611952705738e+03 2.168203466724795578e-19 4.003268059848054702e-20
7.266723539885761056e+03 1.607009866507449211e-19 4.237495585879402166e-20
7.271729467818817284e+03 9.501595656315198471e-20 6.118422263241803938e-20
7.276735395751873511e+03 1.694207937020560042e-19 6.710722174899449696e-20
7.281741323684928830e+03 3.478489115653296573e-19 6.214436883906857114e-20
7.286747251617984148e+03 1.565908366859133739e-19 5.352297353995015167e-20
7.291753179551040375e+03 2.643112539666293843e-19 4.875331943978136401e-20
7.296759107484095694e+03 2.990128244130793167e-19 4.985411356723485419e-20
7.301765035417151012e+03 2.996472279792434363e-19 5.053399946489543933e-20
7.306770963350207239e+03 1.940081945814889707e-19 4.987093101968759742e-20
7.311776891283263467e+03 2.761427052290510143e-19 5.934278647921150423e-20
7.316782819216318785e+03 2.781790557032052125e-19 5.915450934469928213e-20
7.321788747149374103e+03 2.742984874461107594e-19 5.120832600790448150e-20
7.326794675082430331e+03 1.235720192714668973e-19 4.802138067727904577e-20
7.331800603015485649e+03 2.246662299308849616e-19 4.910603378030294241e-20
7.336806530948540967e+03 2.167028368250851771e-19 5.825143696646008912e-20
7.341812458881597195e+03 2.284728708254383471e-19 5.809333448311189658e-20
7.346818386814653422e+03 4.243358625315834565e-19 4.653046133339137078e-20
7.351824314747707831e+03 1.723994553348797826e-19 4.181704182772955524e-20
7.356830242680764059e+03 2.507541026515456174e-19 4.504579758800277033e-20
7.361836170613820286e+03 3.151043518227397615e-19 4.876552456299596197e-20
7.366842098546875604e+03 2.666011646348117143e-19 5.341523031553568947e-20
7.371848026479930923e+03 3.177385654882496005e-19 5.256567416925819410e-20
7.376853954412987150e+03 2.357134304585149540e-19 4.055327883299500907e-20
7.381859882346043378e+03 1.421775718109909407e-19 3.795315220768366108e-20
7.386865810279097786e+03 2.031808034510627489e-19 4.251208135693759636e-20
7.391871738212154014e+03 2.130076156141620095e-19 4.494430396443565005e-20
7.396877666145210242e+03 2.965195685953232034e-19 5.154591435450953893e-20
7.401883594078265560e+03 2.604117435623842763e-19 5.142513726538885415e-20
7.406889522011320878e+03 2.391373740766020018e-19 4.718630504665020404e-20
7.411895449944377106e+03 1.589983751306517221e-19 4.214084554109673972e-20
7.416901377877432424e+03 2.216891373765277259e-19 4.290381805629567424e-20
7.421907305810487742e+03 2.453129704375336961e-19 4.401692992917092227e-20
7.426913233743543969e+03 1.384899689991677260e-19 4.610744617053210773e-20
7.431919161676600197e+03 1.573771994544362829e-19 4.861405104013712237e-20
7.436925089609655515e+03 2.301133171467443167e-19 4.816013359685117578e-20
7.441931017542710833e+03 2.395837076230516564e-19 4.551928512205436554e-20
7.446936945475767061e+03 1.771106684696986457e-19 3.990036694378326319e-20
7.451942873408822379e+03 2.418643108144864729e-19 3.945625740088358979e-20
7.456948801341877697e+03 1.840419927271427221e-19 3.979401445290968793e-20
7.461954729274933925e+03 5.454316954456400872e-20 4.184099490184097346e-20
7.466960657207990153e+03 1.924748285105269965e-19 4.493967288307272330e-20
7.471966585141045471e+03 2.043237017230942411e-19 4.596571808981923997e-20
7.476972513074100789e+03 2.050774870838945528e-19 4.772058077502880662e-20
7.481978441007157016e+03 2.530910047232100954e-19 4.616437156888628124e-20
7.486984368940212335e+03 2.131600836590411436e-19 4.257696947807345333e-20
7.491990296873267653e+03 2.289444773753786533e-19 3.908422658229973420e-20
7.496996224806323880e+03 1.221262060463893513e-19 3.851154242076160837e-20
7.502002152739380108e+03 1.381107290034325049e-19 3.742415379907599046e-20
7.507008080672435426e+03 1.133046184531526230e-19 3.723688676831248391e-20
7.512014008605490744e+03 -1.034456022274080714e-20 3.840810818406808099e-20
7.517019936538546972e+03 1.525730189804975147e-19 4.620261702543952253e-20
7.522025864471602290e+03 1.933088341247646110e-19 5.434774362735025707e-20
7.527031792404657608e+03 2.548445124309512975e-19 5.580610291440474816e-20
7.532037720337713836e+03 1.385473465528906112e-19 4.645788539377357030e-20
7.537043648270770063e+03 2.062299065319725356e-19 4.369328707742226978e-20
7.542049576203824472e+03 1.396897268069749104e-19 4.318609272969652007e-20
7.547055504136880700e+03 2.064526001499934984e-19 4.328089508732413543e-20
7.552061432069936927e+03 1.414040036671838356e-19 4.558909567713760586e-20
7.557067360002992245e+03 2.452171201029259139e-19 4.583022401444315180e-20
7.562073287936047564e+03 8.419695563358244277e-20 4.501002589487268528e-20
7.567079215869103791e+03 9.634170691547175323e-20 5.163180587504725254e-20
7.572085143802159109e+03 2.801805121636652234e-19 5.219025608980033526e-20
7.577091071735214427e+03 2.346893951332808940e-19 4.592964382001590143e-20
7.582096999668270655e+03 1.748334642147949937e-19 4.311349622465974957e-20
7.587102927601326883e+03 2.854097689443729645e-19 4.282413904688453505e-20
7.592108855534382201e+03 1.671908385157268863e-19 5.041299035559875916e-20
7.597114783467437519e+03 2.266120210209870247e-19 6.724205747922952056e-20
7.602120711400493747e+03 4.638152313447693695e-20 8.841787140845956173e-20
7.607126639333549065e+03 2.321037601543138689e-19 9.268593400544246226e-20
7.612132567266604383e+03 3.382414203338338660e-19 8.489716875700338878e-20
7.617138495199660611e+03 1.181804713807595183e-19 6.974887311376693836e-20
7.622144423132716838e+03 2.451837659290782018e-19 6.551082242653093357e-20
7.627150351065772156e+03 9.804831634446732533e-20 6.826983568899318760e-20
7.632156278998827474e+03 2.639806686718704258e-19 6.866521063029857888e-20
7.637162206931883702e+03 1.964907861713226699e-19 6.154676230759735792e-20
7.642168134864939020e+03 1.820596071725723867e-19 5.789064647066837070e-20
7.647174062797994338e+03 2.503166656554302468e-19 5.599397235922016095e-20
7.652179990731050566e+03 1.771971601880777062e-19 5.427500931651820927e-20
7.657185918664106794e+03 2.243559373416091373e-19 5.575893007716481831e-20
7.662191846597162112e+03 1.264634623300525273e-19 5.433586425022081308e-20
7.667197774530217430e+03 1.885604950509204905e-19 5.045211879123415177e-20
7.672203702463273657e+03 1.939921166706920797e-19 4.558308214552891604e-20
7.677209630396328976e+03 1.319066624062413483e-19 4.530546674867600875e-20
7.682215558329384294e+03 2.313357165048061602e-19 4.547723798503388130e-20
7.687221486262440521e+03 1.975705189790639909e-19 4.579578277447446868e-20
7.692227414195496749e+03 2.004303720509684116e-19 4.541630119995697525e-20
7.697233342128551158e+03 1.397519614313733764e-19 4.462645466466052529e-20
7.702239270061607385e+03 2.245406643534500313e-19 4.371525630265778554e-20
7.707245197994663613e+03 3.249505343840091117e-19 5.749404303751510818e-20
7.712251125927718931e+03 5.499968130001179304e-20 7.266621381662535881e-20
7.717257053860774249e+03 3.310394582888135114e-19 7.029686588464084384e-20
7.722262981793830477e+03 5.196781681773286734e-19 5.574926818638378324e-20
7.727268909726885795e+03 2.364921847021785683e-19 4.620673763929952603e-20
7.732274837659941113e+03 2.034468263453298911e-19 4.177497737950106081e-20
7.737280765592997341e+03 1.382459195892277482e-19 4.044384978877178429e-20
7.742286693526053568e+03 3.050934508176829271e-19 4.614245244078241420e-20
7.747292621459108886e+03 3.005892784341403403e-19 6.502463531848587315e-20
7.752298549392164205e+03 3.681996917047125490e-19 6.768536292669602123e-20
7.757304477325220432e+03 2.614672856532494933e-19 5.656717174084712910e-20
7.762310405258275750e+03 2.144507256047568615e-19 5.005945833788092656e-20
7.767316333191331069e+03 2.391700146226153559e-19 4.604013753463119114e-20
7.772322261124387296e+03 8.850730085570457963e-20 4.897077635819233880e-20
7.777328189057443524e+03 1.271867779806543656e-19 5.299733871934068889e-20
7.782334116990498842e+03 3.398744028527850457e-19 5.025915172655318778e-20
7.787340044923554160e+03 2.278270361793409437e-19 5.706534436250644978e-20
7.792345972856610388e+03 4.713493266619834860e-20 6.732473770415731933e-20
7.797351900789665706e+03 2.735472480675881213e-19 6.461760211515397886e-20
7.802357828722721024e+03 1.621790154490148340e-19 5.322982598918834287e-20
7.807363756655777252e+03 3.668990269921700061e-19 5.648898546013937862e-20
7.812369684588833479e+03 9.196828982789388024e-20 5.633396965711581558e-20
7.817375612521888797e+03 1.578074973021646648e-19 6.959454268991845810e-20
7.822381540454944115e+03 2.777508150658705925e-19 6.953068049703945125e-20
7.827387468388000343e+03 3.370452465309741811e-19 5.373225678503323635e-20
7.832393396321055661e+03 1.371494460791288095e-19 4.336856893090868874e-20
7.837399324254110979e+03 1.879419177146202654e-19 4.939517526920642902e-20
7.842405252187167207e+03 2.371106701820224418e-19 5.046083208134541579e-20
7.847411180120223435e+03 1.562873378061443160e-20 6.243084941789423818e-20
7.852417108053277843e+03 3.406996828477011929e-19 7.020712894294092723e-20
7.857423035986334071e+03 4.504619642598450976e-19 6.843571696292542761e-20
7.862428963919390299e+03 2.158466158662286353e-19 5.707204808899935000e-20
7.867434891852445617e+03 1.749988595118718798e-19 5.682576887295475899e-20
7.872440819785500935e+03 1.762784294753833489e-19 5.697384384837315559e-20
7.877446747718557162e+03 1.678190166078122046e-19 5.330720534622800236e-20
7.882452675651613390e+03 3.826916535275873532e-19 5.503237845976984605e-20
7.887458603584667799e+03 3.141019875188578497e-19 5.746483171519974905e-20
7.892464531517724026e+03 3.130685889189569463e-19 5.506415628597351480e-20
7.897470459450780254e+03 2.469433687437354749e-19 4.419967070100710066e-20
7.902476387383835572e+03 1.676925328437009072e-19 4.236087312219378158e-20
7.907482315316890890e+03 1.937765998231612561e-19 6.343149382756928592e-20
7.912488243249947118e+03 1.564026172467440630e-19 7.787071152155533295e-20
7.917494171183002436e+03 3.539331337436358654e-19 8.116564628137769841e-20
7.922500099116057754e+03 1.730950525632577109e-19 6.396186392093703515e-20
7.927506027049113982e+03 5.130051056784420657e-19 6.126419790636243305e-20
7.932511954982170209e+03 1.769368166042648388e-19 5.795582570237691727e-20
7.937517882915225528e+03 3.547018556410625006e-19 4.987297303874295232e-20
7.942523810848280846e+03 6.850288356041002533e-20 4.980588608750136461e-20
7.947529738781337073e+03 1.614885959019455995e-19 5.294694277137993636e-20
7.952535666714392391e+03 2.209047592252266851e-19 4.968075932233820837e-20
7.957541594647447710e+03 1.944500728854189828e-19 5.427600114504282404e-20
7.962547522580503937e+03 2.033255093179654348e-19 6.695970144399543097e-20
7.967553450513560165e+03 3.414073217879230764e-19 6.448979576321313310e-20
7.972559378446615483e+03 1.422235884517210457e-19 5.136630660314015025e-20
7.977565306379670801e+03 2.030231253576335144e-19 5.389360316031932463e-20
7.982571234312727029e+03 1.699736212713164582e-19 5.168966508525702350e-20
7.987577162245782347e+03 3.238553989086222495e-19 6.088576291027304632e-20
7.992583090178837665e+03 5.021346681972808499e-20 6.710767140258709005e-20
7.997589018111893893e+03 2.322103076423661237e-19 6.054889010118564579e-20
8.002594946044950120e+03 2.159252185595675696e-19 4.211382746904870323e-20
8.007600873978005438e+03 1.719189146464592683e-19 4.544492833288462481e-20
8.012606801911060757e+03 1.812152897740136166e-19 5.007318464371502089e-20
8.017612729844116984e+03 2.555094328719743331e-19 5.400133045239164901e-20
8.022618657777172302e+03 2.841421247050348621e-19 6.323977070631109915e-20
8.027624585710227620e+03 8.309442210671791722e-20 6.403260627471244837e-20
8.032630513643283848e+03 2.734058506846452629e-19 5.038285188747809049e-20
8.037636441576340076e+03 1.817123248047303728e-19 4.330246485623767501e-20
8.042642369509394484e+03 1.669381424972750699e-19 4.401332501236816832e-20
8.047648297442450712e+03 1.341115057693249790e-19 4.985671432897105778e-20
8.052654225375506940e+03 2.029998141257572654e-19 5.217845141418976604e-20
8.057660153308562258e+03 8.960229126482486049e-20 5.962402740772185022e-20
8.062666081241617576e+03 1.003424599309644802e-19 5.916003170481355990e-20
8.067672009174673803e+03 2.753002097477321455e-19 5.154237528198107166e-20
8.072677937107729122e+03 2.204862918428890491e-19 4.486189455910368700e-20
8.077683865040784440e+03 2.965535023780764238e-19 4.462393302977944476e-20
8.082689792973840667e+03 3.039536921555237410e-19 4.422987567319326925e-20
8.087695720906896895e+03 1.784978244422447816e-19 4.493943896099369848e-20
8.092701648839952213e+03 2.810774026492792647e-20 4.475396994760219041e-20
8.097707576773007531e+03 2.290756227446241919e-19 4.788897079880225264e-20
8.102713504706063759e+03 2.449911353029445225e-19 4.677988146952930261e-20
8.107719432639119077e+03 1.195952717285308612e-19 4.381957165920552152e-20
8.112725360572174395e+03 1.284204862068800605e-19 4.052921288799784080e-20
8.117731288505230623e+03 1.157341644320280399e-19 4.044673008449884141e-20
8.122737216438286850e+03 1.536283558795306963e-19 4.047828433336683683e-20
8.127743144371342169e+03 2.021218451672646358e-19 4.094399689151591706e-20
8.132749072304397487e+03 1.640186136160215454e-19 4.201456581713170764e-20
8.137755000237453714e+03 3.786675911193180950e-20 4.320043861016187070e-20
8.142760928170509032e+03 7.077266944527673778e-20 4.457139068778532608e-20
8.147766856103564351e+03 1.408453584278106410e-19 4.395335656590982404e-20
8.152772784036620578e+03 1.117064565504046920e-19 4.268244459896495013e-20
8.157778711969676806e+03 8.426465550310005197e-20 4.215572976895585363e-20
8.162784639902732124e+03 1.772498904508694910e-19 4.265441119799512769e-20
8.167790567835787442e+03 1.494806452134096656e-19 4.352225036282637040e-20
8.172796495768843670e+03 1.970815208690925367e-19 4.411634839470289812e-20
8.177802423701898988e+03 1.374419462565866789e-19 4.490923860179578732e-20
8.182808351634954306e+03 1.832493761203188502e-19 4.652556126789699495e-20
8.187814279568010534e+03 1.360435241209921331e-19 4.761580768773921944e-20
8.192820207501066761e+03 2.113849193669521033e-19 4.744260804544984617e-20
8.197826135434121170e+03 1.875305031523269140e-19 4.615329222912248124e-20
8.202832063367177398e+03 1.628389962863455814e-19 4.487697171397418287e-20
8.207837991300233625e+03 1.878245040292785810e-19 4.430818267782097090e-20
8.212843919233288034e+03 1.392783964465309835e-19 4.348938039930574214e-20
8.217849847166344261e+03 4.576469743364960243e-20 4.260453316194064786e-20
8.222855775099400489e+03 3.428213121652384928e-20 4.172456311808727450e-20
8.227861703032456717e+03 1.322415776930845266e-19 4.118606664043476646e-20
8.232867630965511125e+03 1.535361748819414500e-19 4.093759159914805327e-20
8.237873558898567353e+03 1.610853210220528515e-19 4.139212665318368259e-20
8.242879486831623581e+03 1.969379426078455975e-19 4.194348126245723240e-20
8.247885414764677989e+03 6.390282994159717081e-20 4.159757794983174786e-20
8.252891342697734217e+03 9.669695891300511323e-20 4.121278091618036535e-20
8.257897270630790445e+03 9.633164890768529421e-20 4.091434433194699733e-20
8.262903198563846672e+03 1.559192403374386058e-19 4.062092819069769644e-20
8.267909126496901081e+03 1.582169870303393117e-19 4.128553146546322253e-20
8.272915054429957308e+03 2.380362695271375846e-19 4.966926726958052349e-20
8.277920982363013536e+03 2.914974523674879528e-19 6.464713178397721011e-20
8.282926910296067945e+03 2.772472474687731947e-19 7.770687316788189209e-20
8.287932838229124172e+03 9.566109503650862250e-20 7.487577503066519426e-20
8.292938766162180400e+03 3.336154086228880564e-19 8.015223347246403406e-20
8.297944694095236628e+03 8.322100330760708177e-20 7.776678458157139280e-20
8.302950622028291036e+03 3.699503782585251824e-19 7.097572524748430585e-20
8.307956549961347264e+03 2.597200751012099159e-19 5.836858422578119396e-20
8.312962477894403492e+03 3.054265107264421675e-19 5.770878215551099108e-20
8.317968405827457900e+03 1.910836572903090176e-19 4.988177285832280166e-20
8.322974333760514128e+03 6.989315704915691881e-20 4.621871523644199262e-20
8.327980261693570355e+03 1.790750179085441907e-19 4.473780023432429624e-20
8.332986189626626583e+03 1.608246656286934847e-19 4.570268546268511351e-20
8.337992117559680992e+03 3.656951509153707039e-19 7.885630526860838371e-20
8.342998045492737219e+03 3.549507800129929544e-19 9.838399587744577408e-20
8.348003973425793447e+03 5.100426825446498925e-19 9.816988406198585049e-20
8.353009901358847856e+03 1.678410791288657871e-19 6.838897110103473186e-20
8.358015829291904083e+03 1.572892407661542054e-19 5.914257554318254160e-20
8.363021757224960311e+03 1.767822528200939521e-19 5.197785923050038775e-20
8.368027685158016538e+03 2.519063494174264091e-19 4.910636152258735822e-20
8.373033613091070947e+03 1.700479903077895747e-19 4.447858721310585916e-20
8.378039541024127175e+03 8.555701998996122631e-20 5.566738702054062014e-20
8.383045468957181583e+03 1.812451646469718187e-19 5.679504682520868682e-20
8.388051396890237811e+03 2.115139188342291209e-19 4.959028359850190430e-20
8.393057324823294039e+03 1.366184340420716151e-19 6.846908041270556898e-20
8.398063252756350266e+03 2.933023180232301043e-20 8.158157221257518356e-20
8.403069180689406494e+03 4.517659983229361349e-19 7.485200531224549248e-20
8.408075108622460903e+03 2.316548033015055148e-19 5.304733776471391168e-20
8.413081036555517130e+03 3.361214139431244878e-20 6.187193945866070074e-20
8.418086964488571539e+03 5.185082247453832961e-20 6.188399557386442617e-20
8.423092892421627766e+03 1.792008814664484400e-19 7.011077868501132866e-20
8.428098820354683994e+03 1.047821516026678584e-19 9.236718485578755695e-20
8.433104748287740222e+03 3.018691368263596487e-19 8.978886212448160852e-20
8.438110676220796449e+03 3.069447711415686464e-19 5.466628778856714570e-20
8.443116604153850858e+03 8.340335002170199907e-20 5.037105786842806086e-20
8.448122532086907086e+03 1.794473945849285695e-19 6.376996361635289162e-20
8.453128460019961494e+03 1.865221777816572860e-19 6.352525175749468440e-20
8.458134387953017722e+03 5.006739817175027017e-19 6.779821318878422984e-20
8.463140315886073950e+03 2.470888299200881451e-19 7.991481389143158552e-20
8.468146243819130177e+03 3.940016154517320455e-19 7.515495182978380574e-20
8.473152171752186405e+03 2.205687371052403039e-19 4.807800251571628740e-20
8.478158099685240813e+03 1.416675385600825390e-19 4.243104220116304838e-20
8.483164027618297041e+03 7.362485950772040363e-20 4.169242672245287498e-20
8.488169955551351450e+03 1.428663720295554781e-19 4.981724964258518947e-20
8.493175883484407677e+03 1.043511715447516474e-19 5.237218269397122839e-20
8.498181811417463905e+03 1.896682025566044456e-19 5.856603981720731795e-20
8.503187739350520133e+03 1.475946984891668780e-19 6.187779929956608922e-20
8.508193667283574541e+03 5.238351707474849111e-20 5.792231206005392165e-20
8.513199595216630769e+03 9.813575178898746164e-20 4.235754791887180521e-20
8.518205523149686996e+03 1.174461272838124708e-19 4.048479381321361557e-20
8.523211451082741405e+03 7.675841639132339565e-20 4.080189288407314550e-20
8.528217379015797633e+03 1.608512363083243063e-19 4.071919627723716164e-20
8.533223306948853860e+03 1.326740147262982284e-19 4.474560055432183994e-20
8.538229234881910088e+03 6.607565812977679809e-20 4.726495911299018297e-20
8.543235162814964497e+03 3.028895867976142073e-19 5.353779987891393987e-20
8.548241090748020724e+03 7.057203387187351740e-20 5.410243428461721239e-20
8.553247018681076952e+03 2.797452452055366022e-19 5.129069473809686920e-20
8.558252946614131361e+03 2.406838997689544469e-19 4.434222084559023978e-20
8.563258874547187588e+03 1.541542858611819097e-19 4.474560236765529939e-20
8.568264802480243816e+03 9.371960106963784909e-20 4.624013040172793809e-20
8.573270730413300043e+03 1.004330974396072689e-19 4.689301015910580186e-20
8.578276658346354452e+03 2.495989452896948728e-19 4.600924592194591311e-20
8.583282586279410680e+03 2.327302862430421082e-19 4.701691660676493340e-20
8.588288514212466907e+03 1.993644696349549268e-19 4.791235012212968316e-20
8.593294442145521316e+03 2.251845333683522588e-19 4.913840124688130488e-20
8.598300370078577544e+03 1.757007221422663117e-19 4.717019331827886648e-20
8.603306298011633771e+03 7.845959866678341485e-20 4.424647825347203352e-20
8.608312225944689999e+03 3.717991525695975006e-20 4.531602737375379069e-20
8.613318153877744408e+03 1.660393716768266212e-19 5.182581382836918666e-20
8.618324081810800635e+03 2.228174887353511813e-20 6.006941663572776723e-20
8.623330009743856863e+03 2.185045025975773100e-19 6.762921868649759275e-20
8.628335937676911271e+03 2.138674560273644606e-19 7.068633491038899593e-20
8.633341865609967499e+03 2.458217028095137490e-19 6.751791353237538001e-20
8.638347793543023727e+03 3.061490003356313408e-19 5.953256973792721019e-20
8.643353721476079954e+03 2.733261755941683506e-19 5.527878007151263474e-20
8.648359649409134363e+03 1.440463542214832047e-19 6.152443093685074063e-20
8.653365577342190591e+03 -2.232159106924931179e-20 6.948877448715743450e-20
8.658371505275246818e+03 2.423413092302808532e-19 7.169656252344103695e-20
8.663377433208301227e+03 1.739238415037912831e-19 7.019049193691102237e-20
8.668383361141357454e+03 3.569121399160592402e-19 6.684629901096003840e-20
8.673389289074413682e+03 1.367575954923600180e-19 6.292346223188146418e-20
8.678395217007469910e+03 1.939548194146112907e-19 5.841823723944662655e-20
8.683401144940524318e+03 1.340526793346424548e-19 5.414522141985801636e-20
8.688407072873580546e+03 1.621530609510348152e-19 5.133182843486938227e-20
8.693413000806636774e+03 9.126174576137434358e-20 5.051871253353816149e-20
8.698418928739691182e+03 1.366440994961969315e-19 5.079435047630553407e-20
8.703424856672747410e+03 1.601670126086721921e-19 5.037328472349449821e-20
8.708430784605803638e+03 1.781080939489193725e-19 4.806696720159832210e-20
8.713436712538859865e+03 1.628809762487704394e-19 4.546016463286327580e-20
8.718442640471914274e+03 1.608274001666191787e-19 4.412581633473228974e-20
8.723448568404970501e+03 1.275224778457461475e-19 4.382269732414358703e-20
8.728454496338024910e+03 7.961708624673757435e-20 4.324495564996056518e-20
8.733460424271081138e+03 8.480200770726300426e-20 4.293784939139966915e-20
8.738466352204137365e+03 2.360406358980305815e-19 4.319305263976338039e-20
8.743472280137193593e+03 1.891715270590965199e-19 4.280665192281577506e-20
8.748478208070249821e+03 1.814634738277630987e-19 4.313637923480162276e-20
8.753484136003304229e+03 3.229168295413705539e-19 5.835329579368730937e-20
8.758490063936360457e+03 1.637251344522829909e-19 8.014916883295204837e-20
8.763495991869414866e+03 3.406673921901009048e-19 9.769054326647065687e-20
8.768501919802471093e+03 3.497798409412275994e-19 8.984159549200222318e-20
8.773507847735527321e+03 5.480526706138828378e-19 9.223447286669879250e-20
8.778513775668583548e+03 3.927164947090272123e-19 8.642121241654146971e-20
8.783519703601639776e+03 6.660228991650382738e-19 7.062948830575613744e-20
8.788525631534694185e+03 9.638535335022883432e-20 6.064784223200468026e-20
8.793531559467750412e+03 3.105015530967518649e-20 6.012297658209910434e-20
8.798537487400804821e+03 1.505310869220761127e-19 4.876741748929871428e-20
8.803543415333861049e+03 5.033386689014270192e-20 4.708016935023247368e-20
8.808549343266917276e+03 6.873587245551779300e-20 4.910678428336682267e-20
8.813555271199973504e+03 6.362514068169275442e-20 4.989365537371257513e-20
8.818561199133029731e+03 1.234695592512510325e-19 7.387465976020819434e-20
8.823567127066084140e+03 -1.691011738059705706e-19 1.298877868356250430e-19
8.828573054999140368e+03 -5.744036974696001497e-20 1.395340392648357348e-19
8.833578982932194776e+03 8.195300295397552167e-19 1.111246531976544715e-19
8.838584910865251004e+03 5.254454748631089811e-19 8.660979635821937687e-20
8.843590838798307232e+03 2.087746820625871863e-19 6.618576807304288237e-20
8.848596766731363459e+03 1.610900950071975632e-21 6.311046383844917680e-20
8.853602694664417868e+03 2.780763088972079160e-19 5.853052222534349501e-20
8.858608622597474096e+03 2.248754926196269831e-19 5.465379585576328771e-20
8.863614550530530323e+03 1.424628527635681564e-19 7.171097277385472400e-20
8.868620478463584732e+03 5.082698041545171662e-20 7.127590299973449203e-20
8.873626406396640959e+03 2.565589380961015715e-19 5.622274115948711270e-20
8.878632334329697187e+03 2.945515414880093702e-19 7.524133321811728714e-20
8.883638262262753415e+03 -1.399638617792126649e-20 1.018016047818250537e-19
8.888644190195807823e+03 3.203978996296512119e-19 9.816803473859264853e-20
8.893650118128864051e+03 3.043819748764349945e-19 6.181522823841598534e-20
8.898656046061920279e+03 3.256035611887119339e-19 7.312745457042260697e-20
8.903661973994974687e+03 7.163135022933339905e-20 7.712330614039399075e-20
8.908667901928030915e+03 3.950930169443893030e-19 6.635683868181125996e-20
8.913673829861087142e+03 3.290976450626508530e-19 9.687013888142341328e-20
8.918679757794143370e+03 3.437401335314519260e-19 1.152210918004662459e-19
8.923685685727199598e+03 5.763522821477889151e-19 1.023299000236693068e-19
8.928691613660254006e+03 1.489863188379354841e-19 5.820151797508706602e-20
8.933697541593308415e+03 1.823867130447539257e-19 5.560931474661557228e-20
8.938703469526364643e+03 3.865060016326526860e-19 7.643728339311202890e-20
8.943709397459420870e+03 1.467568822225951521e-19 8.142256325949636479e-20
8.948715325392477098e+03 3.686550220811035067e-19 7.767736622620445056e-20
8.953721253325533326e+03 3.679140226517012860e-19 1.116084893156756883e-19
8.958727181258589553e+03 7.069248128129621627e-19 1.179046591744931354e-19
8.963733109191643962e+03 3.106912959633304369e-19 8.532276813689335889e-20
8.968739037124698370e+03 1.251862642413581984e-19 5.744736020660397776e-20
8.973744965057754598e+03 2.442387626957431200e-19 5.630616967489845990e-20
8.978750892990810826e+03 2.245966570785233987e-19 5.828659541998835352e-20
8.983756820923867053e+03 2.366199710594252394e-19 7.140601640304202915e-20
8.988762748856923281e+03 5.223804166084229661e-20 7.211105999436536122e-20
8.993768676789977690e+03 5.991743554129238888e-20 7.492541270644922151e-20
8.998774604723033917e+03 2.608847812556194276e-20 8.473128865983748002e-20
9.003780532656088326e+03 7.249329776817300023e-20 8.059519688366488752e-20
9.008786460589144554e+03 1.345677123514392808e-19 5.606545031137115806e-20
9.013792388522200781e+03 1.102208598342400647e-19 4.919895949336578016e-20
9.018798316455257009e+03 1.217779302414606469e-19 4.965419629888371195e-20
9.023804244388313236e+03 8.614007293728862027e-20 5.050156271485742957e-20
9.028810172321367645e+03 1.239308542056522676e-19 5.211675443960918096e-20
9.033816100254423873e+03 6.609948883636692140e-20 5.995439676909355067e-20
9.038822028187478281e+03 2.089496471694226041e-19 6.221802749720205422e-20
9.043827956120534509e+03 3.543008179687154424e-19 6.876552163103379309e-20
9.048833884053590737e+03 1.429130556396745843e-19 7.164329703950623683e-20
9.053839811986646964e+03 1.137002789712992753e-19 6.667288374861486968e-20
9.058845739919703192e+03 3.171127638528527667e-20 5.578114050444026151e-20
9.063851667852757600e+03 2.122244874372327790e-19 5.602210460513548909e-20
9.068857595785813828e+03 1.133708335030504810e-19 5.680202796913911419e-20
9.073863523718868237e+03 1.357797623881521012e-19 5.650020371871439954e-20
9.078869451651924464e+03 1.629547632885888803e-19 5.674057316654249332e-20
9.083875379584980692e+03 7.578234968072210580e-20 5.850716333122255586e-20
9.088881307518036920e+03 1.168350788167594590e-19 6.237663389477039562e-20
9.093887235451093147e+03 3.418751249168952900e-20 6.358575221897073406e-20
9.098893163384147556e+03 8.921554794095957053e-20 6.610701633532734132e-20
9.103899091317203784e+03 4.278866044924728901e-20 6.365815691933753336e-20
9.108905019250258192e+03 1.666592989413320255e-19 5.659156877360733243e-20
9.113910947183314420e+03 5.456474380787131893e-20 5.225493490643419691e-20
9.118916875116370647e+03 5.888858457937926234e-20 5.142061938059012642e-20
9.123922803049426875e+03 1.014667806196666279e-19 5.103496084336719162e-20
9.128928730982483103e+03 6.608326708177938032e-20 5.105735630016544649e-20
9.133934658915537511e+03 1.417480125729728638e-19 5.113021814819800586e-20
9.138940586848593739e+03 1.561429383665481656e-19 5.124942503516552314e-20
9.143946514781648148e+03 1.003051907974020902e-19 5.291944539150763171e-20
9.148952442714704375e+03 1.525701529979183332e-19 5.644941913597660791e-20
9.153958370647760603e+03 1.924356165197757440e-19 5.929574227567587658e-20
9.158964298580816831e+03 4.159051917477704142e-20 5.958449694737564007e-20
9.163970226513873058e+03 1.285248832504384886e-19 5.778653598074827687e-20
9.168976154446927467e+03 2.420194491890477079e-19 5.405053625095372458e-20
9.173982082379983694e+03 2.027691400339490589e-19 5.388150264354843754e-20
9.178988010313038103e+03 1.588822973461992507e-19 5.444001278747631691e-20
9.183993938246094331e+03 1.526174628675605308e-19 5.497078094723588897e-20
9.188999866179150558e+03 6.875695273911669941e-20 5.561443174532541632e-20
9.194005794112206786e+03 1.152702755140514439e-19 5.669889469890744633e-20
9.199011722045263014e+03 1.675152991045086188e-19 5.895091360947400163e-20
9.204017649978317422e+03 1.243923311678538314e-19 6.086879581342817866e-20
9.209023577911373650e+03 1.423921017551427083e-19 6.373614541769631009e-20
9.214029505844428058e+03 1.937473261536819621e-19 6.610229865902498431e-20
9.219035433777484286e+03 2.634604659878671201e-19 6.741851106209022970e-20
9.224041361710540514e+03 9.585720525040675664e-20 6.538963717376498669e-20
9.229047289643596741e+03 6.993987502130849565e-20 6.199796147804915285e-20
9.234053217576652969e+03 1.336297953352056722e-19 5.764599059174180196e-20
9.239059145509707378e+03 2.814908720398500984e-20 5.645686103133603776e-20
9.244065073442761786e+03 8.788032670753277706e-20 5.758175872239545150e-20
9.249071001375818014e+03 4.955476695472543733e-20 5.873943888194221342e-20
9.254076929308874242e+03 6.643925871101604902e-20 5.904600346896455385e-20
9.259082857241930469e+03 4.703238225417928595e-20 5.791630564017061678e-20
9.264088785174986697e+03 1.655976269292578314e-20 5.602696167802390324e-20
9.269094713108042924e+03 9.725895985172768095e-20 5.464012055803556415e-20
9.274100641041097333e+03 1.769031978983064738e-19 5.427410999116649629e-20
9.279106568974151742e+03 1.251033354824826649e-19 5.665766532738898203e-20
9.284112496907207969e+03 4.532719957136084964e-20 5.947383196104721619e-20
9.289118424840264197e+03 3.553250767344938497e-21 6.247872640036475904e-20
9.294124352773320425e+03 -7.201985952650626283e-21 6.474936687900482127e-20
9.299130280706376652e+03 2.928456709058574775e-19 8.738150517400860910e-20
9.304136208639432880e+03 6.918831080966244126e-19 1.341350383877982041e-19
9.309142136572487289e+03 2.771866008118778188e-19 1.771294829815071667e-19
9.314148064505541697e+03 3.905809929617399572e-19 1.795905968722818134e-19
9.319153992438597925e+03 1.892462828299733762e-19 1.775816782388179012e-19
9.324159920371654152e+03 2.203671057823839053e-19 1.668403139231784396e-19
9.329165848304710380e+03 7.841403925160911039e-19 1.388861224887268839e-19
9.334171776237766608e+03 5.984720155696398611e-19 1.293741030049558571e-19
9.339177704170821016e+03 3.639800078604215031e-20 1.313779215425288782e-19
9.344183632103877244e+03 -7.342587630651251233e-20 1.083302169588072370e-19
9.349189560036931653e+03 -4.047571708328524573e-20 9.555475655641817478e-20
9.354195487969987880e+03 2.311809078568534752e-19 9.686147809174678748e-20
9.359201415903044108e+03 1.961323226159458331e-19 8.961877372920352463e-20
9.364207343836100335e+03 1.814304895503010896e-20 9.883568770259945354e-20
9.369213271769156563e+03 -3.610275981625227534e-19 1.827058065492489243e-19
9.374219199702210972e+03 -8.398005748350256306e-19 2.269438859395228052e-19
9.379225127635267199e+03 -1.579058577310026290e-19 2.024187383622951872e-19
9.384231055568321608e+03 2.136648550297746203e-19 1.133956572358846811e-19
9.389236983501377836e+03 7.514641171195241690e-20 8.676689716341038482e-20
9.394242911434434063e+03 1.378938122570165083e-19 8.129719642356395308e-20
9.399248839367490291e+03 1.783275134482736260e-19 9.330097303236959383e-20
9.404254767300546519e+03 4.289012821819341953e-20 9.342185934025854739e-20
9.409260695233600927e+03 2.668900611603062684e-19 8.290683844025882297e-20
9.414266623166657155e+03 1.594368168954150079e-19 1.043336055114805259e-19
9.419272551099711563e+03 -1.794137368580423482e-19 1.173481389697272386e-19
9.424278479032767791e+03 3.713792525747472613e-19 1.136524602462895043e-19
9.429284406965824019e+03 4.094519468010053608e-19 9.543326864391063073e-20
9.434290334898880246e+03 -8.759725976155529074e-19 1.639106868514879241e-19
9.439296262831936474e+03 -9.527090756239823344e-19 1.968930679886382514e-19
9.444302190764990883e+03 6.401394859798445131e-19 1.589203115985338760e-19
9.449308118698047110e+03 4.431047790737578090e-19 1.093597280557403650e-19
9.454314046631101519e+03 -2.011481380534571976e-19 1.453262379372711249e-19
9.459319974564157746e+03 3.643913896354895522e-19 1.484049571038171954e-19
9.464325902497213974e+03 2.688116533576360092e-19 1.139398014979665375e-19
9.469331830430270202e+03 4.171180818786203586e-19 1.387667084259165456e-19
9.474337758363326429e+03 8.434658838475159737e-19 1.845221067338134761e-19
9.479343686296380838e+03 6.042481841835276431e-19 1.773386789638199457e-19
9.484349614229437066e+03 3.628448514095560594e-19 1.073425993257885077e-19
9.489355542162491474e+03 3.055972461254300071e-19 8.626507064226833770e-20
9.494361470095547702e+03 1.727412683431796037e-19 1.040620325205330594e-19
9.499367398028603930e+03 -1.375561558769644826e-19 1.284446732510708106e-19
9.504373325961660157e+03 9.427304397143045080e-20 1.208925145235362414e-19
9.509379253894716385e+03 1.207860159119302230e-19 9.820726796629889257e-20
9.514385181827770793e+03 3.421258263155260557e-19 1.369403669141611093e-19
9.519391109760827021e+03 6.059362748411987154e-19 1.512988282806306289e-19
9.524397037693881430e+03 5.591115892359728933e-19 1.225963313000498651e-19
9.529402965626937657e+03 2.210816396977489477e-19 8.820279299357573623e-20
9.534408893559993885e+03 1.837538025808374369e-19 8.666823335661973322e-20
9.539414821493050113e+03 1.773962880286781003e-19 8.657402857076717437e-20
9.544420749426106340e+03 2.377785863595575245e-19 9.523496944941179096e-20
9.549426677359160749e+03 2.075943129376346611e-19 1.137533396777782175e-19
9.554432605292216977e+03 1.383534275596683612e-19 1.184584921965072525e-19
9.559438533225271385e+03 4.269424976409063313e-19 1.191129050576030985e-19
9.564444461158327613e+03 -2.366860256472548019e-19 1.515896973025351128e-19
9.569450389091383840e+03 -2.954712892738645450e-20 1.529484368696264362e-19
9.574456317024440068e+03 2.793623304673665111e-19 1.112120171603126328e-19
9.579462244957496296e+03 5.843526252921870104e-20 9.495244963720264943e-20
9.584468172890550704e+03 2.435057833008979182e-19 9.512986439749844378e-20
9.589474100823605113e+03 1.529512760780461682e-19 9.939493608325431709e-20
9.594480028756661341e+03 1.771016082001297607e-19 9.968815544208321346e-20
9.599485956689717568e+03 -9.151832707920464496e-20 1.026867521769242923e-19
9.604491884622773796e+03 1.104291688389915927e-19 1.125253297344474020e-19
9.609497812555830023e+03 7.313220534746121955e-20 1.099104984401406029e-19
9.614503740488886251e+03 1.151378226920934143e-19 1.113719879529993129e-19
9.619509668421940660e+03 -1.051334660901498495e-20 1.179665732441558848e-19
9.624515596354995068e+03 5.651534999344901755e-20 1.130528876009706988e-19
9.629521524288051296e+03 5.235397826874496083e-20 9.420255972038446543e-20
9.634527452221107524e+03 -2.799977312177839110e-20 9.034311124253604513e-20
9.639533380154163751e+03 2.129199157631285989e-19 8.978425222152979053e-20
9.644539308087219979e+03 8.663477213906098043e-20 8.863278503516833932e-20
9.649545236020274388e+03 -1.111835745869911561e-19 8.972971785997862630e-20
9.654551163953330615e+03 6.569958633025927493e-20 9.186086575123268328e-20
9.659557091886385024e+03 1.066146075112652004e-19 9.525132551649208583e-20
9.664563019819441251e+03 9.223145947955568862e-20 1.065314665507593684e-19
9.669568947752497479e+03 2.985698718698062513e-19 1.119404733860938113e-19
9.674574875685553707e+03 5.504148287150036622e-20 1.195141653439922401e-19
9.679580803618609934e+03 1.634997201819343343e-19 1.276417961802370075e-19
9.684586731551664343e+03 3.020149343887888158e-19 1.262900211212051201e-19
9.689592659484720571e+03 1.395373407932989903e-19 1.141685395040543945e-19
9.694598587417774979e+03 -1.030707273735653680e-19 1.306432631816641546e-19
9.699604515350831207e+03 6.021285884699486437e-20 1.376509293096923321e-19
9.704610443283887435e+03 2.323051715892079925e-19 1.328724149864441671e-19
9.709616371216943662e+03 3.151119710314293314e-20 1.297462661364461680e-19
9.714622299149999890e+03 -3.120194914958350606e-19 1.606987942095912219e-19
9.719628227083054298e+03 3.559807241283992060e-20 1.660945242953263526e-19
9.724634155016110526e+03 2.101387916654197092e-19 1.464931456135397966e-19
9.729640082949164935e+03 6.382790296847117625e-20 1.273094366167068776e-19
9.734646010882221162e+03 2.074579700958996085e-19 1.377473759942119622e-19
9.739651938815277390e+03 1.236073993754205863e-19 1.397680186205761094e-19
9.744657866748333618e+03 2.327412791801843052e-19 1.242852903053744598e-19
9.749663794681389845e+03 2.783500210446957207e-19 1.128151952972617753e-19
9.754669722614444254e+03 8.238967253571406632e-20 1.056042731846305973e-19
9.759675650547500481e+03 2.161601050332341868e-19 1.052464017902295329e-19
9.764681578480554890e+03 9.267532881078480099e-20 1.057017009546920001e-19
9.769687506413611118e+03 1.950121031533138247e-19 1.056450517730148303e-19
9.774693434346667345e+03 2.224987061598529648e-19 1.049409097134134481e-19
9.779699362279723573e+03 2.949381444816284003e-19 1.115507139698812211e-19
9.784705290212779801e+03 8.108581251066778224e-19 1.674361453599168229e-19
9.789711218145834209e+03 7.379781824902823919e-19 2.023557128781529018e-19
9.794717146078890437e+03 5.268114545946616173e-19 1.999902179421829643e-19
9.799723074011944846e+03 5.365317849119619766e-19 1.596242724085827690e-19
9.804729001945001073e+03 2.022240625420920626e-19 1.413874985837934267e-19
9.809734929878057301e+03 -2.265879394265669072e-21 1.338351702286500899e-19
9.814740857811113528e+03 -3.688511549747540742e-20 1.331217845067529971e-19
9.819746785744169756e+03 1.310671206633054825e-19 1.281924391221241769e-19
9.824752713677224165e+03 1.278180599226710508e-19 1.276961156868776270e-19
9.829758641610280392e+03 1.776949096078780051e-19 1.306051716426522778e-19
9.834764569543334801e+03 1.806765364790181256e-19 1.305439586779430166e-19
9.839770497476391029e+03 4.723068806040819751e-20 1.360366120933147995e-19
9.844776425409447256e+03 -3.503027196944556280e-19 1.601699104975029832e-19
9.849782353342503484e+03 4.598163208069987054e-21 1.680611461651792812e-19
9.854788281275559712e+03 8.020024689127326513e-20 1.506536345226823506e-19
9.859794209208614120e+03 2.733566572949799757e-19 1.390413396495355678e-19
9.864800137141670348e+03 5.741730806349883921e-19 1.771178179112522147e-19
9.869806065074724756e+03 5.442425429963202523e-19 2.176007324507499522e-19
9.874811993007780984e+03 6.863716714497640567e-20 2.104158206325650932e-19
9.879817920940837212e+03 4.561242708842296778e-19 1.572605037203759032e-19
9.884823848873893439e+03 -1.354951185941705679e-19 1.452665234739895047e-19
9.889829776806949667e+03 -4.211318078325215077e-21 1.694967851054470057e-19
9.894835704740004076e+03 -4.824632650544161772e-19 1.722324588752942306e-19
9.899841632673058484e+03 3.482493702893915152e-19 1.568393209926013388e-19
9.904847560606114712e+03 8.891142522661037985e-19 1.495356686989445419e-19
9.909853488539170939e+03 1.670509745173613345e-18 2.027131848811052972e-19
9.914859416472227167e+03 1.774508247483762024e-18 2.201530264652692897e-19
9.919865344405283395e+03 1.346122167341591291e-18 1.865762610530375680e-19
9.924871272338339622e+03 4.939223988015451128e-19 1.472870036126121020e-19
9.929877200271394031e+03 5.168797927934875418e-19 1.444835139866084964e-19
9.934883128204448440e+03 2.074177347200405899e-19 1.725017240481488977e-19
9.939889056137504667e+03 1.083267935467456810e-19 2.377658587602984177e-19
9.944894984070560895e+03 6.777513075802717086e-19 2.815809269577010172e-19
9.949900912003617123e+03 8.830251663179079243e-19 2.803461252954176039e-19
9.954906839936673350e+03 1.318504338033772616e-18 2.777546739496251519e-19
9.959912767869729578e+03 4.946740528777598158e-19 2.854513004001698410e-19
9.964918695802783986e+03 2.939880903009336464e-19 2.569874025594883537e-19
9.969924623735838395e+03 1.726181067310223150e-19 2.267347110846803421e-19
9.974930551668894623e+03 3.574501802212983693e-19 2.165047732401393238e-19
9.979936479601950850e+03 2.680415314830460784e-19 1.977381549574374165e-19
9.984942407535007078e+03 3.341505166342917564e-19 1.868459731031403427e-19
9.989948335468063306e+03 4.208402924113849337e-19 1.816016937969371342e-19
9.994954263401117714e+03 2.646474967218445404e-19 1.924158287418519934e-19
9.999960191334173942e+03 1.518935801852782599e-19 2.014217091339950415e-19
1.000496611926722835e+04 -3.741730671261770562e-20 2.418741633089663312e-19
1.000997204720028458e+04 2.526702439357961633e-19 3.078978191033493081e-19
1.001497797513334081e+04 1.344753271959132040e-18 3.075949197394008551e-19
1.001998390306639703e+04 1.084035506300597935e-18 2.606716496603605016e-19
1.002498983099945326e+04 3.986216559135813138e-19 2.371413086632193048e-19
1.002999575893250767e+04 4.539528276324134597e-19 2.151689296303465199e-19
1.003500168686556390e+04 -1.693494914732455842e-19 1.914860193715245607e-19
1.004000761479861831e+04 6.080350608449358136e-19 1.975308911484745942e-19
1.004501354273167453e+04 7.782670454101072666e-19 1.998760019685883139e-19
1.005001947066473076e+04 3.584613122516447588e-19 1.978079522270135565e-19
1.005502539859778699e+04 -8.709167857766086177e-20 2.143301158874325830e-19
1.006003132653084322e+04 -1.598400672736800627e-19 2.358397099830610084e-19
1.006503725446389763e+04 4.024311860803584341e-19 2.423981755032078635e-19
1.007004318239695385e+04 4.862330962558870909e-19 2.333241555504100850e-19
1.007504911033000826e+04 5.823245506993470213e-19 2.526740781955254150e-19
1.008005503826306449e+04 1.088684589234623920e-18 2.973605351097834168e-19
1.008506096619612072e+04 1.506565652842619513e-18 3.084640058065379834e-19
1.009006689412917694e+04 -1.408740673713622985e-19 2.692549132442515257e-19
1.009507282206223317e+04 4.107767409110895350e-19 2.564247162853650205e-19
1.010007874999528758e+04 -4.512683750624536624e-19 2.853156194854902928e-19
1.010508467792834381e+04 5.393884538325550516e-19 2.954318748954422496e-19
1.011009060586139822e+04 6.086069423460948026e-19 2.716241866757858109e-19
1.011509653379445444e+04 1.296939143066145037e-19 2.735043977634503619e-19
1.012010246172751067e+04 -9.192902074018544489e-19 3.279771551519377719e-19
1.012510838966056690e+04 -8.280794907610952143e-19 3.370804968604481006e-19
1.013011431759362313e+04 5.165644612463653950e-20 2.948557417198858380e-19
1.013512024552667754e+04 4.230260600237979451e-19 2.578250518801406499e-19
1.014012617345973376e+04 3.884795343971408601e-19 2.724194354182846510e-19
1.014513210139278817e+04 -2.242403426286576967e-19 3.106240867215303209e-19
1.015013802932584440e+04 -1.263874684998138381e-19 3.413991500625075205e-19
1.015514395725890063e+04 3.538036533958329644e-19 3.520696233385511658e-19
1.016014988519195686e+04 3.400861764105301694e-19 3.281802320669034530e-19
1.016515581312501308e+04 7.138991132055493177e-19 3.398093565494752511e-19
1.017016174105806749e+04 6.695351382222760442e-19 3.855693911938133809e-19
1.017516766899112372e+04 7.991532353697987986e-19 4.044559110611026151e-19
1.018017359692417813e+04 1.040510303798579219e-18 3.741011178598808239e-19
1.018517952485723436e+04 -3.615885639592622308e-20 3.644992165381013927e-19
1.019018545279029058e+04 -1.047565637088481200e-19 3.585971617892931210e-19
1.019519138072334681e+04 8.506246649995186827e-19 3.418475343876303930e-19
1.020019730865640304e+04 1.097877784483491608e-18 3.366837251561647887e-19
1.020520323658945745e+04 7.541479306023580693e-19 3.753859701585478882e-19
1.021020916452251367e+04 6.903925102446108082e-19 4.003285410211963146e-19
1.021521509245556808e+04 -5.044697438223542039e-19 3.914844863658730605e-19
1.022022102038862431e+04 -7.486907394132942519e-20 3.856740501424596345e-19
1.022522694832168054e+04 2.611297092266800372e-19 4.291582986627850246e-19
1.023023287625473677e+04 3.388548336998319257e-19 4.414417452293014211e-19
1.023523880418779299e+04 7.904229937431376819e-19 3.845817126851379603e-19
1.024024473212084740e+04 6.266254859561661020e-19 3.333869739588414314e-19
1.024525066005390181e+04 3.882155952599609770e-19 3.212874086176672176e-19
1.025025658798695804e+04 7.155160232039618606e-19 3.160279764340958174e-19
1.025526251592001427e+04 8.601427230864735945e-19 3.108799996367462677e-19
1.026026844385307049e+04 -1.072268713653354725e-19 3.139016654307361381e-19
1.026527437178612672e+04 9.176263801067332838e-20 3.372268289268469200e-19
1.027028029971918295e+04 1.899339932718451434e-19 3.511582527388524777e-19
1.027528622765223736e+04 -7.530033347906547290e-20 3.431997390790369843e-19
1.028029215558529177e+04 -1.234819979612725113e-19 3.996730906906389247e-19
1.028529808351834799e+04 5.249006108656850511e-19 4.585681724432920649e-19
1.029030401145140422e+04 1.013898374511286299e-18 4.546252632510721614e-19
1.029530993938446045e+04 8.852627488202048835e-19 3.949370621188586320e-19
