#  wl flam flam_err
4.803806996822357178e+03 -6.741780280972821857e-21 7.416583742399718761e-19
4.808812924755412496e+03 -6.523832019624273483e-21 7.246777567186934353e-19
4.813818852688468723e+03 -6.282000467801690499e-21 7.071487675401770724e-19
4.818824780621524042e+03 -6.042954655104866319e-21 6.799118495304517425e-19
4.823830708554580269e+03 -5.806588115440324307e-21 6.484741970995917743e-19
4.828836636487635587e+03 -5.572797044718961959e-21 6.379940718002650540e-19
4.833842564420691815e+03 -5.341480263056977939e-21 6.288810054687381788e-19
4.838848492353747133e+03 -5.112539177193542218e-21 6.208493985085115849e-19
4.843854420286802451e+03 -4.885877743345947214e-21 6.145517731431211502e-19
4.848860348219858679e+03 -4.661402430109567654e-21 6.031084801034178316e-19
4.853866276152913997e+03 -4.439022181646044123e-21 5.971683236253165673e-19
4.858872204085970225e+03 -4.218648381186569068e-21 5.435599403572142843e-19
4.863878132019025543e+03 -4.000194814584818909e-21 5.025169524759499123e-19
4.868884059952080861e+03 -3.781947171259918156e-21 4.962527587318347841e-19
4.873889987885137089e+03 -3.566554756362515943e-21 4.829723499953633705e-19
4.878895915818192407e+03 -3.353400673445906534e-21 4.688585332990089417e-19
4.883901843751248634e+03 -3.141842916517372270e-21 4.563756238552820254e-19
4.888907771684303952e+03 -2.931806843121104497e-21 4.430991694728562113e-19
4.893913699617360180e+03 -2.723219998622041434e-21 4.320149944276948918e-19
4.898919627550415498e+03 -2.516012081554956026e-21 4.241549850515019793e-19
4.903925555483470816e+03 -2.310114909147917577e-21 4.125620087220804064e-19
4.908931483416527044e+03 -2.105462383244486703e-21 3.971160400867159684e-19
4.913937411349582362e+03 -1.901990456283096115e-21 3.797114325871337411e-19
4.918943339282638590e+03 -1.699637097652179575e-21 3.664534440403099297e-19
4.923949267215693908e+03 -1.498342260165321659e-21 3.588547001645781270e-19
4.928955195148750136e+03 -1.298047846891799884e-21 3.562296415560878734e-19
4.933961123081805454e+03 -1.098697678117712419e-21 3.534036177824011139e-19
4.938967051014860772e+03 -9.002374586179420479e-22 3.486796744347165130e-19
4.943972978947916999e+03 -7.026147451155493148e-22 3.437048806232054777e-19
4.948978906880972318e+03 -5.057789140184948875e-22 3.380868651728724605e-19
4.953984834814028545e+03 -3.096811293619941991e-22 3.351051375718414796e-19
4.958990762747083863e+03 -1.142743110093368036e-22 3.312862124862973755e-19
4.963996690680139181e+03 8.048689693112117603e-23 3.333455509033057658e-19
4.969002618613195409e+03 2.746461574315812233e-22 3.346990933341193081e-19
4.974008546546250727e+03 4.682454716459888222e-22 3.316108035010463052e-19
4.979014474479306955e+03 6.613252097790019993e-22 3.231985393275131558e-19
4.984020402412362273e+03 8.539241416882185339e-22 3.175155117709413778e-19
4.989026330345418501e+03 1.046079467301838705e-21 3.199320374380379865e-19
4.994032258278473819e+03 1.238280751472034362e-21 3.229219989448349147e-19
4.999038186211529137e+03 6.378572800559984717e-20 3.145071507290679905e-19
5.004044114144585365e+03 -1.599732773691448376e-19 3.004546789082971258e-19
5.009050042077640683e+03 3.228169038237067224e-19 2.868145213800212518e-19
5.014055970010696910e+03 -1.466705530983500560e-19 2.749150115138070860e-19
5.019061897943752228e+03 -5.400159846861615956e-20 2.645882964831779113e-19
5.024067825876807547e+03 1.102810866931861156e-19 2.593557890412289883e-19
5.029073753809863774e+03 -6.795753419127343367e-20 2.559791023416957536e-19
5.034079681742919092e+03 4.628840549889723906e-20 2.525712950172082386e-19
5.039085609675975320e+03 1.077755341779474638e-19 2.477618768107297907e-19
5.044091537609030638e+03 3.332036984439452226e-20 2.428141971683238664e-19
5.049097465542086866e+03 2.287739007867606204e-19 2.378876463683590612e-19
5.054103393475142184e+03 1.786608406469769532e-19 2.345403028794806759e-19
5.059109321408197502e+03 1.206419214782984471e-19 2.317424933256331474e-19
5.064115249341253730e+03 2.537522501261389331e-19 2.317466474592317580e-19
5.069121177274309048e+03 5.864737332122546650e-19 2.298917585634066198e-19
5.074127105207365275e+03 -4.259457829758775837e-21 2.262051752004712175e-19
5.079133033140420594e+03 3.706388591954149298e-19 2.226388902886429631e-19
5.084138961073476821e+03 1.151790979851270931e-19 2.222105435430314069e-19
5.089144889006532139e+03 -7.227678037206578684e-20 2.194621091860338218e-19
5.094150816939587457e+03 9.546655353701166879e-20 2.196799020177798392e-19
5.099156744872643685e+03 -1.631144022696444010e-20 2.224614051625196473e-19
5.104162672805699003e+03 1.932778344487994747e-19 2.266112266471265971e-19
5.109168600738755231e+03 1.441261242751498545e-19 2.294541589371670468e-19
5.114174528671810549e+03 -3.621477300026917492e-20 2.300632292088274951e-19
5.119180456604865867e+03 -7.261026980723826742e-20 2.271785083623530866e-19
5.124186384537922095e+03 2.152993541560028485e-19 2.234212229370775235e-19
5.129192312470977413e+03 2.787501263535776503e-19 2.146699885068543464e-19
5.134198240404033641e+03 3.065816585204770968e-19 2.101790605380652152e-19
5.139204168337088959e+03 -5.492967987451891756e-21 2.062449711769074743e-19
5.144210096270145186e+03 1.023370445839090391e-19 2.026802028631132732e-19
5.149216024203200504e+03 1.196641371078037394e-19 1.985510704165239442e-19
5.154221952136255823e+03 1.437390045556850477e-19 1.902569427172138981e-19
5.159227880069312050e+03 3.456889866967680494e-20 1.843388180824427368e-19
5.164233808002367368e+03 -2.099514856628868175e-19 1.767586626467238978e-19
5.169239735935423596e+03 2.806829530073313081e-19 1.683120466078705986e-19
5.174245663868478914e+03 2.915045827311472250e-19 1.668335553961451784e-19
5.179251591801534232e+03 1.402649772658403278e-19 1.678532514793424093e-19
5.184257519734590460e+03 -2.316290313638777497e-19 1.681210300501072541e-19
5.189263447667645778e+03 -1.097774896039065638e-19 1.675283748166164311e-19
5.194269375600702006e+03 8.545974459375911803e-20 1.675992673938557687e-19
5.199275303533757324e+03 -1.793738054158417668e-20 1.664253063006288244e-19
5.204281231466813551e+03 -5.910958039926123592e-20 1.636609794512631247e-19
5.209287159399868870e+03 3.709263311621219014e-20 1.632306565045642533e-19
5.214293087332924188e+03 2.036820341127467409e-19 1.660464143226458586e-19
5.219299015265980415e+03 1.649704716233867120e-19 1.704253160632858084e-19
5.224304943199035733e+03 -3.792898035340957838e-20 1.711135626258378290e-19
5.229310871132091961e+03 1.486645451758981940e-20 1.715834291225348583e-19
5.234316799065147279e+03 -6.673431618532009624e-20 1.724427579058676673e-19
5.239322726998203507e+03 1.843384631300151621e-19 1.724050345182708974e-19
5.244328654931258825e+03 -3.317277541329228988e-19 1.728304745013934327e-19
5.249334582864314143e+03 2.971203175866388118e-19 1.742131803435578390e-19
5.254340510797370371e+03 -1.360112887552999969e-19 1.752804736966244275e-19
5.259346438730425689e+03 -1.998728297985681135e-19 1.694876775682850041e-19
5.264352366663481916e+03 1.149845084568638913e-20 1.638525525307872580e-19
5.269358294596537235e+03 -8.002334346347749884e-20 1.605171644429727992e-19
5.274364222529593462e+03 -1.008208673624382256e-20 1.560487544125276715e-19
5.279370150462648780e+03 1.340500458625102425e-19 1.510149320980368659e-19
5.284376078395704099e+03 2.168877350862752226e-19 1.469466360392099483e-19
5.289382006328760326e+03 3.146640073805014993e-19 1.454284028192159843e-19
5.294387934261815644e+03 9.418122691600858441e-20 1.451398122400078051e-19
5.299393862194871872e+03 -1.961677620198550888e-20 1.457052039223397012e-19
5.304399790127927190e+03 1.006575374034751963e-20 1.462355769147854688e-19
5.309405718060982508e+03 8.263111603354257479e-20 1.451359790903439844e-19
5.314411645994038736e+03 1.935848669592203986e-19 1.427892118410546606e-19
5.319417573927094054e+03 -9.107973305906364982e-20 1.388481290278813753e-19
5.324423501860150282e+03 2.366726454673313827e-19 1.356386940258737570e-19
5.329429429793205600e+03 2.035445132738938625e-19 1.343658834962495153e-19
5.334435357726260918e+03 1.265784035792957444e-19 1.353180419171736998e-19
5.339441285659317145e+03 2.706182490994409133e-20 1.372373533495515275e-19
5.344447213592372464e+03 -8.888811202460507158e-20 1.398014401008995049e-19
5.349453141525428691e+03 1.405629194936938094e-19 1.419078251515496794e-19
5.354459069458484009e+03 7.569753424380863708e-20 1.442246001588777417e-19
5.359464997391540237e+03 7.442505239679749224e-20 1.441253106581162760e-19
5.364470925324595555e+03 -1.256674569427436129e-19 1.432820266156406486e-19
5.369476853257650873e+03 2.741973202142647402e-19 1.416692740115427031e-19
5.374482781190707101e+03 1.010781367783915370e-19 1.429541930029473091e-19
5.379488709123762419e+03 3.168746904609339843e-20 1.436980983975203574e-19
5.384494637056818647e+03 1.230999107828930958e-19 1.425931566130839548e-19
5.389500564989873965e+03 1.647352891435225969e-19 1.407576112865981796e-19
5.394506492922930192e+03 1.292524637029871716e-19 1.364258214025880965e-19
5.399512420855985511e+03 1.432238546165028755e-19 1.324572222814124523e-19
5.404518348789040829e+03 1.090748570102526297e-19 1.284661950197283442e-19
5.409524276722097056e+03 -4.969761997518788433e-20 1.246441822348891492e-19
5.414530204655152374e+03 1.709018426042748152e-20 1.214694022694839933e-19
5.419536132588208602e+03 8.669300685154752466e-20 1.184922046396182227e-19
5.424542060521263920e+03 1.233024051514702690e-19 1.184355871279022074e-19
5.429547988454320148e+03 -7.359737183099344417e-20 1.186513804529704508e-19
5.434553916387375466e+03 -3.350934463439626210e-20 1.191061237266878606e-19
5.439559844320430784e+03 2.578467746399117616e-19 1.203328780918745531e-19
5.444565772253487012e+03 2.409942012143157865e-19 1.202858533877343175e-19
5.449571700186542330e+03 1.370848805237653013e-19 1.184588115010427828e-19
5.454577628119598558e+03 1.931538102225450378e-19 1.174870500689335403e-19
5.459583556052653876e+03 2.863896684874208502e-19 1.162538939856307866e-19
5.464589483985709194e+03 2.713425779746761048e-19 1.148868593778623392e-19
5.469595411918765421e+03 8.742470974472808153e-20 1.146125557983766071e-19
5.474601339851820740e+03 6.579529889314551905e-20 1.149082609885892886e-19
5.479607267784876967e+03 -3.071567003412168809e-21 1.178124174414622644e-19
5.484613195717932285e+03 2.524460717450595669e-19 1.206283906427664048e-19
5.489619123650987603e+03 6.385803663431441755e-20 1.224480100076982003e-19
5.494625051584043831e+03 -6.142389275577445809e-20 1.244650394782174708e-19
5.499630979517099149e+03 1.240423812381258176e-19 1.258271683102904994e-19
5.504636907450155377e+03 -6.158252774788435935e-20 1.258432553798016445e-19
5.509642835383210695e+03 1.324761752074757554e-20 1.234083738670799034e-19
5.514648763316266923e+03 -9.121188184186142284e-21 1.190813110104791412e-19
5.519654691249322241e+03 1.144396094243573843e-19 1.169817725838365463e-19
5.524660619182377559e+03 2.764298140395117598e-19 1.147456229672272131e-19
5.529666547115433787e+03 1.716990249224452168e-19 1.134025322023264733e-19
5.534672475048489105e+03 1.443149499688391329e-19 1.129956022032405586e-19
5.539678402981545332e+03 6.898939611192605369e-20 1.132120586610759685e-19
5.544684330914600650e+03 -1.204578452305621243e-20 1.123241418690502905e-19
5.549690258847656878e+03 8.713165750679867903e-20 1.098843537012181530e-19
5.554696186780712196e+03 9.717149687874917027e-20 1.060897700965456596e-19
5.559702114713767514e+03 1.924417066666211659e-19 1.040850128225338357e-19
5.564708042646823742e+03 2.602962598086789453e-19 1.032001299873731322e-19
5.569713970579879060e+03 -2.227372980527998037e-19 1.554749127280963904e-19
5.574719898512935288e+03 2.855121033310570157e-20 2.418080045213686333e-19
5.579725826445990606e+03 2.109137927902434648e-20 2.387412264286461269e-19
5.584731754379046833e+03 4.576541990004374794e-20 1.397953018806736166e-19
5.589737682312102152e+03 8.753033521134707258e-20 1.023206781787611173e-19
5.594743610245157470e+03 1.768443433386901093e-19 1.025443196373638398e-19
5.599749538178213697e+03 3.159282639852533612e-19 1.036736834706723734e-19
5.604755466111269016e+03 -7.772119070382968556e-20 1.041850904658797626e-19
5.609761394044325243e+03 5.728088564941318110e-20 1.041179782895263278e-19
5.614767321977380561e+03 -1.595773601339341917e-20 1.031045450415728673e-19
5.619773249910436789e+03 -5.781818499187522518e-20 1.041359226106516162e-19
5.624779177843492107e+03 1.551249808991963792e-19 1.053915204327986327e-19
5.629785105776547425e+03 5.289969766442875109e-20 1.062758855096382487e-19
5.634791033709603653e+03 -4.155781630914696642e-20 1.071795962094716804e-19
5.639796961642658971e+03 -5.651692648954560674e-20 1.069790591575840941e-19
5.644802889575714289e+03 8.078260289339225114e-20 1.056875813809116982e-19
5.649808817508770517e+03 -5.456715566167069584e-20 1.036024092709790336e-19
5.654814745441825835e+03 1.378249008913031143e-19 1.008118178348539793e-19
5.659820673374882062e+03 4.984059703792727618e-20 9.831830303007138467e-20
5.664826601307937381e+03 2.005161142300919709e-20 9.681418046213667132e-20
5.669832529240993608e+03 -5.100891976183198069e-20 9.464274352427999860e-20
5.674838457174048926e+03 7.147073595810950468e-20 9.193164218761029241e-20
5.679844385107104245e+03 -5.114318823523177133e-20 9.000078294300501013e-20
5.684850313040160472e+03 1.437784222921657155e-19 8.975699580576823864e-20
5.689856240973215790e+03 1.979598316887135573e-19 8.978719935238084573e-20
5.694862168906272018e+03 2.527961695854904966e-20 9.024083775812153434e-20
5.699868096839327336e+03 1.795821797797682832e-20 9.096858014741858150e-20
5.704874024772383564e+03 9.847643718212619299e-20 9.149705771341953348e-20
5.709879952705438882e+03 4.310161565515103203e-20 9.202391342796361858e-20
5.714885880638494200e+03 1.768498392000627779e-19 9.300780409813298452e-20
5.719891808571550428e+03 8.459254612124299099e-20 9.306735032434211069e-20
5.724897736504605746e+03 1.496566072641863742e-19 9.340987779898799395e-20
5.729903664437661973e+03 7.094241314900319253e-20 9.289455968033520811e-20
5.734909592370717291e+03 4.251255257674672033e-20 9.236314462025628772e-20
5.739915520303773519e+03 -8.796641788455937111e-20 9.249244574723802985e-20
5.744921448236828837e+03 -7.698449649689148981e-20 9.346832222903642220e-20
5.749927376169884155e+03 5.743805200105283163e-20 9.457762511307032834e-20
5.754933304102940383e+03 1.488199642321938426e-19 9.722843180521067838e-20
5.759939232035995701e+03 -1.468514333807871230e-19 9.911878450010455335e-20
5.764945159969051929e+03 -5.517531554657040987e-20 9.934886524322292408e-20
5.769951087902107247e+03 1.939234663227936914e-19 9.853471772776372200e-20
5.774957015835163475e+03 7.688412027635658217e-20 9.595426516048793736e-20
5.779962943768218793e+03 1.415080945121181641e-19 9.365107548957936620e-20
5.784968871701274111e+03 1.451971757867789536e-19 9.043500533452405420e-20
5.789974799634330338e+03 -7.913369652748432034e-21 8.874482718532110400e-20
5.794980727567385657e+03 -1.292812560156107291e-19 8.653009059122190878e-20
5.799986655500441884e+03 -6.521959252142250179e-21 8.499773103073575557e-20
5.804992583433497202e+03 -4.208949589084678178e-21 8.314168503784295614e-20
5.809998511366552520e+03 4.880013998310279910e-20 8.216061349475505016e-20
5.815004439299608748e+03 -1.958702984207915887e-19 8.149361249554290497e-20
5.820010367232664066e+03 -1.701075062764494350e-19 8.148893768667402716e-20
5.825016295165720294e+03 1.437256388360750593e-19 8.223841797199867158e-20
5.830022223098775612e+03 2.111871747613441518e-19 8.330425045004008326e-20
5.835028151031830930e+03 3.659622682194690361e-20 8.331717929819553002e-20
5.840034078964887158e+03 9.006468464381097348e-22 8.360678486399746003e-20
5.845040006897942476e+03 2.246908984722824976e-20 8.376622817860598993e-20
5.850045934830998704e+03 4.533899436065481879e-20 8.395756583441011707e-20
5.855051862764054022e+03 9.706134597754348448e-20 8.394765307529108022e-20
5.860057790697110249e+03 1.323781735152607333e-19 8.633211607895481899e-20
5.865063718630165567e+03 4.362925311159063477e-20 9.001868974140930997e-20
5.870069646563220886e+03 8.484485734036039223e-20 9.068116199271977309e-20
5.875075574496277113e+03 3.005749261325577554e-19 8.767532328004274323e-20
5.880081502429332431e+03 7.289711993505054449e-20 9.110331418645891115e-20
5.885087430362388659e+03 1.279967556292642203e-19 1.097743916826907708e-19
5.890093358295443977e+03 1.660495846879013508e-19 1.191927714260121686e-19
5.895099286228500205e+03 3.708875762573234265e-19 1.100001848477885097e-19
5.900105214161555523e+03 1.759817658093660890e-20 9.483588820503995331e-20
5.905111142094610841e+03 1.778247142958895619e-19 8.790734033479905246e-20
5.910117070027667069e+03 5.532444154792685635e-20 8.847017111542202691e-20
5.915122997960722387e+03 -1.421751399177347810e-19 8.730293292724199523e-20
5.920128925893778614e+03 1.446286057362139982e-20 8.520378720020386796e-20
5.925134853826833933e+03 -8.885669894374725578e-20 8.284152985669366095e-20
5.930140781759890160e+03 -9.531247183163677498e-21 8.425759508459710120e-20
5.935146709692945478e+03 1.785264581501287484e-19 8.151336689205418102e-20
5.940152637626000796e+03 3.848616838248574170e-20 7.747331350251881996e-20
5.945158565559057024e+03 4.345208557155552861e-20 7.697702728721819723e-20
5.950164493492112342e+03 -2.230657989636038637e-19 7.832094499728659047e-20
5.955170421425167660e+03 1.487740167987081499e-19 7.735688691076120134e-20
5.960176349358223888e+03 -7.196161218135129960e-20 7.497917051076783177e-20
5.965182277291280116e+03 -9.280507766882605076e-20 7.499055520803977868e-20
5.970188205224335434e+03 5.933152097136843362e-20 7.710741900797768475e-20
5.975194133157390752e+03 6.161483252359654067e-21 7.814538678675555093e-20
5.980200061090446980e+03 -1.149828273588928449e-19 7.825286810146845405e-20
5.985205989023502298e+03 2.148619636912645932e-20 7.747589314845779313e-20
5.990211916956557616e+03 2.825876958258233013e-19 7.816862716974682720e-20
5.995217844889613843e+03 5.325896538234693492e-20 8.003960833912377609e-20
6.000223772822669162e+03 1.967349299184043974e-19 8.129090358662010534e-20
6.005229700755725389e+03 7.135631176684041646e-20 8.145852393140103823e-20
6.010235628688780707e+03 9.148266185350814449e-20 8.092476660676924291e-20
6.015241556621836935e+03 5.753827167724126158e-20 8.072575698199726225e-20
6.020247484554892253e+03 2.590680638272792355e-20 7.961452181645605058e-20
6.025253412487947571e+03 5.088345580534763253e-20 7.824621902306448842e-20
6.030259340421003799e+03 1.164904002507947689e-19 7.704934791230977032e-20
6.035265268354059117e+03 7.109197216207390412e-20 7.543001201799425709e-20
6.040271196287115345e+03 4.126271948251173307e-20 7.364457802511314829e-20
6.045277124220170663e+03 7.851426070031282371e-21 7.210494733984265379e-20
6.050283052153226890e+03 9.742824821464602806e-20 7.137109763003317772e-20
6.055288980086282209e+03 -6.634245812069533457e-20 7.066250193622920243e-20
6.060294908019337527e+03 5.324769772894051397e-20 7.070132767715187166e-20
6.065300835952393754e+03 -2.724123014307115768e-20 7.051592532124308962e-20
6.070306763885449072e+03 -7.967845486016875235e-21 7.003570470659229210e-20
6.075312691818505300e+03 1.088881128587647056e-19 6.987854855103176943e-20
6.080318619751560618e+03 1.185890684491949824e-19 6.929982635636744794e-20
6.085324547684616846e+03 5.177363683927880156e-20 6.886615583626675360e-20
6.090330475617672164e+03 1.647255773317577589e-19 6.800558393228573081e-20
6.095336403550727482e+03 2.396548142480505944e-19 6.798190546283683059e-20
6.100342331483783710e+03 -2.663153389552360604e-20 6.813543001256500280e-20
6.105348259416839028e+03 -8.072367974685198715e-20 6.790794074406095804e-20
6.110354187349894346e+03 1.196333997446845329e-19 6.803693427504528773e-20
6.115360115282950574e+03 -3.017104775712158975e-20 6.785163583491847088e-20
6.120366043216006801e+03 9.652050232782189158e-21 6.843743029220650041e-20
6.125371971149062119e+03 -6.991207953950225602e-20 6.939136563609936283e-20
6.130377899082117438e+03 -1.510318207459560875e-19 7.038967905857229829e-20
6.135383827015173665e+03 3.327674586826823638e-20 7.285972069049642363e-20
6.140389754948228983e+03 9.124070124973153107e-20 7.551653399373053214e-20
6.145395682881284301e+03 1.183579729261125984e-19 7.549117920581935921e-20
6.150401610814340529e+03 7.503583076324628974e-21 7.351008840299156413e-20
6.155407538747396757e+03 1.851043566025878024e-19 7.198852361862574309e-20
6.160413466680452075e+03 2.510767443118216887e-20 7.020725310870512372e-20
6.165419394613507393e+03 2.437087882112486683e-20 7.044158693720335637e-20
6.170425322546563621e+03 7.973930400933475569e-20 7.060209589406324704e-20
6.175431250479618939e+03 -4.922768848717052632e-20 6.898006409747693944e-20
6.180437178412674257e+03 1.908189708727051005e-20 6.672758818329991077e-20
6.185443106345730484e+03 1.390577428838543311e-19 6.622632616453862258e-20
6.190449034278785803e+03 1.675795308569352531e-19 6.522370586876661590e-20
6.195454962211842030e+03 4.796692484724068975e-20 6.494957100820198327e-20
6.200460890144897348e+03 -1.947528689915848066e-22 6.474644668743192870e-20
6.205466818077953576e+03 3.969383366537787063e-20 6.439264681007889051e-20
6.210472746011008894e+03 7.665891743527012829e-20 6.293669440843540883e-20
6.215478673944064212e+03 2.087132070688652708e-19 6.377433370139378775e-20
6.220484601877120440e+03 7.626175490586679231e-20 6.407220882789832777e-20
6.225490529810175758e+03 1.561965128866707007e-19 6.445939811806589227e-20
6.230496457743231986e+03 -4.248039901979878217e-20 6.980131857095287036e-20
6.235502385676287304e+03 7.925452402128583975e-20 7.415040876368230807e-20
6.240508313609343531e+03 2.436122575516416928e-19 7.292474770828552704e-20
6.245514241542398850e+03 1.953905770830299513e-19 6.880777059135913300e-20
6.250520169475454168e+03 1.611286378435286014e-19 7.012085338466628756e-20
6.255526097408510395e+03 1.961952432766885559e-19 7.615820287740683171e-20
6.260532025341565713e+03 1.095747939158617773e-19 7.896333000396232920e-20
6.265537953274621032e+03 1.197529576154105622e-19 7.477554839416464529e-20
6.270543881207677259e+03 1.139049668164555137e-19 7.439001819385819205e-20
6.275549809140733487e+03 9.286034174905180491e-20 7.248255634460926247e-20
6.280555737073788805e+03 1.488155382845856371e-19 7.383294414612005685e-20
6.285561665006844123e+03 1.752718903140656823e-19 7.473273028813518314e-20
6.290567592939900351e+03 -2.629285377507101762e-20 7.684992033690500605e-20
6.295573520872955669e+03 2.550002854776195624e-20 9.547763806572993399e-20
6.300579448806010987e+03 1.791164782413439743e-19 9.853194114759643729e-20
6.305585376739067215e+03 -4.761294374654182234e-21 8.460566899551512039e-20
6.310591304672123442e+03 2.176524704583376587e-19 6.823852785844000851e-20
6.315597232605178760e+03 5.849968938281069625e-20 6.342182296462898411e-20
6.320603160538234079e+03 2.782727464537167834e-19 6.429129348939551281e-20
6.325609088471290306e+03 1.887981295165401142e-19 6.730675885128081178e-20
6.330615016404345624e+03 6.278603288850085812e-20 6.553411151696555387e-20
6.335620944337400942e+03 1.652887892310900763e-19 6.143356589826224582e-20
6.340626872270457170e+03 1.092516753981976025e-19 5.992943542768738246e-20
6.345632800203512488e+03 7.504077587957178098e-20 6.145324829919112407e-20
6.350638728136568716e+03 3.774520285802862823e-20 6.386836587741663525e-20
6.355644656069624034e+03 1.383113120789938161e-19 6.689216344192698946e-20
6.360650584002680262e+03 1.444201716588242839e-19 7.332287538073600027e-20
6.365656511935735580e+03 1.658839346649589596e-19 7.194434739973882341e-20
6.370662439868790898e+03 1.760152895934756635e-19 6.489982287321530185e-20
6.375668367801847126e+03 1.471221896652570232e-19 6.362137089717626668e-20
6.380674295734902444e+03 3.777072721669135766e-19 6.605247825612037111e-20
6.385680223667958671e+03 2.516001018327248084e-19 6.694961199442454630e-20
6.390686151601013989e+03 1.669675115880702331e-19 6.718703806149656318e-20
6.395692079534070217e+03 2.291356052374301569e-19 6.662363752078812439e-20
6.400698007467125535e+03 -1.659437480311070323e-20 6.634650252503364184e-20
6.405703935400180853e+03 1.952399225715338667e-20 6.588227783940054195e-20
6.410709863333237081e+03 1.012801031739714385e-19 6.473868926065123930e-20
6.415715791266292399e+03 3.714983098439576574e-20 6.422396509377930035e-20
6.420721719199348627e+03 8.727502529959529429e-20 6.292088109975627897e-20
6.425727647132403945e+03 1.362086637633941149e-19 6.112163814249635334e-20
6.430733575065460172e+03 2.308299311990273294e-19 5.964470435610507648e-20
6.435739502998515491e+03 1.356405055352392440e-19 5.874415076463726723e-20
6.440745430931570809e+03 1.952487598150764657e-19 5.820484503380045442e-20
6.445751358864627036e+03 1.308729826949569103e-19 5.802686252332872552e-20
6.450757286797682355e+03 1.353522849154524850e-19 5.812653378668050171e-20
6.455763214730737673e+03 2.321661945836373065e-19 5.913444949471231680e-20
6.460769142663793900e+03 3.114976969301439978e-19 6.189342512778486898e-20
6.465775070596850128e+03 1.668339493649042812e-19 6.484266801066457575e-20
6.470780998529905446e+03 2.145502852870292215e-19 6.292345586652917637e-20
6.475786926462960764e+03 1.514991866112945866e-19 6.006705683321242241e-20
6.480792854396016992e+03 1.913270375672905891e-19 5.813881890193484693e-20
6.485798782329072310e+03 1.513591165411909241e-19 5.762344845249805972e-20
6.490804710262127628e+03 9.956720093180627569e-20 6.083290721160377422e-20
6.495810638195183856e+03 1.226871221760254925e-19 6.727901316387106837e-20
6.500816566128239174e+03 1.130713038131522492e-19 6.959544180187123508e-20
6.505822494061295401e+03 1.641085548233660354e-19 6.481078668638034575e-20
6.510828421994350720e+03 -3.230198035376392663e-20 6.256436180402489292e-20
6.515834349927406947e+03 2.049998193540587925e-19 6.370296343465073413e-20
6.520840277860462265e+03 1.873267787082361698e-19 6.585730934019537600e-20
6.525846205793517584e+03 1.833809807850170996e-19 7.019299808684497172e-20
6.530852133726573811e+03 1.471014091616117256e-19 7.170084868424596923e-20
6.535858061659629129e+03 2.373443783323289080e-19 7.002221496777634451e-20
6.540863989592685357e+03 2.288451847433693134e-19 6.569108333251458640e-20
6.545869917525740675e+03 3.061085892223787158e-19 6.600545923252938060e-20
6.550875845458796903e+03 1.987118378202293733e-19 6.743154512818429008e-20
6.555881773391852221e+03 2.372411997913075797e-19 6.736949069451364467e-20
6.560887701324907539e+03 8.769445794064043016e-20 6.334767235031618971e-20
6.565893629257963767e+03 7.270415039842314360e-20 6.243746267011544584e-20
6.570899557191019085e+03 1.349852507197356027e-19 6.155858054910200790e-20
6.575905485124075312e+03 1.061839658257841190e-19 6.117826102060342767e-20
6.580911413057130630e+03 2.009810718356957134e-19 5.886977820703368548e-20
6.585917340990186858e+03 1.273533839124459815e-19 5.488593071107625128e-20
6.590923268923242176e+03 1.512301856099983110e-19 5.517761807275858627e-20
6.595929196856297494e+03 8.866052126257220272e-20 5.601752374536300407e-20
6.600935124789353722e+03 1.678537796132335056e-19 5.748126062094122397e-20
6.605941052722409040e+03 9.950591526753837566e-20 5.654154415630166480e-20
6.610946980655464358e+03 1.290945108148799269e-19 5.497204328917698025e-20
6.615952908588520586e+03 1.602198611331586767e-19 5.435975918243980271e-20
6.620958836521576814e+03 8.378240971151464256e-20 5.508152662880017919e-20
6.625964764454632132e+03 3.712392605829680947e-20 5.595833278341405409e-20
6.630970692387687450e+03 2.056963564108533306e-19 5.745435979693444918e-20
6.635976620320743677e+03 1.696851439532721285e-19 5.788725754212784897e-20
6.640982548253798996e+03 2.081991113874309732e-19 5.768956651039674164e-20
6.645988476186854314e+03 3.120894450190013947e-20 5.832770073635023453e-20
6.650994404119910541e+03 1.421210922872306453e-19 5.918716359997003510e-20
6.656000332052965859e+03 2.598568960590800840e-19 6.004554338681482547e-20
6.661006259986022087e+03 1.218000066047863892e-19 5.972229847067122895e-20
6.666012187919077405e+03 1.568961811952471261e-19 5.843637071234018741e-20
6.671018115852133633e+03 1.769920469619088010e-19 5.741602166028146378e-20
6.676024043785188951e+03 1.860345981591219157e-19 5.554450576992046257e-20
6.681029971718244269e+03 6.574445658805258948e-20 5.489161030106809915e-20
6.686035899651300497e+03 1.045608239594441506e-19 5.437756921133956015e-20
6.691041827584355815e+03 1.920072283852989169e-19 5.336712326539027630e-20
6.696047755517412043e+03 9.016196220272496197e-20 5.335040558463314928e-20
6.701053683450467361e+03 1.584989144574167520e-19 5.312705022082353524e-20
6.706059611383523588e+03 9.633112011679504746e-20 5.250529112579963348e-20
6.711065539316578906e+03 1.778776056481862496e-19 5.180785435547184422e-20
6.716071467249634225e+03 7.287951250036384152e-20 5.141646864349531973e-20
6.721077395182690452e+03 1.307589275999083560e-19 5.129345691751787660e-20
6.726083323115745770e+03 1.229579185738603301e-19 5.145004500291772068e-20
6.731089251048801998e+03 1.413315067343929068e-19 5.156877539899423021e-20
6.736095178981857316e+03 9.704278779426768205e-20 5.204634289746254053e-20
6.741101106914913544e+03 1.015835683202541794e-19 5.273369311316725859e-20
6.746107034847968862e+03 1.876100027905529351e-19 5.294794852374122828e-20
6.751112962781024180e+03 1.292809219844227252e-19 5.324946055855034349e-20
6.756118890714080408e+03 2.051801643713822565e-20 5.359169677007931100e-20
6.761124818647135726e+03 1.701901691824692654e-19 5.440011442849346150e-20
6.766130746580191044e+03 8.933371987926096703e-20 5.518282733856839880e-20
6.771136674513247272e+03 9.001973245867058579e-20 5.593168813853014447e-20
6.776142602446303499e+03 1.136319628024447956e-19 5.714429534584135473e-20
6.781148530379358817e+03 2.665270902552063510e-20 5.798461010187910099e-20
6.786154458312414135e+03 2.422629204710411688e-20 5.792205659705715902e-20
6.791160386245470363e+03 2.220348068455141766e-19 5.680993802327452327e-20
6.796166314178525681e+03 1.117136183511089170e-19 5.549828585258725800e-20
6.801172242111580999e+03 1.718787239989954239e-19 5.425433975891299186e-20
6.806178170044637227e+03 1.168612238174511774e-19 5.344001413238654867e-20
6.811184097977693455e+03 7.610005227932969997e-20 5.260175296570057656e-20
6.816190025910748773e+03 2.554538799549634123e-19 5.196342839061843882e-20
6.821195953843804091e+03 2.065665976481293525e-19 5.640413460144224201e-20
6.826201881776860318e+03 1.653857850211846435e-19 6.582901260057772641e-20
6.831207809709915637e+03 6.287895403808154590e-20 6.961151897373806201e-20
6.836213737642970955e+03 2.245364519680586706e-19 6.282568404479760552e-20
6.841219665576027182e+03 1.296576448907187337e-19 5.444994046874648427e-20
6.846225593509082501e+03 1.204992584331254770e-19 5.165253184280292553e-20
6.851231521442138728e+03 1.368292778430568640e-19 5.012843653685005820e-20
6.856237449375194046e+03 2.262104817754825170e-19 5.701567470083525883e-20
6.861243377308250274e+03 2.727578929753735862e-19 6.826244258126040243e-20
6.866249305241305592e+03 2.642382163077293762e-19 7.809001584294052357e-20
6.871255233174360910e+03 2.094095812076515465e-19 7.117412856579679301e-20
6.876261161107417138e+03 1.276688223592197416e-19 6.304476629297048941e-20
6.881267089040473365e+03 1.779233262390768508e-19 5.859479562280709777e-20
6.886273016973527774e+03 3.684584938835602839e-20 6.189450069424498388e-20
6.891278944906584002e+03 1.034042646780939393e-19 6.447456947067208814e-20
6.896284872839640229e+03 1.891481244331839361e-19 6.363406510341809965e-20
6.901290800772695547e+03 2.730420627316774674e-19 6.788547395113525122e-20
6.906296728705750866e+03 1.574874719223403412e-19 6.693319488005572506e-20
6.911302656638807093e+03 1.491320524401252479e-19 6.486983521248614439e-20
6.916308584571862411e+03 2.141089304560635213e-19 6.721170111430289350e-20
6.921314512504917730e+03 2.047620690725361331e-19 6.557011920426771680e-20
6.926320440437973957e+03 7.417069837068496706e-20 6.427291027370747825e-20
6.931326368371030185e+03 3.745131471392832696e-20 5.576779978924334403e-20
6.936332296304085503e+03 2.383886781425294903e-19 5.783900393290389565e-20
6.941338224237140821e+03 7.813108741446635972e-20 6.124718324621750214e-20
6.946344152170197049e+03 2.410462418483681505e-19 6.573699222158444486e-20
6.951350080103252367e+03 2.062611841486638946e-19 5.977624187381057900e-20
6.956356008036307685e+03 3.163249288858346851e-20 5.096364759247499302e-20
6.961361935969363913e+03 1.480303048452238896e-19 5.007906870207549614e-20
6.966367863902420140e+03 1.692373468096462294e-19 5.188218534240256142e-20
6.971373791835475458e+03 1.699999325022975871e-19 5.480367123310409104e-20
6.976379719768530776e+03 2.143972196593388264e-19 5.569142838692922494e-20
6.981385647701587004e+03 1.626588140245110042e-19 5.443875373697298490e-20
6.986391575634642322e+03 1.061037373159789254e-19 4.937768664681703306e-20
6.991397503567697640e+03 1.679321430576836590e-19 4.911938757440449261e-20
6.996403431500753868e+03 5.187935956847146843e-20 4.995488063579159666e-20
7.001409359433810096e+03 1.559597966114085944e-19 5.120601379086543463e-20
7.006415287366865414e+03 1.136280586790329323e-19 5.371495786549708123e-20
7.011421215299920732e+03 6.048893111889297353e-20 5.365790219886857323e-20
7.016427143232976960e+03 1.230493395712095578e-20 5.223564764814919432e-20
7.021433071166032278e+03 1.236702641566914385e-19 5.116916779612305712e-20
7.026438999099087596e+03 1.617607017309615914e-19 5.232971749937180499e-20
7.031444927032143823e+03 -1.015508796578715622e-20 5.336801799923762482e-20
7.036450854965200051e+03 1.930140048225342921e-19 5.524233137262744549e-20
7.041456782898254460e+03 7.655739647221249829e-20 5.721174036805992855e-20
7.046462710831310687e+03 1.037195266249015296e-19 5.807455997010479159e-20
7.051468638764366915e+03 1.310271946607934173e-19 5.645629181666719292e-20
7.056474566697422233e+03 1.740223516361417395e-19 5.323143287949929417e-20
7.061480494630477551e+03 1.768833359749529425e-19 5.219180320787780672e-20
7.066486422563533779e+03 1.819944842817150029e-19 5.189543555589757264e-20
7.071492350496589097e+03 8.152322281024378847e-20 5.084070442747944991e-20
7.076498278429644415e+03 9.285164481083449206e-20 5.016975554131373417e-20
7.081504206362700643e+03 8.185313949302288323e-20 5.035760380898703345e-20
7.086510134295756870e+03 1.854474888783077326e-19 5.003168924071255433e-20
7.091516062228812189e+03 1.278822922629618487e-19 4.892043401133050529e-20
7.096521990161867507e+03 1.640330131013094201e-19 4.744372748138892548e-20
7.101527918094923734e+03 1.451314981598524995e-19 4.707679687224684648e-20
7.106533846027979052e+03 1.428296131094862906e-19 4.732387186470187893e-20
7.111539773961034371e+03 1.571144855182273666e-19 4.730557982293614537e-20
7.116545701894090598e+03 1.464735587199196439e-19 4.737039847046905323e-20
7.121551629827146826e+03 8.942660473366321365e-20 4.809096017384310508e-20
7.126557557760202144e+03 1.658545596399555183e-19 4.927724169031630335e-20
7.131563485693257462e+03 1.010244190757094082e-19 4.967196577461179760e-20
7.136569413626313690e+03 1.637312835627707259e-19 5.057755660298858587e-20
7.141575341559369008e+03 1.195964948730852910e-19 5.232868432999192216e-20
7.146581269492424326e+03 1.090221433918199753e-19 5.340024882285479782e-20
7.151587197425480554e+03 1.881448528490479819e-19 5.297278690255690765e-20
7.156593125358536781e+03 1.545007307173237591e-19 5.350754600483447523e-20
7.161599053291592099e+03 1.210489348161407040e-19 5.507677488728487182e-20
7.166604981224647418e+03 1.768124939299601759e-19 5.533135791719448017e-20
7.171610909157703645e+03 1.078728992252350396e-19 5.443576648007722320e-20
7.176616837090758963e+03 1.037538745985751233e-19 5.347214475459496535e-20
7.181622765023814281e+03 1.349766906464219609e-19 5.206677828481024075e-20
7.186628692956870509e+03 1.555068472712553720e-19 4.994685503015761016e-20
7.191634620889926737e+03 1.516952726591729575e-19 4.880034228130993039e-20
7.196640548822981145e+03 8.392925728518957484e-20 4.810440059444181991e-20
7.201646476756037373e+03 7.274658337896090731e-20 4.765317092847191632e-20
7.206652404689093601e+03 9.573086262402717331e-20 4.709810573006820642e-20
7.211658332622148919e+03 1.082855877023725876e-19 4.682027383197436185e-20
7.216664260555204237e+03 1.406173212226683990e-19 4.678026718407885605e-20
7.221670188488260465e+03 1.488101949498905069e-19 4.744197060591825726e-20
7.226676116421315783e+03 1.442535467070883031e-19 4.762668659105957042e-20
7.231682044354371101e+03 1.789556126009280109e-19 5.532948180773060192e-20
7.236687972287427328e+03 1.521700805589326942e-19 7.400796886037477906e-20
7.241693900220483556e+03 1.498800161194317882e-19 8.472050143917286790e-20
7.246699828153538874e+03 1.788713054917892676e-19 7.532224398576543606e-20
7.251705756086594192e+03 2.045484132188137609e-19 6.036499628435907886e-20
7.256711684019650420e+03 1.865177955491913257e-19 5.388194213022843862e-20
7.261717611952705738e+03 1.275001650453865025e-19 5.078649365592139142e-20
7.266723539885761056e+03 8.502763244534670642e-20 5.530576889561721285e-20
7.271729467818817284e+03 2.366409342580132271e-19 8.009270964551414590e-20
7.276735395751873511e+03 1.300735101612201278e-19 8.742536317934726371e-20
7.281741323684928830e+03 7.607304640451819733e-20 8.092005355084990783e-20
7.286747251617984148e+03 1.711391792119765803e-19 6.814562267489149226e-20
7.291753179551040375e+03 2.561905456296653384e-19 6.077093942490393383e-20
7.296759107484095694e+03 1.836008303883066095e-19 6.258417532463970667e-20
7.301765035417151012e+03 2.090161782213007905e-19 6.256061247939490038e-20
7.306770963350207239e+03 1.682414631293284709e-19 6.296669435948171565e-20
7.311776891283263467e+03 -1.094995786217294067e-20 7.545694223712351493e-20
7.316782819216318785e+03 1.163637638033159080e-19 7.528187140214818015e-20
7.321788747149374103e+03 6.242355723507642124e-20 6.525658734785149088e-20
7.326794675082430331e+03 1.927994721283835570e-19 5.999051832026704941e-20
7.331800603015485649e+03 2.995989458231283791e-19 6.311072597314234977e-20
7.336806530948540967e+03 1.642922951970978806e-19 7.479451097373282236e-20
7.341812458881597195e+03 2.118896170381062944e-19 7.493357869018894736e-20
7.346818386814653422e+03 1.579232459687854600e-19 5.950347636451588345e-20
7.351824314747707831e+03 2.163238392566262019e-19 5.314289433175632349e-20
7.356830242680764059e+03 5.823448190070374105e-20 5.694575571647704008e-20
7.361836170613820286e+03 4.359017566584866520e-20 6.309730097025716565e-20
7.366842098546875604e+03 1.176071025465613839e-19 6.854326911654924939e-20
7.371848026479930923e+03 1.669367574029231015e-19 6.705458376210209811e-20
7.376853954412987150e+03 1.426431731590396945e-19 5.164475269467522000e-20
7.381859882346043378e+03 1.957979473608590521e-19 4.781878076891255962e-20
7.386865810279097786e+03 2.046289356116106751e-19 5.364975614929572622e-20
7.391871738212154014e+03 9.470581601710446503e-20 5.672665318355758938e-20
7.396877666145210242e+03 -4.863548077509757771e-20 6.507550492202573513e-20
7.401883594078265560e+03 -3.650390762495110967e-20 6.462672458976602434e-20
7.406889522011320878e+03 1.075629614478800533e-19 5.980122560609392883e-20
7.411895449944377106e+03 2.072153895685728163e-19 5.230296144991193581e-20
7.416901377877432424e+03 9.004443037813874611e-20 5.281820667149546095e-20
7.421907305810487742e+03 9.051329753410572432e-20 5.398678992978296974e-20
7.426913233743543969e+03 2.394692298098785321e-19 5.689616368453223408e-20
7.431919161676600197e+03 1.274600455029759580e-19 6.014026131541177651e-20
7.436925089609655515e+03 1.183880121574658906e-19 5.983209480111229758e-20
7.441931017542710833e+03 1.007944673050985198e-19 5.653343631118621489e-20
7.446936945475767061e+03 4.772046863089922110e-21 4.909699057942936628e-20
7.451942873408822379e+03 1.029686530899003145e-19 4.832002360544799577e-20
7.456948801341877697e+03 1.999884955123031030e-19 4.943408786213626487e-20
7.461954729274933925e+03 1.945973150552918039e-19 5.235014574333238570e-20
7.466960657207990153e+03 1.663267721295065535e-19 5.653537263195959745e-20
7.471966585141045471e+03 1.359214196041665044e-19 5.847670099782117604e-20
7.476972513074100789e+03 3.291923062075813515e-20 6.147010858415823845e-20
7.481978441007157016e+03 6.876403274338018078e-20 5.941104703937309878e-20
7.486984368940212335e+03 2.252688038469754169e-19 5.525481001019423050e-20
7.491990296873267653e+03 2.029169528442150384e-19 5.012718907292384978e-20
7.496996224806323880e+03 2.321958809815334287e-19 4.919542515622284793e-20
7.502002152739380108e+03 1.425999251545016333e-19 4.759582094329018451e-20
7.507008080672435426e+03 1.013287077325370483e-19 4.783732434034100584e-20
7.512014008605490744e+03 8.545804275822429829e-20 4.959203564647109622e-20
7.517019936538546972e+03 1.881472544396310593e-19 6.144622968979706374e-20
7.522025864471602290e+03 1.573580262157395229e-19 7.316237986920417723e-20
7.527031792404657608e+03 2.706533056055534825e-19 7.529880007148959920e-20
7.532037720337713836e+03 2.144981483999061565e-19 6.145191414465262234e-20
7.537043648270770063e+03 8.401942843229999906e-20 5.680562589857017461e-20
7.542049576203824472e+03 9.203858924165830737e-20 5.559432610595233438e-20
7.547055504136880700e+03 9.204868116348761153e-20 5.529457443255642749e-20
7.552061432069936927e+03 5.108825644166312236e-21 5.874351455238088256e-20
7.557067360002992245e+03 1.385811676061142617e-19 5.923192061832502506e-20
7.562073287936047564e+03 1.185352918855459826e-19 5.866184937872382329e-20
7.567079215869103791e+03 2.822024391599612271e-19 6.745086400173267055e-20
7.572085143802159109e+03 5.765327334463440535e-20 6.817340633775271883e-20
7.577091071735214427e+03 1.239936656134329669e-19 5.971770693946552332e-20
7.582096999668270655e+03 1.314031523551218465e-19 5.473407296170505147e-20
7.587102927601326883e+03 1.371334713757064871e-19 5.384132018834712939e-20
7.592108855534382201e+03 1.908885167849004363e-19 6.625093570541841392e-20
7.597114783467437519e+03 -8.156223106184601703e-20 1.065552867476762826e-19
7.602120711400493747e+03 -2.054760922937472993e-20 1.528614229426480073e-19
7.607126639333549065e+03 -2.992408502047526518e-20 1.386844445018088761e-19
7.612132567266604383e+03 3.112658234848090590e-19 1.065369981417238230e-19
7.617138495199660611e+03 2.974755734970143813e-19 7.753642739834081467e-20
7.622144423132716838e+03 2.353491842745720455e-20 8.031663405147696056e-20
7.627150351065772156e+03 9.725646519103600487e-20 9.793949714009075028e-20
7.632156278998827474e+03 8.146781269199110773e-20 8.892430608207361798e-20
7.637162206931883702e+03 7.799879053687294537e-22 7.577496312063501843e-20
7.642168134864939020e+03 1.585453628574754989e-19 7.371943327976274731e-20
7.647174062797994338e+03 1.205268768321751975e-19 6.654377967572705771e-20
7.652179990731050566e+03 6.479036383987195140e-20 6.503125533837085898e-20
7.657185918664106794e+03 1.084710548340154116e-19 6.405122750510370258e-20
7.662191846597162112e+03 1.697914697987022010e-19 6.021811573178030540e-20
7.667197774530217430e+03 1.235879928663960938e-19 5.845635539808684723e-20
7.672203702463273657e+03 1.432673520581919051e-19 5.329716606496001491e-20
7.677209630396328976e+03 1.505546148753580871e-19 5.399896428158362690e-20
7.682215558329384294e+03 9.048905158643669033e-20 5.351701684772795656e-20
7.687221486262440521e+03 2.269845500434296704e-19 5.363387779112853096e-20
7.692227414195496749e+03 2.261998974520224351e-19 5.350714342509204361e-20
7.697233342128551158e+03 2.608064168835640026e-19 5.306553339446300522e-20
7.702239270061607385e+03 8.640116042568151730e-20 5.250691555791320852e-20
7.707245197994663613e+03 8.057747420794908363e-20 7.239151038007536581e-20
7.712251125927718931e+03 1.566982537005756980e-19 9.296385382401012366e-20
7.717257053860774249e+03 1.170278876047952943e-19 9.009760700811843355e-20
7.722262981793830477e+03 2.241979640706836748e-19 7.099953600568898733e-20
7.727268909726885795e+03 1.384795757889833842e-19 5.726729422219953152e-20
7.732274837659941113e+03 1.422178291191224636e-19 5.143080814812380650e-20
7.737280765592997341e+03 1.877747588748708917e-19 4.933701778029280193e-20
7.742286693526053568e+03 1.797169940584896564e-19 5.871402715073195861e-20
7.747292621459108886e+03 -8.563595320701353498e-21 8.323078526517969969e-20
7.752298549392164205e+03 1.530697662679056340e-19 8.744522940497578930e-20
7.757304477325220432e+03 1.625944881060654921e-19 7.354195753406266034e-20
7.762310405258275750e+03 2.291943424119152190e-19 6.306591089409065109e-20
7.767316333191331069e+03 1.395313537165517746e-19 5.804629605612564672e-20
7.772322261124387296e+03 2.094907436332552882e-19 6.183841807032581803e-20
7.777328189057443524e+03 3.368129998996707214e-19 6.761653849611765487e-20
7.782334116990498842e+03 2.219839328730754573e-19 6.361873520468447621e-20
7.787340044923554160e+03 1.398656512084674581e-19 7.450021309319247087e-20
7.792345972856610388e+03 9.638905906690606645e-20 8.775191361588012456e-20
7.797351900789665706e+03 1.671828519125653759e-19 8.466115455071935344e-20
7.802357828722721024e+03 1.931338737379284860e-19 6.877561217453938618e-20
7.807363756655777252e+03 1.940764379487344662e-19 7.225153440020481649e-20
7.812369684588833479e+03 8.123274586391340063e-20 7.441685769107917953e-20
7.817375612521888797e+03 3.181854043172263774e-19 9.148049136603698319e-20
7.822381540454944115e+03 2.493850623256473635e-19 9.109330455171141603e-20
7.827387468388000343e+03 2.212738738797622150e-19 6.963426736139993971e-20
7.832393396321055661e+03 4.890976226235488462e-20 5.481618791150975120e-20
7.837399324254110979e+03 1.457870115424492459e-19 6.281425762515893155e-20
7.842405252187167207e+03 1.898852025138286156e-19 6.496179935979512420e-20
7.847411180120223435e+03 2.357726066027295210e-19 8.232447519113010307e-20
7.852417108053277843e+03 9.699095662692528426e-20 9.109703330695486637e-20
7.857423035986334071e+03 1.529580918372913910e-19 8.826276720130479124e-20
7.862428963919390299e+03 2.790655088377435600e-20 7.308073980768045991e-20
7.867434891852445617e+03 -1.862707319173976214e-20 7.243664587753421705e-20
7.872440819785500935e+03 4.930326392199496036e-20 7.285731692234966469e-20
7.877446747718557162e+03 1.222630617035424733e-19 6.723893889114334038e-20
7.882452675651613390e+03 4.280163492656727363e-20 7.046652323725481828e-20
7.887458603584667799e+03 1.656095682503255773e-19 7.217668548568239710e-20
7.892464531517724026e+03 2.055796803463248859e-19 6.896240715163872846e-20
7.897470459450780254e+03 1.108236563088485246e-19 5.450452282370092490e-20
7.902476387383835572e+03 1.704355204186042130e-19 5.203820293030542478e-20
7.907482315316890890e+03 2.376546916600594319e-20 8.151240015145216324e-20
7.912488243249947118e+03 2.800351863162123435e-19 9.963514008781293313e-20
7.917494171183002436e+03 -5.987864599277360564e-20 1.036835067683501458e-19
7.922500099116057754e+03 2.033409609571278072e-19 8.083797081581421972e-20
7.927506027049113982e+03 2.149077631123759153e-19 7.627653718924856020e-20
7.932511954982170209e+03 1.124435580968696664e-19 7.100253921360474202e-20
7.937517882915225528e+03 1.248556833807618085e-19 6.093992851804545601e-20
7.942523810848280846e+03 1.126006464523448118e-19 6.107009609364842200e-20
7.947529738781337073e+03 8.007280818497515159e-20 6.548261136523641976e-20
7.952535666714392391e+03 1.641668870794950392e-19 6.168054568022939108e-20
7.957541594647447710e+03 1.134544141770438272e-19 6.875419990701956978e-20
7.962547522580503937e+03 2.401530059961208187e-19 8.648066116767289147e-20
7.967553450513560165e+03 2.411893512295601823e-19 8.346912610495047994e-20
7.972559378446615483e+03 3.300881809219639159e-20 6.542056682612783421e-20
7.977565306379670801e+03 -4.928464621060508653e-20 6.794710502855183602e-20
7.982571234312727029e+03 7.083744652923888187e-20 6.625221969803908407e-20
7.987577162245782347e+03 2.094577505805794700e-19 7.913705083910020467e-20
7.992583090178837665e+03 8.262076416424429187e-20 8.726234985103898635e-20
7.997589018111893893e+03 2.720006681756958016e-20 7.975779021825059626e-20
8.002594946044950120e+03 6.486600495330760100e-20 5.335927284492888805e-20
8.007600873978005438e+03 4.566050059989438931e-20 5.743131780365689263e-20
8.012606801911060757e+03 5.343384165364738164e-20 6.318924867135696741e-20
8.017612729844116984e+03 -1.123604473527145226e-22 6.925310194515037207e-20
8.022618657777172302e+03 6.746229478996850499e-20 8.119551536356653938e-20
8.027624585710227620e+03 4.456998473775018523e-20 8.195540063574384857e-20
8.032630513643283848e+03 6.127709014930614917e-20 6.370945061913327589e-20
8.037636441576340076e+03 1.253265474046461049e-19 5.327184276789689269e-20
8.042642369509394484e+03 1.168998889487838553e-19 5.404194077485411288e-20
8.047648297442450712e+03 2.010169437497006088e-19 6.100718572149655904e-20
8.052654225375506940e+03 1.158430482317336212e-19 6.395002883068744222e-20
8.057660153308562258e+03 1.049125268025139332e-19 7.251534879587484441e-20
8.062666081241617576e+03 -1.582311951498912746e-20 7.123360041472955010e-20
8.067672009174673803e+03 1.019628639282999044e-19 6.178187405726549597e-20
8.072677937107729122e+03 1.484924402669771265e-19 5.314989823083054855e-20
8.077683865040784440e+03 8.321381867980644274e-20 5.321588053751517525e-20
8.082689792973840667e+03 4.338049454739814237e-20 5.233787752081648956e-20
8.087695720906896895e+03 -4.957068937755429916e-21 5.306106324463301514e-20
8.092701648839952213e+03 2.094076590330985171e-19 5.338335772693857172e-20
8.097707576773007531e+03 1.158691757044860952e-19 5.691311273587419323e-20
8.102713504706063759e+03 4.203139455880825264e-20 5.545793389285833948e-20
8.107719432639119077e+03 1.676717149371968874e-20 5.234084862228405678e-20
8.112725360572174395e+03 -1.105507836715652495e-20 4.819007567331962843e-20
8.117731288505230623e+03 1.250030680157616299e-19 4.800021327575665956e-20
8.122737216438286850e+03 1.303956902323758243e-19 4.844981949961599450e-20
8.127743144371342169e+03 7.791059458790907096e-20 4.943890938477045188e-20
8.132749072304397487e+03 5.736492526690660289e-20 5.116477141229421578e-20
8.137755000237453714e+03 8.550135148498024830e-20 5.271562844033974660e-20
8.142760928170509032e+03 7.322143986323939078e-20 5.447657424120547520e-20
8.147766856103564351e+03 1.117280771484513391e-19 5.359987785047889628e-20
8.152772784036620578e+03 -9.978409563910987255e-21 5.252306298675035517e-20
8.157778711969676806e+03 1.085650789603024651e-19 5.202873371718728890e-20
8.162784639902732124e+03 1.861357483673754378e-20 5.262125874048410090e-20
8.167790567835787442e+03 8.030663282512347718e-20 5.377387391411638213e-20
8.172796495768843670e+03 1.376784594031410841e-19 5.458504271993005500e-20
8.177802423701898988e+03 -1.515473841074359653e-20 5.554006859811153960e-20
8.182808351634954306e+03 1.610774727468239148e-19 5.715975355430825255e-20
8.187814279568010534e+03 1.434617479945683064e-19 5.877660815942195327e-20
8.192820207501066761e+03 -4.970704905762330126e-20 5.851137705158966307e-20
8.197826135434121170e+03 7.783714012622420672e-20 5.668436584215899960e-20
8.202832063367177398e+03 1.637299135342380868e-19 5.485614001609383872e-20
8.207837991300233625e+03 1.646289689887280994e-20 5.415049364806220622e-20
8.212843919233288034e+03 5.754737930319897343e-20 5.276941063425267084e-20
8.217849847166344261e+03 1.437047336843641256e-19 5.156808274640482976e-20
8.222855775099400489e+03 8.413661686251569049e-20 4.993563691093674713e-20
8.227861703032456717e+03 7.818253407644865020e-20 4.903074953073020286e-20
8.232867630965511125e+03 1.266237523664971794e-19 4.860992686766974150e-20
8.237873558898567353e+03 1.727317368336462023e-19 4.937087482569229569e-20
8.242879486831623581e+03 7.304850804660710034e-20 5.007513658261270555e-20
8.247885414764677989e+03 8.447258386608443956e-20 4.982433274989679582e-20
8.252891342697734217e+03 1.258534535063336841e-19 4.926374660168274242e-20
8.257897270630790445e+03 1.347389354728221887e-19 4.861311747625372009e-20
8.262903198563846672e+03 4.539932074984031955e-20 4.873531393151410005e-20
8.267909126496901081e+03 1.042169197139578733e-19 4.987829895566691810e-20
8.272915054429957308e+03 1.479608930953218770e-19 6.068226368992953991e-20
8.277920982363013536e+03 6.574783508450358107e-21 7.945650733440284350e-20
8.282926910296067945e+03 4.255715710968629417e-20 9.775597515043037552e-20
8.287932838229124172e+03 2.593520689933258022e-20 9.536013986222578812e-20
8.292938766162180400e+03 -8.114113638872938280e-20 1.038827150007741389e-19
8.297944694095236628e+03 8.768265868150020826e-20 1.002375461934613429e-19
8.302950622028291036e+03 -3.142257175246316164e-20 9.226650489597259782e-20
8.307956549961347264e+03 1.306491885470076833e-19 7.428283800341505549e-20
8.312962477894403492e+03 -1.912778237907192437e-20 7.379946565274877467e-20
8.317968405827457900e+03 5.722785841774503520e-20 6.287281118829445999e-20
8.322974333760514128e+03 1.172642709931898511e-19 5.789280347153932733e-20
8.327980261693570355e+03 9.745676093547270303e-20 5.553547246944913024e-20
8.332986189626626583e+03 1.323648524461958344e-19 5.730990655881935489e-20
8.337992117559680992e+03 3.068343771533243603e-20 1.057092882905920182e-19
8.342998045492737219e+03 2.847303835509943939e-19 1.279036715463103694e-19
8.348003973425793447e+03 5.075232788399171164e-19 1.274157018277736418e-19
8.353009901358847856e+03 5.681075008637176687e-20 8.636347574718077244e-20
8.358015829291904083e+03 7.614569909367330781e-20 7.384344758828057776e-20
8.363021757224960311e+03 1.982370501376382829e-19 6.374842136225215765e-20
8.368027685158016538e+03 1.515670527166293142e-19 5.968086459897880654e-20
8.373033613091070947e+03 3.390739382510027588e-20 5.398529580987754957e-20
8.378039541024127175e+03 2.611727802825961480e-19 6.806557985610540950e-20
8.383045468957181583e+03 -2.113636306424100941e-20 6.960533765137011400e-20
8.388051396890237811e+03 -5.417870994625527925e-20 6.137770383302941646e-20
8.393057324823294039e+03 1.016731649959277595e-20 8.734810029862862286e-20
8.398063252756350266e+03 2.687686299267600757e-19 1.041997004532895722e-19
8.403069180689406494e+03 2.114408918200611806e-19 9.758672781990444638e-20
8.408075108622460903e+03 7.215075203936798328e-20 6.652015045466504039e-20
8.413081036555517130e+03 9.115282931818509691e-20 7.718165044048457426e-20
8.418086964488571539e+03 2.967166584367580439e-19 7.823514579929937771e-20
8.423092892421627766e+03 2.006558762971075716e-19 9.096687833355930883e-20
8.428098820354683994e+03 -1.878099934104778730e-20 1.202845538413772397e-19
8.433104748287740222e+03 -1.518949633909528683e-21 1.191815945103652460e-19
8.438110676220796449e+03 1.128836822709437789e-19 7.030045276951678011e-20
8.443116604153850858e+03 5.850676313983098809e-20 6.358914168092303635e-20
8.448122532086907086e+03 1.648105279712958442e-19 8.232573302027001726e-20
8.453128460019961494e+03 2.446855236476065948e-19 8.125538524277946340e-20
8.458134387953017722e+03 2.252644414531697223e-19 8.964605381059406699e-20
8.463140315886073950e+03 7.607844792275511669e-20 1.030505457920248203e-19
8.468146243819130177e+03 -2.776929381919308772e-20 9.675394258712722244e-20
8.473152171752186405e+03 1.824999247216923808e-19 5.952092735176711001e-20
8.478158099685240813e+03 6.896052189362875987e-20 5.208184370044596765e-20
8.483164027618297041e+03 1.741375441662030700e-19 5.074379460195409303e-20
8.488169955551351450e+03 2.508465230410267822e-21 6.150425006063694429e-20
8.493175883484407677e+03 -3.895176745068374779e-20 6.413149890047690770e-20
8.498181811417463905e+03 1.901559920261391301e-20 7.240115429771762577e-20
8.503187739350520133e+03 1.729448086337117588e-19 7.474876234267221701e-20
8.508193667283574541e+03 1.029360849684362967e-19 7.073027040945779062e-20
8.513199595216630769e+03 6.681343142048016612e-20 5.121580955928996525e-20
8.518205523149686996e+03 7.631387353876325584e-20 4.900946822099618694e-20
8.523211451082741405e+03 1.013025477082154099e-19 4.916588173552868861e-20
8.528217379015797633e+03 6.030921673254739004e-20 4.940903682092245336e-20
8.533223306948853860e+03 1.492218298183456911e-19 5.484950768167973080e-20
8.538229234881910088e+03 1.790440483172589669e-19 5.845423085660535337e-20
8.543235162814964497e+03 1.182787504704526384e-19 6.690232735327771766e-20
8.548241090748020724e+03 1.684190215374307676e-19 6.782938696607273120e-20
8.553247018681076952e+03 2.973643822500406308e-20 6.447035675427415720e-20
8.558252946614131361e+03 1.290282983101632979e-19 5.565768583425891428e-20
8.563258874547187588e+03 8.923203304358368475e-20 5.598058624132321053e-20
8.568264802480243816e+03 1.063615807156574392e-19 5.797449500568199713e-20
8.573270730413300043e+03 2.418064656903029814e-19 5.907092093353929138e-20
8.578276658346354452e+03 6.788857026507122851e-20 5.759278832318507878e-20
8.583282586279410680e+03 1.893438020566761869e-19 5.921255089090818685e-20
8.588288514212466907e+03 1.409665181010541253e-19 5.973767534452187821e-20
8.593294442145521316e+03 1.545866250624416681e-19 6.030209064382846066e-20
8.598300370078577544e+03 7.434664079166265344e-21 5.754907519087776165e-20
8.603306298011633771e+03 5.034415494584969953e-20 5.383415477113651177e-20
8.608312225944689999e+03 1.405266829520398538e-19 5.576417778756425583e-20
8.613318153877744408e+03 8.488332550559538468e-20 6.451818670607543077e-20
8.618324081810800635e+03 -5.820708909589665079e-20 7.593430273814079313e-20
8.623330009743856863e+03 9.422434205295407603e-20 8.615316949698580623e-20
8.628335937676911271e+03 8.828596175320765740e-20 9.075801934591401231e-20
8.633341865609967499e+03 -1.068289435514723857e-19 8.648468220483330414e-20
8.638347793543023727e+03 1.554136103489248452e-19 7.594346847267403675e-20
8.643353721476079954e+03 1.495254971411521196e-19 7.119562472521244188e-20
8.648359649409134363e+03 1.242962967227055369e-19 7.939360896758915472e-20
8.653365577342190591e+03 2.724091574260395565e-19 9.098316947794733296e-20
8.658371505275246818e+03 1.817157882634829410e-19 9.466153929857135702e-20
8.663377433208301227e+03 -5.303365110452169001e-20 9.306823703367303176e-20
8.668383361141357454e+03 7.633493367077169549e-20 8.862379780699310835e-20
8.673389289074413682e+03 1.425828311823769259e-19 8.277002338276171414e-20
8.678395217007469910e+03 1.620424846171216261e-19 7.592621926669592400e-20
8.683401144940524318e+03 1.282156657760740111e-19 6.995156678915218370e-20
8.688407072873580546e+03 4.807881515610631330e-20 6.569427646699133480e-20
8.693413000806636774e+03 9.384521044589609078e-20 6.422431234287158526e-20
8.698418928739691182e+03 1.424351112794630091e-19 6.404716582729667451e-20
8.703424856672747410e+03 1.766498053420263541e-19 6.350390263144820000e-20
8.708430784605803638e+03 5.214553416139298701e-20 6.017889618988189093e-20
8.713436712538859865e+03 4.324369499475976459e-20 5.648815966425125650e-20
8.718442640471914274e+03 6.152181941624591454e-20 5.428984759423913644e-20
8.723448568404970501e+03 1.122615366375276936e-19 5.351994119891040411e-20
8.728454496338024910e+03 1.370823564167617539e-19 5.278931056506173587e-20
8.733460424271081138e+03 1.150043380254507547e-19 5.219993508731197193e-20
8.738466352204137365e+03 8.748440206386316456e-20 5.262127333740926161e-20
8.743472280137193593e+03 1.170454420764596119e-19 5.244321094362365676e-20
8.748478208070249821e+03 1.313187820007452398e-19 5.275640624649884788e-20
8.753484136003304229e+03 -1.899346224877899145e-20 7.250739254851173721e-20
8.758490063936360457e+03 -1.055284655879836178e-19 9.912368139038318185e-20
8.763495991869414866e+03 9.536182752740451265e-21 1.229882522934383011e-19
8.768501919802471093e+03 -1.678507147843767026e-19 1.134532729918862875e-19
8.773507847735527321e+03 -1.968034494190158316e-19 1.196559244335149213e-19
8.778513775668583548e+03 1.870043507242436169e-19 1.106444110655971593e-19
8.783519703601639776e+03 9.947196323105390295e-20 9.179148475936217896e-20
8.788525631534694185e+03 4.093494647361682053e-20 7.737478565527462170e-20
8.793531559467750412e+03 7.940737571220678540e-20 7.644963897837301936e-20
8.798537487400804821e+03 1.791456951754488471e-19 6.047047776180440900e-20
8.803543415333861049e+03 7.032414487460841542e-20 5.863721269503722799e-20
8.808549343266917276e+03 1.283172828371425324e-19 6.066408551132386613e-20
8.813555271199973504e+03 4.185471662369451116e-20 6.144545752311463548e-20
8.818561199133029731e+03 2.070868439357231632e-19 9.686868267927575312e-20
8.823567127066084140e+03 -5.838920200155513317e-20 1.642179427552950223e-19
8.828573054999140368e+03 -5.112964256492648913e-22 1.742613708707184639e-19
8.833578982932194776e+03 3.710445322605160999e-19 1.364059523786580035e-19
8.838584910865251004e+03 1.839018767143754130e-19 1.062608974202049777e-19
8.843590838798307232e+03 1.608623996291808744e-19 8.041700098212258573e-20
8.848596766731363459e+03 5.531944215445184614e-20 7.598522336065607772e-20
8.853602694664417868e+03 8.904628967568525655e-20 7.113690685747255320e-20
8.858608622597474096e+03 -2.609594231538897182e-20 6.698613698227892486e-20
8.863614550530530323e+03 2.644234812612525065e-19 8.889928332081710439e-20
8.868620478463584732e+03 2.401896563151862523e-19 8.862595152252112769e-20
8.873626406396640959e+03 2.120229674305761755e-19 6.998722899921479389e-20
8.878632334329697187e+03 1.015840946523144690e-19 9.631573602065842887e-20
8.883638262262753415e+03 1.965572506946155118e-20 1.317811540557044982e-19
8.888644190195807823e+03 -1.863613663970917295e-19 1.281841017650206983e-19
8.893650118128864051e+03 9.041138660235915627e-20 7.770072827175716612e-20
8.898656046061920279e+03 1.733367850823455746e-19 9.311489833308381253e-20
8.903661973994974687e+03 2.183288810910644262e-19 9.729668382509538139e-20
8.908667901928030915e+03 2.356366205187346783e-20 8.256833064051015167e-20
8.913673829861087142e+03 1.738617832584649698e-19 1.222506510712290343e-19
8.918679757794143370e+03 4.393631484939052091e-19 1.424171734993827872e-19
8.923685685727199598e+03 -1.303780666001903714e-19 1.282832739863968378e-19
8.928691613660254006e+03 1.519427641813000249e-19 7.079501581327829043e-20
8.933697541593308415e+03 2.906633038886099138e-21 6.703942290896566683e-20
8.938703469526364643e+03 6.262928843682837224e-20 9.163276285134843098e-20
8.943709397459420870e+03 9.285838634409312349e-20 9.781634243906348075e-20
8.948715325392477098e+03 8.660566670485184712e-20 9.467431048189412152e-20
8.953721253325533326e+03 2.128305053641443762e-19 1.375865951633496747e-19
8.958727181258589553e+03 3.097564370879158619e-19 1.461175904967404602e-19
8.963733109191643962e+03 1.622635984617548459e-19 1.115460623159281543e-19
8.968739037124698370e+03 1.768849582029875173e-19 7.126490521285724555e-20
8.973744965057754598e+03 4.589896533902359584e-20 7.051830563055805530e-20
8.978750892990810826e+03 1.576908203935622136e-20 7.256977675436163706e-20
8.983756820923867053e+03 5.953823539694943454e-20 8.961601412887208416e-20
8.988762748856923281e+03 5.536944692507676099e-20 9.106830228801407994e-20
8.993768676789977690e+03 8.653087052214027905e-21 9.673202350667675438e-20
8.998774604723033917e+03 -7.461142936558698705e-20 1.097259250937325584e-19
9.003780532656088326e+03 1.459507116799630945e-19 1.046872043201869094e-19
9.008786460589144554e+03 1.663134294067174092e-19 6.946976411818763075e-20
9.013792388522200781e+03 1.633427963194689339e-19 6.165044032644860359e-20
9.018798316455257009e+03 4.512967206199194447e-20 6.170786633374489847e-20
9.023804244388313236e+03 1.394921929944845223e-19 6.285282445395378874e-20
9.028810172321367645e+03 1.587679449908808819e-19 6.421665153248674010e-20
9.033816100254423873e+03 5.384809629884095730e-20 7.365674733047743993e-20
9.038822028187478281e+03 6.665071716350521504e-21 7.648170002197499283e-20
9.043827956120534509e+03 -2.557691836363614565e-20 8.676691208265405926e-20
9.048833884053590737e+03 -1.365423723682218750e-20 8.987918070517687857e-20
9.053839811986646964e+03 8.912078746493487095e-20 8.509131000036759242e-20
9.058845739919703192e+03 4.006107696852778910e-19 6.991595390810063853e-20
9.063851667852757600e+03 1.152294149694568562e-19 7.107138396071824429e-20
9.068857595785813828e+03 2.399658061797031997e-19 7.287620649275703283e-20
9.073863523718868237e+03 2.475698720150740113e-20 7.211585290841594287e-20
9.078869451651924464e+03 1.727388873982588257e-19 7.289536096672387803e-20
9.083875379584980692e+03 6.646752676047342293e-21 7.475392661976447798e-20
9.088881307518036920e+03 2.248822360772916669e-19 8.001640509210389716e-20
9.093887235451093147e+03 9.401341460350619429e-20 8.142148041630300122e-20
9.098893163384147556e+03 8.759769927263250531e-20 8.458011420796787975e-20
9.103899091317203784e+03 4.631349965945730400e-20 8.022523537143137235e-20
9.108905019250258192e+03 1.683101737004628172e-19 7.041396600309031590e-20
9.113910947183314420e+03 1.033165851694379852e-19 6.404644016589382509e-20
9.118916875116370647e+03 1.264365055926781409e-19 6.285598918090711472e-20
9.123922803049426875e+03 1.547407150053438384e-19 6.180922668871651991e-20
9.128928730982483103e+03 1.473226869757844278e-19 6.163904657733555330e-20
9.133934658915537511e+03 2.754078400941207492e-20 6.185122585858187185e-20
9.138940586848593739e+03 9.255587290364718675e-20 6.190991897484891740e-20
9.143946514781648148e+03 6.993070518896378156e-20 6.390526861933170487e-20
9.148952442714704375e+03 4.698059395568392169e-20 6.892902421469937427e-20
9.153958370647760603e+03 1.000803647178688417e-19 7.262922238930788281e-20
9.158964298580816831e+03 5.072562879476319245e-20 7.355392749904050794e-20
9.163970226513873058e+03 7.438151493205961275e-20 7.175079182299869076e-20
9.168976154446927467e+03 -6.345831903040046198e-20 6.671663735847292951e-20
9.173982082379983694e+03 5.739647359252967045e-20 6.676494231985926915e-20
9.178988010313038103e+03 1.283349968871482036e-19 6.738251850574284035e-20
9.183993938246094331e+03 1.826326410976036094e-19 6.820839372522179019e-20
9.188999866179150558e+03 1.434717391916733401e-20 6.831623309725244258e-20
9.194005794112206786e+03 5.520291536964413355e-20 6.880519188713762288e-20
9.199011722045263014e+03 7.487017265866960098e-20 7.265804343571668788e-20
9.204017649978317422e+03 7.219988593900936273e-20 7.719765806091580311e-20
9.209023577911373650e+03 2.243946521455590647e-19 7.866757782821922697e-20
9.214029505844428058e+03 7.468119030424753906e-20 8.447368449373322159e-20
9.219035433777484286e+03 2.731264285069930106e-19 8.312695049476560046e-20
9.224041361710540514e+03 2.093848678467957769e-19 7.942633115564106363e-20
9.229047289643596741e+03 9.766003637465416405e-20 8.102211695688076322e-20
9.234053217576652969e+03 1.197773434197557763e-19 7.583112741838664061e-20
9.239059145509707378e+03 4.490196395040451414e-20 7.516140381606681186e-20
9.244065073442761786e+03 1.215767775226257596e-19 7.447477044426594592e-20
9.249071001375818014e+03 1.549221647293013068e-19 7.275403213563267554e-20
9.254076929308874242e+03 1.399557743359906975e-19 7.194876473565817166e-20
9.259082857241930469e+03 1.316549851589825599e-19 7.332080752611210416e-20
9.264088785174986697e+03 1.766259529184331857e-19 7.679575687526070759e-20
9.269094713108042924e+03 6.394461109019738617e-20 7.873993410727120887e-20
9.274100641041097333e+03 1.328949244217396974e-19 7.472361959961018493e-20
9.279106568974151742e+03 7.895421939829046405e-20 8.125747712442861423e-20
9.284112496907207969e+03 6.752114836386742584e-21 8.314512903507767339e-20
9.289118424840264197e+03 1.202281455175296366e-19 9.145236346332108383e-20
9.294124352773320425e+03 6.034445883983268078e-20 9.090803370011656832e-20
9.299130280706376652e+03 2.649562226797871852e-19 1.264278687369345626e-19
9.304136208639432880e+03 3.331844677774003328e-19 1.916447290179424443e-19
9.309142136572487289e+03 1.661632338533477850e-19 2.663120451134964191e-19
9.314148064505541697e+03 -2.870666462415114337e-19 2.053109795279551100e-19
9.319153992438597925e+03 3.054254168677979599e-19 1.909955838243963968e-19
9.324159920371654152e+03 5.098687665386224912e-19 2.227255682988601501e-19
9.329165848304710380e+03 1.845464354608882681e-20 1.898420357149277441e-19
9.334171776237766608e+03 -1.119599903866265670e-19 1.965503743607045858e-19
9.339177704170821016e+03 4.262043058875249909e-19 2.036173948178716675e-19
9.344183632103877244e+03 -1.766413350047935970e-19 1.682400267754479159e-19
9.349189560036931653e+03 3.338842913489862633e-19 1.446521387268638021e-19
9.354195487969987880e+03 2.251437187719742311e-19 1.399549334418623701e-19
9.359201415903044108e+03 9.040613839404228540e-20 1.408953146321326276e-19
9.364207343836100335e+03 -3.085491742850273444e-20 1.276397129392009678e-19
9.369213271769156563e+03 -2.036984658422416396e-20 2.376389457099555682e-19
9.374219199702210972e+03 2.528306558632779601e-19 3.026331133451301119e-19
9.379225127635267199e+03 -4.704100019041900925e-19 3.244486312849386891e-19
9.384231055568321608e+03 7.723840713389599370e-20 1.523235689755887070e-19
9.389236983501377836e+03 5.222110391147329593e-20 9.866295699330566611e-20
9.394242911434434063e+03 1.225710030170939171e-19 9.338559172293825692e-20
9.399248839367490291e+03 9.888406115614606719e-20 1.200164115663664318e-19
9.404254767300546519e+03 3.192873483979388293e-20 1.283246938748688083e-19
9.409260695233600927e+03 -9.622962936488519298e-20 1.105969844522405680e-19
9.414266623166657155e+03 8.226952372521743117e-20 1.474312208760775721e-19
9.419272551099711563e+03 -5.962938488656491267e-20 1.530782188863500337e-19
9.424278479032767791e+03 -8.266557642886053488e-20 1.455249800875299058e-19
9.429284406965824019e+03 -9.079153370397221890e-20 1.406333699563075932e-19
9.434290334898880246e+03 2.589701037307745230e-19 2.462135343603529090e-19
9.439296262831936474e+03 4.468130333137570473e-19 4.169515154717413135e-19
9.444302190764990883e+03 -4.714362374664425196e-19 2.634094214182496119e-19
9.449308118698047110e+03 2.344753000461220704e-19 1.573169140552867043e-19
9.454314046631101519e+03 1.175541477854990343e-19 2.170675237628904732e-19
9.459319974564157746e+03 -1.936254027235184947e-20 2.594891820938103836e-19
9.464325902497213974e+03 -2.612694231194021780e-20 1.898549913559609943e-19
9.469331830430270202e+03 -1.481614059663720284e-19 2.141322041765824546e-19
9.474337758363326429e+03 -4.100538954987878213e-19 2.854491258083216899e-19
9.479343686296380838e+03 2.391006193153906307e-19 2.825864679624612961e-19
9.484349614229437066e+03 2.950829950635734552e-19 1.763708923512078927e-19
9.489355542162491474e+03 3.058040265372641701e-20 1.232104414402969122e-19
9.494361470095547702e+03 5.360014368496676240e-19 1.627613073975173043e-19
9.499367398028603930e+03 -1.584183461776299630e-19 2.264500961629639324e-19
9.504373325961660157e+03 -7.735600664974903009e-20 1.922884213636533211e-19
9.509379253894716385e+03 8.286216870752721133e-20 1.422050710374115515e-19
9.514385181827770793e+03 3.875922301852479554e-19 2.155689090932295972e-19
9.519391109760827021e+03 -4.179592583606021147e-19 2.509601322859356605e-19
9.524397037693881430e+03 -3.425116804677244323e-19 2.052072548664288766e-19
9.529402965626937657e+03 -1.589014430423169948e-19 1.279982240605361086e-19
9.534408893559993885e+03 -1.127527700348946571e-19 1.177909094302970451e-19
9.539414821493050113e+03 -6.885691085971489617e-20 1.259951022716813456e-19
9.544420749426106340e+03 1.083023964578897347e-19 1.466948341896940323e-19
9.549426677359160749e+03 4.337313051079161766e-19 1.872488333635538112e-19
9.554432605292216977e+03 1.132932928530179807e-19 1.838425881171319586e-19
9.559438533225271385e+03 -7.332745943774133133e-20 1.775968544306834239e-19
9.564444461158327613e+03 2.910458237234671613e-19 2.109632565228807112e-19
9.569450389091383840e+03 -2.957315641285165689e-19 2.220771945486616244e-19
9.574456317024440068e+03 2.459162022748157403e-19 1.586659289596387186e-19
9.579462244957496296e+03 -4.927341019302691276e-20 1.443927450703621770e-19
9.584468172890550704e+03 2.647067222756158487e-19 1.457458707054862899e-19
9.589474100823605113e+03 7.590064652684360427e-21 1.428317981146064190e-19
9.594480028756661341e+03 1.734752712625802995e-19 1.397845643845320280e-19
9.599485956689717568e+03 5.975465403801603770e-20 1.503889556735956480e-19
9.604491884622773796e+03 2.638686646248373551e-19 1.723502036032409425e-19
9.609497812555830023e+03 7.856829992267295746e-20 1.494098963497532000e-19
9.614503740488886251e+03 1.403980993581860449e-19 1.458548791744643072e-19
9.619509668421940660e+03 2.866798539666705231e-19 1.834374915974306975e-19
9.624515596354995068e+03 -1.499679091829156244e-19 1.791733578299870365e-19
9.629521524288051296e+03 3.003869160668227587e-19 1.349730758952771667e-19
9.634527452221107524e+03 3.170492738582492829e-19 1.274196832289600010e-19
9.639533380154163751e+03 -9.149447876102300369e-20 1.347940504566943267e-19
9.644539308087219979e+03 3.284580143219036031e-19 1.376468987308513949e-19
9.649545236020274388e+03 1.348865644091180088e-19 1.421549450212648036e-19
9.654551163953330615e+03 -7.286099751440742605e-20 1.417020103534400709e-19
9.659557091886385024e+03 -7.587973728697386769e-20 1.517169263968653025e-19
9.664563019819441251e+03 2.602561922911014823e-19 1.640031157486006750e-19
9.669568947752497479e+03 -1.251325735490567491e-19 1.690052846392820168e-19
9.674574875685553707e+03 -8.614418867052259079e-20 1.907097851906150130e-19
9.679580803618609934e+03 -8.643407801970936386e-20 1.967156659999328522e-19
9.684586731551664343e+03 2.876081875752932817e-19 1.880173126027783149e-19
9.689592659484720571e+03 1.275935995536173450e-19 1.770109312589826145e-19
9.694598587417774979e+03 -1.259459592932182935e-19 2.063101787459615895e-19
9.699604515350831207e+03 4.020816161560755552e-19 1.987216080883720957e-19
9.704610443283887435e+03 2.797947473327750050e-19 2.016384387068217570e-19
9.709616371216943662e+03 -5.482678493953982834e-20 2.003465036085591390e-19
9.714622299149999890e+03 -1.237220705173062677e-19 2.930942429635226667e-19
9.719628227083054298e+03 -2.734607823953920526e-19 3.113235220666766004e-19
9.724634155016110526e+03 1.857283793553416387e-19 2.328924286556138475e-19
9.729640082949164935e+03 3.756020138038792340e-21 1.854603413691698077e-19
9.734646010882221162e+03 5.673734906793288516e-19 1.906678320214243759e-19
9.739651938815277390e+03 -1.358234185217276069e-19 2.281248122282300847e-19
9.744657866748333618e+03 -2.449555269171241001e-20 1.917222855856277439e-19
9.749663794681389845e+03 -1.786942888378244729e-19 1.776174254013439188e-19
9.754669722614444254e+03 2.776334220042442006e-19 1.647294366417604095e-19
9.759675650547500481e+03 -1.044955394894820286e-19 1.679868461218229895e-19
9.764681578480554890e+03 2.099333798275181030e-19 1.513342479807015520e-19
9.769687506413611118e+03 9.906111905990963067e-20 1.494693313677063304e-19
9.774693434346667345e+03 1.514437131018370537e-19 1.546922868006118038e-19
9.779699362279723573e+03 1.430190747292882965e-19 1.587420085235226766e-19
9.784705290212779801e+03 3.117981292868641479e-19 2.244487928935874961e-19
9.789711218145834209e+03 5.137063384717327842e-19 3.114858796630085698e-19
9.794717146078890437e+03 2.728462781798115600e-19 3.332696354858039573e-19
9.799723074011944846e+03 1.874619657914095253e-19 2.321270939873254771e-19
9.804729001945001073e+03 -7.625210252765332285e-20 2.109549523509636384e-19
9.809734929878057301e+03 4.051446449891781713e-20 1.889502085593285252e-19
9.814740857811113528e+03 2.464593619422773042e-19 1.952562936015681462e-19
9.819746785744169756e+03 1.255529178740734436e-19 1.905057283404615669e-19
9.824752713677224165e+03 2.963028687831621957e-20 1.980084320894257833e-19
9.829758641610280392e+03 -4.851916748345322452e-21 2.028466006022112071e-19
9.834764569543334801e+03 -1.149015954472182072e-19 1.936539526320287128e-19
9.839770497476391029e+03 -4.485735819703655544e-20 1.922835865158889622e-19
9.844776425409447256e+03 1.943045441226006913e-19 2.587059251511380310e-19
9.849782353342503484e+03 1.717649394591412082e-19 2.980060933014375153e-19
9.854788281275559712e+03 6.277662424847958817e-19 2.284661531836316357e-19
9.859794209208614120e+03 9.878799263150041655e-20 2.114583386096861747e-19
9.864800137141670348e+03 6.556391033720228777e-19 2.531882155011320227e-19
9.869806065074724756e+03 3.265290877620693085e-19 3.311575212016791064e-19
9.874811993007780984e+03 7.971012511637971390e-19 3.389060381719346192e-19
9.879817920940837212e+03 4.521845053365426691e-19 2.911084310089960901e-19
9.884823848873893439e+03 3.877787566814637926e-19 2.392677996024886507e-19
9.889829776806949667e+03 6.436861112884974004e-19 2.438548882204811851e-19
9.894835704740004076e+03 1.890781725431595391e-19 2.327657023186343059e-19
9.899841632673058484e+03 9.568599577372089572e-19 2.485931645732233011e-19
9.904847560606114712e+03 3.661694953106350660e-19 2.456093132609718467e-19
9.909853488539170939e+03 8.546545741083904954e-19 3.862080430784225431e-19
9.914859416472227167e+03 1.175821199846677196e-19 3.754617966503886973e-19
9.919865344405283395e+03 1.458713531207101093e-19 3.233173838673995227e-19
9.924871272338339622e+03 2.041421464738642048e-19 2.022653863945080811e-19
9.929877200271394031e+03 3.492809207088827265e-19 2.223581791945866922e-19
9.934883128204448440e+03 4.012097867923267671e-19 2.879040006015110599e-19
9.939889056137504667e+03 -3.131523031337723538e-19 4.137495028337972552e-19
9.944894984070560895e+03 -7.941838735191216069e-19 8.411716834611714613e-19
9.949900912003617123e+03 5.116436048613565931e-19 5.165662621264393799e-19
9.954906839936673350e+03 9.844862446289430851e-19 4.689955374240555853e-19
9.959912767869729578e+03 -3.986453639091197249e-19 4.624334300177737113e-19
9.964918695802783986e+03 -3.597994263122784314e-19 4.212955832691660466e-19
9.969924623735838395e+03 2.947035486987456737e-19 3.515082764687692019e-19
9.974930551668894623e+03 5.996823568415648178e-19 3.274325050423913570e-19
9.979936479601950850e+03 -1.607560011025804486e-19 2.791197522472643830e-19
9.984942407535007078e+03 5.089494690436581087e-19 2.851634961970486556e-19
9.989948335468063306e+03 4.071331943002769314e-19 2.775954721594069674e-19
9.994954263401117714e+03 -1.888848854082227235e-19 2.834815569737132855e-19
9.999960191334173942e+03 1.192338807406237772e-19 2.994261864109155492e-19
1.000496611926722835e+04 9.121850909479207614e-19 3.554685935918149742e-19
1.000997204720028458e+04 3.500638577358378143e-19 5.530760145619129134e-19
1.001497797513334081e+04 -7.963550901010948700e-19 4.320206843097940226e-19
1.001998390306639703e+04 -6.049481238932180926e-19 5.529845981593835055e-19
1.002498983099945326e+04 3.597745448850045692e-20 4.666619668715868108e-19
1.002999575893250767e+04 3.208640456061514816e-19 3.693968055710460175e-19
1.003500168686556390e+04 6.116364193640095114e-19 3.096066950622018510e-19
1.004000761479861831e+04 6.747840207126653779e-19 3.157403845886014765e-19
1.004501354273167453e+04 1.006926116657310538e-19 3.517216446312716866e-19
1.005001947066473076e+04 6.176178037169956404e-20 3.252479095883033739e-19
1.005502539859778699e+04 1.325696608863618893e-19 2.898835206130212623e-19
1.006003132653084322e+04 -1.452701466907540328e-19 3.440554621508616049e-19
1.006503725446389763e+04 4.123421440920127913e-19 4.001879788445889956e-19
1.007004318239695385e+04 1.890892925788503852e-19 3.812831236195237493e-19
1.007504911033000826e+04 2.231353271111372793e-19 3.795661641060030525e-19
1.008005503826306449e+04 -5.353315504782643528e-19 4.037175587639322808e-19
1.008506096619612072e+04 -3.696453109086348246e-19 4.831722969628352875e-19
1.009006689412917694e+04 1.627831964412062848e-19 4.468420854543620370e-19
1.009507282206223317e+04 -3.254110501915446202e-19 3.994907625693899227e-19
1.010007874999528758e+04 2.234351837089087021e-19 3.988860131874979633e-19
1.010508467792834381e+04 1.014652468970302242e-18 5.216470235761277922e-19
1.011009060586139822e+04 -2.945367630887975900e-19 4.452693284286884587e-19
1.011509653379445444e+04 1.038353420834152719e-18 4.471605946236064879e-19
1.012010246172751067e+04 -1.388461238808989255e-19 4.721316928419816528e-19
1.012510838966056690e+04 6.900875652153712248e-19 5.496753143519722761e-19
1.013011431759362313e+04 -2.859184359447585192e-19 5.124567410580160778e-19
1.013512024552667754e+04 2.405096136753977489e-19 4.749088869716077598e-19
1.014012617345973376e+04 1.788840496518435470e-19 5.010393207646430620e-19
1.014513210139278817e+04 1.902229362082014636e-19 4.521094862399500456e-19
1.015013802932584440e+04 -1.994510230967166578e-19 4.648144991439163134e-19
1.015514395725890063e+04 5.941222513530284761e-19 5.474107699906278348e-19
1.016014988519195686e+04 7.867359501664602008e-19 4.591070447859451660e-19
1.016515581312501308e+04 -1.921230676231908843e-20 4.972755868465448162e-19
1.017016174105806749e+04 7.312599955065170218e-19 4.878587823685208571e-19
1.017516766899112372e+04 1.302630302368893817e-18 5.482349455156578230e-19
1.018017359692417813e+04 -7.059215700370242854e-19 4.891993171015748363e-19
1.018517952485723436e+04 -2.976726102901105474e-19 6.154995224322320228e-19
1.019018545279029058e+04 2.304526200928534856e-19 7.432680605928674361e-19
1.019519138072334681e+04 3.467703108982815899e-19 5.547149598547882398e-19
1.020019730865640304e+04 1.236976910520378335e-18 5.573794130760017671e-19
1.020520323658945745e+04 -2.040625285180876395e-19 5.260341154122429457e-19
1.021020916452251367e+04 9.194977614073811408e-21 6.171374405296777903e-19
1.021521509245556808e+04 -3.333727257461512432e-19 6.161851995109676819e-19
1.022022102038862431e+04 3.236548348121514901e-19 7.376827978769609399e-19
1.022522694832168054e+04 1.511569659654492887e-18 5.751781747659448482e-19
1.023023287625473677e+04 -2.476474829723710173e-19 8.970112540718057300e-19
1.023523880418779299e+04 3.590870780312055320e-19 7.739888656778517864e-19
1.024024473212084740e+04 1.167961609559389692e-18 7.284470136520201656e-19
1.024525066005390181e+04 -1.730993083168577452e-20 6.400879202421799966e-19
1.025025658798695804e+04 3.555823734283873181e-20 5.882472942723173157e-19
1.025526251592001427e+04 -4.041742482596430247e-19 6.180407568623643259e-19
1.026026844385307049e+04 6.247553798032084825e-19 5.996673836426891205e-19
1.026527437178612672e+04 -6.117274309329323730e-19 6.144027102600415216e-19
1.027028029971918295e+04 -6.716217365903057424e-19 5.854142785574127067e-19
1.027528622765223736e+04 -5.503526863572612017e-20 6.241338406670906639e-19
1.028029215558529177e+04 1.049391209648432930e-18 1.675007420449114420e-18
1.028529808351834799e+04 7.530208203422454742e-19 1.601624447690111634e-18
1.029030401145140422e+04 4.977426691254885813e-19 1.155671137344980391e-18
1.029530993938446045e+04 -1.022501533654440551e-18 9.540713449704437691e-19
