#  wl flam flam_err
4.803806996822357178e+03 8.777067247046089817e-19 1.933529751354782587e-18
4.808812924755412496e+03 -7.232347771483788224e-19 1.737260024995148561e-18
4.813818852688468723e+03 -2.344935005163992874e-18 1.531043252347535128e-18
4.818824780621524042e+03 2.725851417797139239e-18 1.359588511572053976e-18
4.823830708554580269e+03 -9.187429687375540031e-19 1.170754784482818181e-18
4.828836636487635587e+03 -1.625001710548356361e-18 1.056708480904881481e-18
4.833842564420691815e+03 3.613798052272990524e-19 9.667110532729117353e-19
4.838848492353747133e+03 1.421408319022697442e-18 9.031342769599025566e-19
4.843854420286802451e+03 7.530580665237447293e-19 8.421033509703238662e-19
4.848860348219858679e+03 -1.387835059325516412e-18 7.612274871737927717e-19
4.853866276152913997e+03 -3.315549621957210489e-20 6.936351422131696157e-19
4.858872204085970225e+03 3.320804186472643351e-19 6.420397971969370357e-19
4.863878132019025543e+03 1.810088514072927387e-19 6.081214870972471326e-19
4.868884059952080861e+03 -8.935059137183934392e-20 5.824802591088218293e-19
4.873889987885137089e+03 -2.184142989178154572e-19 5.625541309054291572e-19
4.878895915818192407e+03 -4.466307568471686045e-19 5.359758600671599547e-19
4.883901843751248634e+03 3.319034609406060194e-19 5.056624758943806208e-19
4.888907771684303952e+03 3.734310089456854643e-19 4.710066327856185798e-19
4.893913699617360180e+03 -3.046023331253230623e-19 4.415581342074006105e-19
4.898919627550415498e+03 1.327877580355626959e-19 4.295710788228676463e-19
4.903925555483470816e+03 4.054952597777730300e-19 4.170582737753320137e-19
4.908931483416527044e+03 4.531659937944775549e-19 4.086017377560300890e-19
4.913937411349582362e+03 5.322580659984288365e-20 3.938178845130967885e-19
4.918943339282638590e+03 3.284045562228388811e-19 3.805505148301312360e-19
4.923949267215693908e+03 3.350743580759227222e-19 3.709452552894931626e-19
4.928955195148750136e+03 -3.648465261136712746e-20 3.544698702057664053e-19
4.933961123081805454e+03 3.567137018889770414e-19 3.362102093435388938e-19
4.938967051014860772e+03 4.924564009967617708e-19 3.231886051001615911e-19
4.943972978947916999e+03 9.550980364400143340e-20 3.076290675486958984e-19
4.948978906880972318e+03 -6.165160956640170512e-19 2.925403551152858768e-19
4.953984834814028545e+03 -1.111313420471521965e-19 2.829705467399174528e-19
4.958990762747083863e+03 -1.507111680554400330e-19 2.788464678208327905e-19
4.963996690680139181e+03 2.146053007089158794e-20 2.803648439881792166e-19
4.969002618613195409e+03 -3.107926480964505275e-19 2.848174110310084623e-19
4.974008546546250727e+03 -2.894913837373788037e-19 2.882869321415682304e-19
4.979014474479306955e+03 -3.263556913787667357e-19 2.891108520845390344e-19
4.984020402412362273e+03 -3.864466630497799289e-20 2.839527483833522034e-19
4.989026330345418501e+03 2.597234009213460690e-19 2.840504051387899758e-19
4.994032258278473819e+03 -3.645494552350591699e-19 2.804720511403784895e-19
4.999038186211529137e+03 4.341027017193260566e-19 2.668928415902864552e-19
5.004044114144585365e+03 5.425629967989752637e-19 2.498698186213965537e-19
5.009050042077640683e+03 1.672593396798127483e-19 2.330766327195264492e-19
5.014055970010696910e+03 -3.891351495798620796e-20 2.165543143349619697e-19
5.019061897943752228e+03 1.131212880765198700e-19 2.083301894343764250e-19
5.024067825876807547e+03 -2.375106367200577921e-19 2.023369286077375259e-19
5.029073753809863774e+03 3.515371026747762623e-20 2.001074651417102439e-19
5.034079681742919092e+03 -3.910347378543030366e-19 1.986689143471994115e-19
5.039085609675975320e+03 -6.619212458519868501e-20 1.973830478725009645e-19
5.044091537609030638e+03 3.151571891343815338e-19 2.000431626357058319e-19
5.049097465542086866e+03 1.118738481959107104e-19 2.007001850002193184e-19
5.054103393475142184e+03 -6.297513608648762178e-20 2.025946408404516177e-19
5.059109321408197502e+03 5.747107459243254452e-20 2.007072353802997545e-19
5.064115249341253730e+03 1.674922061742662626e-19 1.956954590707371612e-19
5.069121177274309048e+03 2.159951945886923569e-19 1.900955676306149748e-19
5.074127105207365275e+03 1.323983141771993372e-19 1.845196111309239619e-19
5.079133033140420594e+03 -4.641048632933645714e-20 1.778683334561797412e-19
5.084138961073476821e+03 2.150174848973499472e-19 1.769223096179574573e-19
5.089144889006532139e+03 1.971405994367128374e-19 1.781409272032225041e-19
5.094150816939587457e+03 1.631270012623796924e-20 1.765264956988188498e-19
5.099156744872643685e+03 3.940804537338730943e-20 1.776137318484713397e-19
5.104162672805699003e+03 7.225516270644943112e-22 1.820549481192798663e-19
5.109168600738755231e+03 -1.529636567109643985e-19 1.863168230071060520e-19
5.114174528671810549e+03 2.241859517957233695e-19 1.924400984621470902e-19
5.119180456604865867e+03 -5.666911559655838851e-20 1.999725248336427395e-19
5.124186384537922095e+03 5.642341661304040523e-19 2.025253908574235935e-19
5.129192312470977413e+03 -3.357163826246669703e-19 1.942214814271991468e-19
5.134198240404033641e+03 -3.988320914199533699e-20 1.892394535852134269e-19
5.139204168337088959e+03 -9.840286114089694323e-20 1.854469116343891625e-19
5.144210096270145186e+03 2.165133284906476287e-19 1.812873093320278989e-19
5.149216024203200504e+03 1.109485441253622759e-19 1.734175287482837503e-19
5.154221952136255823e+03 -1.455777654577263799e-19 1.651181264692603240e-19
5.159227880069312050e+03 1.638535377326273823e-19 1.576948813243153403e-19
5.164233808002367368e+03 -7.883205813726140960e-20 1.465012924912861003e-19
5.169239735935423596e+03 1.623971176453126122e-19 1.372933114997019579e-19
5.174245663868478914e+03 1.421272161270218899e-19 1.343333967762250272e-19
5.179251591801534232e+03 -7.103855964231597977e-20 1.317291129659457408e-19
5.184257519734590460e+03 2.159528889471776959e-19 1.328001554790558756e-19
5.189263447667645778e+03 3.359175876939808760e-20 1.355888495315752057e-19
5.194269375600702006e+03 -1.388201989064619651e-19 1.432858884307687484e-19
5.199275303533757324e+03 -4.753989949218690530e-21 1.503525630209050531e-19
5.204281231466813551e+03 4.072694373471043559e-19 1.525581627289887139e-19
5.209287159399868870e+03 4.515327495452627581e-20 1.507234773709555148e-19
5.214293087332924188e+03 3.582359873900714762e-19 1.523736340063346048e-19
5.219299015265980415e+03 1.290904641371239715e-19 1.571212400179694415e-19
5.224304943199035733e+03 8.591042258588808135e-20 1.594385892224449761e-19
5.229310871132091961e+03 -3.130967317345768402e-19 1.592559516169044542e-19
5.234316799065147279e+03 2.281635725220794603e-19 1.612413366111860227e-19
5.239322726998203507e+03 4.866149373201355752e-19 1.643507346948330407e-19
5.244328654931258825e+03 2.237093507033873656e-19 1.627198827734574197e-19
5.249334582864314143e+03 5.521408154605644684e-20 1.595506660801439814e-19
5.254340510797370371e+03 6.288896055598913009e-21 1.562899994065501658e-19
5.259346438730425689e+03 8.577927064956162686e-21 1.476696093788761736e-19
5.264352366663481916e+03 -9.225187186304827222e-20 1.368537752328108644e-19
5.269358294596537235e+03 5.018829229145383802e-20 1.313426129632993611e-19
5.274364222529593462e+03 1.389792246667716568e-19 1.313926155000138908e-19
5.279370150462648780e+03 1.522776745583985719e-19 1.322891884398970187e-19
5.284376078395704099e+03 2.052100502747675084e-19 1.307780809991838672e-19
5.289382006328760326e+03 3.808025352701565495e-19 1.314751136715859557e-19
5.294387934261815644e+03 3.533440221827084919e-19 1.342818804100441209e-19
5.299393862194871872e+03 5.828728413310469999e-20 1.342716378655519937e-19
5.304399790127927190e+03 8.482033335980275528e-20 1.345980431551475678e-19
5.309405718060982508e+03 3.601742404005600873e-20 1.348916798564548103e-19
5.314411645994038736e+03 1.907410386779852520e-19 1.345286500929975547e-19
5.319417573927094054e+03 1.955710508891953648e-19 1.340007494209981853e-19
5.324423501860150282e+03 1.961015382648978454e-19 1.333083454934605674e-19
5.329429429793205600e+03 2.021329172012221853e-19 1.350136097292659343e-19
5.334435357726260918e+03 2.516664885643246977e-19 1.355305599744960715e-19
5.339441285659317145e+03 3.132590735852639673e-19 1.352407807662897293e-19
5.344447213592372464e+03 1.415193972894028272e-19 1.346491063732494824e-19
5.349453141525428691e+03 3.384425415938289421e-19 1.361168661438997147e-19
5.354459069458484009e+03 2.181021124486345219e-19 1.378658400564863350e-19
5.359464997391540237e+03 1.995940461739285900e-19 1.371130147486292706e-19
5.364470925324595555e+03 1.144144754565409572e-19 1.362650385976055825e-19
5.369476853257650873e+03 6.344141449857072169e-20 1.362060734101585056e-19
5.374482781190707101e+03 1.112132542792121313e-19 1.388214915524592933e-19
5.379488709123762419e+03 3.658296431635592164e-19 1.379424382963729609e-19
5.384494637056818647e+03 3.535454683902775355e-19 1.325113158204743505e-19
5.389500564989873965e+03 2.333391218591212860e-20 1.285964053957624931e-19
5.394506492922930192e+03 1.009621948501852812e-19 1.236284448330437634e-19
5.399512420855985511e+03 1.333282198492600631e-19 1.205870587844833523e-19
5.404518348789040829e+03 9.095036854283020129e-20 1.189723460041353201e-19
5.409524276722097056e+03 1.070122779246889488e-19 1.163907003238569527e-19
5.414530204655152374e+03 6.775259447176508885e-20 1.181438634872342651e-19
5.419536132588208602e+03 3.080644348483827225e-20 1.182506599385827441e-19
5.424542060521263920e+03 -7.899663387301826439e-20 1.191545219669635354e-19
5.429547988454320148e+03 9.583271252689591359e-20 1.196216723917916058e-19
5.434553916387375466e+03 4.236584216773537486e-20 1.212992362881164868e-19
5.439559844320430784e+03 1.008957180767505257e-19 1.225191448754566040e-19
5.444565772253487012e+03 1.080354006927073449e-19 1.244268675735493644e-19
5.449571700186542330e+03 7.752969040308050643e-20 1.249136488250409670e-19
5.454577628119598558e+03 1.705920505898523268e-19 1.276156457629222337e-19
5.459583556052653876e+03 9.624896657148563470e-20 1.286712237217068800e-19
5.464589483985709194e+03 2.448390905929317321e-19 1.298034013475590468e-19
5.469595411918765421e+03 -2.069881187100163024e-19 1.292693480531519778e-19
5.474601339851820740e+03 -5.584795155655747106e-21 1.282334565124697517e-19
5.479607267784876967e+03 1.873508684185135490e-19 1.290119263294850326e-19
5.484613195717932285e+03 4.023815101215754681e-20 1.292340724740652767e-19
5.489619123650987603e+03 2.331925513714622787e-19 1.287682712740865828e-19
5.494625051584043831e+03 1.681868930701214354e-19 1.298973163610962546e-19
5.499630979517099149e+03 1.111935553501125030e-19 1.296246188526257357e-19
5.504636907450155377e+03 2.129672331766316480e-19 1.308108900654184672e-19
5.509642835383210695e+03 -1.129636080455001965e-19 1.271381818439977643e-19
5.514648763316266923e+03 9.697419017145590202e-20 1.226881996743101492e-19
5.519654691249322241e+03 1.794397393206506732e-19 1.196964881796379006e-19
5.524660619182377559e+03 1.060172062810589872e-19 1.154484304207263152e-19
5.529666547115433787e+03 2.604820313389162278e-19 1.124058559640649725e-19
5.534672475048489105e+03 5.581014524176405052e-20 1.112120509077799915e-19
5.539678402981545332e+03 8.801533485692491047e-20 1.130515582041046416e-19
5.544684330914600650e+03 5.482982549367378293e-20 1.159022325516607691e-19
5.549690258847656878e+03 -8.611165446795671164e-20 1.151249910824092079e-19
5.554696186780712196e+03 -5.062331963433981759e-20 1.142598532565637542e-19
5.559702114713767514e+03 2.942366558460356731e-19 1.160120278752527100e-19
5.564708042646823742e+03 1.190369284125007143e-19 1.183294415148625147e-19
5.569713970579879060e+03 2.540271700590669986e-19 2.040157290304137357e-19
5.574719898512935288e+03 -6.408881041421400053e-21 3.903407282573470194e-19
5.579725826445990606e+03 4.128086448307789592e-19 4.238196753347784084e-19
5.584731754379046833e+03 6.436446493644248429e-20 2.921960231878134642e-19
5.589737682312102152e+03 1.106206960749698232e-19 1.321152352450166134e-19
5.594743610245157470e+03 3.006094097574856018e-19 1.207506037144223151e-19
5.599749538178213697e+03 1.787399042616166055e-19 1.218527989097680808e-19
5.604755466111269016e+03 1.275496258577581960e-19 1.228872387652066444e-19
5.609761394044325243e+03 3.625679148206486583e-19 1.232217275018878535e-19
5.614767321977380561e+03 1.234564237677858939e-19 1.214709599659150930e-19
5.619773249910436789e+03 -3.490873634001498347e-20 1.235092744947335795e-19
5.624779177843492107e+03 -3.853515342504658158e-20 1.250548009936721847e-19
5.629785105776547425e+03 -3.976728642369581274e-20 1.252677864531823542e-19
5.634791033709603653e+03 -2.704118861982828298e-19 1.231451162852547682e-19
5.639796961642658971e+03 1.243405999833334186e-19 1.225534329448728841e-19
5.644802889575714289e+03 9.410856781908525132e-20 1.196066290334373482e-19
5.649808817508770517e+03 7.598537390634170770e-20 1.160129277355756411e-19
5.654814745441825835e+03 -8.614887635221910559e-20 1.124315942200526773e-19
5.659820673374882062e+03 1.200376644545826285e-19 1.101189241397568282e-19
5.664826601307937381e+03 1.225021106022813347e-19 1.097912004186025649e-19
5.669832529240993608e+03 -4.003480162906617140e-20 1.099330902609807255e-19
5.674838457174048926e+03 4.670177024391176417e-20 1.096469089722415008e-19
5.679844385107104245e+03 8.174126277016537963e-20 1.095061358308350343e-19
5.684850313040160472e+03 7.769074601215616158e-20 1.085555352409373934e-19
5.689856240973215790e+03 3.524751456308312431e-20 1.091850809815677294e-19
5.694862168906272018e+03 -1.082306767040991489e-19 1.091881874767401378e-19
5.699868096839327336e+03 2.067696704106630824e-19 1.093223502079214635e-19
5.704874024772383564e+03 -3.863963418724191541e-20 1.070772680891541113e-19
5.709879952705438882e+03 2.030236044570485278e-19 1.063803641883628757e-19
5.714885880638494200e+03 1.164273898342782870e-19 1.062193176246553456e-19
5.719891808571550428e+03 1.579098184899789904e-19 1.068311629923877043e-19
5.724897736504605746e+03 1.846626874359206597e-19 1.072035259164231332e-19
5.729903664437661973e+03 8.045741141351045100e-20 1.085143391872152533e-19
5.734909592370717291e+03 2.097867010843757684e-20 1.080555668870525334e-19
5.739915520303773519e+03 9.030339733885555281e-20 1.091043914351189687e-19
5.744921448236828837e+03 1.007566118043144164e-19 1.108803495043869804e-19
5.749927376169884155e+03 3.625281384949805167e-19 1.115980800468130974e-19
5.754933304102940383e+03 9.595875638242763987e-20 1.129920991843287109e-19
5.759939232035995701e+03 1.210601846448972657e-19 1.151384358703446282e-19
5.764945159969051929e+03 7.701080607871478055e-20 1.141402400524459808e-19
5.769951087902107247e+03 9.976054249456515149e-20 1.119224744275700161e-19
5.774957015835163475e+03 1.674100518229419634e-19 1.082785382105839327e-19
5.779962943768218793e+03 -1.600904494559806868e-19 1.053162083999365213e-19
5.784968871701274111e+03 -7.141651391702393737e-20 1.025980206969056268e-19
5.789974799634330338e+03 -5.698779011468856325e-21 1.006777040714999567e-19
5.794980727567385657e+03 7.726196281344208299e-20 9.980529333230546131e-20
5.799986655500441884e+03 1.300802315190471335e-19 9.775311507454124328e-20
5.804992583433497202e+03 7.219188128257193867e-20 9.665631653849585596e-20
5.809998511366552520e+03 1.858048413451302542e-19 9.542230354116571501e-20
5.815004439299608748e+03 2.254296236856341851e-19 9.495671022182501875e-20
5.820010367232664066e+03 8.954344666394137403e-20 9.492017420171699635e-20
5.825016295165720294e+03 5.992864253021852525e-20 9.493975213918846298e-20
5.830022223098775612e+03 1.888971943570178642e-19 9.533661073145090129e-20
5.835028151031830930e+03 1.611450823258188232e-19 9.461046342155722767e-20
5.840034078964887158e+03 8.115802012030749457e-20 9.510617254379219688e-20
5.845040006897942476e+03 8.919403179644287636e-20 9.529010672850563511e-20
5.850045934830998704e+03 2.076214504570530927e-19 9.649448262435837498e-20
5.855051862764054022e+03 1.634436756490543826e-19 9.573089103623741847e-20
5.860057790697110249e+03 -2.669681926824327440e-20 1.012318382823787362e-19
5.865063718630165567e+03 -1.167361495408164521e-19 1.104265946701034002e-19
5.870069646563220886e+03 1.269656503699931822e-19 1.155239093574995085e-19
5.875075574496277113e+03 1.625812376041580301e-19 1.106874729069866736e-19
5.880081502429332431e+03 -1.626408900458785355e-20 1.126790552313189800e-19
5.885087430362388659e+03 -4.921788733560677903e-20 1.759107709617321170e-19
5.890093358295443977e+03 -1.499522618957720353e-19 2.215329129745437270e-19
5.895099286228500205e+03 5.984821943785393611e-20 2.183996878909522112e-19
5.900105214161555523e+03 3.771390790758764530e-19 1.608853949606749441e-19
5.905111142094610841e+03 5.001133602677446206e-20 1.164499524764088466e-19
5.910117070027667069e+03 -2.313728999039972058e-20 1.117856855806837570e-19
5.915122997960722387e+03 1.045382549616173382e-19 1.137898770967330938e-19
5.920128925893778614e+03 -6.660766553847644930e-21 1.118208140578037496e-19
5.925134853826833933e+03 1.460688596186763833e-19 1.086628879487600428e-19
5.930140781759890160e+03 1.138532939718222459e-19 1.123394811220969373e-19
5.935146709692945478e+03 2.777482757163731582e-19 1.084766068864265211e-19
5.940152637626000796e+03 2.241629396852316329e-19 1.020720348922646274e-19
5.945158565559057024e+03 1.105044639099835843e-19 9.996348539612689816e-20
5.950164493492112342e+03 1.367814997952033087e-21 1.040314172541535083e-19
5.955170421425167660e+03 5.750448484792799529e-20 1.024098363877455695e-19
5.960176349358223888e+03 2.452043340698747667e-20 9.747178548562933661e-20
5.965182277291280116e+03 -7.876294019627656581e-20 9.532711194372179072e-20
5.970188205224335434e+03 1.987899538260184430e-19 9.789799036815985916e-20
5.975194133157390752e+03 1.819380865479794924e-19 1.012432477378402911e-19
5.980200061090446980e+03 1.430685024362284376e-19 9.881432497939062730e-20
5.985205989023502298e+03 -4.024289923708482653e-20 9.612517266773740662e-20
5.990211916956557616e+03 -2.737952295875154648e-20 9.562884915955118323e-20
5.995217844889613843e+03 -1.868222244564887987e-21 9.676661057299707519e-20
6.000223772822669162e+03 -4.005968729015606054e-20 9.912906458384722761e-20
6.005229700755725389e+03 -9.736272417820244025e-20 9.967655903945188775e-20
6.010235628688780707e+03 -1.246404500256133745e-19 9.919412580822095321e-20
6.015241556621836935e+03 7.235467862186499937e-20 9.909136356339116667e-20
6.020247484554892253e+03 6.450158792854027409e-20 9.899919442582801823e-20
6.025253412487947571e+03 6.816554253412123755e-20 9.731339650817411082e-20
6.030259340421003799e+03 1.618114182091590521e-19 9.718745947126078428e-20
6.035265268354059117e+03 4.836549764070953772e-20 9.557721810428551832e-20
6.040271196287115345e+03 7.836564739750317963e-20 9.290882666915727367e-20
6.045277124220170663e+03 1.095981703346362762e-19 9.125536000860981824e-20
6.050283052153226890e+03 5.032369893816243459e-20 8.879555832578251771e-20
6.055288980086282209e+03 8.498471272839599652e-20 8.702526796034872094e-20
6.060294908019337527e+03 -1.718766109256204763e-20 8.713999962600505952e-20
6.065300835952393754e+03 6.596972933133151496e-20 8.560418615019164677e-20
6.070306763885449072e+03 3.629178242577074516e-20 8.450991797553049277e-20
6.075312691818505300e+03 -1.888699148548338586e-20 8.217056345869026965e-20
6.080318619751560618e+03 1.888181928252223813e-19 8.209629738067807177e-20
6.085324547684616846e+03 2.033539466782737716e-19 8.106889245638827484e-20
6.090330475617672164e+03 1.700467503837388307e-19 8.147527690281836557e-20
6.095336403550727482e+03 1.833087593882583650e-19 8.150704170300378696e-20
6.100342331483783710e+03 4.210226015515815082e-21 8.334043752965630831e-20
6.105348259416839028e+03 2.286970535164268524e-19 8.328374844701515626e-20
6.110354187349894346e+03 2.011090261681802249e-19 8.285445872614400677e-20
6.115360115282950574e+03 1.602699015548036590e-19 8.232228231653111242e-20
6.120366043216006801e+03 1.836642416268970362e-19 8.292707406289959705e-20
6.125371971149062119e+03 1.346718647402983803e-19 8.419891908214415536e-20
6.130377899082117438e+03 -9.794834617108304611e-20 8.554183307001757319e-20
6.135383827015173665e+03 2.827116487755768065e-19 8.944627285971879990e-20
6.140389754948228983e+03 3.985366500287642719e-19 9.414555936247443246e-20
6.145395682881284301e+03 2.064136469358846178e-19 9.283993550019899256e-20
6.150401610814340529e+03 1.476950371475523527e-19 8.969897692805339480e-20
6.155407538747396757e+03 2.331146738642700467e-19 8.690681850675641442e-20
6.160413466680452075e+03 -5.732274640890003710e-21 8.475601029942170470e-20
6.165419394613507393e+03 1.751843252090100273e-19 8.562190007333696246e-20
6.170425322546563621e+03 1.174986315152244105e-19 8.629559492171155618e-20
6.175431250479618939e+03 -7.259541855647362564e-20 8.427835537743041676e-20
6.180437178412674257e+03 1.405587726126983869e-19 8.046806917285617299e-20
6.185443106345730484e+03 2.350209820172095764e-19 7.850635738949885867e-20
6.190449034278785803e+03 2.710931970002016626e-19 7.770285504610166423e-20
6.195454962211842030e+03 2.309014374260210166e-19 7.727286730021830748e-20
6.200460890144897348e+03 1.290939682611276564e-19 7.805295112062215612e-20
6.205466818077953576e+03 2.396148331245420708e-19 7.805334457668404652e-20
6.210472746011008894e+03 1.571789126927474203e-19 7.619737946916264533e-20
6.215478673944064212e+03 3.513403052335098687e-19 7.715203959149604542e-20
6.220484601877120440e+03 2.799892425302427243e-19 7.811005075160637836e-20
6.225490529810175758e+03 2.222089577913912217e-19 7.872452097976749120e-20
6.230496457743231986e+03 2.226773465744760876e-19 8.734644280064580990e-20
6.235502385676287304e+03 2.807903955905938571e-19 9.667083680877581106e-20
6.240508313609343531e+03 3.804040860621545446e-19 9.705038677049932202e-20
6.245514241542398850e+03 2.595342579946029750e-19 8.596726409501747656e-20
6.250520169475454168e+03 2.800544382450070517e-19 8.474464881703997816e-20
6.255526097408510395e+03 2.888029065785003170e-19 9.740457322288125626e-20
6.260532025341565713e+03 2.445995166154458287e-19 1.039454503282170416e-19
6.265537953274621032e+03 1.886443186756437581e-19 9.817874338629402244e-20
6.270543881207677259e+03 7.097853270678794502e-20 9.442414831357821591e-20
6.275549809140733487e+03 3.555701889023798019e-20 9.116801032601115326e-20
6.280555737073788805e+03 2.189884149920453557e-19 9.354590843864863651e-20
6.285561665006844123e+03 1.523469255551656538e-19 9.832475038542012555e-20
6.290567592939900351e+03 1.084519862993625578e-19 1.035098879125745091e-19
6.295573520872955669e+03 -3.938699895349106497e-19 1.692375756185298735e-19
6.300579448806010987e+03 -2.253380243442631374e-19 1.920342349628604932e-19
6.305585376739067215e+03 -6.710577433829480890e-20 1.673561688249461453e-19
6.310591304672123442e+03 1.584971415021730157e-19 9.552252481758154217e-20
6.315597232605178760e+03 2.207904832452925016e-19 8.169649744221081832e-20
6.320603160538234079e+03 1.973911389955447710e-19 8.272115492454812199e-20
6.325609088471290306e+03 2.725281496362832123e-19 9.048334179905977438e-20
6.330615016404345624e+03 3.474307541350713896e-19 8.929662271891635824e-20
6.335620944337400942e+03 2.276613058753128197e-19 8.343641797858609136e-20
6.340626872270457170e+03 3.724077169400273365e-19 7.759639770838372973e-20
6.345632800203512488e+03 3.269916308054960870e-19 8.047666569553499338e-20
6.350638728136568716e+03 3.415854566658932466e-19 8.537650225243946371e-20
6.355644656069624034e+03 2.634412109158390905e-19 9.471373819820862523e-20
6.360650584002680262e+03 2.279767256965009989e-19 1.241465505650039713e-19
6.365656511935735580e+03 3.880147951347283055e-19 1.302612975189679359e-19
6.370662439868790898e+03 2.206805111560575791e-19 9.924045300062527287e-20
6.375668367801847126e+03 2.928438715004617436e-19 8.375635187895800370e-20
6.380674295734902444e+03 5.462477041780677471e-19 8.691514475841691499e-20
6.385680223667958671e+03 2.658580772206996191e-19 8.890656503548334152e-20
6.390686151601013989e+03 3.377200854185838844e-19 8.535808806138995726e-20
6.395692079534070217e+03 2.837858364789190168e-19 8.235083232434692482e-20
6.400698007467125535e+03 2.269919986456246562e-19 8.211700100991731405e-20
6.405703935400180853e+03 3.551026018753701462e-19 8.026887612583949304e-20
6.410709863333237081e+03 1.948949940636140285e-19 7.852003577487574777e-20
6.415715791266292399e+03 4.147290817380095044e-19 7.881776323768903962e-20
6.420721719199348627e+03 1.532274897911342283e-19 7.543293722099573011e-20
6.425727647132403945e+03 1.825105146071472623e-19 7.217841186349079478e-20
6.430733575065460172e+03 3.488149702780710822e-19 6.905901778117846576e-20
6.435739502998515491e+03 2.077631657900966684e-19 6.792089026786796130e-20
6.440745430931570809e+03 1.450120181175308132e-19 6.589315682339466774e-20
6.445751358864627036e+03 2.531463756859934383e-19 6.616714597492669635e-20
6.450757286797682355e+03 2.286084064732111101e-19 6.674684792677356423e-20
6.455763214730737673e+03 1.188314665977323053e-19 6.758170478989082621e-20
6.460769142663793900e+03 3.171232207017536419e-19 7.365166096746160258e-20
6.465775070596850128e+03 1.301036389067799048e-19 7.848440142013228931e-20
6.470780998529905446e+03 7.364617969313708938e-20 7.714723207674801417e-20
6.475786926462960764e+03 6.488979847529997831e-20 7.125717730664281298e-20
6.480792854396016992e+03 3.088762231321190115e-19 6.602525336842438879e-20
6.485798782329072310e+03 3.000280576367930012e-19 6.425574003551882288e-20
6.490804710262127628e+03 1.286655204866632791e-19 6.812657755327322602e-20
6.495810638195183856e+03 -7.486304928459438918e-21 8.136863527107148132e-20
6.500816566128239174e+03 7.867390461777869754e-20 8.729248097935106919e-20
6.505822494061295401e+03 3.212883697501020950e-19 8.109813889289432211e-20
6.510828421994350720e+03 2.889093239064824886e-19 7.503496733357352974e-20
6.515834349927406947e+03 9.972194414285016858e-21 7.444217699037228122e-20
6.520840277860462265e+03 1.237144989039732872e-19 7.953017903447765716e-20
6.525846205793517584e+03 1.430311656375528923e-20 8.435704418479768855e-20
6.530852133726573811e+03 1.027010352447777142e-19 9.100773070701395483e-20
6.535858061659629129e+03 1.874310203800514937e-19 8.967585678504379423e-20
6.540863989592685357e+03 8.997865747535030777e-20 8.290037748786327197e-20
6.545869917525740675e+03 2.676355058652267426e-19 8.303205011250021552e-20
6.550875845458796903e+03 3.367427007793702307e-19 8.891424634095298957e-20
6.555881773391852221e+03 3.209747231500866163e-19 8.752782162332145546e-20
6.560887701324907539e+03 2.844383594177476836e-19 7.860084893038960261e-20
6.565893629257963767e+03 2.869639935464046667e-19 7.679071729672595942e-20
6.570899557191019085e+03 2.878916345452499068e-19 7.672371367533409444e-20
6.575905485124075312e+03 2.041858245289261646e-19 7.757719899772188076e-20
6.580911413057130630e+03 2.539408103223880499e-19 7.425623856577113672e-20
6.585917340990186858e+03 2.310274609680423883e-19 6.485595032886323097e-20
6.590923268923242176e+03 1.512441253257351004e-19 6.434318357096964836e-20
6.595929196856297494e+03 2.853735159215686950e-19 6.602033345092979353e-20
6.600935124789353722e+03 2.260392933666514259e-19 6.814610622144372723e-20
6.605941052722409040e+03 1.414668595939888314e-19 6.636910994610671899e-20
6.610946980655464358e+03 2.068344170841254054e-19 6.192654917139006887e-20
6.615952908588520586e+03 2.788912298305149726e-19 6.042949963707965280e-20
6.620958836521576814e+03 2.643090581807749971e-19 6.096223362264019664e-20
6.625964764454632132e+03 2.696344910810869463e-19 6.278179522664707374e-20
6.630970692387687450e+03 2.225810678515561379e-19 6.514041731606695244e-20
6.635976620320743677e+03 2.729083356854835633e-19 6.527787403039953016e-20
6.640982548253798996e+03 1.463888131679713599e-19 6.426686921347154613e-20
6.645988476186854314e+03 1.492966597497910522e-19 6.469657436819640851e-20
6.650994404119910541e+03 1.542217619803477424e-19 6.699964980030148657e-20
6.656000332052965859e+03 2.807636216461820042e-19 6.856669794620945102e-20
6.661006259986022087e+03 2.160591620872377836e-19 6.879052095628871569e-20
6.666012187919077405e+03 1.902345359950402829e-19 6.868345704538205153e-20
6.671018115852133633e+03 7.512564052169439622e-20 6.714815216632408463e-20
6.676024043785188951e+03 1.272731622681963230e-19 6.574824092042933694e-20
6.681029971718244269e+03 1.356018454386345174e-19 6.486232196325926309e-20
6.686035899651300497e+03 8.086742583152854064e-20 6.521693284373436194e-20
6.691041827584355815e+03 9.912438184052554453e-20 6.418089833167506991e-20
6.696047755517412043e+03 1.447201740085553632e-19 6.512461660757654349e-20
6.701053683450467361e+03 3.057739539573677321e-19 6.506300590412217276e-20
6.706059611383523588e+03 2.359570696223927053e-19 6.387711718514947829e-20
6.711065539316578906e+03 3.050128651388459756e-19 6.294255066472223744e-20
6.716071467249634225e+03 3.603418477121225152e-19 6.227725565762088656e-20
6.721077395182690452e+03 1.700243847204181775e-19 6.113485169785469386e-20
6.726083323115745770e+03 2.391953047636962541e-19 6.083948054065160885e-20
6.731089251048801998e+03 2.252594458745174032e-19 5.997777794763840952e-20
6.736095178981857316e+03 3.153489687407486456e-19 6.003601830034634524e-20
6.741101106914913544e+03 2.269701851935941591e-19 6.036956236010930861e-20
6.746107034847968862e+03 2.644133836343576154e-19 5.966798024339787337e-20
6.751112962781024180e+03 2.160460371000420678e-19 5.878688957612278190e-20
6.756118890714080408e+03 2.650760004209811845e-19 5.863991039523553485e-20
6.761124818647135726e+03 2.790353259994609785e-19 5.902078475509416668e-20
6.766130746580191044e+03 2.137396764123652386e-19 5.935271698439904611e-20
6.771136674513247272e+03 1.895372345006699683e-19 6.041371999829881422e-20
6.776142602446303499e+03 2.925941450865677887e-19 6.145979490537014113e-20
6.781148530379358817e+03 2.796174079366525185e-19 6.290671530978093840e-20
6.786154458312414135e+03 3.321472739696924819e-19 6.429378901241553258e-20
6.791160386245470363e+03 1.094557790890521634e-19 6.340283430905879842e-20
6.796166314178525681e+03 1.504709034792547109e-19 6.198922267706282185e-20
6.801172242111580999e+03 2.940623227262394991e-19 6.217421955954191604e-20
6.806178170044637227e+03 3.390352333487299023e-19 6.167284598719511340e-20
6.811184097977693455e+03 3.962362036326456955e-19 6.156207869731674382e-20
6.816190025910748773e+03 3.157213300641433125e-19 6.144119739777268001e-20
6.821195953843804091e+03 3.426370501046383429e-19 7.005933464800256798e-20
6.826201881776860318e+03 3.013760123390078676e-19 9.061951953749927808e-20
6.831207809709915637e+03 -1.236046113074157294e-19 1.004397961651860829e-19
6.836213737642970955e+03 2.707709901538201773e-19 8.820732902466583044e-20
6.841219665576027182e+03 2.288201137213221970e-19 7.078234053172102909e-20
6.846225593509082501e+03 2.229370735513529056e-19 6.317149279943215504e-20
6.851231521442138728e+03 1.797801125849594584e-19 5.968046073303190328e-20
6.856237449375194046e+03 2.840683616203669093e-19 7.172887655778826284e-20
6.861243377308250274e+03 2.817716879245446960e-19 9.449932254489808707e-20
6.866249305241305592e+03 1.264614779690390215e-19 1.007394905080455027e-19
6.871255233174360910e+03 1.163425727004205415e-19 8.790264927133423436e-20
6.876261161107417138e+03 2.033112180549587701e-19 1.610525414114767571e-19
6.881267089040473365e+03 2.765331255875044855e-19 9.473006720766830871e-20
6.886273016973527774e+03 1.955425218856868770e-19 1.068095771516271590e-19
6.891278944906584002e+03 3.623767738874760595e-19 1.000711805431721365e-19
6.896284872839640229e+03 1.514807172021309923e-19 6.665144400782495982e-20
6.901290800772695547e+03 2.329261233090376829e-19 6.902842792100903596e-20
6.906296728705750866e+03 2.835355602913541271e-19 2.114376732303954809e-19
6.911302656638807093e+03 2.358272511907412537e-19 9.415671426598133034e-20
6.916308584571862411e+03 1.077106789984416258e-19 1.217981407027006244e-19
6.921314512504917730e+03 1.833184155879015607e-19 8.978638362879890618e-20
6.926320440437973957e+03 1.147310089644701246e-19 1.333970732627069413e-19
6.931326368371030185e+03 1.851118409550251534e-19 7.037493636098435874e-20
6.936332296304085503e+03 1.448066952139046021e-19 8.153018794356840593e-20
6.941338224237140821e+03 1.691321588751877076e-19 1.238997321628887884e-19
6.946344152170197049e+03 1.446611063412475430e-19 8.613193829822814894e-20
6.951350080103252367e+03 1.999129763296841756e-19 8.287182310454002635e-20
6.956356008036307685e+03 1.559802219389383414e-19 6.499976510478914239e-20
6.961361935969363913e+03 2.780842635077653052e-19 6.148902682752577359e-20
6.966367863902420140e+03 1.745813401501420522e-19 6.465643514913456045e-20
6.971373791835475458e+03 1.677587728138127909e-19 6.978739927423642517e-20
6.976379719768530776e+03 -2.431075962064227280e-21 7.132015749153475535e-20
6.981385647701587004e+03 2.370282084918947474e-19 6.801911862138064142e-20
6.986391575634642322e+03 2.407561761250734896e-19 5.814832909507780681e-20
6.991397503567697640e+03 2.341557375891089781e-19 5.514365258429331817e-20
6.996403431500753868e+03 6.252870636338355623e-20 5.692941968167520190e-20
7.001409359433810096e+03 2.700022607831261121e-19 5.986281456115156125e-20
7.006415287366865414e+03 3.200089664636051445e-19 6.425375140957377942e-20
7.011421215299920732e+03 2.501150732632061883e-19 6.376422401316010836e-20
7.016427143232976960e+03 1.838581653578553826e-19 6.168988392606668122e-20
7.021433071166032278e+03 1.165141276939664965e-19 5.827525876403136724e-20
7.026438999099087596e+03 1.907843178533203919e-19 6.084228746360831411e-20
7.031444927032143823e+03 3.316043250725638394e-19 6.369402733767010898e-20
7.036450854965200051e+03 3.675406588070099133e-19 6.719615584106306058e-20
7.041456782898254460e+03 4.066929518677434165e-19 7.265546175615906044e-20
7.046462710831310687e+03 1.794205913367936687e-19 7.658083514836058725e-20
7.051468638764366915e+03 3.711675142208797239e-19 7.379516175728701395e-20
7.056474566697422233e+03 2.122072270785866221e-19 6.681678548253535730e-20
7.061480494630477551e+03 1.956593061310848971e-19 6.563144536809925732e-20
7.066486422563533779e+03 2.254691528197481419e-19 6.510424545444948167e-20
7.071492350496589097e+03 2.787230522410457509e-19 6.277842231885304511e-20
7.076498278429644415e+03 3.009515596477971620e-19 6.163802536711981868e-20
7.081504206362700643e+03 2.099324254730703253e-19 6.099545928084283527e-20
7.086510134295756870e+03 3.037710289840435701e-19 5.996536764081518394e-20
7.091516062228812189e+03 2.119143648188369034e-19 5.707578149197832472e-20
7.096521990161867507e+03 1.858237796564821205e-19 5.411813972086847382e-20
7.101527918094923734e+03 1.706982495121534440e-19 5.321451315706661140e-20
7.106533846027979052e+03 2.525410772450282646e-19 5.347130954739644676e-20
7.111539773961034371e+03 2.558993630668021795e-19 5.427699284624394537e-20
7.116545701894090598e+03 2.936822228189261946e-19 5.460129701867112368e-20
7.121551629827146826e+03 2.245383441043565695e-19 5.636781671000886642e-20
7.126557557760202144e+03 2.285924634570256662e-19 5.885848392335463692e-20
7.131563485693257462e+03 9.867002814262700864e-20 6.062224060385021390e-20
7.136569413626313690e+03 7.997057364787123324e-20 6.268909621186841564e-20
7.141575341559369008e+03 1.690080324372119538e-19 6.628211455670941703e-20
7.146581269492424326e+03 3.028488208799209961e-19 6.886407357079503549e-20
7.151587197425480554e+03 1.681206346975048214e-19 6.651547758294533501e-20
7.156593125358536781e+03 2.885963879116564426e-19 6.664431746504925619e-20
7.161599053291592099e+03 2.590508080066038610e-19 6.815037826331761419e-20
7.166604981224647418e+03 2.739686206939512322e-19 6.777889359580989458e-20
7.171610909157703645e+03 3.299320347983206996e-19 6.592943202482309915e-20
7.176616837090758963e+03 1.566289199359176501e-19 6.362929667497879253e-20
7.181622765023814281e+03 1.871058573593867007e-19 6.012380765811646107e-20
7.186628692956870509e+03 1.988366071835573031e-19 5.616206011921784386e-20
7.191634620889926737e+03 2.165191564267256930e-19 5.411982412870529634e-20
7.196640548822981145e+03 2.883121550490788491e-19 5.364155916977290022e-20
7.201646476756037373e+03 2.821331447694749465e-19 5.391964125375118188e-20
7.206652404689093601e+03 2.983939509908752257e-19 5.352801287299729273e-20
7.211658332622148919e+03 1.915334621372849023e-19 5.331533059726807721e-20
7.216664260555204237e+03 2.404040398425584448e-19 5.500027288295339642e-20
7.221670188488260465e+03 1.886257477750653608e-19 5.689132554234842725e-20
7.226676116421315783e+03 2.200278195914179553e-19 5.891769466688872608e-20
7.231682044354371101e+03 2.654446407124309537e-19 7.410277433017126020e-20
7.236687972287427328e+03 1.104662223015047443e-19 1.128008170252148566e-19
7.241693900220483556e+03 4.099795539247869517e-19 1.338535109866697974e-19
7.246699828153538874e+03 4.709406556660698409e-21 1.170303883221498947e-19
7.251705756086594192e+03 2.557354649739978538e-19 8.620926663914269593e-20
7.256711684019650420e+03 2.212002934838242393e-19 7.162113884603371394e-20
7.261717611952705738e+03 3.173845377398358259e-19 6.404950656783246402e-20
7.266723539885761056e+03 1.672765000497832247e-19 7.384593633347627502e-20
7.271729467818817284e+03 3.133796945200952494e-19 1.155460368003781877e-19
7.276735395751873511e+03 4.873363192378511676e-19 1.285249386139265474e-19
7.281741323684928830e+03 4.703924696463169000e-19 1.172221918822485897e-19
7.286747251617984148e+03 1.587192644297295303e-19 9.160641765084812912e-20
7.291753179551040375e+03 6.220831333454148883e-20 7.936064030817920724e-20
7.296759107484095694e+03 3.147300606285602552e-19 8.093252398436501579e-20
7.301765035417151012e+03 2.145910818450340009e-19 8.503829809772711116e-20
7.306770963350207239e+03 2.647841111190997781e-19 8.670461414328888259e-20
7.311776891283263467e+03 2.835300589128334544e-19 1.116590905312260140e-19
7.316782819216318785e+03 1.300773912155201869e-19 1.138469650018224888e-19
7.321788747149374103e+03 2.246515855687155465e-19 9.638885416379055001e-20
7.326794675082430331e+03 3.174477650158445380e-19 8.544549932778534303e-20
7.331800603015485649e+03 2.446493613301533639e-19 9.273222463711197187e-20
7.336806530948540967e+03 2.803899696549255346e-19 1.142434738312366796e-19
7.341812458881597195e+03 2.089136100255212631e-19 1.119462874838601500e-19
7.346818386814653422e+03 2.136418181786896550e-19 8.252954090602694338e-20
7.351824314747707831e+03 3.003243338807597889e-19 7.116746458481842569e-20
7.356830242680764059e+03 1.686414702372926243e-19 7.782207571352384698e-20
7.361836170613820286e+03 1.586672878394677681e-19 8.918994025289941940e-20
7.366842098546875604e+03 2.481761217145101844e-19 9.849923919065586013e-20
7.371848026479930923e+03 2.664586629423585906e-19 9.512672566640470365e-20
7.376853954412987150e+03 1.941343789399693681e-19 6.653450424465865957e-20
7.381859882346043378e+03 2.224663330512674645e-19 5.772805939174681456e-20
7.386865810279097786e+03 3.509666255014083214e-19 7.015610213655282655e-20
7.391871738212154014e+03 2.168074316603808134e-19 7.770779600860361165e-20
7.396877666145210242e+03 3.478548126880528574e-19 9.517045036936680744e-20
7.401883594078265560e+03 1.140060261434096056e-19 9.406901920966166656e-20
7.406889522011320878e+03 2.382780667679885295e-19 8.342639265098727340e-20
7.411895449944377106e+03 1.958201488384340031e-19 6.563101934415464908e-20
7.416901377877432424e+03 1.600354669488656307e-19 6.563456602686472558e-20
7.421907305810487742e+03 1.958592503281494410e-19 6.879882092991407499e-20
7.426913233743543969e+03 2.797566726157336365e-19 7.397607456699372695e-20
7.431919161676600197e+03 2.357008149377150254e-19 8.163306693031948519e-20
7.436925089609655515e+03 2.672339306884478234e-19 7.994276957751291059e-20
7.441931017542710833e+03 3.418103225406454882e-19 7.282756682013154171e-20
7.446936945475767061e+03 2.823474940619629744e-19 5.783164098136969726e-20
7.451942873408822379e+03 2.525805589551496785e-19 5.620249582143986738e-20
7.456948801341877697e+03 2.546207370137038966e-19 5.936365490821338065e-20
7.461954729274933925e+03 3.620206698246168235e-19 6.635578033089714963e-20
7.466960657207990153e+03 2.205874236635966532e-19 7.562207364959736200e-20
7.471966585141045471e+03 1.554225624322887269e-19 8.085053897262390462e-20
7.476972513074100789e+03 2.017686902325681038e-19 8.662447801868631590e-20
7.481978441007157016e+03 3.212123939859413248e-19 8.303903361670404816e-20
7.486984368940212335e+03 2.668981633333637178e-19 7.379639906809179339e-20
7.491990296873267653e+03 1.375665283373541168e-19 6.362003813609073907e-20
7.496996224806323880e+03 1.979152666301251034e-19 6.149327624732414652e-20
7.502002152739380108e+03 2.038437781133931105e-19 5.728273190063879334e-20
7.507008080672435426e+03 1.656244385424398387e-19 5.606644572733509785e-20
7.512014008605490744e+03 1.347249521139922656e-19 5.965786805444247992e-20
7.517019936538546972e+03 1.363395129513546126e-19 8.170406486674951998e-20
7.522025864471602290e+03 3.823211746232834176e-19 1.000125694224030564e-19
7.527031792404657608e+03 1.209907974103647694e-19 9.996978262354975665e-20
7.532037720337713836e+03 1.742172025523077193e-19 7.711648820119494726e-20
7.537043648270770063e+03 2.827599377538445093e-19 6.828252011092846575e-20
7.542049576203824472e+03 6.233531804232728293e-20 6.510439270425573663e-20
7.547055504136880700e+03 1.851626069003093384e-19 6.562098005785259974e-20
7.552061432069936927e+03 2.102388088472795533e-19 7.285906334601652796e-20
7.557067360002992245e+03 2.157617846282420244e-19 7.448882811344906143e-20
7.562073287936047564e+03 2.451713701516483242e-19 7.611460417411375919e-20
7.567079215869103791e+03 1.937954713996403502e-19 9.233442581964057081e-20
7.572085143802159109e+03 3.112656639323695373e-19 9.349385815054153950e-20
7.577091071735214427e+03 1.870766974651366974e-19 7.757942266338174117e-20
7.582096999668270655e+03 1.623258326038140999e-19 6.829153645601349003e-20
7.587102927601326883e+03 1.604039737640135806e-19 6.636387247595000518e-20
7.592108855534382201e+03 3.516011150145790662e-19 1.768179829796501318e-19
7.597114783467437519e+03 2.421370868246168748e-19 1.687217417962355170e-18
7.602120711400493747e+03 2.855262070225664394e-20 5.082875099135592984e-18
7.607126639333549065e+03 2.537983888429512652e-19 3.086718394673050052e-18
7.612132567266604383e+03 2.566277986919204116e-19 1.684377976721668814e-18
7.617138495199660611e+03 3.345299322661795986e-19 3.177185307121885965e-19
7.622144423132716838e+03 1.143830779550508839e-19 1.691815314833530109e-19
7.627150351065772156e+03 1.418964402436119319e-19 5.336916109792018331e-19
7.632156278998827474e+03 3.277634465317548689e-19 4.997270304301883152e-19
7.637162206931883702e+03 9.778818411494733385e-20 5.407856312720432872e-19
7.642168134864939020e+03 6.313979376728472655e-20 4.541742172036234490e-19
7.647174062797994338e+03 2.128527369728232756e-19 2.569307758051517925e-19
7.652179990731050566e+03 1.632674284822496263e-19 1.329627612941130766e-19
7.657185918664106794e+03 8.154374115661600945e-20 1.416455308309560652e-19
7.662191846597162112e+03 1.141003386532051855e-19 1.148078717873557930e-19
7.667197774530217430e+03 8.864950968638057365e-20 1.129652226989628725e-19
7.672203702463273657e+03 2.716125637211350574e-19 1.200828225518621269e-19
7.677209630396328976e+03 1.582950155194962424e-19 8.225080788941674624e-20
7.682215558329384294e+03 2.229885219321831825e-19 1.059423137273551181e-19
7.687221486262440521e+03 1.466686231286158472e-19 6.816938451262971485e-20
7.692227414195496749e+03 2.211714518247434240e-19 9.269659846139725676e-20
7.697233342128551158e+03 2.543731650084626582e-19 7.449513685895619782e-20
7.702239270061607385e+03 3.972881553214938877e-20 7.560340521198751250e-20
7.707245197994663613e+03 4.687909509641932432e-19 1.487914188015470240e-19
7.712251125927718931e+03 3.436470339319280831e-19 1.541625340751349463e-19
7.717257053860774249e+03 1.050293265354576154e-19 1.431061529263036362e-19
7.722262981793830477e+03 -7.675022056411146053e-20 1.057132346451816553e-19
7.727268909726885795e+03 4.689120752511797866e-20 7.969598173285634338e-20
7.732274837659941113e+03 1.255409039455850641e-19 6.737140165396686628e-20
7.737280765592997341e+03 7.974993719488323027e-20 6.257740654764909034e-20
7.742286693526053568e+03 5.596950784614139946e-20 8.664704608414895609e-20
7.747292621459108886e+03 -2.534665668927132011e-20 1.233441427588593818e-19
7.752298549392164205e+03 9.897181497114718191e-21 1.293930158851446038e-19
7.757304477325220432e+03 -5.364262181062308327e-20 1.050320451456178852e-19
7.762310405258275750e+03 1.619304676889041640e-19 8.660411289986792155e-20
7.767316333191331069e+03 1.942441723531871490e-19 7.863724961756026706e-20
7.772322261124387296e+03 2.158900511274899473e-19 8.677173647834389970e-20
7.777328189057443524e+03 9.193580409856982592e-20 9.541328486209962364e-20
7.782334116990498842e+03 1.548507992104284004e-19 8.877931311850801935e-20
7.787340044923554160e+03 3.316684616740651779e-19 1.116130111898789431e-19
7.792345972856610388e+03 4.124288081010460648e-19 1.292411932966247043e-19
7.797351900789665706e+03 2.764633941072844931e-19 1.179139562959035572e-19
7.802357828722721024e+03 2.551730495364293851e-19 9.385239434109051696e-20
7.807363756655777252e+03 2.625786737364849971e-19 9.756073260614297580e-20
7.812369684588833479e+03 1.186396037351360328e-19 1.048110863629070186e-19
7.817375612521888797e+03 1.819718325516719351e-19 1.301679102753814187e-19
7.822381540454944115e+03 3.142320535945710302e-19 1.285013643724760517e-19
7.827387468388000343e+03 1.926944848785719535e-19 9.219116080786822620e-20
7.832393396321055661e+03 1.852141063539787605e-19 6.946769972676300414e-20
7.837399324254110979e+03 2.690795130735254934e-19 8.572109870162839370e-20
7.842405252187167207e+03 2.902530335924063913e-19 9.308427557236024854e-20
7.847411180120223435e+03 9.616006686878320613e-20 1.248042467228984157e-19
7.852417108053277843e+03 3.019410605297159491e-21 1.418659520863888353e-19
7.857423035986334071e+03 2.210559257959727932e-19 1.320602001267034560e-19
7.862428963919390299e+03 5.639118741984730912e-20 1.082736055982319394e-19
7.867434891852445617e+03 2.467363137677703447e-19 1.040326611279149361e-19
7.872440819785500935e+03 1.512157406122861541e-19 1.044183065417506060e-19
7.877446747718557162e+03 2.225400703244824801e-19 9.430560913348066408e-20
7.882452675651613390e+03 3.416125748113010061e-19 1.010104745522511533e-19
7.887458603584667799e+03 2.674772244180999099e-19 1.035636354667980602e-19
7.892464531517724026e+03 3.239333113052338822e-19 9.671209493171445700e-20
7.897470459450780254e+03 2.352944606845117756e-19 7.104365777510856092e-20
7.902476387383835572e+03 1.604679529297512250e-19 6.968364864304706891e-20
7.907482315316890890e+03 -8.209853182096004473e-21 1.270616871366891855e-19
7.912488243249947118e+03 -1.431803569885853759e-19 1.580029006430539941e-19
7.917494171183002436e+03 6.636993932531402421e-20 1.584364054016142133e-19
7.922500099116057754e+03 2.600594745565661296e-19 1.244130446167350263e-19
7.927506027049113982e+03 6.788264992359273217e-20 1.119627031501533137e-19
7.932511954982170209e+03 2.125963613992050938e-19 1.010466479805275799e-19
7.937517882915225528e+03 1.878972997538172697e-19 7.953965244474447310e-20
7.942523810848280846e+03 2.505905007345264786e-19 8.204718780377477979e-20
7.947529738781337073e+03 2.061076378263447781e-19 8.658784723379784693e-20
7.952535666714392391e+03 2.140583678918568528e-19 7.935918547861302579e-20
7.957541594647447710e+03 1.977492753380200655e-19 9.928014947057945076e-20
7.962547522580503937e+03 4.267248646246248225e-20 1.239605430485876895e-19
7.967553450513560165e+03 2.215779428898860436e-19 1.170867685805393595e-19
7.972559378446615483e+03 1.420341630424602989e-19 9.202726845757760635e-20
7.977565306379670801e+03 1.725572691258890470e-19 9.533266626313560078e-20
7.982571234312727029e+03 3.222494962287254139e-19 9.328522527389469402e-20
7.987577162245782347e+03 3.742253198919087996e-19 1.174599802596349177e-19
7.992583090178837665e+03 1.424478532982034725e-19 1.266194911102228475e-19
7.997589018111893893e+03 3.558480753420663950e-19 1.056604692758849790e-19
8.002594946044950120e+03 2.746594353730168687e-19 6.400258356575638948e-20
8.007600873978005438e+03 3.064818161704653939e-19 7.299253254842723245e-20
8.012606801911060757e+03 2.377001248176481681e-19 8.121453716492511630e-20
8.017612729844116984e+03 2.421996596607292210e-19 9.504427241678492782e-20
8.022618657777172302e+03 1.928273961781599191e-19 1.129258309871973850e-19
8.027624585710227620e+03 1.196524017370159847e-19 1.118507073734336843e-19
8.032630513643283848e+03 1.483241650210147737e-19 8.107168608451636075e-20
8.037636441576340076e+03 5.331325048136201454e-20 6.201805432173727635e-20
8.042642369509394484e+03 1.218167878451008080e-19 6.568685511640224578e-20
8.047648297442450712e+03 1.905452411503359465e-19 7.948139171691325237e-20
8.052654225375506940e+03 1.916553954222106419e-19 8.760662427008001290e-20
8.057660153308562258e+03 2.965415075484634220e-19 1.012088775516121157e-19
8.062666081241617576e+03 2.368309400193128403e-19 9.640916820572221666e-20
8.067672009174673803e+03 1.621496293180160700e-19 7.536372163314201237e-20
8.072677937107729122e+03 9.174770682038823040e-20 6.107005301942766412e-20
8.077683865040784440e+03 2.373516694761895525e-19 6.144851078139816678e-20
8.082689792973840667e+03 1.678731958541380314e-19 6.073107172044019569e-20
8.087695720906896895e+03 2.254142360781597743e-19 6.397512730442020152e-20
8.092701648839952213e+03 1.235853902418036340e-19 6.635182815028566479e-20
8.097707576773007531e+03 2.370069666613627934e-20 7.431131434679944266e-20
8.102713504706063759e+03 2.681766550456549350e-19 7.321337932489111054e-20
8.107719432639119077e+03 1.051973072595519776e-19 6.505216493779385618e-20
8.112725360572174395e+03 1.150660196502244920e-19 5.605049252351214190e-20
8.117731288505230623e+03 1.929107743618929055e-19 5.518644141579042666e-20
8.122737216438286850e+03 1.749159761191394603e-19 5.546659620224870469e-20
8.127743144371342169e+03 2.039011667500898593e-19 5.533529582532089837e-20
8.132749072304397487e+03 2.331787007708216321e-19 5.806077027478409362e-20
8.137755000237453714e+03 -1.171670328717307192e-20 5.948241261183008276e-20
8.142760928170509032e+03 2.347541134318470942e-19 6.211003409505135526e-20
8.147766856103564351e+03 1.579618803313755221e-19 5.990578381285602656e-20
8.152772784036620578e+03 1.078896129576975049e-19 5.658574438712539383e-20
8.157778711969676806e+03 1.907210014181347081e-19 5.526551831801402396e-20
8.162784639902732124e+03 1.607609569244262427e-19 5.628954392140574462e-20
8.167790567835787442e+03 1.244921612232885410e-19 5.723534953703668396e-20
8.172796495768843670e+03 2.542295783704354019e-19 5.838563624404333386e-20
8.177802423701898988e+03 9.015398722491668288e-20 5.965183407908817673e-20
8.182808351634954306e+03 1.608232506271874705e-19 6.198272774429457991e-20
8.187814279568010534e+03 2.454597180321356466e-19 6.416885760570290511e-20
8.192820207501066761e+03 2.103400315005472892e-19 6.204197981182202325e-20
8.197826135434121170e+03 9.597082879560578405e-20 5.918691932273429402e-20
8.202832063367177398e+03 1.857241276002377608e-19 5.744655305713537628e-20
8.207837991300233625e+03 1.963109576594981159e-19 5.778031869746472404e-20
8.212843919233288034e+03 2.212804741574799495e-19 5.731623715661656952e-20
8.217849847166344261e+03 1.401931257456860998e-19 5.662708143752548707e-20
8.222855775099400489e+03 2.479052132223629966e-19 5.610935009261744032e-20
8.227861703032456717e+03 1.319737628522905875e-19 5.460869829801700340e-20
8.232867630965511125e+03 2.111084845140596784e-19 5.476128121096037039e-20
8.237873558898567353e+03 1.135927954921741321e-19 5.635042786247844466e-20
8.242879486831623581e+03 2.174630052945004453e-19 5.764058134503574970e-20
8.247885414764677989e+03 1.652454428695915910e-19 5.652906138476612091e-20
8.252891342697734217e+03 2.233264346368679548e-19 5.383242787383124359e-20
8.257897270630790445e+03 1.862882878745535223e-19 5.247367982338201641e-20
8.262903198563846672e+03 2.207191960770477630e-19 5.251009750780889849e-20
8.267909126496901081e+03 3.206734448441025523e-19 5.645994494824844027e-20
8.272915054429957308e+03 1.380216341354166112e-19 8.498036894966385622e-20
8.277920982363013536e+03 1.810658955101387679e-19 1.193669501470121852e-19
8.282926910296067945e+03 3.782761238883306020e-19 1.475412476056090444e-19
8.287932838229124172e+03 3.732826816121393186e-19 1.429885368498949285e-19
8.292938766162180400e+03 1.852293922943495498e-19 1.541936146876899146e-19
8.297944694095236628e+03 2.958786845710876831e-19 1.444015016574679420e-19
8.302950622028291036e+03 1.538420300947594447e-19 1.220452957832135383e-19
8.307956549961347264e+03 3.610263577510718146e-19 9.291340221448242654e-20
8.312962477894403492e+03 3.146866726705797342e-19 8.777164840273934795e-20
8.317968405827457900e+03 1.384158562504743495e-19 6.747283918882435630e-20
8.322974333760514128e+03 1.003308701676124565e-19 5.981838042637895820e-20
8.327980261693570355e+03 1.751899723922110276e-19 5.807251807674454433e-20
8.332986189626626583e+03 1.986084585222937593e-19 7.502824479922854148e-20
8.337992117559680992e+03 8.208106843349641197e-20 1.626377244874463756e-19
8.342998045492737219e+03 4.251764849477330999e-19 1.979584330008581649e-19
8.348003973425793447e+03 4.581889948105416793e-19 1.879259792398993974e-19
8.353009901358847856e+03 -3.425624872711899709e-20 1.226454947339367197e-19
8.358015829291904083e+03 1.949304344579521378e-19 9.938072004775632142e-20
8.363021757224960311e+03 4.054188182584785708e-19 8.399780428798534154e-20
8.368027685158016538e+03 3.734803866370960238e-19 7.254356295513422583e-20
8.373033613091070947e+03 2.482182016154501904e-19 6.948893478206466461e-20
8.378039541024127175e+03 2.159432004677664725e-19 9.228863060349308769e-20
8.383045468957181583e+03 2.261519769876035417e-19 9.472538470264666821e-20
8.388051396890237811e+03 2.796641544100444003e-19 8.343387130054829012e-20
8.393057324823294039e+03 2.041191866808274456e-20 1.363970157748229440e-19
8.398063252756350266e+03 -8.026711097241631487e-20 1.589174578163200098e-19
8.403069180689406494e+03 2.740803815465207728e-19 1.352589717795953328e-19
8.408075108622460903e+03 2.140289232346326477e-19 9.503947213152537445e-20
8.413081036555517130e+03 1.976743423760325474e-19 1.084647011765727477e-19
8.418086964488571539e+03 2.539996973364053455e-19 1.050045884484044619e-19
8.423092892421627766e+03 4.325465280330132592e-19 1.414096473532821577e-19
8.428098820354683994e+03 1.031590841537488724e-19 1.717386415111787277e-19
8.433104748287740222e+03 1.252161596785440023e-19 1.552558085398050404e-19
8.438110676220796449e+03 1.824367440858595818e-19 8.178408445982454497e-20
8.443116604153850858e+03 8.024632537699443313e-20 8.028289527841007680e-20
8.448122532086907086e+03 3.555315683647155781e-19 1.127330146375990911e-19
8.453128460019961494e+03 -1.011519468426774380e-19 1.140402607749765225e-19
8.458134387953017722e+03 2.037871160334235497e-19 1.383244515571563284e-19
8.463140315886073950e+03 1.049447165506773382e-19 1.593333021389459572e-19
8.468146243819130177e+03 1.052017329126479750e-19 1.360339643896159004e-19
8.473152171752186405e+03 1.886938821229852481e-19 6.935991086628962025e-20
8.478158099685240813e+03 3.164978608576641882e-19 5.596185204086432896e-20
8.483164027618297041e+03 2.596364370898655887e-19 5.901998299071610400e-20
8.488169955551351450e+03 1.806203993119237107e-19 7.971665288273625159e-20
8.493175883484407677e+03 3.002329844416703042e-19 8.764881369746712782e-20
8.498181811417463905e+03 2.071331274576768634e-19 1.076516998489959670e-19
8.503187739350520133e+03 1.998953465357929793e-19 1.135731047258693430e-19
8.508193667283574541e+03 3.027755055434593459e-19 1.003529645028151166e-19
8.513199595216630769e+03 1.986359541244847154e-19 6.123773115228308504e-20
8.518205523149686996e+03 2.449054070109821082e-19 5.608660678950126692e-20
8.523211451082741405e+03 1.748777166765578334e-19 5.495696611029214215e-20
8.528217379015797633e+03 2.106568250022592718e-19 5.521389935904789155e-20
8.533223306948853860e+03 3.219697487456733994e-19 6.579467932648232845e-20
8.538229234881910088e+03 3.063190098361997642e-19 7.129351601330709834e-20
8.543235162814964497e+03 2.177255271623987379e-19 8.482500242295860853e-20
8.548241090748020724e+03 1.778703081520093713e-19 8.665868303899424881e-20
8.553247018681076952e+03 1.432076178688800153e-19 7.767793269173028338e-20
8.558252946614131361e+03 9.259783091355266011e-20 6.002919844211513564e-20
8.563258874547187588e+03 1.441427030721868301e-19 6.107848438671607132e-20
8.568264802480243816e+03 1.485603273358007668e-19 6.534974028184850528e-20
8.573270730413300043e+03 6.258889678870291130e-20 6.630346140798109862e-20
8.578276658346354452e+03 1.725421077554983161e-19 6.467280931109541778e-20
8.583282586279410680e+03 2.589393695732586272e-19 6.705219176159302481e-20
8.588288514212466907e+03 1.918551046700377169e-19 6.978220571278070854e-20
8.593294442145521316e+03 2.520620600253641635e-19 7.139645502481061210e-20
8.598300370078577544e+03 2.029774225326132762e-19 6.780085170710445900e-20
8.603306298011633771e+03 3.161895082150607249e-20 6.293919897652634655e-20
8.608312225944689999e+03 1.684557044140980643e-19 7.290400135792777381e-20
8.613318153877744408e+03 2.282114633626349105e-20 9.634329116333735171e-20
8.618324081810800635e+03 6.102189473458606943e-20 1.227756674015049268e-19
8.623330009743856863e+03 3.179790558569192878e-19 1.419062815635055317e-19
8.628335937676911271e+03 5.110663325853406537e-20 1.459061325548815759e-19
8.633341865609967499e+03 3.261089828579552623e-20 1.308495083974007092e-19
8.638347793543023727e+03 1.945869778921920527e-19 1.063665553433466607e-19
8.643353721476079954e+03 1.123810349416899167e-19 1.003405589907206239e-19
8.648359649409134363e+03 2.082258177578739383e-19 1.180126075493195967e-19
8.653365577342190591e+03 3.904579768628206362e-19 1.395914047608070448e-19
8.658371505275246818e+03 3.203512692977659561e-19 1.470412838401821129e-19
8.663377433208301227e+03 1.058570131636978155e-19 1.448219336302928750e-19
8.668383361141357454e+03 3.341289134790961187e-19 1.364850885428026511e-19
8.673389289074413682e+03 1.708892545001708241e-19 1.223454768449297769e-19
8.678395217007469910e+03 1.270223925390024455e-19 1.059021006103922151e-19
8.683401144940524318e+03 3.191655007631789612e-19 9.121129687657415107e-20
8.688407072873580546e+03 4.868427547427284167e-20 7.904109369973482009e-20
8.693413000806636774e+03 7.465492901072531596e-20 7.511162298873288993e-20
8.698418928739691182e+03 1.560110121361686309e-19 7.425471000531163766e-20
8.703424856672747410e+03 1.412818842246668199e-19 7.658621741336013188e-20
8.708430784605803638e+03 2.238642378340136828e-19 7.540885840761484570e-20
8.713436712538859865e+03 1.586826080732800442e-19 7.193918654930629459e-20
8.718442640471914274e+03 2.559561428072846395e-19 6.982899009012235955e-20
8.723448568404970501e+03 8.799023895790412147e-20 6.578098093148630678e-20
8.728454496338024910e+03 7.780672350537435356e-20 6.551684424093888048e-20
8.733460424271081138e+03 2.273129409376654729e-19 6.404014631211696129e-20
8.738466352204137365e+03 4.963024464686659056e-20 6.137630051316285097e-20
8.743472280137193593e+03 2.035842260774523316e-19 6.231396282615600906e-20
8.748478208070249821e+03 1.255899240365086737e-19 7.115838015385510288e-20
8.753484136003304229e+03 2.662580654990724974e-19 1.502007743646027588e-19
8.758490063936360457e+03 4.806201165917258082e-19 2.282754717161269289e-19
8.763495991869414866e+03 -3.579601373386601885e-19 2.062489106690641828e-19
8.768501919802471093e+03 1.271001840219766061e-19 1.947317773763503326e-19
8.773507847735527321e+03 1.905918009188578715e-19 1.966486454233429148e-19
8.778513775668583548e+03 1.988431656967506790e-19 1.768651169296793891e-19
8.783519703601639776e+03 1.876128366476593886e-19 1.310148011553357172e-19
8.788525631534694185e+03 -8.999509475127591008e-20 1.107168151638974940e-19
8.793531559467750412e+03 1.326264729335482648e-19 1.002091396114278557e-19
8.798537487400804821e+03 1.809359476685878909e-19 7.161525852141789629e-20
8.803543415333861049e+03 1.658117746324884785e-19 9.016061367487922583e-20
8.808549343266917276e+03 2.767813743218295564e-20 1.191832020608425516e-19
8.813555271199973504e+03 2.379373810975347001e-19 8.329212427974515054e-20
8.818561199133029731e+03 2.568637626511864998e-19 2.959088820546381026e-19
8.823567127066084140e+03 3.031791553390540294e-19 1.164076352127156980e-18
8.828573054999140368e+03 -8.733453275667967480e-20 3.052801252097628534e-19
8.833578982932194776e+03 2.137305529723789668e-19 2.134681831949236689e-19
8.838584910865251004e+03 2.354697799703987969e-19 1.572500880274115788e-19
8.843590838798307232e+03 1.011447289208798050e-19 1.228158110947009120e-19
8.848596766731363459e+03 3.757899135548159411e-19 1.598292508528146400e-19
8.853602694664417868e+03 2.329586166615625245e-19 9.250182197018807422e-20
8.858608622597474096e+03 1.084046310744885420e-19 9.748952160054274440e-20
8.863614550530530323e+03 1.993657999654048116e-19 1.511379944076698484e-19
8.868620478463584732e+03 2.388864098064752730e-19 1.445966664994609035e-19
8.873626406396640959e+03 2.823219522019289599e-19 1.064821970119441559e-19
8.878632334329697187e+03 5.140800673133635913e-19 1.976056449078498627e-19
8.883638262262753415e+03 7.558144746853871836e-20 2.079664395564848697e-19
8.888644190195807823e+03 2.914808272983284497e-20 1.930254529003525736e-19
8.893650118128864051e+03 5.643128453635085668e-19 1.525851308358693580e-19
8.898656046061920279e+03 3.682390422289421393e-19 1.345998599652545667e-19
8.903661973994974687e+03 3.126775147928373563e-19 1.665501022955075431e-19
8.908667901928030915e+03 4.975408844156915476e-20 1.899473596695488725e-19
8.913673829861087142e+03 2.454548520996660942e-19 4.913632257655357407e-19
8.918679757794143370e+03 -3.191223380560165493e-19 2.927910991319890903e-19
8.923685685727199598e+03 6.450663701230499942e-20 1.961977747142992579e-19
8.928691613660254006e+03 1.613438418292664394e-19 1.702968887892951524e-19
8.933697541593308415e+03 1.239492401912715854e-19 1.527800007152817214e-19
8.938703469526364643e+03 3.666426088615025511e-19 2.839747824159378390e-19
8.943709397459420870e+03 -9.788955034155342037e-20 1.622480173311047574e-19
8.948715325392477098e+03 -5.483554987653299501e-20 3.713948100472098998e-19
8.953721253325533326e+03 -3.654795602730736979e-19 7.363157478535423128e-19
8.958727181258589553e+03 4.560370511784860444e-19 9.444927929268042169e-19
8.963733109191643962e+03 3.413144177460691654e-19 3.141775298138992069e-19
8.968739037124698370e+03 2.839235818920603353e-19 3.243525146971146683e-19
8.973744965057754598e+03 3.148326987566319873e-19 3.569654447230610881e-19
8.978750892990810826e+03 2.333632340953134300e-19 2.176589550451932630e-19
8.983756820923867053e+03 4.163689317821334574e-19 2.788966231149266139e-19
8.988762748856923281e+03 4.048017323606705461e-19 2.448101266124069963e-19
8.993768676789977690e+03 2.602197065801172671e-19 2.382552126820490489e-19
8.998774604723033917e+03 3.875384138789793843e-19 2.715084712692366574e-19
9.003780532656088326e+03 2.471143779503705339e-19 2.290762337463800979e-19
9.008786460589144554e+03 2.183185310522666803e-19 1.619684172680559669e-19
9.013792388522200781e+03 2.326435178792205276e-19 1.063058972410906632e-19
9.018798316455257009e+03 1.531492450160885143e-19 1.022225877461071171e-19
9.023804244388313236e+03 2.455590425457090149e-19 1.194950502009183988e-19
9.028810172321367645e+03 2.811450078690060487e-19 1.278869602810723761e-19
9.033816100254423873e+03 2.584285487229546366e-19 1.469962394059440784e-19
9.038822028187478281e+03 1.496997450819310783e-19 1.622282065806341023e-19
9.043827956120534509e+03 2.634678895593054309e-19 3.107050003682415863e-19
9.048833884053590737e+03 1.708074260348164726e-19 3.970944905870722647e-19
9.053839811986646964e+03 1.026196700957705966e-19 2.120368542188710760e-19
9.058845739919703192e+03 3.000406726509913098e-19 1.464738786526426775e-19
9.063851667852757600e+03 2.755196015464426774e-19 1.617770348286319365e-19
9.068857595785813828e+03 1.699427115539900709e-19 1.578440978750033249e-19
9.073863523718868237e+03 1.454743966301018487e-20 1.277710070704142433e-19
9.078869451651924464e+03 1.463429687023597972e-19 9.629790557156467758e-20
9.083875379584980692e+03 2.549997546482732972e-19 1.270986902344966731e-19
9.088881307518036920e+03 1.229156035821161950e-19 1.089712166623506078e-19
9.093887235451093147e+03 2.400284521689995507e-19 1.345478625621835470e-19
9.098893163384147556e+03 2.901509719118618899e-19 1.742018716202207657e-19
9.103899091317203784e+03 1.199642376686782478e-19 1.776970609168154244e-19
9.108905019250258192e+03 3.109011157555820537e-19 1.221160040756872037e-19
9.113910947183314420e+03 1.735066249921682758e-19 1.387858648502081389e-19
9.118916875116370647e+03 2.598779862078720871e-19 1.168330273490036736e-19
9.123922803049426875e+03 1.825057918695106531e-19 1.112687159210139467e-19
9.128928730982483103e+03 1.325804700481274566e-19 1.610346132881211488e-19
9.133934658915537511e+03 2.421909840939265534e-19 1.413060330941197275e-19
9.138940586848593739e+03 1.160944070690425032e-19 1.136809453327792164e-19
9.143946514781648148e+03 2.505149444096234850e-19 1.288582861642741235e-19
9.148952442714704375e+03 3.694448449623084300e-19 2.409637230754217970e-19
9.153958370647760603e+03 3.261614513909493124e-19 2.539017828814157262e-19
9.158964298580816831e+03 1.434521206456424005e-19 1.496890242065490450e-19
9.163970226513873058e+03 1.333221742222844451e-19 1.647779992401828257e-19
9.168976154446927467e+03 2.143395198057134425e-19 1.365623250205345483e-19
9.173982082379983694e+03 3.474820419893766605e-19 1.402070550290368757e-19
9.178988010313038103e+03 4.073907742314167697e-19 1.700599541898111005e-19
9.183993938246094331e+03 2.171559034222066475e-19 1.081977576695643448e-19
9.188999866179150558e+03 2.412563735653982182e-19 9.241681489568090466e-20
9.194005794112206786e+03 1.529800542411942860e-19 1.252803573282813405e-19
9.199011722045263014e+03 8.483412711162677180e-20 1.191517873557299663e-19
9.204017649978317422e+03 1.612483860207645765e-19 1.376742017322263498e-19
9.209023577911373650e+03 9.892507403351938218e-20 1.231261135666807251e-19
9.214029505844428058e+03 2.195035283329717988e-19 9.667206930127929358e-20
9.219035433777484286e+03 4.215056256104817834e-19 1.360660667440715710e-19
9.224041361710540514e+03 2.539250709413092472e-19 1.606776331137449022e-19
9.229047289643596741e+03 1.192770026656796341e-19 1.244087887319668429e-19
9.234053217576652969e+03 9.325789418289457452e-20 1.180280078129824517e-19
9.239059145509707378e+03 7.474461947937782469e-20 1.163898510658585147e-19
9.244065073442761786e+03 6.577049813887302309e-20 1.597240168107955053e-19
9.249071001375818014e+03 5.998308850245279534e-20 2.264931142172841218e-19
9.254076929308874242e+03 2.267801314553608715e-19 1.174989397659484121e-19
9.259082857241930469e+03 1.747203880903585047e-19 1.176565420200959946e-19
9.264088785174986697e+03 4.541648533770694151e-20 1.171811634235368725e-19
9.269094713108042924e+03 1.277571562916015805e-19 1.213889620272729607e-19
9.274100641041097333e+03 -2.270656883581738715e-20 1.288562539916275363e-19
9.279106568974151742e+03 -1.686959201777434537e-20 9.925181477080559620e-20
9.284112496907207969e+03 4.992964919368163083e-22 3.215668038061270531e-20
9.289118424840264197e+03 0.000000000000000000e+00 0.000000000000000000e+00
9.294124352773320425e+03 0.000000000000000000e+00 0.000000000000000000e+00
9.299130280706376652e+03 0.000000000000000000e+00 0.000000000000000000e+00
9.304136208639432880e+03 0.000000000000000000e+00 0.000000000000000000e+00
9.309142136572487289e+03 0.000000000000000000e+00 0.000000000000000000e+00
9.314148064505541697e+03 0.000000000000000000e+00 0.000000000000000000e+00
9.319153992438597925e+03 0.000000000000000000e+00 0.000000000000000000e+00
9.324159920371654152e+03 0.000000000000000000e+00 0.000000000000000000e+00
9.329165848304710380e+03 0.000000000000000000e+00 0.000000000000000000e+00
9.334171776237766608e+03 0.000000000000000000e+00 0.000000000000000000e+00
9.339177704170821016e+03 0.000000000000000000e+00 0.000000000000000000e+00
9.344183632103877244e+03 0.000000000000000000e+00 0.000000000000000000e+00
9.349189560036931653e+03 0.000000000000000000e+00 0.000000000000000000e+00
9.354195487969987880e+03 0.000000000000000000e+00 0.000000000000000000e+00
9.359201415903044108e+03 0.000000000000000000e+00 0.000000000000000000e+00
9.364207343836100335e+03 0.000000000000000000e+00 0.000000000000000000e+00
9.369213271769156563e+03 0.000000000000000000e+00 0.000000000000000000e+00
9.374219199702210972e+03 0.000000000000000000e+00 0.000000000000000000e+00
9.379225127635267199e+03 0.000000000000000000e+00 0.000000000000000000e+00
9.384231055568321608e+03 0.000000000000000000e+00 0.000000000000000000e+00
9.389236983501377836e+03 0.000000000000000000e+00 0.000000000000000000e+00
9.394242911434434063e+03 0.000000000000000000e+00 0.000000000000000000e+00
9.399248839367490291e+03 0.000000000000000000e+00 0.000000000000000000e+00
9.404254767300546519e+03 0.000000000000000000e+00 0.000000000000000000e+00
9.409260695233600927e+03 0.000000000000000000e+00 0.000000000000000000e+00
9.414266623166657155e+03 0.000000000000000000e+00 0.000000000000000000e+00
9.419272551099711563e+03 0.000000000000000000e+00 0.000000000000000000e+00
9.424278479032767791e+03 0.000000000000000000e+00 0.000000000000000000e+00
9.429284406965824019e+03 0.000000000000000000e+00 0.000000000000000000e+00
9.434290334898880246e+03 0.000000000000000000e+00 0.000000000000000000e+00
9.439296262831936474e+03 0.000000000000000000e+00 0.000000000000000000e+00
9.444302190764990883e+03 0.000000000000000000e+00 0.000000000000000000e+00
9.449308118698047110e+03 0.000000000000000000e+00 0.000000000000000000e+00
9.454314046631101519e+03 0.000000000000000000e+00 0.000000000000000000e+00
9.459319974564157746e+03 0.000000000000000000e+00 0.000000000000000000e+00
9.464325902497213974e+03 0.000000000000000000e+00 0.000000000000000000e+00
9.469331830430270202e+03 0.000000000000000000e+00 0.000000000000000000e+00
9.474337758363326429e+03 0.000000000000000000e+00 0.000000000000000000e+00
9.479343686296380838e+03 0.000000000000000000e+00 0.000000000000000000e+00
9.484349614229437066e+03 0.000000000000000000e+00 0.000000000000000000e+00
9.489355542162491474e+03 0.000000000000000000e+00 0.000000000000000000e+00
9.494361470095547702e+03 0.000000000000000000e+00 0.000000000000000000e+00
9.499367398028603930e+03 0.000000000000000000e+00 0.000000000000000000e+00
9.504373325961660157e+03 0.000000000000000000e+00 0.000000000000000000e+00
9.509379253894716385e+03 0.000000000000000000e+00 0.000000000000000000e+00
9.514385181827770793e+03 0.000000000000000000e+00 0.000000000000000000e+00
9.519391109760827021e+03 0.000000000000000000e+00 0.000000000000000000e+00
9.524397037693881430e+03 0.000000000000000000e+00 0.000000000000000000e+00
9.529402965626937657e+03 0.000000000000000000e+00 0.000000000000000000e+00
9.534408893559993885e+03 0.000000000000000000e+00 0.000000000000000000e+00
9.539414821493050113e+03 0.000000000000000000e+00 0.000000000000000000e+00
9.544420749426106340e+03 0.000000000000000000e+00 0.000000000000000000e+00
9.549426677359160749e+03 0.000000000000000000e+00 0.000000000000000000e+00
9.554432605292216977e+03 0.000000000000000000e+00 0.000000000000000000e+00
9.559438533225271385e+03 0.000000000000000000e+00 0.000000000000000000e+00
9.564444461158327613e+03 0.000000000000000000e+00 0.000000000000000000e+00
9.569450389091383840e+03 0.000000000000000000e+00 0.000000000000000000e+00
9.574456317024440068e+03 0.000000000000000000e+00 0.000000000000000000e+00
9.579462244957496296e+03 0.000000000000000000e+00 0.000000000000000000e+00
9.584468172890550704e+03 0.000000000000000000e+00 0.000000000000000000e+00
9.589474100823605113e+03 0.000000000000000000e+00 0.000000000000000000e+00
9.594480028756661341e+03 0.000000000000000000e+00 0.000000000000000000e+00
9.599485956689717568e+03 0.000000000000000000e+00 0.000000000000000000e+00
9.604491884622773796e+03 0.000000000000000000e+00 0.000000000000000000e+00
9.609497812555830023e+03 0.000000000000000000e+00 0.000000000000000000e+00
9.614503740488886251e+03 0.000000000000000000e+00 0.000000000000000000e+00
9.619509668421940660e+03 0.000000000000000000e+00 0.000000000000000000e+00
9.624515596354995068e+03 0.000000000000000000e+00 0.000000000000000000e+00
9.629521524288051296e+03 0.000000000000000000e+00 0.000000000000000000e+00
9.634527452221107524e+03 0.000000000000000000e+00 0.000000000000000000e+00
9.639533380154163751e+03 0.000000000000000000e+00 0.000000000000000000e+00
9.644539308087219979e+03 0.000000000000000000e+00 0.000000000000000000e+00
9.649545236020274388e+03 0.000000000000000000e+00 0.000000000000000000e+00
9.654551163953330615e+03 0.000000000000000000e+00 0.000000000000000000e+00
9.659557091886385024e+03 0.000000000000000000e+00 0.000000000000000000e+00
9.664563019819441251e+03 0.000000000000000000e+00 0.000000000000000000e+00
9.669568947752497479e+03 0.000000000000000000e+00 0.000000000000000000e+00
9.674574875685553707e+03 0.000000000000000000e+00 0.000000000000000000e+00
9.679580803618609934e+03 0.000000000000000000e+00 0.000000000000000000e+00
9.684586731551664343e+03 0.000000000000000000e+00 0.000000000000000000e+00
9.689592659484720571e+03 0.000000000000000000e+00 0.000000000000000000e+00
9.694598587417774979e+03 0.000000000000000000e+00 0.000000000000000000e+00
9.699604515350831207e+03 0.000000000000000000e+00 0.000000000000000000e+00
9.704610443283887435e+03 0.000000000000000000e+00 0.000000000000000000e+00
9.709616371216943662e+03 0.000000000000000000e+00 0.000000000000000000e+00
9.714622299149999890e+03 0.000000000000000000e+00 0.000000000000000000e+00
9.719628227083054298e+03 0.000000000000000000e+00 0.000000000000000000e+00
9.724634155016110526e+03 0.000000000000000000e+00 0.000000000000000000e+00
9.729640082949164935e+03 0.000000000000000000e+00 0.000000000000000000e+00
9.734646010882221162e+03 0.000000000000000000e+00 0.000000000000000000e+00
9.739651938815277390e+03 0.000000000000000000e+00 0.000000000000000000e+00
9.744657866748333618e+03 0.000000000000000000e+00 0.000000000000000000e+00
9.749663794681389845e+03 0.000000000000000000e+00 0.000000000000000000e+00
9.754669722614444254e+03 0.000000000000000000e+00 0.000000000000000000e+00
9.759675650547500481e+03 0.000000000000000000e+00 0.000000000000000000e+00
9.764681578480554890e+03 0.000000000000000000e+00 0.000000000000000000e+00
9.769687506413611118e+03 0.000000000000000000e+00 0.000000000000000000e+00
9.774693434346667345e+03 0.000000000000000000e+00 0.000000000000000000e+00
9.779699362279723573e+03 0.000000000000000000e+00 0.000000000000000000e+00
9.784705290212779801e+03 0.000000000000000000e+00 0.000000000000000000e+00
9.789711218145834209e+03 0.000000000000000000e+00 0.000000000000000000e+00
9.794717146078890437e+03 0.000000000000000000e+00 0.000000000000000000e+00
9.799723074011944846e+03 0.000000000000000000e+00 0.000000000000000000e+00
9.804729001945001073e+03 0.000000000000000000e+00 0.000000000000000000e+00
9.809734929878057301e+03 0.000000000000000000e+00 0.000000000000000000e+00
9.814740857811113528e+03 0.000000000000000000e+00 0.000000000000000000e+00
9.819746785744169756e+03 0.000000000000000000e+00 0.000000000000000000e+00
9.824752713677224165e+03 0.000000000000000000e+00 0.000000000000000000e+00
9.829758641610280392e+03 0.000000000000000000e+00 0.000000000000000000e+00
9.834764569543334801e+03 0.000000000000000000e+00 0.000000000000000000e+00
9.839770497476391029e+03 0.000000000000000000e+00 0.000000000000000000e+00
9.844776425409447256e+03 0.000000000000000000e+00 0.000000000000000000e+00
9.849782353342503484e+03 0.000000000000000000e+00 0.000000000000000000e+00
9.854788281275559712e+03 0.000000000000000000e+00 0.000000000000000000e+00
9.859794209208614120e+03 0.000000000000000000e+00 0.000000000000000000e+00
9.864800137141670348e+03 0.000000000000000000e+00 0.000000000000000000e+00
9.869806065074724756e+03 0.000000000000000000e+00 0.000000000000000000e+00
9.874811993007780984e+03 0.000000000000000000e+00 0.000000000000000000e+00
9.879817920940837212e+03 0.000000000000000000e+00 0.000000000000000000e+00
9.884823848873893439e+03 0.000000000000000000e+00 0.000000000000000000e+00
9.889829776806949667e+03 0.000000000000000000e+00 0.000000000000000000e+00
9.894835704740004076e+03 0.000000000000000000e+00 0.000000000000000000e+00
9.899841632673058484e+03 0.000000000000000000e+00 0.000000000000000000e+00
9.904847560606114712e+03 0.000000000000000000e+00 0.000000000000000000e+00
9.909853488539170939e+03 0.000000000000000000e+00 0.000000000000000000e+00
9.914859416472227167e+03 0.000000000000000000e+00 0.000000000000000000e+00
9.919865344405283395e+03 0.000000000000000000e+00 0.000000000000000000e+00
9.924871272338339622e+03 0.000000000000000000e+00 0.000000000000000000e+00
9.929877200271394031e+03 0.000000000000000000e+00 0.000000000000000000e+00
9.934883128204448440e+03 0.000000000000000000e+00 0.000000000000000000e+00
9.939889056137504667e+03 0.000000000000000000e+00 0.000000000000000000e+00
9.944894984070560895e+03 0.000000000000000000e+00 0.000000000000000000e+00
9.949900912003617123e+03 0.000000000000000000e+00 0.000000000000000000e+00
9.954906839936673350e+03 0.000000000000000000e+00 0.000000000000000000e+00
9.959912767869729578e+03 0.000000000000000000e+00 0.000000000000000000e+00
9.964918695802783986e+03 0.000000000000000000e+00 0.000000000000000000e+00
9.969924623735838395e+03 0.000000000000000000e+00 0.000000000000000000e+00
9.974930551668894623e+03 0.000000000000000000e+00 0.000000000000000000e+00
9.979936479601950850e+03 0.000000000000000000e+00 0.000000000000000000e+00
9.984942407535007078e+03 0.000000000000000000e+00 0.000000000000000000e+00
9.989948335468063306e+03 0.000000000000000000e+00 0.000000000000000000e+00
9.994954263401117714e+03 0.000000000000000000e+00 0.000000000000000000e+00
9.999960191334173942e+03 0.000000000000000000e+00 0.000000000000000000e+00
1.000496611926722835e+04 0.000000000000000000e+00 0.000000000000000000e+00
1.000997204720028458e+04 0.000000000000000000e+00 0.000000000000000000e+00
1.001497797513334081e+04 0.000000000000000000e+00 0.000000000000000000e+00
1.001998390306639703e+04 0.000000000000000000e+00 0.000000000000000000e+00
1.002498983099945326e+04 0.000000000000000000e+00 0.000000000000000000e+00
1.002999575893250767e+04 0.000000000000000000e+00 0.000000000000000000e+00
1.003500168686556390e+04 0.000000000000000000e+00 0.000000000000000000e+00
1.004000761479861831e+04 0.000000000000000000e+00 0.000000000000000000e+00
1.004501354273167453e+04 0.000000000000000000e+00 0.000000000000000000e+00
1.005001947066473076e+04 0.000000000000000000e+00 0.000000000000000000e+00
1.005502539859778699e+04 0.000000000000000000e+00 0.000000000000000000e+00
1.006003132653084322e+04 0.000000000000000000e+00 0.000000000000000000e+00
1.006503725446389763e+04 0.000000000000000000e+00 0.000000000000000000e+00
1.007004318239695385e+04 0.000000000000000000e+00 0.000000000000000000e+00
1.007504911033000826e+04 0.000000000000000000e+00 0.000000000000000000e+00
1.008005503826306449e+04 0.000000000000000000e+00 0.000000000000000000e+00
1.008506096619612072e+04 0.000000000000000000e+00 0.000000000000000000e+00
1.009006689412917694e+04 0.000000000000000000e+00 0.000000000000000000e+00
1.009507282206223317e+04 0.000000000000000000e+00 0.000000000000000000e+00
1.010007874999528758e+04 0.000000000000000000e+00 0.000000000000000000e+00
1.010508467792834381e+04 0.000000000000000000e+00 0.000000000000000000e+00
1.011009060586139822e+04 0.000000000000000000e+00 0.000000000000000000e+00
1.011509653379445444e+04 0.000000000000000000e+00 0.000000000000000000e+00
1.012010246172751067e+04 0.000000000000000000e+00 0.000000000000000000e+00
1.012510838966056690e+04 0.000000000000000000e+00 0.000000000000000000e+00
1.013011431759362313e+04 0.000000000000000000e+00 0.000000000000000000e+00
1.013512024552667754e+04 0.000000000000000000e+00 0.000000000000000000e+00
1.014012617345973376e+04 0.000000000000000000e+00 0.000000000000000000e+00
1.014513210139278817e+04 0.000000000000000000e+00 0.000000000000000000e+00
1.015013802932584440e+04 0.000000000000000000e+00 0.000000000000000000e+00
1.015514395725890063e+04 0.000000000000000000e+00 0.000000000000000000e+00
1.016014988519195686e+04 0.000000000000000000e+00 0.000000000000000000e+00
1.016515581312501308e+04 0.000000000000000000e+00 0.000000000000000000e+00
1.017016174105806749e+04 0.000000000000000000e+00 0.000000000000000000e+00
1.017516766899112372e+04 0.000000000000000000e+00 0.000000000000000000e+00
1.018017359692417813e+04 0.000000000000000000e+00 0.000000000000000000e+00
1.018517952485723436e+04 0.000000000000000000e+00 0.000000000000000000e+00
1.019018545279029058e+04 0.000000000000000000e+00 0.000000000000000000e+00
1.019519138072334681e+04 0.000000000000000000e+00 0.000000000000000000e+00
1.020019730865640304e+04 0.000000000000000000e+00 0.000000000000000000e+00
1.020520323658945745e+04 0.000000000000000000e+00 0.000000000000000000e+00
1.021020916452251367e+04 0.000000000000000000e+00 0.000000000000000000e+00
1.021521509245556808e+04 0.000000000000000000e+00 0.000000000000000000e+00
1.022022102038862431e+04 0.000000000000000000e+00 0.000000000000000000e+00
1.022522694832168054e+04 0.000000000000000000e+00 0.000000000000000000e+00
1.023023287625473677e+04 0.000000000000000000e+00 0.000000000000000000e+00
1.023523880418779299e+04 0.000000000000000000e+00 0.000000000000000000e+00
1.024024473212084740e+04 0.000000000000000000e+00 0.000000000000000000e+00
1.024525066005390181e+04 0.000000000000000000e+00 0.000000000000000000e+00
1.025025658798695804e+04 0.000000000000000000e+00 0.000000000000000000e+00
1.025526251592001427e+04 0.000000000000000000e+00 0.000000000000000000e+00
1.026026844385307049e+04 0.000000000000000000e+00 0.000000000000000000e+00
1.026527437178612672e+04 0.000000000000000000e+00 0.000000000000000000e+00
1.027028029971918295e+04 0.000000000000000000e+00 0.000000000000000000e+00
1.027528622765223736e+04 0.000000000000000000e+00 0.000000000000000000e+00
1.028029215558529177e+04 0.000000000000000000e+00 0.000000000000000000e+00
1.028529808351834799e+04 0.000000000000000000e+00 0.000000000000000000e+00
1.029030401145140422e+04 0.000000000000000000e+00 0.000000000000000000e+00
1.029530993938446045e+04 0.000000000000000000e+00 0.000000000000000000e+00
